 1514559 0025914 0025929 0026809 0205263 0020557 1522137 1551092 1552968 0557061 2584313 1514811 1706462 0205132 0085202 0003592 0052209 0003591 1277200 0086045 1446561 0324335 0376674 0870432 0878550 1442989 2828392 1265611 0023823 0023820 0178587 0205251 1299352 1550472 0392756 0023821 0023820 0178587 0205250 1299351 2700149
 0020557 1522137 0023825 0023823 0442811 0029053 1291138 0023820 0033268 0178587 0205217 0205251 0442805 0442824 1274040 1299352 1546471 1550472 2825142 0205216 0392756 0442797 1157973 0543484 0699900 1516314 0023825 0023823
 0033268 0023825 0025914 0025929 0026809 0243148 1550141 1882979 2587213 3274648
 0023816 1416902 0023764 0023820 2262011 1149836 0441655 0205216 0392756 0442797 0025936 0003069 0025914 0025929 0026809 0001527 0040300 1547928 0028754 1563743 1149837 0023816 1416902 0231484 1149836 0023764 0023820 0441655 2986417 1157478 0220781 1883254 0855443
 0020291 0439834 0025914 0025929 0026809 0243148 1550141 1707455 1882979 2587213 3274648 1710637 0443286 1114821 0442797 0085202 0003592 0086418 0185117
 0085202 0150312 0449450 0023825 0023823 0442811 0023820 0178587 0205251 0442824 1299352 1550472 0025936 0003069 0025914 0025929 0026809 0052190 0003594
 1883712 0032105 1550098 0025914 0025929 0026809 0243148 1550141 1882979 2587213 3274648 0205263 1512045 0178602 0392756 0547047 0851827 0869039 1114758 1701901 3244310 2262011 1149836 0441655
 1707478 1514559 0025936 0003069 0025914 0025929 0026809 0205263 1979963 2003903 0020557 1522137 0023816 1416902 0023764 0023820
 0557061 2584313 1514811 1706462 0441889 0004153 0035647 1707520
 0237753 0449788 0205396 1550043 1551388 1517892 1704666 0023821 0023820 0178587 0205250 0443211 0542341 1272684 1299351 2700149 1280500 2348382 2827734 2981698
 0681828 0947630 1547282 0003591 0085201 0003592 0003591 0021966 0221138 0003591 0023821 1515877 1879547 2248593 1159709 0005528 0008377 1317949 1555029 3495449 0023884 0736268 1278929 2346688 0740116 2827735 2981700
 0009671 1274040 1546471 2825142 0684224 0700287 3496591 2699424 0035820 1705810 0003591 0439086 2827736 2981702
 0947630 1514559 0085201 0003592 0021966 0221138 0085202 0684224 0700287 3496591 0085201 0003592 0021966 0221138 0003483 0205172 0221198 0085202 0439086 2827736 2981702
 0023821 0023820 0178587 0205250 1299351 2700149 1514559 0085202 0745777 0085732 0023823 0023820 0178587 0205251 1299352 1550472 0023823 0023820 0178587 0205251 1299352 1550472 0030011 0439084 0728893
 0011155 0162429 1623416 0085202 0242613 0148335 0023825 0151691 0023821 0023823 0442811 0442804 0023820 0032105 0178587 0205250 0205251 0442824 1299351 1299352 1550098 1550472 2700149 1274040 1546471 2825142 1547282 0024501 0678594 1158917 0025519 0025520
 0150312 0449450 0085202 0023821 1158917 0023820 0025519 0025520 0178587 0205171 0205250 1299351 1720467 2700149 1517892 1704666 0035820 1705810 1883351
 0947630 0086418 0026809 0591833 0085202 0205171 0439044 0679994 0205195 1947911 0085201 0003592 0021966 0221138 0052191 1609817 0003594 0439070 1705160 0055538 0008387 0008377 0014898 0033684 0040671 1705822 1999230 0543488 1533716
 0085202 0205307 0439166 0441889 2347086 1158917 0025519 0025520 0522501 1518422 0392747 0233426 0700364 0032659 1257890 0023821 0332256 2700400 0085202
 3244092 0185117 0441889 0086418 0026809 0591833 0085202 0023821 0023820 0178587 0205250 1299351 2700149 0025914 0025929 0026809 0205217 0442805 1514559 0085202 0025914 0025929 0026809 0205216 0392756 0442797 1514559 0085202
 1514559 0205217 0221198 0333482 0442805 1274040 1546471 0324335 1514559 0205217 0442805 0333484 2348542 0012161 0012155 1442959 1519433 2983588 1563937
 0205448 0684224 0700287 3496591 0041004 0023825 0023823 0332281 0442811 0023820 0178587 0205251 0442824 1264633 1299352 1550472 1554103 0025914 0025929 0026809 0441889 0026809 0591833 0085202
 0009491 0332218 0015663 0456962 0439583 0342895 1879743
 0043227 0543488 0557651 2603343 2945675 1280500 0012634 0348080 1705253
 0003069 0205132 3146294 0020557 0522501 1522137 1706089 1880022 0205351 0205307 0439166 2347086 0229671 1546774 1550100
 1883351 0441712 0442805 0023825 0015127 0205234 0205448 0332149 1285542 1314792 1705910 2362652 0023825 0023823 0005775 1516559 0033268 0023825 1157973 0543484 0699900 1516314 0023816 1416902 0023764 0023820
 0557061 2584313 1514811 1706462 0079411 3146294 0025936 0003069 0025914 0025929 0026809 0009013 0017428 0025991 0582519 0887950 1522642 3146294 0314604 0017337 0025914 0025929 0026809 0016674
 0025914 0025929 0026809 1883708 1883351 0080194 0456178 1518614 2987481 0680220 0869040 0557651 1273517 2603343 0205450 1301820
 0005862 1148472 0200898 0002778 0936012 1524024 1710133 0884358 1524063 0182400 1704681 2347609 3536729 0332255 1708096 0012238 1301820 2349986 0205369 1552740
 0017428 2338314
 0003062 0003062 0003062 0020056 0439531 1948053 0023693 1306462 1881376 1571602 0369637 0441923 0332582 1521610 1553556 0369637 0441923 0342895 0012155 1442959 1519433 2983588
 0392148 0032520 0012892 0012854 0039259 0337112 0442726 0443286 1114821 1335439 1441547 1511790 1524075 3245521 0085202 0032105 0444706 1550098 3541902 0003241 0006539 0021027 0205369 1524063 1552740 0085202 1518422 0085202
 0025936 0003069 0025914 0025929 0026809 1881036 0205172 0580836
 0947630 0032105 0884358 1550098 1709595 2349200 0332196 2828389 1273517 0243148 1550141 1882979 2587213 3274648 0025921 0025914 0025929 0026809 0001779 0445247 1314677 1521739 2707262 0012634
 0024554 0086582 1706180 1706428 1706429 0025914 0025929 0026809 0205163 1273517 1549782
 0681814 0025914 0025929 0026809 0016452 0043047 0599638 1550678 1553644 0019080 0226503 0042449 0348013 0521437 1184808 0226725 1281329 0000726 0042449 1278960
 0204727 0205409 0220862 0005861 0002778 0936012 1524024 1621557 0035668 0040300 0205409 1548221 1524063
 0370003 2347026 1706746 0016564 0017243 0036681 0086972 0332256 0443299 0687118 2700400 0025255 0028736 0348011 0740034 0331955
 0025255 0085202 0003592 0006556 0086418 0182400 1704681 2347609 3536729
 0035683 0182400 1704681 2347609 3536729 0035703 0205102 1273517 1442989 1553872 1619620 2828392
 0441633 0027468 0936012 1704254 1704922 1709697 2728259 3484370 3542466
 0002778 0936012 1524024 0005767 0005768 0229664 0013618 0175730 0332256 1516695 1516698 1547937 1704474 2700400 0020746 0032105 1550098 0017436 0546866 0242295 1947943 2348609 0013618 0074721 0004492 0033607
 0008731 0041609 1521827 1548982 0041609 1720092 1948045 1442448 1422424 0001924
 1883708 0041609 0884358 1422424 0370215 1875400 0023825 0023823 0442811 0023820 0178587 0205251 0442824 1299352 1550472 0065063 0023820 0178587 0205103 1550465 2827755 0023823 0023820 0178587 0205251 1299352 1550472 1442448 0178587 2827734 2981698 0439526 0023821 0023820 0178587 0205250 1299351 2700149 0439526
 0023823 0023820 0178587 0205251 1299352 1550472 0023821 0023820 0178587 0205250 1299351 2700149 0991865 0006353 0031603 0031701 0036082 1601799
 0033684 0423896 0456205 0444706 3541902 0041004 0763841 0201950 0543421 0008377 0439175 0439810 0763841 0368909 0008377 0332296 1880497 1996904 0763841 0031676 0202177 3538851 0456205 1552853 0680536 1690540 3272563
 0599209 0008565 0008550 0015663 0033684 0302908 0456962 1304698 1546699 1561501 0032105 0884358 1550098 1709595 2349200 1524063 3242339 0150312 0205549 0332285 2348044
 0871208 1521828 0702093
 1264633 0205170 1516695 1516698 3146287 1709027 0041004 0456205 1552853 0175730 1547937 1561954 1704730
 0520511 1704711 0596607 0071500 0017243 0071499
 0331955 2612461 0023821 0030608 1524063 0006751 0023820 0178587 0205250 0456389 0597177 1273517 1299351 2700149
 0002778 0936012 1524024 0003591 0600209 1631070 0936012 1704732 0017243 0012634 0348080 1705253 1883351 0442726 0348078 0376315 1522492
 0017243 0441633 0027468 0936012 1704254 1704922 1709697 2728259 3484370 3542466 0439165 1549488 1561533 0444686 1441506 1443182
 0597298 1709707 0052191 1609817 0003594 0439070 1705160 0022169 0000936 0013855 2981153
 0017243 0050587 0450346 1519042 0002676 0740116 2827735 2981700 0331955 0035953 0450376 0600140 1704688 2346414 0442808
 0392148 0023820 0025936 0003069 0025914 0025929 0026809 0005863 0600209 1704732 0022169 0000936 2981153
 0040671 1705822 0025255 3171718 0085202 0085202 0003592 0020960 0034493 0442726 1511790 1518422 0085202
 0052190 0003594 0052191 1609817 0003594 0439070 1705160 0022169 0000936 0017243 0020985 0442726 1511790 2981153 0020960 0025914 0025929 0026809 0439175 0439810 0439851 1947931
 0175723 0002059 1318717 0031678 0234621 0449913 1149880 1553451 1704459 1710236 1979842
 0033268 0243148 1550141 1882979 2587213 3274648 0025936 0003069 0025914 0025929 0026809 0342895 1879743 0557651 2603343 0369637 0441923 0585020
 0237753 0449788 0025914 0025929 0026809 2826182 0332173 0439228 0439505 0557651 2603343
 0025914 0025929 0026809 0022427 1280188 0042449 1278960 1720154 0148854 0242759 1420193 1425679 1862190 3538902 0022718 0439209 1425988 1552738
 0028928 0028929 0001128 0202406 0001924 0439855 1704241 0181496 2827499 1883254 0078207 0065191 0858892 0065060 0041004 0023825 0023823
 0178913 0370003 2347026 0025914 0025929 0026809 1883727 0242759
 0449297 1382187 2825073 0205197 0311403 0012634 0348080 1705253 0037640 0041004 0242759 0558058 0033268 0871208 1521828 0078207 0023825 0065191
 0444263 0370003 2347026 0023779 0185115 3541890 0450348 0456387 1705943 0086972 0443299 0687118 0750480 1705566
 0041004 0680536 0812225 1150635 1705212 1705213 3272563 3273202
 0023816 1416902 0023764 0023820 2262011 1149837 1149836 0441655 0019134 0770546 0016674 0022427 1280188 0003069 0042449 0342895 1278960 0025914 0025929 0026809 0243148 1550141 1882979 2587213 3274648 0022718 0439209
 0005767 0005768 0229664 1516695 1516698 0205087 0020746 0032105 1550098 1698986 0005507 0243073 1510438
 0441655 0205174 0005507 0243073 1510438 1524063 0014020 0259862
 0439175 0439810 1149837 0023816 1416902 1149836 0023764 0023820 0441655 0037494 0332197 0444706 0470296 1689985 1959973 3541902 0018837 0086418 0229671 0392148 1515981 1546774 1550100 0449416 1705919 0052190 0003594
 0596690 1416867 2262011 0023764 0205054 0444706 3541902 0014020 0041073 0259862 2698651 0392148 0037494 1959973 0018790 0237477 0392351 0521111 1149837 0023816 1149836 1416902 0023764 0023820 0205177 0439167 0441655 1561536
 0023816 1416902 0023764 0023820 0444686 1441506 1443182 2348589
 1306898 1265611 1704788 3539106
 0023816 1416902 0023764 0023820 2262011 1149836 0441655 0032105 0439526 1550098 1306898
 1149837 0023816 1149836 1416902 0023764 0023820 0205177 0439167 0441655 1561536 0444706 3541902 0026845 1947931 0018787 1281570 0011980 0042241 1279038 1705367 0026845 0001527 0040300 0678579 0205548 0260055 1550121 0016701 0028158 0302908 0677542 1304698 1546699 1550581 1561501 1698986 0005507 0243073 1510438
 0040300 0450376 0041175 0077281 0814229 0037500 0037473 0086123 0597484 0068941 0068940 0439509 0038636 1161331 0019134 0770546 0001924 0601906 0020283 0450407 0450408 0450409 0179834 0450376 1149837 0023816 1149836 1416902 0023764 0023820 0205177 0439167 0441655 1561536 0444706 3541902
 0021467 0021469 1628982 3463820 2262011 1149837 1149836 0441655 0025914 0025929 0026809 0243148 1550141 1882979 2587213 3274648 0085202 2348935 0025914 0025929 0026809 0243148 1550141 1882979 2587213 3274648 0023816 1416902 0023764 0023820 0205369 1439852 1552740 0014020
 0032105 1550098 0450376 0085202 0085202 0003592 0086418 0205369 1265611 1998793 1719918
 1167624 1947902 2827499 0023816 1416902 0023764 0023820 0025914 0025929 0026809 0022427 1280188 0042449 1278960 1720154 0028928 0028929 0001128 0202406 0001924 0439855 1704241 0005767 0005768 0229664 1516695 1516698
 0032105 1550098 1883351 0370215 1875400 0008731 0023825 0023823 0442811 0023820 0178587 0205251 0442824 1299352 1550472 0065063 0023820 0178587 0205103 1550465 2827755
 0023820 0936012 1883351 0218063 0181496 0439083 0439087 2827499 0041004 0043194 0258432 1264633 1421478 1554103
 0023820 1439852 0444499 0086045 1719918 0205177 0205369 0439167 0441655 1552740 1561536 0439526 0001924 0370003 2347026 0086045 0884358 1446561 1705241 1705242 0041004 1265611
 0443286 1114821 1272691 0015688 0185115 3541890 1425988 1552738

 0871208 1521828 1517586 0012634 0348080 1705253 0205132 1518422 1547282
 1547014 1948059 0243102 0014442 0441655 1710637 0444686 1441506 1443182
 0871424 0002778 0936012 1524024 1274040 1546471 2825142 1442162 1550718 1704970 3244317 1705241 1705242 0022885 0039593 0392366 0370003 2347026 0002778 0936012 1524024 1711260 2348152 1524063 0814195
 0034980 0002778 0936012 1524024 0884358 1524063 0814195 0807955 1710574 0022885 0039593 0392366 1707455 2700112
 0557061 2584313 1514811 1706462 0185117 0349966 1337208
 2827734 2981698 0005861 0002778 0936012 1524024 0040300 1521827
 0185117 0023884 0443288 0736268 1278929 2346688 1517001
 1265611 0035696 1552132 0205132 0683150 0086045 1446561 3642216 1705535 0085202 0150312 0205132 0332285 1550648 1552960 1514248 1158770 0040649 0687676 0851285 1327622 1704687 1274040 1546471 2825142 0449297 1382187 2825073
 0003069 0205132 0329040 1883351 0342895 0557651 2603343 1301808 1442792 3148680 0439182 0812409 0683150 1277200 0086045 1446561 3642216 0025914 0025929 0026809 0032105 0243148 1550098 1550141 1882979 2587213 3274648 3642216 1425988
 0449911 0333052 2607870 0557702 1272706 1704674 0557702 1272706 1704674 0349966 1337208
 2827734 2981698
 0035696
 0025914 0025929 0026809 0243148 1550141 1882979 2587213 3274648
 0025914 0025929 0026809
 0025914 0025929 0026809
 0439394 1706495 3642217 0023884 0736268 1278929 2346688
 0021966 0221138 0021853 1708548
 0033727 0369286 0441932 0564385 0018787 1281570
 0597277 1708601 0022646 0227665 1278978 1514845
 0369637 0441923 0026845
 0243132 1554210 2745955 0204695 2987508 1879743 1707520 0086045 0025936 0003069 0025914 0025929 0026809 0150312 0342895 1514721 2348147 3542016 0042295 0205090 0684010 2603358 0369773 2603361
 1883351 0443211 0020557 1522137 0392209 0449438 1521739 2707262 0725813 0444706 3541902 0085202 0428475 0041004 0441889 0342895 1879743 1442448 0015663 0456962
 0020557 1522137 1709305 0342895 1301808 1442792 3148680 0041004 0025914 0025929 0026809 0205250 1299351 2700149 0021966 0221138
 0449911 0039224 1706073 1706074 0557702 1272706 1704674 0557702 1272706 1704674 0683150 0086045 0041004 0204695 2987508 1879743 0015663 0033727 0369286 0441932 0456962 0564385 1642385 0003062 0521437 1184808 0019080 0521114
 0019080 0003062 0342895 1879743
 0019080 1515187 0016452 0424092 1442448 2349954 2825032 0369637 0441923 0369637 0441923
 0237881 1709380 0038215 0750502 1710574 0022885 0039593 0392366 0444686 1441506 1443182 2700112 0002778 0936012 1524024 1711260 2348152
 1278073 0023779 0003069 0205132 0205217 0442805 0085202 0003592 0086045 0086418 1446561
 0040223 3541383 2825550 0456603 1547037 0201950 0543421 0008387 0392756 0332462 1880834 1519042
 0449911 0039224 1706073 1706074 0557702 1272706 1704674 0557702 1272706 1704674 1278073 1568534 0023779 0025936 0003069 0025914 0025929 0026809
 0337051 0441833 0687744 1257890 1552516 1705428 1705429 0017431 1880022
 1274040 1546471 2825142 1704970
 0237881 1709380 0038215 0750502 1710574 0022885 0039593 0392366 0444686 1441506 1443182 2700112 0002778 0936012 1524024 1711260 2348152
 0041004 0041004
 0041405 1824670 3272447 0201950 0543421 0008377 0439175 0439810
 2983605 0368909 0008377 0332296 1880497 1996904
 0031676 0202177
 2827664 0008387 0008377 0014898
 0599209 1514534 0008565 0002778 0936012 1524024 0008550 1547282 0442805 0008377 0392148 1264633 1554103 0023823 0205132 1550648 1552960 0205250 1299351 2700149 0349966 1337208
 0449911 0333052 2607870 0557702 1272706 1704674 0557702 1272706 1704674 0349966 1337208
 0740116 2827735 2981700
 0599209 0008565 1514534 0002778 0936012 1524024 0008550
 1316572 1317574 1369612 0175659 0222045 0025914 0025929 0026809 0243148 1550141 1882979 2587213 3274648
 0042295 0023822 0023821 1522133 0065055 0008377 0023820 0178587 0205250 1299351 2700149 0700364 0442811 0205251 1299352 1550472
 0151691 0392756 0547047 0023821 0023820 0178587 0205250 1299351 2700149 0205216 0392756 0442797 0003069 0205132 0349966 1337208
 0444505 0023822 0023821 1522133 0750489 0175659 0349674 0549177 1947916 3536777 0078207 0023825 0065191 0062152 0151691 0148335 0023823 0023821 0065060 0442804 0442811 0678226 0858892 0023820 0041004 0042295 0178587 0205250 0205251 0442824 1273517 1299351 1299352 1550472 2700149 3146286
 0204727 0205409 0220862 0521093 0750484 0151691 0392756 0547047 0439070 1705160
 0023821 0023820 0178587 0205250 1299351 2700149 0456603 1547037 0456603 1610540 0008387 0008377 0014898 0031676 0202177 0441994 1548802 2003888
 1274040 1546471 2825142 0456603 1547037 0855758 0555903 1261360 0033684 0025936 0003069 0025914 0025929 0026809
 0596607 0013855 0017243 1382104 1547282 0023821 0023820 0178587 0205250 1299351 2700149 0032659 1257890 0547044 0700321 0085202 0003592 0086418 0684224 0700287 3496591 0025936 0003069 0025914 0025929 0026809 0205132
 0085201 0003592 0021966 0221138 0003591 0439175 0439810 1551359 2741673 2981730 0023821 0023820 0178587 0205250 1299351 2700149 0205216 0392756 0442797 0023821 0023820 0178587 0205250 1299351 2700149 0025914 0025929 0026809 0450365 1706097
 0392148 0023821 0023820 0178587 0205250 1299351 2700149 0025936 0003069 0025914 0025929 0026809 0041095 0205174 0232902 0521093 0020985 0750484 0450366
 0449911 0039224 1706073 1706074 0557702 1272706 1704674 0557702 1272706 1704674 1979963 2003903 0023820 0041609 0205409 1548221 1548958 1705294 0337051
 1705241 1705242 0021966 0039224 0221138 1706073 1706074 0003069 0025914 0025929 0026809 0243148 1550141 1882979 2587213 3274648
 0008731
 1518422
 0000723 0039224 1706073 1706074
 0449911 0333052 2607870 0557702 1272706 1704674 0557702 1272706 1704674 0349966 1337208
 0439086 2827736 2981702
 0002778 0936012 1524024
 0032105 1550098 0025914 0025929 0026809 0337051 0441833 0687744 1257890 1509144 1552516 1705428 1705429 2349200 1883351 0370215 1875400 0023821 0023820 0178587 0205250 1299351 2700149 0017243 1547282
 0596607 0013855 0017243 1382104 1524063 0017243
 1708639 0038137 0175675 0331955 0456389 0005516 0312860
 1708639 0023821 0023820 0178587 0205250 1299351 2700149
 1708639 0023821 0023820 0178587 0205250 1299351 2700149 0025914 0025929 0026809
 0600209 1704732
 1708639 0038137 0175675 0456389 0005516 1532717
 1708639 0023821 0023820 0178587 0205250 1299351 2700149
 1708639 0023821 0023820 0178587 0205250 1299351 2700149 0025914 0025929 0026809
 0005863 0949466 1705493 0085202 0432616 0003592 0020960 0034493 0086418 0205369 1552740 0182400 1704681 2347609 3536729
 1708639 0023821 0023820 0178587 0205250 1299351 2700149
 1708639 0023821 0023820 0178587 0205250 1299351 2700149 0025914 0025929 0026809
 0878550 0797794 1319741 0233426 0700364 0003069 0003062 1708698 1883351 0370215 1875400 0008731 1325761 1264633 1554103 0003069 0205132 0332197 2699517 0439070 1705160
 0008731 0021853 1708548 1883254 0206243 0699809 0041004
 0025914 0025929 0026809 0342895 0324335 0332256 2700400 0023779 0597177
 0002778 0936012 1524024 0349966 1337208 2347469 1547282 0008731 1325761 0023820 0025936 0003069 0025914 0025929 0026809 0206243 0699809 1265611 0205666 0003593 0023884 0736268 1278929 1883254 2346688 0023825 0023823 0442811 0023820 0178587 0205251 1299352 1550472
 0456603 1547037 0023825 0023823 0442811 0023820 0178587 0205251 0442824 1299352 1550472
 0449911 0333052 2607870 0557702 1272706 1704674 0557702 1272706 1704674 0349966 1337208

 0002778 0936012 1524024 0041609 0205409 1548221 1548958 1705294
 0600209 1704732
 1708639 0008731
 1708639 0023825 0023823 0442811 0023820 0178587 0205251 0442824 1299352 1550472 0025914 0025929 0026809
 1708639 0023823 0023820 0178587 0205251 1299352 1550472
 1708639 0023823 0023820 0178587 0205251 1299352 1550472
 0600209 1704732 1265611 0017243 1708715 1707455 0456205 1552853 0025914 0025929 0026809 0243148 1550141 1882979 2587213 3274648
 1708639 0038137 0175675 0456389 0005516 1532717
 1708639 0008731
 1708639 0023825 0023823 0442811 0023820 0178587 0205251 0442824 1299352 1550472 0025914 0025929 0026809
 1708639 0023825 0023823 0442811 0023820 0178587 0205251 0442824 1299352 1550472
 1708639 0023821 0023820 0178587 0205250 1299351 2700149 0025914 0025929 0026809
 1708639 0023821 0023820 0178587 0205250 1299351 2700149
 0005863 0949466 1705493 0003591 0023823 0085202 0432616 0003592 0020960 0034493 0086418 0205369 1552740 0182400 1704681 2347609 3536729
 1708639 0023825 0023823 0442811 0023820 0178587 0205251 0442824 1299352 1550472 0025914 0025929 0026809
 1708639 0023823 0023820 0178587 0205251 1299352 1550472 0025914 0025929 0026809
 1708639 0085202 1719918
 0003591 0023825 0023823 0023820 0178587 0205251 1299352 1550472 0023821 0023820 0178587 0205250 1299351 2700149 1518422 0085202 0003592 0020960 0086418 1518422 1547282
 1265611 0150312 0449450 0521093 0020985 0750484 0450376 0085202 0332197 2699517 0450375
 0023820 0005528 1317949 3495449 0085202 0025914 0025929 0026809
 0486616 1555710 0243148 1550141 1882979 2587213 3274648 0023825 0023823 0442811 0023820 0178587 0205251 0442824 1299352 1550472 0005528 1317949 3495449 0003595 0523511 1412481
 0023825 0023823 0442811 0023820 0178587 0205251 0442824 1299352 1550472 0003595 0523511 1412481 0085202
 0018563 1281583 1552914 0103839 0205666 0003593 0150312 0449450 0023825 0003069 0025914 0025929 0026809 0243148 1550141 1707455 1882979 2587213 3274648 0456603 1610540 2827734 2981698
 0442805 0729650 0439070 1705160 1444656 0237753 0449788 0456603 1610540 0332299 1371696 0023796 0205216 0392756 0442797 0015127
 0456603 1547037 0041004 0023825 0023823 0442811 1265608 1291139 0023820 0025914 0025929 0026809 0178587 0205171 0205216 0205251 0392756 0442797 0442824 1299352 1550472 1720467 1705535 1371696 0023796 1518422 1184743 1522240 0332152 1522538 0023825
 0033268 0023825 0023823 0033268 0023825 0023823 1516048 1515655 0028778 0332206 1533157 1706084 2828370 0020291
 0078207 0242759 0023825 0023823 0442811 0065058 0125953 1096202 0023820 0033268 0079809 0178587 0205251 0242485 0442824 0871208 1299352 1521828 1550472
 0041004 0025914 0025929 0026809 0021485 0205250 0242759 1272883 1533685 1828121 3163633 0442805 1518422 0683607 0680844 0681916 0750572 0349966 1337208 0025914 0025929 0026809 0243148 1550141 1882979 2587213 3274648 0011744 0439391 0033727 0369286 0441932 0564385
 0025914 0025929 0026809 1720154 0041073 0028928 0028929 0001128 0202406 0023884 0736268 1278929 2346688 0078207 0023825 0065191 0023823 0065060 0442811 0858892 0023820 0041004 0178587 0205251 0442824 1299352 1550472 0005775 0699789 1516559
 0025663 0449851 0871511 0683607 0680844 0681916 0750572 0205431 0023825 0023823 0442811 0023820 0178587 0205251 0442824 1299352 1550472 0680220 0023884 0736268 1278929 2346688 1442989 2828392 0204695 2987508
 1547282 0041004 2348205 0025914 0025929 0026809 0243148 1550141 1882979 2587213 3274648
 0449911 0333052 2607870 0557702 1272706 1704674 0557702 1272706 1704674 0349966 1337208
 0439084 0728893
 0033268 0025914 0025929 0026809 0243148 1550141 1882979 2587213 3274648
 0005767 0005768 0229664 0013113 0148854 0242759 1420193 1425679 1862190 3538902 1508277 0022718 0439209
 0028928 0028929 0001128 0202406 1720154
 0034980 0002778 0936012 1524024 0023733 2346679 1547282 0033268 0205132 0033268 0205132
 0033268 0032105 1550098 0439294
 0033268 0439526
 0025914 0025929 0026809 0243148 1550141 1882979 2587213 3274648
 0025914 0025929 0026809
 0025914 0025929 0026809
 0023816 1416902 0023764 0023820 2262011 1149836 0441655 0023816 1416902 0023764 0023820 2262011 1149836 0441655 0032105 0444706 1550098 3541902 1524063 0005507 0243073 1510438 0205216 0392756 0442797 0205393 0025936 0003069 0025914 0025929 0026809
 1149837 0023816 1149836 1416902 0023764 0023820 0205177 0439167 0441655 1561536 1516048 1705241 1705242 0023764 2262011 1149836 0441655 0444706 3541902 1149837 0023816 1149836 1416902 0023764 0023820 0205177 0439167 0441655 1561536 0040300 0023816 1416902 0023764 0023820 2346714 0596690 1416867 2262011 0023764 0205054 0332197 2699517
 1547282 0026845 1149837 0023816 1416902 1149836 0023764 0023820 0441655 3242379 1149837 0023816 1149836 1416902 0023764 0023820 0205177 0439167 0441655 1561536 0205351 0040300 1883254
 0023816 1416902 0855443 0023764 0023820
 0449911 0039224 1706073 1706074 0557702 1272706 1704674 0557702 1272706 1704674 1149837 1149836 0014442 0441655 0243102 0596690 1416867 2262011 0023816 0023764 0205054 0040300 0042295
 0237753 0449788 0237753 0449788 0441833 0687744 1257890 1552516 1705428 1705429
 0871424 0002778 0936012 1524024 0021966 0039224 0221138 1706073 1706074
 0020291 1883351 0025936 0003069 0020557 0025914 0025929 0026809 1522137 1551359 2741673 2981730 0023825 0023823 0442811 0023820 0178587 0205251 0442824 1299352 1550472 1518422 1710236
 1512571 1515655 1511124 0003069 0023820 0041004 0392366 0699759 1439852 1708632 0065060 0788303 0025914 0025929 0026809 0243148 1550141 1882979 2587213 3274648
 0025914 0025929 0026809 0243148 1550141 1882979 2587213 3274648 0008731 0332197 2699517 0181496 0439083 0439087 2827499 0023825 0023823 0442811 0023820 0043194 0178587 0205251 0258432 0442824 1264633 1299352 1421478 1550472 1554103
 0025936 0003069 0025914 0025929 0026809 0181496 0332232 2827499 0150312 0449450 1264633 1554103 0023825 0023823 0442811 0023820 0178587 0205251 0442824 1299352 1550472 0065063 0023820 0178587 0205103 1550465 2827755
 0020291 0078207 0065191 0065060 0858892 0041004 0025914 0025929 0026809 0443347 0439834 0039224 1706073 1706074
 0065063 0023820 0178587 0205103 1550465 2827755 1947971 1274040 1546471 2825142 2348205 0008731 1301820 0023825 0023823 0442811 0023820 0178587 0205251 0442824 1299352 1550472 1518422 1547282
 1705241 1705242 1441672 1710637 0205216 0392756 0442797 0085202 0003592 0086418 0185117
 0449911 0039224 1706073 1706074 0557702 1272706 1704674 0557702 1272706 1704674 0449381 0065060 0023820 0041004 0699759 0023816 1416902 0373670 0023764 0023820 0205101 0205228 0392366
 0032105 1550098 0025914 0025929 0026809 0337051 0441833 0687744 1257890 1509144 1552516 1705428 1705429 2349200 0023820 0455052 1273517 1521827
 0237753 0449788 1882932 0023816 1416902 0023764 0023820
 1547014 1948059 0243102 0014442 0441655 1710637 0444686 1441506 1443182
 0871424 0002778 0936012 1524024 0021966 0039224 0221138 1706073 1706074
 0015688 0015688
 0597298 0423896 0456205 1157973 0543484 0699900 1516314 0025936 0003069 0025914 0025929 0026809 0023816 1416902 0023764 0023820 1708698 1883351 0486616 1555710 1149837 0023816 1149836 1416902 0023764 0023820 0205177 0439167 0441655 1561536 0392148 0023825 0023823 0442811 0023820 0178587 0205251 0442824 1299352 1550472
 0013855 0022169 0085202 0332283 0003592 0020985 0086418 0205164 0205449 0443289 0597298 0023825 0023823 0442811 0023820 0178587 0205251 0442824 1299352 1550472 0023821 0023820 0178587 0205250 1299351 2700149 0597298 0023821 0085202 0003592 0023820 0086418 0178587 0205250 1299351 2700149 0349966 1337208
 0597298 0086418 0684224 0700287 3496591 1524084 0085202 0003592 0085202 0003592 0205164 0205447
 0018563 1281583 1552914 0175723 1547548 0439070 1705160 0150312 0449450 0023825 0025936 0003069 0025914 0025929 0026809 0052190 0003594 0025914 0025929 0026809 0243148 1550141 1882979 2587213 3274648 1708639
 0449911 0333052 2607870 0557702 1272706 1704674 0557702 1272706 1704674 0349966 1337208

 0242954 0020792 0205396 0023821 0023820 0178587 0205250 1299351 2700149 0022169 0000936 2981153 0332283 0020985
 0455052 1521827 0243148 1550141 1882979 2587213 3274648 0025936 0003069 0025914 0025929 0026809 1273517 0017243 1547282
 0023825 0023823 0442811 0023820 0178587 0205251 0442824 1299352 1550472 0003591 0023821 3274438 0035953 0600140 1704688 2346414 0329155 1427618 1705203 0733755 0052191 1609817 0003594 0439070 1705160 0080103 0205345 1547039
 0036679 0237868 1881713 0003591 0023821 1708639 1524063 1138565 0439182 0812409 1704458 1511276 1552825
 1708639 0023825 0023823 0442811 0023820 0178587 0205251 0442824 1299352 1550472 0025914 0025929 0026809
 1708639 0023825 0023823 0442811 0023820 0178587 0205251 0442824 1299352 1550472 0023821 0023820 0178587 0205250 1299351 2700149
 1708639 0023821 0023820 0178587 0205250 1299351 2700149 0025914 0025929 0026809
 1708639 0085202
 1708639 1704458 1511276 1552825 1547547
 0005863 0949466 1705493 1524063 1138565 0439182 0812409
 1708639 0020985
 1708639 0020985 0025914 0025929 0026809 0439175 0439810 0439851 1947931
 1708639 0085202
 1708639 0023825 0023823 0442811 0023820 0178587 0205251 0442824 1299352 1550472
 1708639 0023821 0023820 0178587 0205250 1299351 2700149 0025914 0025929 0026809
 1708639 0023825 0023823 0442811 0023820 0178587 0205251 0442824 1299352 1550472 0025914 0025929 0026809
 1708639 0023821 0023820 0178587 0205250 1299351 2700149 0025914 0025929 0026809
 1316572 1317574 1369612 0085202 0001128 0003592 0205172 0150312 0449450 0025936 0003069 0025914 0025929 0026809 0441833 1999270 3537156 2347469 0086418
 0052190 0003594 0085202 0003592 0086418 0150312 0680240 1425988 1527178
 0103785 0052191 1609817 0003594 0439070 1705160 0205171 1720467 0348078 0376315 1522492 0025914 0025929 0026809 1441672 0001128 0085202 0003592 0086418 1515981
 0085202 0018790 0237477 0392351 0521111 0023816 1416902 0023764 0023820 2262011 1149836 0441655 0021135 1533691 2827718 0302523 0700325 1964257 0023816 1149837 1149836 1416902 0023764 0023820 0205177 0439167 0441655 1561536 0441994 1548802 2003888 0025914 0025929 0026809 0243148 1550141 1707455 1882979 2587213 3274648 1149837 0023816 1416902 1149836 0023764 0023820 0441655 2348205 1705535 0085202 0023825 0023823 0442811 1326470 0023820 0178587 0205251 0442824 1299352 1550472 0005528 1317949 3495449 0032105 1550098 0025936 0003069 0025914 0025929 0026809 1149837 0023816 1149836 1416902 0023764 0023820 0205177 0439167 0441655 0521102 1561536 2717977 0005507 0243073 1510438
 0444706 3541902 0428628 0205177 0439167 0441655 1561536 0025914 0025929 0026809 0243148 1550141 1882979 2587213 3274648 0332197 1689985 0392148 0086045 1446561 0085202 0032105 1550098 0025914 0025929 0026809
 1883712 2259127 1149837 0023816 1149836 1416902 0021467 0021469 0023764 0023820 0205177 0439167 0441655 0521115 1561536 1628982 3463820 1274040 1546471 2825142 0243148 1550141 1882979 2587213 3274648 0392148 0085202 0009458 0439536 1705217 3244283 0349966 1337208
 2262011 1149836 0205177 0439167 0441655 1561536 0085202 0003592 0031843 0086418 0205216 0392756 0442797 0542341 0700205 1705273 1883712 0009458 0439536 1705217 3244283 0450348 0243148 1550141 1882979 2587213 3274648
 0449911 0333052 2607870 0557702 1272706 1704674 0557702 1272706 1704674 0349966 1337208

 0021467 0021469 1628982 3463820 2262011 0020115 1149836 0441655
 0032105 1550098 0023816 1416902 0023764 0023820 0205369 1439852 1552740 0014020 0259862 0025664 0184661 1517586 1552738 2700391
 1149836 0441655 0439165 0085202 0003592 1301820 1883712
 0085202 0018790 0237477 0392351 0521111 1149837 0023816 1149836 1416902 0023764 0023820 0205177 0439167 0441655 1561536 1947931 0486616 1555710 0032105 0150312 0449450 1550098 0541749 1709743 0392747 0443172 0871161 1292721
 1280500 2348382 0023816 1416902 0023764 0023820 0205171 1720467 1547282 1524063 0449432 0596690 1416867 2262011 0205054
 1514811 1706462 0020557 1522137 0025517 0012634 1510941 1521739 2707262 0015127 1524003 0017296 0314603 1521761 2827422 0205393 1518422 0205396 1550043 1551388
 0030351 1547566 0150312 0449450 2986594 3161035 0678226 0085202 0003592 0086418 1514559 0449432 1705248 1412468
 0020557 1522137 0205351 0003069 0205132 0342895 0012155 1442959 1519433 2983588 1709305 0392756 0547047 0023821 0023820 0178587 0205250 1299351 2700149
 0085202 0206243 0699809 0023825 0023823 0025936 0442811 0003069 0023820 0025914 0025929 0026809 0178587 0205251 0442824 0750554 1299352 1550472 0441472 3266814 0037640 0023825 0023823 0442811 0023820 0178587 0205251 0442824 1299352 1550472 0032105 1550098 0439227
 0020557 1522137 0442824 1879743 0204695 0522501 1706089 2987508 0015663 0205132 0439583 0456962 1550648 1552960 0441889 0441994 0456079 1547707 1548802 2003888 2946261 0205132 1550648 1552960 0683150 0086045 1446561 0441994 1272755 2003888 0015663 1550565
 1882115 0015663 1550565 0023825 0023823 0442811 0023820 0178587 0205251 0442824 1299352 1550472 0040223 0237096 3541383 3272697 1883727 0040300
 1521721 0020443 0332197 1517331 1522133 1689985 0003595 0523511 0678226 1412481 0020623 0011155 0162429 1623416 0034821 1366529
 0557651 2603343 0442805 0205351 0442805 0041004 0423896 0456205
 0178732 0038951 2361955 1547282 0442805 0185117 0085202 0003069 0205132 0015272 0205217 0442805 0023825 0023823 0442811 0023820 0178587 0205251 0442824 1299352 1550472 0023823 0023820 0178587 0205251 0441889 1299352 1550472 0015663 0439583 0456962
 0085202 2003901 0023825 0023823 0025936 0442811 1264633 0003069 0023820 0025914 0025929 0026809 0178587 0205251 0442726 0442824 1299352 1511790 1550472 1554103
 1514559 0085202 0151691 0023821 1265608 1291139 0023820 0032105 0178587 0205216 0205250 0392756 0442797 0522501 1299351 1550098 2700149 0332256 2700400 1440921 0085201 0003592 0021966 0221138 0680240 0557651 2603343

 0221193 0449234 1704772 1882133 0151691 0392756 0547047 0085202 1425988 1547282

 0557651 2603343 0423896 0456205 0205132 1550648 1552960 0332197 1689985 0023821 0023820 0178587 0205250 1299351 2700149 0205132 1550648 1552960 1705535 0012725 0012727 0456080 2347509 0205148 0023821 0023820 0178587 0205250 1299351 2700149 0085202
 0150312 0449450 0557651 2603343 1705535 0441712 1706376 0470187 2259127 1149837 0023816 1149836 1416902 0021467 0021469 0023764 0023820 0205177 0439167 0441655 1561536 1628982 3463820 0015127 1524003 0023821 1157478 0023820 0178587 0205250 0220781 0392756 0439634 1274040 1299351 1522492 1546471 2700149 2825142 0005775 1516559 1441414 1553874 1578820 0023493 1961099 0700321 0450355
 1149837 0023816 1149836 1416902 0023764 0023820 0205177 0439167 0441655 1561536 0392885 0023822 0023821 1522133 0065055 0201950 0428466 0008377 0023820 0178587 0205250 0441889 1299351 2700149 0086418
 0392148 0023820 0003069 0025914 0025929 0026809 0243148 1518422 1550141 1882979 2587213 3274648 0003062 0342895 0012155 1442959 1519433 2983588 0332256 2700400 0023779 0037640 0008731 0021853 1708548
 0681915 0002778 0936012 1524024 1547282 0392148 0103839 0003593
 0205666 0003593 0023884 0736268 1278929 1883254 2346688 0008731 1325761 1264633 1554103 0023825 0442811 0023823 0023820 0178587 0205251 1299352 1550472
 0079946 0439659 1550512 0204695 2987508 0205166 1706317 0205309 0681814 0034693 0034721
 0442805 0023823 0023820 0178587 0205251 1299352 1550472 0015127 1524003 0023825 0023823 0442811 0023820 0178587 0205251 0442824 1299352 1550472 0023825 0023823 0442811 0020291 0023820 0178587 0205251 0332452 0442824 1299352 1550472 0023816 1416902 0023764 0023820
 0036536 0036537 0023825 2348205 0025936 0003069 0025914 0025929 0026809 0023825 0023823 0442811 0023820 0178587 0205251 0442824 1299352 1550472
 0392148 0597177 0025936 0003069 0025914 0025929 0026809 0680226 1704769 0023816 1416902 0023764 0023820 0065060 0023820 0041004 0699759 0018517 0376558 2825407 0878550 0023817 0023816 1291447 1416902 0020623 0333006 0009678 0011155 0023764 0023820 0162429 1274040 1546471 1623416 1744681 2825142 0086418
 0392756 0547047 0025936 0003069 0025914 0025929 0026809 0080103 0205345 1547039 1518422 0750489 0878550 1551359 2741673 2981730
 0020291 0025936 0003069 0025914 0025929 0026809 0023816 1416902 0023764 0023820 1705535 0023825 0023823 0442811 0023820 0178587 0205251 0442824 1299352 1550472 1518422 1710236
 0020291 0052190 0003594 0332197 1689985 0015127 1524003 0178555
 0052190 0003594 0598629 0023825 0023823 0442811 0012727 0023820 0178587 0205148 0205251 0442824 1299352 1550472 0085202
 0392148 0023825 0023823 0442811 0023820 0178587 0205251 0442824 1299352 1550472 0025936 0003069 0025914 0025929 0026809 1265611 0023825 0023823 0442811 0023820 0178587 0205251 0442824 1299352 1550472 0205410 0052190 0003594 0023816 1416902 0023764 0023820 0027552 0686904 1879547
 0392366 1512571 0392148 0205148 0023825 0023823 0442811 0023820 0178587 0205251 0442824 1299352 1550472 1273518 0023816 1416902 0023764 0023820
 0040223 0205435 1279901 3541383 0376554 2259127 0021467 0021469 1628982 3463820 0085202
 0085202 0015264 1280500 2348382 1518422 0443211 0557651 1272684 2603343 0392148 0023820 0032105 1550098 0023816 1416902 0005507 0023764 0023820 0243073 1273517 1510438
 0205171 1720467 0005507 0243073 1510438 1524063 0449432 0376649 1442065 0441655
 0441712 1706376 0085202 0150312 0449450
 0679213 0596690 1416867 2262011 0023764 0205054 0085202 0023825 0023823 0442811 0023820 0178587 0205251 0206243 0442824 0699809 1299352 1550472 0205148 1149323 3158645 0243122 1145667 1167622 0023825 0023823 0442811 0023820 0178587 0205251 0442824 1299352 1550472 0020291
 0441712 1706376 0332290 1710637 0023816 1416902 0023764 0023820 0444706 3541902 0023825 0023823 0025936 0442811 0003069 0023820 0025914 0025929 0026809 0178587 0205251 0442824 1299352 1550472 0005507 0243073 1510438
 1883712 0032105 1550098 0025914 0025929 0026809 0243148 1550141 1882979 2587213 3274648 0311403 2262011 1149836 0205177 0439167 0441655 1561536
 0021467 0021469 1628982 3463820 0085202 1317750 1831145 0684224 0700287 0947630 3496591 0021135 1533691 2827718 1515655 1879547 0085202 0444706 3541902
 0552617 0302523 0700325 3244290 0596690 1416867 2262011 0023764 0205054 0025936 0003069 0025914 0025929 0026809 0311403 1515655
 0205435 1279901 0205351
 0342889 0020557 1522137 1274040 1546471 2825142 0596690 1416867 2262011 0023764 0205054 0041004 0031676 0202177 0065063 0023825 3272697 0023823 0023821 0023820 0178587 0205250 1299351 2700149
 0020291 0035820 0023816 1416902 0023764 0023820 1883351
 3151466 1291447 0011155 0162429 1623416 0025914 0025929 0026809 0332268 0596690 1416867 2262011 0023764 0205054 0870432 0023821 1291138 0029053 0023820 0178587 0205250 1299351 2700149 0449297 1382187 2825073 0392760 1314939 0205171 0424612 0442027 0522501 1550025 1704782 1708715 1720467 0439509
 0018563 1281583 1552914 1517914 0023884 0736268 1278929 2346688 1265611 0086418 0034693 0034721 1705535 0025914 0025929 0026809 0725813 0023816 1416902 0023764 0023820 0205172 0449297 1382187 2825073 0597177 0023884 0736268 1278929 2346688 0086418 0034693 0034721
 1707310 1441414 1553874 1578820 1883351 1979963 2003903 1514559 0085202
 0085202 0205250 0441889 1299351 2700149 0023884 0736268 1278929 2346688 0005775 0332281 1516559 0023821 0023820 0178587 0205250 1299351 2700149 0750546 1327616 0023825 0023823 0442811 0023820 0178587 0205251 0442824 1299352 1550472
 0085202 0020291 0078207 0023816 1416902 0023764 0023820 1722730 1261552 1704379 1705117 2825408 0205263 1521970 0008731
 1552961 2347617 0085202 0242724 0205148 0023821 0023820 0178587 0205250 0750490 1299351 1706221 2700149 1883351 0521097 2945843 0205145 1515974 2825164 0439673 0376554
 0683607 0020291 0078207 0023816 1416902 0023764 0023820 0065063 3272697 0023825 1517331 0596690 1416867 2262011 0023764 0205054 1522240 0065060 0023820 0041004 0699759
 0085202 2262011 1149836 0205177 0439167 0441655 1561536 0596690 1416867 0040223 0237096 3541383 0025914 0025929 0026809 0546816 0015663 0439583 0456962
 0151691 0392756 0547047 0205216 0220781 0439634 1274040 1522492 1546471 2825142 0032105 1550098 0470187 0205148 0392756 0449432 0015127 1524003 0021467 0021469 1628982 3463820 1157973 0543484 0699900 1516314 0023825 0023823 0023816 1416902 0023764 0023820 1706528 0205217 0311402 0442805 0871208 1515981 1516314 1521828 0012725 0012727 0456080 2347509 0085201 0085202
 1519606 0003069 0020557 0205156 0205393 1522137 1552607 3161035 0023820 0041004 0205216 0243144 0347980 0392756 0442797 0699759 1880022 0065058 0065060 0125953 1096202 1291139 1976850 0035820 1705810 0003595 0523511 1412481 0597177 0449297 1382187 2825073
 0376554 2986594 3161035 0036572 0025914 0025929 0026809 1514559 0085202 3161035
 0025914 0025929 0026809 0206745 0003595 0025914 0025929 0026809 0205203 0523511 0560617 1412481 1522225 1705417 0449297 1382187 2825073 0023825 0023823 0205217 0442805
 0085202 0332197 2699517 0023816 1416902 0023764 0023820 0596690 1416867 2262011 0023764 0205054 0205289 0441655 0806909 0031843
 3161035 0085202 0003592 0086418 1514559 0015127 1524003 0150312 0449450 0004083 0439849 0596306 0699792 0023823 0023821 0023820 0178587 0205250 1299351 2700149
 2348205 0086418 0039292 1412058 0012634 0020481 0020476 0085202 0023825 0023823 0442811 0023820 0178587 0205251 0442726 0442824 1299352 1511790 1550472 1257890 0023825 0023823 0442811 0023820 0178587 0205251 0442824 1299352 1550472 1710236
 0004083 0439849 0596306 0699792 0332256 2700400 0023825 0023823 0442811 0023820 0178587 0205251 0442824 1299352 1550472 0242656 1947900 0449258 0024027 0332293 1522326 0681850 1707520 0150312 0221198 0333482 0439793 2983285 0557651 2603343
 0441926 0441889 0005528 1317949 3495449 0023825 0023823 0442811 0023820 0178587 0205251 0442824 1299352 1550472 0020557 1522137 0150312 0449450 0035647 0205217 0442805
 0150312 0449450 1707520 0010054 0010068 0018799 0012634 0018787 1281570 0683150 0086045 0002783 0014507 0443211 0947630 1272684 0441712 1706376 1883351
 0870392 0023823 0023821 0023820 0178587 0205250 0441889 1299351 2700149 0079613 0005516 0021399 0020557 1522137 2827734 2981698
 0679133 0392885 1522133 0201950 0428466 0441889 0023822 0205172 0205250 0376674 1707520 0086045
 0947630 1999230 0233820 0041004 0086045
 2986676
 2825232 0010186 0220812 0449719 1709471 0220808 0680264 0007961
 1706852 0522501 1706089 0949214

 0221193 1880177 0043227
 0282413 0376649 1442065 0016674
 0254343 0796520 3272379

 0085205 1549619 1880669
 0000723 0000723 1273517 0023821 0023820 0178587 0205250 1299351 2700149 0023821 0023820 0178587 0205250 1299351 2700149
 0003591 0003591
 0023823 0023820 0178587 0205251 1299352 1550472 0023823 0023820 0178587 0205251 1299352 1550472
 0041004 0041004
 0023816 1416902 0023764 0023820 0023816 1416902 0023764 0023820
 0085202 0052209 0003592 0003591 0003069
 0065063 0023820 0178587 0205103 1550465 2827755 0065063 0023820 0178587 0205103 1550465 2827755
 1704732 0013862 0071500 0596607 0013855 0017243 0071499 1382104
 0022169 0000936 2981153 0022169 0000936 2981153
 0596690 1416867 2262011 0023764 0205054 0596690 1416867 2262011 0023764 0205054
 1514811 1706462 0557061 2584313 1514811 1706462 0439267
 0439394 1706495 3642217 2603362
 0369637 0441923



 0025141 0331809
 0331809 0369773 2603361


 2347379
 0000857 0600678 1552863
 0205090 0684010 2603358 0252873
 0369637 0441923



 0439084 0728893 0025141
 0597277 1708601



 0025141
 0439394 1706495 3642217



 0025141 0439394 1706495 3642217


 1291910 1295018 3541258 2603362





 1315013

 0205090 0684010 2603358 0369718 0441922 1553036
 1418943

 0268596 2700624
 3642273
 0041703
 0000857 0600678 1552863
 0369718 0441922 1553036 0033727 0369286 0441932 0564385 1431628 0439394 1706495 3642217 0023493 1961099 1511325
 0439394 1706495 3642217

 2347379
 0000857 0600678 1552863 1511325
 0439394 1706495 3642217
 1418943

 0268596 2700624
 3642273
 0041703

 0205090 0684010 2603358
 0369637 0441923
 0205090 0684010 2603358
 2603362
 0252873
 0369637 0441923


 0201682

 0205090 0684010 2603358
 0439267

 0252873
 0369637 0441923
 0349590 1262865 0025141 0077966 0016327 0439133 1553038 2347469
 1412493 0016327 0439133 1553038 0439394 1706495 3642217


 0201682
 1412493
 1412493 2347469
 0439394 1706495 3642217 0016327 0439133 1553038 0077966 0016327 0439133 1553038

 2347379

 0033727 0369286 0441932 0564385
 0033727 0369286 0441932 0564385 0439394 1706495 3642217


 0036397 0025141
 0439394 1706495 3642217

 0033727 0369286 0441932 0564385
 0439394 1706495 3642217



 0201682
 0021966 0221138
 1332417 1553033 0252873
 1511325
 0439394 1706495 3642217 0023493 1961099

 1315013

 0025141
 0021966 0221138
 0005477 0025141 0439114
 0033727 0369286 0441932 0564385 0369718 0441922 1553036
 1441583
 0439394 1706495 3642217 0205090 0684010 2603358



 0201682

 0205090 0684010 2603358
 2603360


 0025141
 0597277 1708601
 0349590 1262865 0025141 0443050
 2603362


 0025141 0439114

 0439267


 0025141 0439267
 0033727 0369286 0441932 0564385


 0201682
 0369773 2603361 0205090 0684010 2603358
 0003842 0226004



 0025141 0439267 0597277 1708601 2347469 0439267

 2347379
 0000857 0600678 1552863
 0554249
 2603360 0597277 1708601
 0439267 0252873
 1511325
 0439394 1706495 3642217
 0007634 0450389 1269647 1704653 1948049 0025141 2603362
 0033727 0369286 0441932 0564385 0205090 0684010 2603358

 0369718 0441922 1553036
 0036397 0025141 0678579 0369637 0441923

 0205090 0684010 2603358
 0181107 0205090 0684010 2603358
 0439482

 1315013

 0025141 0369773 2603361

 0369637 0441923


 0201682
 0023493 1961099
 0205090 0684010 2603358
 0369637 0441923
 0369718 0441922 1553036
 1414400

 0025141 1431628 0033727 0369286 0441932 0564385
 0439267


 0201682
 0369773 2603361
 0439394 1706495 3642217 0033727 0369286 0441932 0564385 2603362
 0369637 0441923
 0369718 0441922 1553036
 1414400

 1553033



 2827734 2981698 0025141 0205090 0684010 2603358 1537575 0439394 1706495 3642217 2347469 0369637 0441923
 0033684 0025141 0597277 1708601 0450955 2603362


 0000857 0600678 1552863 2603360 0205090 0684010 2603358
 0369773 2603361 0369637 0441923


 0201682
 0369718 0441922 1553036 0205090 0684010 2603358
 0597277 1708601 0205090 0684010 2603358
 0439394 1706495 3642217


 0025141 0455483
 0205090 0684010 2603358
 1708595 3280986




 0439267
 0144237 0033727 0369286 0441932 0564385 2603362
 0033727 0369286 0441932 0564385 0033727 0369286 0441932 0564385 0369718 0441922 1553036


 0201682
 0439267 2603360


 0450385 0025141 0369718 0441922 1553036
 2603360 0205090 0684010 2603358 0439267 1511325
 0033727 0369286 0441932 0564385
 0369718 0441922 1553036 0554249


 1315013

 0369718 0441922 1553036
 2603360 2603360 0554249
 1979969
 0205090 0684010 2603358 0021966 0221138
 0033727 0369286 0441932 0564385
 0369718 0441922 1553036 1511325
 0439394 1706495 3642217

 1315013

 0025141 0597277 1708601 0325045
 0999213 2603360 2603360 0205090 0684010 2603358 0205090 0684010 2603358 0033727 0369286 0441932 0564385
 0369718 0441922 1553036 1511325
 0439394 1706495 3642217

 1315013

 0439083 0439087 0025141 2603360 0205090 0684010 2603358 0439267 0369718 0441922 1553036
 2603362

 1315013

 1553033 0369773 2603361 0205090 0684010 2603358
 0402217 0033727 0369286 0441932 0564385
 2347469 1708595 3280986


 0025141 0369773 2603361 1553033 1553033 0205104 0402217 0033727 0369286 0441932 0564385
 2347469 1708595 3280986 0205090 0684010 2603358


 2347379
 0000857 0600678 1552863 0369773 2603361
 1553033 0033727 0369286 0441932 0564385
 0369718 0441922 1553036




 1553033 0439267 0033727 0369286 0441932 0564385 0439267
 0369773 2603361
 0004153 0025141
 0369773 2603361
 0439267
 0205090 0684010 2603358

 2347379
 0000857 0600678 1552863 0009993 0037455 0596070 1552856 0005477 0026376 0005532 1521991