 0162357 0024432 1546706 1550652 0021368 0541875 1261381 1948029


 2603362
 0205090 0684010 2603358
 0369637 0441923
 2347469

 0022886 0022877 0035168 0242481 3244292 0557806 0562547 3160718 0282413 0369773 2603361


 0520510 0557061 2584313 1514811 1706462 0018017
 1883351 1292732 1280519 1707887 1881413 1721092 0205223 0333262 0700321 1333381 0003864 0021368 0242656 0449258 3274677 0003353
 0025663 0025664 0449851
 0034693 0034721 1514756 0021485 1272883 1533685 1828121 1881413 1721092 0205223 0333262 0700321 1333381 0205263 0857127
 0162357 0036082 1639518 1947986 0205160 1273517 1513916 2825415 2825491
 1274040 1546471 2825142
 1881413 1721092 0333262 0700321 1547282 1883351 1280519 1704419 0443318 0301630 0392756 0441610 1547085 0439228 0678812 0001554 1533734
 0240130 0013604 0038999 1518422 0392760 1314939
 1280519 1707887 0021368 0541875 1261381 1948029 0332281 0162359 0237881 0333668 0750502 1320928 1539327 1546944 1549439 2347958 0024432 1546706 1550652
 1707478
 1881413 1721092 0333262 0700321 0442799 0392756 0522569 0439793 2983285 0541875 1261381 1948029 0332281 0024432 0205369 0221102 1552740 0039099 0025255 0596901 1550315 1706182
 1705313 0162357 1881413 1721092 0333262 0700321 0024432 1546706 1550652 0035287 0229603 0449913 1553451 1704459
 0520510 0557061 2584313 1290886 0008679 1290884 0012634 0205191 0333348 1514811 1706462 2949735 0024426 0920262 1155075 1879547 0040300 1261381 1274040 1546471 1547928 1948029 2825142 0030664 0205469 0677042 2827734 2981698
 0039099 0030705 0003873 2697391 0003864 0001280 0024432 1546706 1550652 0150312 2346714 0740116 2827735 2981700 0150312 0449450 0155094 0233520 0333350 0439849 0445223 0520511 1704711 0439086 2827736 2981702
 1514468 0026484 1979963 2003903 0005889 0302908 0444611 1704353
 0086272 3161035 1547282 0024432 1546706 1550652 0150312 0449450 1257890 0205396 1550043 1551388 1524063 0003250 0003241 0746619
 3272954 0003250 0003241 0021027 0162359 0205396 0746619 1539327 1550043 1551388 0024432 1546706 1550652
 0333348 0039099 1267208 0040300 1547928 1550315 0024432 1546706 1550652 0205171 1720467 0004083 0150312 0439849 0587267 0596306 0699792 0039194 0007634 3282337 0024296 0040300 1518071 1547928 0150312 0449450
 0024432 1546706 1550652 1301808 1442792 1551058 1879547 3148680 0019630 0441886 2698968 0003320 0456387 1705943 1327616 0014442 0014445 0041368 1168005 1456820 0021385 1323304 0333516 0027540 0027651 0439095 1334928 1521761 1578706 2003941 2350010 2827422 3273930 0021755 1522428 0021764 1527200 0021760 1527132 0021764 1527200 0033554 0162772 0030054 0205332 1705920
 1547282 1707919 0205177 0439167 0441655 1561536
 1819464 0033268 0021755 1522428 0021764 1527200 0039099 0003320 0003864 0205263 1709305 2745955 0003353 3161035 0003865
 0019612 0024432 1546706 1550652 2698977 0023828 0039099 0392752
 0162357 0012544 2267018 0023828 0205223 1333381 0085732 1299581 1522196 0031307 0007634 3282337 1548602 1704686 0162638
 0162357 0205223 0333262 0549177 1333381 0071559 0032483 0982185 0017945 0017951 0032487 0038228 0137914 0184512 0752345 3496118 0003865 0001551 0001552 0003864 1522673 0450348
 0023828 0015264 1280500 2348382 0015252 0024432 0728940 1546706 1550652 0039099 1267208 0040300 1547928 1550315
 0205309 0456389 0475264 1744691
 1881413 1721092 0333262 0700321 1547282 1883351 0034693 0034721 0333348 0687080 0003865 0001551 0001552 0003864 1522673 1555603 0439792 0333262
 0162357 1881413 1721092 0205223 0333262 0700321 1333381 1514893 1706463 2699488 1882115 1514893 1706463 2699488 0003865 0001551 0001552 0003864 0034693 0034721 0205397 0332293 1522326 1522673
 0332281 0237881 0301630 0392756 0441610 0750502 1546944 0024432 1546706 1550652 0687080
 0150312 0449450 0557651 2603343 1707455 1280500 0162357 0333262 0205223 0162357 0333262 1881413 1721092 0333262 0700321 0205223 0162357 1881413 1721092 0333262 0700321 0439793 2983285 0021368 0441889 0449286 0542560 1561545 2348088 0003353
 1292732 1257890 0178784 0035287 0229603 0449913 1553451 1704459 0039099 0025255 0596901 1550315 1706182 0039099 0025255 0596901 1550315 1706182
 0520510 0520510 0557061 2584313 1514811 1706462 0024554 0086582 1706180 1706428 1706429 1512692 0324536 0034693 0034721 1301820 1883167
 0003062 0020056 0205451 0337189 0016452 0043047 0599638 1550678 1879743 0557854 1704729 1879848 0333118 1442452 0332174 0439230 0020971 0042196 3244291
 0003062 2718082 0020056 0023693 0033727 0332582 0369286 0441932 0564385 1306462 1881376
 0205263 0857127 0022745 0230431 1269073 1279571 1882711 0022417 0022742 0034693 0034721 0205090 0205263 0392905 1269611 1283838 1706309 1963703 0332282 0025663 0449851 0871511 1552738
 0332174 0439230 0324536 0034693 0034721 0439267 1720154 2603362 0014020 0259862 0449468 0066331 0036774 0036773 0728877 0001924 0007452 0229671 0746574 1140701 1546774 1550100 0066331 0439269 1960952 2346927 0444499 0016712 0001551 0001552 0205197 0725685 1522673 0026926 0026912 0041296
 0439228 0003864 0066331 0205263 0439269 1960952 2346927
 0243107 0678723 1527148 0205272 1272706 0030695 0150369 0181904 0596972 1521743 1301886 0444504 2347634 2348143 0022417 0392905 1269611 1706309 0205143 0231452 0439083 0439087 1524063 0439201
 1285497 1880516 1881413 2348529 0205223 0162357 1521827 1552738
 0026398 0026626 1881413 0772274 0013710 0029974 1508746 1959616 0008377 2825550 0026367 0456603 1547037 2827734 2981698
 1881413 2348529 0037680 0182400 1704681 2347609 3536729 0182400 1704681 2347609 3536729 0333262 0772274 0013710 0029974 1508746 1959616 0008377 0058351 0031610 0001128 0202406 2825550 0026367 0456603 1547037 2827734 2981698
 0456389 0205447 2346753 0439818 0702093 1881705 0205448 2346753 0456692 0439818 0702093 1881705
 0086045 1446561 0333262 1881413 1721092 0333262 0700321 1441506 1265611 1527428 1524063 0677601 1705206
 0039798 0087111 1522326 1533734 1705169 3538994 0205263 0857127 0003062 0024908 0150103 0205450 0332849 0441833 0687744 1257890 1552516 1552839 1705428 1705429 1708943 0034693 0034721
 0040223 3541383 0332173 0439228 0439505 0003062 1720154 0021966 0221138 0439526 0036082 0232920 0678108 0162357 0439269 1960952 2346927 0333262 0439269 1960952 2346927 1881413 1721092 0333262 0700321 0439269 1960952 2346927
 1883351 1516048 1518681 1280500 2348382 0152031 0013604 0038999 1705241 1705242 1301886 0205090 0230432 1279572 0022742
 0456201 0441800 0919553 0039798 0087111 0441833 0687744 1257890 1522326 1533734 1552516 1705169 1705428 1705429 3538994 0162388 1442459 0439228 1547061 0439228
 0022745 0849355 0146783 0521115 0231441 0443218 2827483 0021966 0221138
 0022417 0392905 0030415 0085185 0043076 0740486 1707903 1883708 0935598 0205129 0444660 0205155 1293097 1522472 1552923 1705191 0369637 0441923 0523207 0018964 0014448 0885297 2986582
 0205155 1293097 1522472 1552923 1705191 0332152 2985719 1261322 1516048 2826257 0009219 0805701 0028764 0242568 0870992 1504315 0085862 0449820 0870992 1299583
 0205155 1293097 1522472 1552923 1705191 0441800 0919553 3244287 1524063 0449381 0441889 0449286 0542560 1561545 2348088 0587240 0333307 1959609 0439793 2983285 0302306 0015388 1546629 0441889 0449286 0542560 1561545 2348088
 0034693 0034721 0162388 1442459 0439228 1547061 0439228
 0205155 1293097 1522472 1552923 1705191 0023884 0369637 0441923 0736268 1278929 2346688 0037993 0771377 1278932 0022745 0449878 0444330 0022877 0038848 0243163 0699914 1314650 1561604 1875802 1999230 1136140 0002778 0936012 1273517 1441616 1524024
 0003250 0003241 0746619 1524063 0020792 0024432 0205396 1273517 0162359 1539327
 0444868 3539085
 0003250 0003241 0746619 1720119 1948037 0991865 0006353 0031603 0031701 0036082 1601799 2678549 1882074 0020283 0450407 0450408 0450409 1444656
 0205155 1293097 1522472 1552923 1705191 0001002 0231441 0443218 2827483 0456692 0702093 0450376 0683607 0001861 0011682 0205222 1512080 3536832
 0487602 1704680 0205370 0028778 0332206 2983591 0034493 0205307 0229671 0439166 1546774 1550100 2347086 2240043
 2827734 2981698 1720830 1823521 0456693 1442458 0702093 0935616 2348236 0005903 0039476 1547703
 2240043 1883708 0849355 0162359 1539327 0003250 2827734 2981698 2827734 2981698 2827734 2981698 0700308 0945818 0033727 0369286 0441932 0564385 1524062 2348236 0005903 0039476 1547703
 0205449 0441648 0205155 1293097 1522472 1552923 1705191 1439852 1514732 0051979 0019941 0025914 0025929 0026809 0027021 0031179 0034493 0034693 0034721 0330510 0522529 0939835 1110641 1318719 0700308 0033727 0369286 0441932 0564385 2348236 0005903 0039476 1547703
 0441648 0027021 0031179 1318719 0439526 1720830 1823521 0332256 2700400 0439269 1960952 2346927 0243148 1550141 1882979 2587213 3274648 0184661 1948041 2700391 3274430 3538935 3539779 0884358 0003250 0443640 0003241 0746619 0359168 0003250 1299987 0021017 0003241 0025914 0025929 0026809 0150103 0559956 0746619 1708943 0086045
 1257890 1524063 0392747 1554963 1552738
 0444330 1704254 1704922 3542466 1524063 0491970 0023693 0181839 1306462 1706379 1881376 0018017 1571702 0039152 0200765 0009612 1516770 0002778 0009622 0178587 0449913 0936012 1524024 1527178 1553451 1704254 1704459 1704922 1705938 3542466
 0598352 0036849 1442518 1705195 0449381 0333118 1547014 1948059
 1704788 3539106 1709558 1705565 1947976 0884358 1883351 0150103 1708943 0440042 1521738 2346620 2349184 3539073
 0444330 1705201 0440042 1521738 2346620 2349184 3539073 0220825 0017446 0205146
 0439175 0439810 0039798 0087111 0441833 0687744 1257890 1522326 1533734 1552516 1705169 1705428 1705429 3538994 0205155 1293097 1522472 1552923 1705191
 0871424 0002778 0936012 1524024 0022885 0038492 0039593 0392366 1551041 1552573 1273517 1883351 0240130 0013604 0038999 1705242 0162357 0333262 0034693 0034721 1881413 1709380 1522609 0750591 0237881
 0042295 0369637 0441923 1704970
 1710191 2707190 0025663 0449851 0871511 1273517 1883351 0017446 0205146 2986582 0016741 1705242 0333262 0034693 0034721 1881413
 1274040 1546471 2825142 0520510 0557061 2584313 1514811 1706462 1280500 2348382 1881413 1721092 0333262 0700321 0332173 0439228 0439505 0205263 0857127 0240130 0013604 0038999 0369637 0441923 0162357 0333262 0034693 0034721 1881413 0439086 2827736 2981702 0439086 2827736 2981702 0439086 0450355 2827736 2981702
 1705241 1705242 0441833 0687744 1257890 1552516 1552839 1705428 1705429
 0162357 0034693 0034721 0332257 3538986 0243148 1550141
 0441833 0687744 1257890 1552516 1552839 1705428 1705429 1707455 1705241 1705242 0332173 0439228 0439505 0332173 0439228 0439505 0349966 1337208
 0240130 0013604 0038999 0034693 0034721 0439228 0369773 2603361 0439086 2827736 2981702 0369773 2603361 0205171 1720467
 0034693 0034721 0162357 0332293 0332296 1522326 1707455 1880497 1996904 0301630 0392756 0441610 0040223 1441672 3541383 2348792 1552961 2347617
 0449911 0333052 2607870 0557702 1272706 1704674 0557702 1272706 1704674 0349966 1337208
 2827734 2981698
 1280500 2348382 0439269 1960952 2346927 0003353
 0034693 0034721 1720154 0021966 0221138 0036082 0243148 1550141 1882979 2587213 3274648 0162357 0333262 0439228 0332173 0439228 0439505
 0240130 0013604 0038999 0003062 1705241 1705242 1301886 0230431 1279571 0022742 0022745 0205090 1283838 1963703 0230432 1279572 0022742 0022745 1283838 1963703
 0369773 2603361 0369773 2603361 0003353 0034693 0034721 0036082 0332293 1522326 1707455 0237753 0449788 0039798 0087111 0441833 0687744 1257890 1522326 1533734 1552516 1705169 1705428 1705429 3538994
 0240130 0013604 0038999 1881413 0332293 1721092 0333262 0700321 1522326 0034693 0034721 0439228 0369773 2603361 0439086 2827736 2981702 0369773 2603361 0369773 2603361 0439084 0728893 0369773 2603361 0369773 2603361
 0301630 0392756 0441610 0003062 0162357 0332293 0332296 1522326 1707455 1880497 1996904 0439228 0369773 2603361 0369773 2603361 0439084 0728893 0369773 2603361 0369773 2603361
 0392756 0547047 1881413 1721092 0333262 0700321 1705242 1441672 1524063 0333262
 1280500 1827234 1274040 1546471 2825142 0039224 1706073 1706074 0349966 1337208
 2347469
 0034693 0034721 0870432 2964552 0449820 0162357 0034693 0034721 0039224 1706073 1706074
 0449820 0332281 0301630 0392756 0441610 0549177 0332448 1546677 1549537 0302306 0015388 1546629 1261381 1948029 0587240 0333307 1880549 1959609 0450354 1706096
 0871424 0002778 0936012 1524024 0332149 1705910 2362652 0470187
 0449911 0039224 1706073 1706074 0557702 1272706 1704674 0557702 1272706 1704674 0039224 1706073 1706074
 0456201 0441800 0919553 0034693 0034721 0205409 1548221 0439228 0039798 0087111 1522326 1533734 1705169 3538994 0036082 0162357 0333262 1881413 1721092 0333262 0700321 0449911 0333052 2607870 0557702 1272706 1704674 0557702 1272706 1704674 0349966 1337208
 0740116 2827735 2981700
 0018964 0022745 0034693 0034721 0205409 1548221 1442459 0439228 0036082 0243148 1550141 1882979 2587213 3274648 1881413 1721092 0333262 0700321 1547061 0439228
 0022745 1269073 1882711 0022417 0022742 0392905 1269611 1283838 1706309 1963703 0155094 0333350 1261381 1948029 0587240 0333307 1880549 1959609
 0441800 0919553
 1882711 0022745 1269073 0022417 0022742 0392905 1269611 1283838 1706309 1963703 1334178 0332448 1546677 1549537 0007301 0262950 0391978 0678594 1266908 1266909
 0441800 0919553 0740116 2827735 2981700

 0221102 0178784 0037993 0771377 1278932 0035287
 0333262 0039798 0087111 1522326 1533734 1705169 3538994 1881413 1299395 0024432 0205250 0237881 0333668 0750502 1546706 1546944 1550652 1274040 1546471 2825142 0369773 2603361 1179411 1179413 1711368 0205284 1550517 1710706 1947914 0034693 0034721 0036082 0243148 0332293 1522326 1550141 1707455 1882979 2587213 3274648 0349966 1337208
 0039798 0087111 1522326 1533734 1705169 3538994 0024432 0162359 0237881 0333668 0750502 1539327 1546706 1546944 1550652 1274040 1546471 2825142 0369773 2603361
 0024432 1546706 1550652 1518422 0039798 0087111 0392760 1314939 1522326 1533734 1705169 3538994
 1705241 1705242 0333262 0087111 1273937 0237881 0750502 1546944
 0333262 0162359 1539327 0369773 2603361 0369773 2603361 0024432 1546706 1550652 0034693 0034721 0036082 0243148 0332293 1522326 1550141 1707455 1882979 2587213 3274648 0349966 1337208
 1705241 1705242 0333262 0039798 0087111 1522326 1533734 1705169 3538994 1881413 1273937 0237881 0750502 1546944
 0449911 0333052 2607870 0557702 1272706 1704674 0557702 1272706 1704674 0349966 1337208
 0439086 2827736 2981702
 0002778 0936012 1524024 1179411 1179413 1179411 1179413 0734905 2332734 1710158 1283696 1711368 0205284 1550517 1710706 1947914 0034693 0034721 1442459 0439228 0036082 0243148 1550141 1882979 2587213 3274648 0333262 1881413 1721092 0333262 0700321 1547061 0439228
 0332282 0021485 1272883 1533685 1828121 1881413 1721092 0333262 0700321 0301630 0392756 0441610 1441672
 0034693 0034721 0301630 0392756 0441610
 1257890 1518422 0039798 0087111 0392756 1522326 1533734 1705169 3538994
 0042295 0392762 1510992 2825518 0440042 1521738 2346620 2349184 3539073 0002778 0936012 1524024 0205155 1293097 1522472 1552923 1705191 0884358
 0369773 2603361 0369773 2603361 0003353 0034693 0034721 0036082 0332293 1522326 1707455 0237753 0449788 0039798 0087111 0441833 0687744 1257890 1522326 1533734 1552516 1705169 1705428 1705429 3538994 0439086 2827736 2981702
 0449911 0333052 2607870 0557702 1272706 1704674 0557702 1272706 1704674 0349966 1337208

 0020792 0205396 0229687 0011399 0332575 1260956 0037993 0771377 1278932 0034693 0034721 1442459 0439228 0036082 0243148 1550141 1882979 2587213 3274648 0333262 1881413 1721092 0333262 0700321 1547061 0439228
 0332282 0021485 1272883 1533685 1828121 1881413 1721092 0333262 0700321 0301630 0392756 0441610 0024432 1546706 1550652 0229687 0011399 0332575 1260956 1441672
 0042295 0392762 1510992 2825518 0440042 1521738 2346620 2349184 3539073 0002778 0936012 1524024 0034693 0034721 0884358
 0369773 2603361 0369773 2603361 0003353 0034693 0034721 0036082 0332293 1522326 1707455 0237753 0449788 0039798 0087111 0441833 0687744 1257890 1522326 1533734 1552516 1705169 1705428 1705429 3538994 0439086 2827736 2981702
 0023884 0736268 1278929 2346688
 0333262 0024432 1546706 1550652 0369773 2603361 0024432 1546706 1550652 0369773 2603361 0023884 0736268 1278929 2346688 0034693 0034721 0036082 0243148 0332293 1522326 1550141 1707455 1882979 2587213 3274648 0349966 1337208
 1705241 1705242 0333262 0039798 0087111 1522326 1533734 1705169 3538994 1881413 1273937 0237881 0750502 1546944
 0449911 0333052 2607870 0557702 1272706 1704674 0557702 1272706 1704674 0349966 1337208
 0439084 0728893
 0020792 0205396 0023884 0736268 1278929 2346688 0034693 0034721 1442459 0439228 0036082 0243148 1550141 1882979 2587213 3274648 0333262 1881413 1721092 0333262 0700321 1547061 0439228
 0332282 0021485 1272883 1533685 1828121 1881413 1721092 0333262 0700321 0301630 0392756 0441610 1441672
 0024432 1546706 1550652 0024432 1546706 1550652 0023884 0333668 0736268 1278929 2346688
 0042295 0392762 1510992 2825518 0440042 1521738 2346620 2349184 3539073 0002778 0936012 1524024 0034693 0034721 0884358
 0369773 2603361 0369773 2603361 0003353 0034693 0034721 0036082 0332293 1522326 1707455 0237753 0449788 0039798 0087111 0441833 0687744 1257890 1522326 1533734 1552516 1705169 1705428 1705429 3538994 0439086 2827736 2981702
 0333668 0039099 0025255 0596901 1550315 1706182 0021485 1272883 1533685 1828121 0162359 0237881 0333668 0750502 1539327 1546944 1274040 1546471 2825142 0369773 2603361 0369773 2603361 0369773 2603361 1257890 0034693 0034721 0036082 0243148 0332293 1522326 1550141 1707455 1882979 2587213 3274648 0349966
 0039798 0087111 1522326 1533734 1705169 3538994 1881413 0024432 0162359 0333668 0443228 0549177 1539327 1546706 1550652 1704243 1274040 1546471 2825142 0034693 0034721 0332293 0333262 1522326 1707455 0369773 2603361
 0039798 0087111 1522326 1533734 1705169 3538994 0024432 0333668 1274040 1546471 2825142 0237881 1709380 0038215 0750502 2003901
 0449911 0333052 2607870 0557702 1272706 1704674 0557702 1272706 1704674 0349966 1337208

 0020792 0205396 0039099 0025255 0596901 1550315 1706182 0034693 0034721 1442459 0439228 0036082 0243148 1550141 1882979 2587213 3274648 0333262 1881413 1721092 0333262 0700321 1547061 0439228
 0332282 0021485 1272883 1533685 1828121 0301630 0392756 0441610 1441672
 1257890 0333668 0441889 0445247 0449286 0542560 1518422 1561545 2348088
 0039798 0087111 1522326 1533734 1705169 3538994 0231175 1883351 0024432 0237881 0333668 0750502 1274040 1546471 1546944 2825142 1257890
 0042295 0392762 1510992 2825518 0440042 1521738 2346620 2349184 3539073 0002778 0936012 1524024 0034693 0034721 0884358
 0369773 2603361 0369773 2603361 0003353 0034693 0034721 0036082 0332293 1522326 1707455 0237753 0449788 0039798 0087111 0441833 0687744 1257890 1522326 1533734 1552516 1705169 1705428 1705429 3538994 0439086 2827736 2981702
 0449911 0333052 2607870 0557702 1272706 1704674 0557702 1272706 1704674 0349966 1337208

 0020792 0205396 0205155 1293097 1522472 1552923 1705191 0022745 0034693 0034721 0205409 1548221 1442459 0439228 0036082 0243148 1550141 1882979 2587213 3274648 1881413 1721092 0333262 0700321 1547061 0439228
 0024432 1546706 1550652 0022745 0574926 0022417 0022742 0034693 0034721 0150312 0392905 0449450 1283838 1963703 0332293 0036082 1522326 1412573 2350443 3539770 1881413 1721092 0333262 0700321 0442726 1511790 1524063 0162359 1539327 2347469 0016327 0439133 1553038
 0333668 1881413 0022745 1721092 1882711 0022417 0022742 0034693 0034721 0332293 0333262 0392905 0700321 1283838 1441672 1522326 1963703
 0007634 3282337 0019941 0027021 0031179 0205396 0330510 0487602 0678579 0939835 1110641 1318719 1550043 1551388 1704680 2347469 0073187 0016327 0439133 1553038
 0520510 0557061 2584313 1514811 1706462 0557651 2603343 0178602 0869039 1114758 0439269 1960952 2346927 1280519 1704419 0871208 1521828 0178602 0205163 0439185 0869039 1114758 0333262 0678752 0013227 0332296 1254351 1880497 1996904
 1515999 1516019 1280500 2348382 0003209 0332281 0205276 0333668 0487602 1704680 0162359 1539327
 0947630 1524063 0003353 0178602 0184512 0455052 1521827 0333262 0205171 1720467 1274040 1546471 2825142 0301630 0392756 0441610 1518422 0392747 0242656 1947900 0449258 3274677
 0684224 0700287 3273238 0301630 0392756 0441610 1881413 1721092 0003062 0332293 0333262 0439228 0700321 1441672 1522326 0039798 0087111 1522326 1533734 1705169 3538994 0439228 0443318 1517331 0036082 0243148 1550141 1707455 1882979 2587213 3274648
 0024432 0221102 1280519 1320928 1546706 1549439 1550652 1704419 2347958 0449234 1704772 1882133 0022745 1269073 0022417 0022742 0392905 1269611 1283838 1706309 1963703
 0333262 0392756 0547047 0439228 0205171 0439086 1720467 2827736 2981702
 1280519 0449234 1704772 1882133 1550032 1880497 1996907 0024432 1546706 1550652
 0022801 0024432 1546706 1550652 0037993 0771377 1278932 0441889 0449286 0542560 1561545 2348088
 0333262 0003865 0001551 0001552 0003864 0034693 0034721 1522673 0162340 0543483 0699748 0541875 1261381 1948029
 1720154 0162357 1280519 1704419 0021376 0021368 0450348
 0947630 0301630 0392756 0441610 0220912 0220913 0311392 0024432 0221102 1546706 1550652 0449234 1704772 1882133 0023884 0150312 0449450 0736268 1278929 2346688 0037993 0771377 1278932 0024204 0039099 0025255 0333348 0596901 1518422 1550315 1706182
 0333262 1881413 1721092 0333262 0700321 1280519 1704419
 0333262 1881413 1721092 0333262 0700321 0021368
 0178602 0869039 1114758 0439269 1960952 2346927 0205263 2986411 0439230 0443318 0332282 0039798 0087111 1522326 1533734 1705169 3538994
 0332281 0237881 0301630 0392756 0441610 0750502 1546944 0024432 1546706 1550652 0039099 0025255 0596901 1550315 1706182
 1521801 0333262 0439269 1960952 2346927 0301630 0392756 0441610 1518422 0522501 1706089 1881413 1721092 0333262 0700321 1441672
 1280500 0678226 0162357 0205223 0441472 1333381 3146286 0162357 0332296 1880497 1996904 0439269 1960952 2346927 0205263 2986411 1881413 1721092 0333262 0700321 1521801 1880497 1883357 0333262
 0557651 2603343 1280519 1707887 1550032 1880497 1996907 0024432 1546706 1550652 0023828 0085732 0700321 0449234 1704772 1882133 0443318 2732140 0005775 0040223 1516559 3541383 0005767 0005768 0229664
 0205309 0023828 1720154 0021966 0221138 0035287 0229603 0449913 1553451 1704459 0243144 0347980 0024432 1546706 1550652 0450355
 0162357 0205145 1704675 0024432 1546706 1550652
 0449297 1382187 2825073 0005775 1516559 1551338 0456389
 1881413 1721092 0333262 0700321 0015272 0018517 0376558 2825407 0011744 0033727 0369286 0441932 0564385
 0678812 0001554 1533734 1706211 1881413 1721092 0333262 0700321 1547282 1883351 0034693 0034721 0040300 0333348 1547928
 0439084 0728893 1265611 1554108 1561573 1881413 1721092 0333262 0700321 0312860 1720154 0001551 0001552 0034693 0034721 0205450 0333348 0687080 1522673 1707455 0205171 0333262 1720467 1883351 0312860
 0037088 0243095 2825141 0003873 2697391 0003864 0030705 0086418 1881413 1721092 0333262 0700321 0205146 0205177 0334094 1514485 1550315
 0442805 1551359 2741673 2981730 0039798 0087111 1522326 1533734 1705169 3538994 1881413 0150312 0449450 0557651 2603343
 0557651 2603343 0333668 0039099 0025255 0596901 1550315 1706182 1881413 1721092 0333262 0700321 0700364 1883351 0018790 0237477 0392351 0521111 0242656 0449258 3274677
 0242656 0449258 0993582 0003864 1524063 0003250 0003241 0746619 1327616 1514468 0439851
 2709094 0039798 0087111 0332152 0740175 1522326 1533734 1705169 2257086 3538994 1512854 1516008 0221103 0301625 0439181 0728721 1157216 0220781 1883254
 0971858 0003864 0009331 1413580 0021485 1272883 1533685 1828121 0041368 1168005 1456820 1323304 0439095 1521761 2003941 2350010 2827422 1260953 0021368 0549421 0007303 1281692 0007301 0010957 1883709
 0001554 1533734 1547085 0439228 0024432 0205132 0333668 0439175 0439810 1546706 1550315 1550652 1274040 1546471
 0022417 0392905 0035696 0205269 0237284 1524063 0021755 1522428 0021764 1527200 0041368 1168005 1456820 1323304 0333516 0027540 0027651 0439095 1334928 1521761 1578706 2003941 2350010 2827422 3273930
 1707478 2348438 1881413 1721092 0333262 0700321 2349975 1515999 1516019 1280500
 0442805 0449234 1704772 1882133 0085732 1550032 1880497 1996907 0024432 1546706 1550652 0183683 1521721 0035820 1705810 0242656 0449258 0021368 0541875 1261381 1948029
 2698650 0162357 0449604 0205145 0021368 3245505 0003873 2697391 0003864 1555307
 0221193 2986676 0587450 1704729 0557806 0018896 1519355
 1514811 1706462 0520510 0557061 2584313 1514811 1706462 1412573 2350443 3539770 0033727 0369286 0441932 0564385
 0035820 1705810 0021376 0021368 0205191
 0441472 0450442 1254351 1521826 0025141 0027971
 0229664 1155075 1879547

 0441889 0021747 0733470 0039099 1267208 1705535 0021740 0021745 1334085 3539881 0017011 0021747 0733470 1552644 2349976 1518422 0079786 0024432 1521761 1879547 2827422
 0003864 0035431 0025141 0033727 0369286 0441932 0564385 0369637 0441923
 0369671 0302523 0700325 3244290 0039099 0025255 0596901 1550315 1706182
 0003864 0035431 0025141 0369637 0441923
 0205177 0439167 0441655 1561536
 0003864 0035431 0025141 0039099 0025255 0596901 1550315 1706182
 0079189 1524094 0522571 0021376 0008679 0333360 0021368 0205191
 0021966 0221138
 0392148 0039097 0005889 0302908 1521806
 1315013 1417055 1517844 0450382 0025141 3541314 0006413 1552663 2827109 0268060 1415529 0369637 0441923
 0039099 0021135 1533691 2827718
 1880177 1280464 0205319
 1315013 0025141 1708595 3280986
 1511790 0041368 1168005 1456820 0024320 1527150 0229671 1546774 1550100
 0003864 0035431 0450355 0025141 0439267
 0041368 1323304 1456820 0333516 0039097 0005889 0302908 0444611 1550315 1704353 0205177 0003873 2697391 0003864
 0035431 0451119 1444662 0000857 0600678 1552863 0019202 0332135 1862191 3538902
 0079189 1524094
 0021966 0221138
 0231174 0680095 0442726 0024297 1527201 0039194 0021756 0879590 1522405 0021764 1527200 0021757 1334117 0021764 1527200 0392148 0079784 1524095 0021757 0143630 1334117 1366480 1526982 0007595 0018284 0024880 0035448 0050325 0201660 0960756 0007634 0018270 0220844 0451297 0684269 1269647 1521761 1539838 1621966 1704653 1948049 2827422 2911660
 1417055 0000857 0600678 1552863
 0024432 1546706 1550652 0011306 0007634 0011305 0439640 3282337 0034693 0034721 0002778 0936012 1441616 1524024
 1517844 0025141 0014963 1457900 3539078
 0024432 1546706 1550652 0011306
 0557651 1441616 2603343 1524063 0205155 1293097 1522472 1552923 1705191
 1517844 0025141 0230613
 0003864 0034693 0034721 0205263 0007623 0007634 0677535 1269647 1704653 1948049 0317491 0015146 0332255 0486805 1708096
 1517844 0025141
 0034693 0034721 0021368 3161035 0003864
 0003864 0035431 0025141 3540627 0201975 3539604 1706469 1706470
 1819436 3159141 0033268 0022417 0392905 1269611 1706309 0243107 0678723 1527148 0003320 0003864 0205263 0034493
 1315013 1417055 1517844 0025141
 0441889 0022417 0392905 0034693 0034721
 0079189 0439084 0728893 0025141
 1515670 0185117 0009325 1167364 0003864 0028908 0205263 1517288
 1517844
 0025141 1552950 0369637 0441923
 1267793 0024432 0449913 1553451 1704459 0019944 0242616 1265527


 0369637 0441923 0033727 0369286 0441932 0564385
 0765301 0012081 0012544 0205263 3156099 0162638 1515655 0021135 1533691 2827718
 0000857 0600678 1552863 0220928
 3156099 0162638 0011209 0023828 0086597 0127400 0162357 0175996 0178719 0205263 0559563 1705822 0072159
 0025663 0025664 0449851 1517844 0025141 0369637 0441923
 0162638 0007587 0007634 0011065 1269647 1306577 1704653 1948049 0332282 0243126
 0000857 0600678 1552863 0546866 0439254
 0162357 0162357 0243071 0600688 1407029 0001443 0146894 1512977 0007634 3282337 0021135 1533691 2827718
 0240346 0262950 0391978 1266908 1266909 2347379 0025141 3541894 0597277 1708601 0205090 0684010 2603358 0019907 2681927 2987742
 1521970 0029431 0024432 1546706 1550652
 0027960 0324740 0439189 1456781 1824986 0000857 0600678 1552863 0035978 2700310
 0332282 0221102 0023828
 0003864 0035431 0025141 0043092
 0597354 0023828 0003865 0001551 0001552 0003864 0205263 1522673 0814843 1280500 2348382
 0035431 0451119 1444662 0000857 0600678 1552863

 0162357 1550032 1880497 1996907 0024432 1546706 1550652 1260953 0021368 0309872 1292733 0242656 0449258
 0003864 0035431

 1880022 0036667 0312418 0427965 1511883 1522640 2346484 2349185 0066331 0036774 0036773 0728877 0034693 0034721
 0441472 0450442 1254351 1521826 0025141 0043092
 1285497 1880516 1721091 0023828
 0025663 0025664 0449851 0025141 0205090 0684010 2603358
 1879547 0004083 0439849 0596306 0699792
 0006104 1269537 0025141 0035978 2700310 0205090 0684010 2603358 0016327 0439133 1553038
 0039798 0087111 1522326 1533734 1705169 3538994 0023828


 0043092
 1280500 2348382 0162357 0034693 0034721
 1315013 1417055 1517844 0025141 0016327 0439133 1553038 0439267 0439267
 1314939 0227525 0225336 0007634 0023884 0736268 1278929 2346688 3282337 0982263
 1280500 0036140

 0439267
 0040287 0220927 0040300 0520511 1547928 1704711 0015272 0018517 0595998 1548795 1634625 2825407 2982691 0021494 0021485 0348016 1272883 1533685 1828121
 0025141 0022558 0023031 1708595 3280986
 0181496 2827499 0023828
 0035431 0451119 1444662 0000857 0600678 1552863 0022877 1718895 0582525
 0035820 1705810 0041368 1323304 1456820 0333516 0027540 0027651 1334928 1521761 1578706 2827422 3273930 0021760 1527132 0021764 1527200 1261381 1948029 1280500 2348382 0003320 0026809 0233660 0332206 0591833 0003864
 0003864 0035431 0025141 0023031 0582525
 0039798 0087111 1522326 1533734 1705169 3538994 1511646 0025923 0025914 0025929 0026809
 0009491 1579762 0557651 2603343 1524063 0021755 1522428 0021764 1527200
 0003864 0035431 0025141 0649539 1719788
 0031307 0007634 3282337 0185117 0971858 0003864 0009331 1413580
 0003864 0035431 0025141 1515023
 0333052 2607870 1272684 1548435