 0039336 0441712
 0036658 0021839 0021853 0026724 1561514
 1880198 0012242 0035168 0242481 0205099 0024015 0565990 1549054 1552471 0042610 0205099 0205476 1705493 1704729 0031842 0031843 0036375 0024015 1280500
 0035820 1705810 0150312 0332285
 0424215 2003939

 1705810 0035820
 1707478 1514811 1706462 0205170 3146287 0023779 1999216
 1272688 1280477 0020792 0183210 0205396 1705193 1881534 0023779 1283694 0677535
 0522095 0015688 0234402 0030685 0238767 0391871 0439180 0680255 1283071 1706086 1963578 0033268 0205245 0542341 1280500 1515981 2700217
 0041004 0205166 0337112 1524075 1706317 0220781 0439634 1522492 0332120 1514468 0332257 0008731 0003591 0683184 0445254 1160185 1314939 0522095 0015684 0001128 0205166 0337112 1524075 1706317
 0008731
 0250571 1413168 0034791 0597357
 1280500
 0035820 1705810 0150312 0332285
 0424215 2003939

 1705810 0035820
 1707478 1514811 1706462 0205447 0017140 0678613 0015744 0021467 0021469 1628982 2911691 3463820 0232787 0234130 0232786 0031843 0542341 0700205 1513492 1705273 1705994 0544458 0232772 1140999 0232785 0232482 0035028
 1184743 1522240 0205390 0376674 0851285 0150103 1708943 0012238 0012240 1516240 1705654 0016452 0038351 1278920 1517454
 0013470 1512806 0851285
 0021467 0021469 1628982 3463820 1883351 0439801 1549649 2349209 1705654 0021853 1708548
 0871261 1517586 1548602 1704686 0574032 1827465 0678695 0007004 0023779 0033684 0002520 0205108 0021852 1268998 1519375 0007531 1278925 3463927 0009368 1281569
 0871261 0183210 0442726 0392148
 0332120 0183210 0836201 0017189 0677535 0699819 0205145 2987476 0229889 0005847 0032718 0023884 0736268 1278929 2346688 0030274 1278931 0927232 1269563 0027763 0422837 1269560
 0043227 0183210 0678695 1879547 0558024 0002778 0936012 1524024 0042153 0457083 1947944 0232576 0021467 0021469 1628982 3463820 2259154 1160577 0036536 0036537
 0449445 1533716 0678695 1283694 0021853 0677535 0036658
 2963144 0678695 0079613 0029391 0311417 1280500 0441833 0687744 1257890 1552516 1552839 1705428 1705429 0392747 0232538 0031843 0542341 0700205 1705273 0013470 1512806 1705535 1280500 2348382 0175668 0027627 0205436 0441833 0687744 1257890 1552516 1705428 1705429 0079613 0443299 1879547 0441712 1704259 1705987
 0557061 2584313 0205234 1285542 0023779 1314939 1511790 1283694 0677535
 1517331 1883351 0162340 0018896 1552861 0750591 1704259 1705987 0000854 0220777 2347023 2347080 2698776 2825050
 0332120 1524063 0449445 2924612 0035820 0332149 1705810 1705910 2362652 1552961 2347617 1514468 1523928 0012238 2349986 1999230 0017189 0699819
 1280500 1280500 0205166 1706317
 0035820 1705810 0150312 0332285
 0424215 2003939

 1705810 0035820
 1707478 1514811 1706462 0205309 0719214 0023779 0018790 0237477 0392351 0521111 1513492 1705994 0544458 0031843 0542341 0700205 1705273 0043227 0234402 0041004 0015688
 0015688 0522095 0015684 0443228 1704243
 0043227 1711239 0178849 0521093 0750484 1705242 1705920 0681797
 0302523 0700325 1964257 0522095 0015684 0001128 0205166 0337112 1524075 1706317 1282927 1806781 2350002 0522094 0015684 0001128 0009458 0337112 0439536 1524075 1705217 3244283 1548602 1704686 0015744 2911691 0522095 0015684 0001128 0205166 0337112 1524075 1706317 1283694 0677535
 0013879 1705248 1709694 1283694 0677535 0023779 1314939 1511790
 0021826 0000854 0021853 0220777 2347023 2347080 2698776 2825050 0036536 0036537 0441471 0332257 1552866 2700399 0242414 0700114 0023779 1706853 1879748
 1514468 0026481 0015688
 0682610 0012222 1696141 0232648 0682610 0005528 1317949 3495449 0014239 0035295 0598268 1563744 0005572 0220781 0348078 0376315 1522492 0041004 1515187 0442504 1704765 1882509 3496241
 1709634 0014239 0035295 1883254 0018042 0243111 1947951
 0023820 0014239 0035295 1881534 1883708 1550030 0018042 0005528 1317949 3495449
 0008731 0025255 0205093 0232902 0596901 0682610 1706182 0065060 0023820 0041004 0699759 0015352 1883067 0012621 0030685 2926602
 1514468 1179187 0205219 0920995 2330124 2700402 0024202 2828386
 0008731 1325761 0312860 0486616 1555710 0041004 0008377 0008387 0008377 0014898 0031676
 0205148 0332256 2700400 0003591 0003592 0003594 0003595 0523511 1412481 0003591
 0004268 0008731 0035820 0205234 1285542 1705810 0052181 1412470 0003592 0003591 0023779 0423896 0456205 0460002 0449913 1553451 1704459
 0035820 1705810 1280500 0205166 1706317
 0035820 1705810 0150312 0332285
 0424215 2003939

 1705810 0035820
 1707478 1514811 1706462 1512571 0220781 0439634 1522492 1261552 1704379 1705117 2825408 0085732 1548602 1704686 0678613 0015744 0021467 0021469 1628982 2911691 3463820 0392366 1524063 0032257 0032251 0360281 0034085 0038888 0038889 0038891 2825078 1547282 1883351 0018790 0237477 0392351 0521111 0220781 0439634 1522492 0682610
 0034693 0034721 0031001 1265611 0439269 1960952 2346927 0205263 0021467 0021469 1628982 3463820 1709305 2745955 0439659 0031001
 0031001 0032257 0032251 1555029 0021467 0021469 1628982 3463820 0032251 0011740 1301751 1280500 2348382 1280500 2348382
 0220781 0439634 1522492 0522095 0015684 0001128 0205166 0337112 1280519 1514873 1524075 1706317 0018790 0237477 0392351 0521111 0013470 1512806
 0443290 0032257 0032251 1705535 0282627 0013194 0030176 2828395 0008731 1261552 1704379 1705117 2825408 0037083 0086982
 0332148 0750492 1879547 0522095 0015688 1518422 0545876 0021853 0524461 1282864 1301906 1551056 1708548 1709305 2745955 1705654 0040715 2987521 0018042 2612481 1706853 1879748 0015283
 0459471 3173575 0008731 0021467 0021469 0220781 0439634 1301820 1325761 1522492 1628982 3463820 1705535 0183210 1283694 0021853 0205101 0677535 1707959 0229889 0005847 0023884 0736268 1278929 2346688
 0332120 0183683 1521721 0178566 0183210 1705193 0734000 1283694 0021852 1268998 1519375 0021853 0677535 0700321 1708548 0450348
 2827734 2981698 0031001 0205410 0449265 0871261 0234402 1292711 0449719 1709471
 0740116 2827735 2981700 0870784 0013470 1512806 0332282 0439659 0021853 1708548 1282927 1806781 2350002 0439232 0700321 0702093 1282918 2347166
 0439086 2827736 2981702 1514463 0039798 0087111 1522326 1533734 1705169 3538994 0002921 0002934 3536836 0002932 0205276 0006931 0027934 0445254 0599946 2247528 0871261
 0185125 1947919 2347934 3539080 0026724 0205148 1707959 0010031 1278889 0027428 0028937 1305746 0026724 0028429 1561514 1547282 1883351 0031843 0542341 0700205 1274040 1517945 1546471 1705273 2825142
 0192645 0031001 0006931 0332161 0599946 0021467 0021469 1628982 3463820
 0039798 0087111 1522326 1533734 1705169 3538994 0221191 1883351 1280519 1704419 0021467 0021469 1628982 3463820 0205197 1555029
 0023779 3245505 0021853 0031001 1707455 3242229 1521801
 0332120 0008010 1552961 2347617 1283694 0021853 0677535
 0871161 1882134 2347695 0729650 0003591 0079613 0237753 0449788 1521840 2986546 1318418 0179445 0205284 1522411 1706090 2828371 1179187 0920995 2330124 2700402 0332257 0229525 0007634 0014136 0521425 3282337 0027747 0205088 1705314 1705315
 0424215 2003939 0522095 0015684 0001128 0205166 0337112 1524075 1706317 1280500 0205166 1706317
 0035820 1705810 0150312 0332285
 0424215 2003939

 1705810 0035820
 1707478 1514811 1706462 0027747 0205088 1705314 1705315
 0021853 1708548 0086597 2247528 0871261 0205170 0443211 1272684 3146287
 0021467 0021469 1628982 3463820 1160577 0036536 0036537 0041004 0205166 0337112 1524075 1706317 0392756 0547070 1261381 0001728 1704259 1705987 0006931
 0021516 0026828 1619351 1518422 1883351 0032214 0600138 0035820 1705810
 0947630 0678695 0027747 0444930 2746065 0443254 0038337 1292856 1948023
 1518493 0332257 0023779 0684224 0700287 3496591 1883351 1515877 1879547 0012621 0030685 2926602 0042789 1947903 1425988
 0007450 0325090 0524517 0021852 1268998 1519375 0443289 0032659 1257890 0023779
 0032659 1257890 0332324 1550474 0015691 0017861 0332324 1550474
 1518422 0678695 0017725 1285354 0443254 1292856 1948023
 2347610 1882932 1280500 2348382 0027747 0027740 0027757 1280541 0205088 1705314 1705315
 1328819 0567416 0205321 0026724 1561514 0079613 0027747 0501385 0027740 0027757 0205115 1280541 1947931 0205088 1705314 1705315
 0332185 1547282 1537046 0439799 1706095 0682680 0205225 0439631 0205115 0183683 1521721 0178566
 0439148 1519795 1704753 1880519 0027747 0205088 1705314 1705315 2325162 0027883 0682680 0027882 0205115 0449475 0587267 1514583 0205088 1705314 1705315 0205115
 0947630 1547282 0205088 1705314 1705315 0027028 0038564 1280770 0501403 1184808 0205127 1515981 0227271 0227269 0734812 0734811 1267092 0225358 2984223 0026845 0205357 0934502 0740116 2827735 2981700
 0180153 1707529 1999244 0205146 1880192 1179187 0920995 1515981 2330124 2700402 0227266 1519988
 0021516 0026828 1619351 1268120 0021852 1268998 1292711 1519375 0021853 0205107 0449719 0700321 1708548 1709471 0038351 1278920 1517454 1880497 0456205 1552853
 1304649 1179187 0920995 2330124 2700402 0150312 1883351 0220784 0332158 0337611 0699756 1705415 2584308 2987476 0225332 0007634 3282337 1512901 0023602 1522406 0007634 0596790 1522203 3282337 0007634 0010837 0205248 0700321 1515981 3282337 0018183 0857490 0019612
 0237881 0750502 1518422 2963144
 1304649 0205397 1883351 0014597 1273342 0007634 0205321 0221908 3282337 0524461 1282864 1301906 1551056
 1253959 1881507 2700383 2826234 0332158 0337611 0587267 1705415 0085872 0205112 0920995 2330124 2700402 1518422 1883351 1881534 0332158 0337611 0439851 1705415 1947931
 1705535 0423896 0456205 0027747 0501385 0027740 0027757 0205115 1280541 1710082 0205088 1705314 1705315 1704675 0007634 1269647 1704653 1948049 0014609
 1883712 2325162 0027883 0682680 0027882 0205115 1547282 1883351 0001128 0202406 1947931 0015691 0015684 0001128 0337112 1282927 1524075 1806781 2350002 3258117 0205421 0234402 1705535 0871261 1704632 1706817 2911692 0007634 1269647 1704653 1948049 0725813
 0750501 0524979 0007634 1269647 1704653 1948049
 0524979 0007634 3282337
 0041004 0030685 0391871 0439180 0680255 1283071 1963578 0237753 0449788 0021853 1708548 0332257 0027930 1417869 0070358 1419178 0030956 0030956
 0086418 0012984 1280551 0034693 0034721 0574032 1827465 0014020 0442805 0032105 0441889 1550098
 0871261 1704632 1706817 2911692 0439831 0034693 0034721 0234422 1709305 2745955 1637379 0015688 2698488 0015684 0001128 0202406 0332296 1880497 1996904
 0424612 0020291 1280519 1704419
 0021467 0021469 1628982 3463820 0028778 0332206 1533157 1706084 2828370 1280500 2348382 1327616 1705535 0332268 0419518 0445022 2348205 0526187 0030956 0041236 0332324 1283071 1550474 1552738 0030685 0033684 0205263 0391871 0439180 0680255 1283071 1314939 1963578
 0557651 0947630 2603343 0337112 1444754 1524075 1706316 0233426 1711411 0522095 0015684 0001128 0205166 0337112 1524075 1706317 0304402
 0009458 0439536 1705217 3244283 0337112 1524075 0015684 0001128 1305854 0392747 0443172 0700321
 1979874 1265611 0304402
 0557651 2603343 1705241 1705242 2587213 0443211 1272684 0522095 0015684 0001128 0205166 1706317 0061878 0032105 0441889 1550098
 1265611 1301751 1280500 2348382
 0302523 0700325 1964257 0015688 0522095 0015684 1515655 1705535 0220781 0439634 1522492 1314939 0015684 0001128 0008731 0220781 0439634 1325761 1522492
 0332128 0035820 1705810 0030685 0391871 0439180 0680255 1283071 1963578 1515655
 0031001 0034693 0034721 0442805 0032105 0441889 0456079 1547707 1550098 2946261
 0031001 0014020 0259862 0442805
 0441712 0086597 1280500 2348382 0229525 0007634 0014136 0521425 1269647 1704653 1948049 0205169 0162340
 0449719 1709471 1299586 1301820 1706701 0920433 0455052 1521827
 0557651 2603343 1273517 0010453 0205225 0220814 0430400 0439631 2242979 0524979 0805525 0007634 0359583 1264633 1269647 1554103 1704653 1948049 0027930 1417869 0522095 0015684 0001128 0205166 0337112 0391871 1283071 1524075 1706317
 0332281 0442805 0006675 0006726 2936886 2827734 2981698
 0455052 1521827 0021853 1708548 0522095 0015684 0001128 0205166 0337112 1524075 1706317 0030685 0391871 0439180 0680255 1283071 1963578
 3274651 0455052 1521827 0920433 0455052 1521827 1518422 2963144 0871261 1882932 1280500 0524979 0007634 3282337
 0725066 0162340 0441712 1327616 0229525 0814997 0007634 0014136 0521425 3282337 1524063 0007584 0237753 0449788 1364160 1706349
 0007634 3282337 1327616 0237753 0449788 0234402 0332257 0061132 1333714 0017151 0030956 0376180 1283071 0001648 2757025 0243192 2987634 0031453 0017725
 0042153 0457083 1947944 0007634 3282337 1280500 2348382 1292856 1948023 0030685 0391871 0439180 0680255 1283071 1963578
 1511726 3245479 1524063 0021467 0021469 1628982 3463820 1705535 1280500 2348382 0229525 0007634 0014136 0521425 3282337 1515655 1518422 0439851 1947931 1547282 1883351 0008731 0220781 0439634 0725813 1325761 1522492
 1518422 0205309 0229525 0007634 0014136 0521425 3282337 0015677 1428607 0060095 1883351 0175996 0178719 1314939 0596846 0023779 0599896 1514468 0007634 3282337 0029219 0524828 0007634 1269647 1545588 1704653 1948049 0600688 1280500 1407029 0086045 0023779
 1518422 0205309 0229525 0007634 0014136 0521425 3282337 0008731 0003591
 0332149 1705910 2362652 0030685 0391871 0439180 0680255 1283071 1963578 0871261 1704632 1706817 2911692 0023779 1515655 1882932 1704675 0229525 0007634 0014136 0521425 3282337 2362652 1314939 1514468
 0023779 1883351 0337094 1550550 0682610 0348078 0376315 1522492 0008731 1514468 0229525 0007634 0014136 0079613 0521425 1547011 1879746 3282337
 1710082 0008731 0205431 0220781 1883254 0206117 0682610 0229525 0007634 0014136 0521425 3282337
 1280500 0205166 1706317
 0035820 1705810 0150312 0332285
 0424215 2003939

 1705810 0035820
 1707478 1514811 1706462 0032214 0600138 0035820 1705810 0036536 0036537 1363844
 0034693 0034721 0021467 0021469 1628982 3463820 0232552 2984576 0017133 0232539 0017119 1160577 0001128 0036536 0036537 0038351 0202406 1704242 0392756 0001554 1533734 0231491 0250571
 0086418 0001554 1533734 0521110 0017127 0038351 1704242 1996907 0449432 0035028 0023779 0250571 0034791 0231491 0597357
 0086418 0392366 1511726 3245479 0441472 3266814 0086597 0127400 0332307 0597357 1547052 0027747 0205088 1705314 1705315
 0547070 1261381 0700364 1883351 0086597 0871261 0023779
 0001554 1533734 0034693 0034721 1280500 2348382 1705535 1292711 0449719 1709471 0006931 0332324 1550474 1704259 1705987
 0205101 0595947 0027882 0250571 0034791 0597357 1521840 2986546
 0332290 0332529 0250571 0034791 0597357 0682690 0027883 0034837 0027882 0205225 0439631 0445254 1883351 0332324 1550474
 1547282 0439084 0728893 0205115 0021853 1708548 0034693 0034721 0332324 1550474
 0332120 1547282 0871261 1314939 1704632 1706817 2911692 0205115 0678695 1301820

 0185125 1947919 2347934 3539080 1948023 0012621 0030685 2926602
 1304649 0332324 1550474 0332324 1550474 0871261 0250571 0034791 0064465 0231491 0597357
 0205435 1279901 0439851 1947931 0332120 0183683 1521721 0178566 0032214 0600138 0035820 1705810
 1316572 1317574 1369612 0054845 1518422 0442805 0032105 0441889 1550098
 0183683 1521721 0030685 0391871 0439180 0680255 1283071 1963578 0441472 3266814
 0543482 0947630 0007634 3282337 0392752 0369637 0441923 1705535 0027740 0079613 0439086 2827736 2981702
 0681841 0027747 0027740 0027757 0205102 0391871 0439674 1280541 1283071 0026724 1561514
 1705810 0035820 0205166 1706317
 0035820 1705810 0150312 0332285
 0424215 2003939

 1705810 0035820
 1707478 1514811 1706462 0052181 0003592 0017968 0086418 0205171 1720467 0021853 1708548 1883254 0034693 0034721 0233535 1883254 0021853 1708548 0023884 0736268 1278929 2346688 0021853 1708548 0052181 1412470 0003592 0003591 0175630 0205164 1551359 1709707 2741673 2981730
 0052181 0003592 1883351 0032214 0600138 0035820 1705810 0220781 0439634 1522492 0008377 1158917 0025519 0025520
 0871261 1704632 1706817 2911692 1998602 0052181 1412470 0003592 0003591 0021853 0024202 1327616 0008731
 0032105 1550098 0052181 1412470 0003592 0003591 0008731 0023821 0023820 0175630 0178587 0205250 1299351 2700149 0522531 1264633 0023820 0032105 0332296 1515981 1550098 1554103 1880497 1996904
 0052181 0003592 0023820 1883351 1947931 0023779 0851285 0021853 1708548
 0012171 0023779 0442805 0185117 0220781 1883254 0030685 0391871 0439180 0680255 1283071 1963578 0003591 1539477 1705955 1518422 0851285
 0005528 1317949 3495449 1512045 0178602 0442805 0851827 0869039 1114758 1701901 3244310 1707810 0332282 0031001
 0332149 1705910 2362652 0220781 1883254 0052181 1412470 0036536 0036537 0678226 0205217 0243144 0347980 0424612 0442805 2987476 3146286 0036536 0036537 0682610
 0449247 0040223 0750729 3541383 0332185 1547282 1883351 1838994 0439831 0332147 0750491
 0034693 0034721 0052181 1412470 0003592 0003591 0205217 0442805 1637379 0015684 0001128 0202406
 0332120 0220781 1883254 0052181 1412470 0036536 0036537 2612481 1706853 1879748
 0332120 1511726 3245479 1524063 0032257 0011740 0032251 0018790 0237477 0392351 0521111 0220781 0439634 1522492
 0442805 0023779 0032257 0032251 1549542
 0332120 0220781 1883254 0052181 1412470 0036536 0036537 0220781 0439634 1522492 0681814 1524063 0522095 0015684 0001128
 0574032 1827465 0041004 0052181 1412470 0003592 0003591 0337112 1305854 1444754 1524075 3242229
 1280500 1280500 0205166 1706317
 0035820 1705810 0150312 0332285
 0424215 2003939

 1705810 0035820
 1707478 1514811 1706462 0332120 0052181 1412470 0003592 0003591 0516983 0031843 0542341 0700205 1705273
 0001554 1533734 0034693 0034721 0018790 0237477 0392351 0521111 0013470 1512806 0232552 2984576 0017133 0232539 0017119 1160577 0001128 0036536 0036537 0038351 0202406 1704242 1996907
 0332120 1705535 0052181 1412470 0003592 0003591 0086311 0013470 0016452 0851285 1314939 1327622 1512806
 0206745 0025914 0025929 0026809 1547282 0442805 0015663 0439583 0456962 0018270 0220844 1621966 2911660 0013470 1512806 1705242 0243148 1550141 1882979 2587213 3274648 1883559
 0205145 1515974 2825164 0581718 1319047 2945843 0205145 0439673
 0001554 1533734 0018790 0237477 0392351 0521111 0017127 0038351 1704242 1996907 1705535 0079613 0439092 0547044 0449719 1709471 2827466 0205145 1515974 2825164 0441472 3266814
 2945843 0581718 1319047 0205145 1515974 2825164 1446409 0439787 0849355 0052181 1412470 0003592 0003591 0683184 0445254 1160185 1314939 0677535 0021853 1708548
 1707478 1280500
 0035820 1705810 0150312 0332285
 0424215 2003939

 1705810 0035820
 1707478 1514811 1706462 0332120 1705535 0023779 0522095 0015684 0001128 0202406 0205166 0337112 1524075 1706317 1283694 0021853 0677535 1708548 0036658 0030685 0391871 0439180 0680255 1283071 1963578 1515877 1879547 0027747 0205088 1705314 1705315
 0332120 0035820 1705810 1304649 0871261 1704632 1706817 2911692 0023779 0332268 0205171 1720467 0012173 0205115 0205177 0225326 0304068 0439167 0439851 0441655 1260603 1304649 1561536 1947931
 0332185 2963144 0557651 0947630 2603343 1514468 0332257 0052181 1412470 0003592 0003591 0332148 0750492 1184743 1314939 1522240
 0030685 0391871 0439180 0680255 1283071 1963578 1179187 0920995 2330124 2700402 0024202 0441472 0516983 0031843 0542341 0700205 1705273 1705535 1314939 1283694 0677535
 1522634
 1522634 1514468 0008731 0052181 1412470 0003592 0003591 0086597 2247528 0871261 1704632 1706817 2911692
 0150312 0449450 0017189 1281182 0521362 1185740 0449416 1705919 0750591
 1518422 0205309 0391871 0439792 1283071 1372798 0205463 1280500 1880177 0516983 0031843 0542341 0700205 1705273
 1883712 0332148 0750492 0086597 0441472 3266814
 0242485 0205171 1720467 0032105 0205100 1550098 1881534 0750558 1710571 0558058 0587267 1283694 0677535
 0302523 0700325 3244290 1547282 0031001 1518422 0442805 0032105 0441889 1550098 0018790 0237477 0392351 0521111 0017127 0038351 1704242 1996907 1314939 0205115 0250571 0034791 0597357 0183683 1521721 0178566
 0871261 1704632 1706817 2911692 0851827 1701901 3244310 1521761 2827422 0227258 0021853 0150312 0449450 1708548
 0233426 0349590 1262865 0234402 0449450 2346926 0522095 0015688 0015684 0185111 0234402 0947647 1515981 1517378 0233820 0021853 1708548
 0021966 0221138 2986676 0031831 1707664 2348314 3540849
 0041740 0557061
 2825232 0205435 1279901 0039336 0441712
 0221193 0011847 0011849 0021622 1272753 1521721 3245503 0012238 0012240 0022658 0011318 0012634 0018173 0022646 0227665 1278978 1514845 1548284
 0376649 1442065 0282413 0033727 0369286 0441932 0564385
 1880198 0012242 0035168 0242481 0205099
 0024015 0024015 0013849 1705961 0024492 1538057 1547565 0059804
 1514811 1706462 1280500
 0035820 1705810 0150312 0332285
 0424215 2003939

 1705810 0035820
 1707478 1514811 1706462 2827734 2981698
 0335371
 0439394 1706495 3642217
 0369637 0441923

 2603360
 0369637 0441923
 2347469

 0015684 0030685 0391871 0439180 0680255 1283071 1963578 0442805 0596235 0229525 0007634 0014136 0521425 3282337



 0023884 0736268 1278929 2346688
 0740116 2827735 2981700
 0205090 0684010 2603358 0369637 0441923
 0033727 0369286 0441932 0564385


 0439394 1706495 3642217

 0183210 0520511 1704711 0678594 1515655 0443289
 0002808


 0025141
 0439086 2827736 2981702
 0205090 0684010 2603358 0439394 1706495 3642217
 0369637 0441923

 0933844 0439849 1705630 1706279 3540605 0229525 0007634 0014136 0521425 3282337 0814997
 0002808
 0331779 0025141

 0369773 2603361
 0369773 2603361




 2347469
 0369637 0441923
 0439394 1706495 3642217
 0554249
 0002778 0936012 1524024 0021852 1268998 1519375 0038337 1292856 1948023 0026724 1561514



 0023884 0736268 1278929 2346688
 0439084 0728893
 0439394 1706495 3642217


 1280500 0456387 1705943 0012173 0225326 0304068 1260603 1304649




 0450355 0025141


 0597277 1708601
 0104298 2347469


 0205170 3146287 0369718 0441922 1553036

 0034754 1705179
 2347469
 0369637 0441923

 2347469
 0369637 0441923
 1825319

 0035820 1705810 0182953 1704734 1704735 0205208 0302909 1378566 1996907



 0023884 0736268 1278929 2346688

 1553033 0597277 1708601




 0035820 1705810 0683184 1160185 0678695 2347375 1882710 0022378 0034693 0034721 1278922 1710082


 0025141

 0597277 1708601

 0369773 2603361

 0052181 1412470 0003592 0003591 1998602 0079613 0205463 1710082 0036239



 0023884 0736268 1278929 2346688

 2603360

 0205115
 0596654
 0012240 0017189 1333803 1761550 0449913 1553451 1704459
 0007608 0678835 1510470 0005775 1516559


 0061878 1415380 3538708
 0449468 0560268 1690016
 0021966 0221138
 0021966 0221138
 0369773 2603361


 0205090 0684010 2603358

 0369637 0441923
 2603362

 0369718 0441922 1553036


 0015688 1273518 0086418
 0030274 1278931 0025141

 0033727 0369286 0441932 0564385
 0016327 0439133 1553038
 0597277 1708601



 0369773 2603361

 0596846 0005528 1317949 3495449 0085201 0003592 0003591 0021966 0221138

 2347379
 0450355 0000857 0600678 1552863

 0033727 0369286 0441932 0564385
 0033727 0369286 0441932 0564385
 0369637 0441923
 2603360

 1551833 0033727 0369286 0441932 0564385


 0023779 0018790 0237477 0392351 0521111 0017127 0038351 1704242 1996907 0001728 1704259 1705987



 0023884 0736268 1278929 2346688


 0369718 0441922 1553036 0369637 0441923
 2603360

 0080103 0869014 0439834



 0025141

 2603360
 1512018 0369637 0441923
 0369773 2603361

 0243148 1550141 1882979 2587213 3274648 0036536 0036537 0023779


 0025141

 0205090 0684010 2603358

 0007634 3282337

 2347961

 0025141


 2603360 0205090 0684010 2603358
 2347469
 0439267


 0439267
 0439267

 0015684 0001128 0036536 0036537 1364160 1706349






 0597357 0332324 1550474 0021852 1268998 1519375 0007450 0325090 0524517




 0025141

 0369773 2603361 0205090 0684010 2603358

 0439267
 0439267


 1880022 0597357 0027883 0027882 0205115
 0027910 1552241 1555991 0025141




 0369773 2603361

 0947630 2698671 0032257


 0025141

 2603360 0597277 1708601
 0369773 2603361
 0021966 0221138

 2603360
 0369718 0441922 1553036

 0052181 1412470 0003592 0003591 0006104 0079613 1269537 0018790 0237477 0392351 0521111 0017127 0038351 1704242 1996907



 0023884 0736268 1278929 2346688

 0033727 0369286 0441932 0564385
 0033727 0369286 0441932 0564385
 0033727 0369286 0441932 0564385

 0001728 1704259 1705987 0086597 0021467 0021469 1628982 3463820 0034693 0034721 0007004 0021853 0205263


 0025141

 0033727 0369286 0441932 0564385

 0033727 0369286 0441932 0564385

 0205090 0684010 2603358

 0369773 2603361

 0021467 0021469 1628982 3463820 0871261 1704632 1706817 2911692 0023779 0851827 1701901 3244310



 0056167 0220905 1456376 1704735
 0450348
 0205090 0684010 2603358


 0369773 2603361

 0679823 0036239 1268997 3203348 0017189 1281182 0521362 1185740 1282910 1710082
 0027816 0031842 0031843 0868955
 0205090 0684010 2603358




 0009402 1527249 0369773 2603361



 0369773 2603361
 0439394 1706495 3642217

 1280500 1819802 0036536 0036537 0010453
 0014137 0000857 0600678 1552863

 1512018 0369637 0441923 2603360


 0205090 0684010 2603358
 0325001 0369773 2603361

 0220781 1883254 0021849 0036536 0036537 1708715 0034693 0034721



 0056167 0220905 1456376 1704735

 0597277 1708601
 0021966 0221138 2603362
 2603360
 0597277 1708601
 2603360
 0369773 2603361

 1521761 2827422 1998602



 0023884 0736268 1278929 2346688

 1553033 0402830 0033727 0369286 0441932 0564385

 0597360 0185117 0027882 1882874 0038351 1278920 1517454 0021853 1708548
 0017163

 0369773 2603361
 0021826 0000854 0220777 2347023 2347080 2698776 2825050
 0031842 0031843 0868955
 0205090 0684010 2603358

 0027976 0205314 1449597 0369773 2603361


 0369773 2603361
 0033727 0369286 0441932 0564385
 0439394 1706495 3642217
 2603360
 0597277 1708601

 0369773 2603361
 0369637 0441923



 0439394 1706495 3642217
 1511325
 0441889 0000854 0220777 2347023 2347080 2698776 2825050 0853610 0018270 0220844 1621966 2911660 0015745 0004927 2707008

 2347379
 0000857 0600678 1552863

 2603360
 2603360 0021966 0221138

 0033727 0369286 0441932 0564385
 0033727 0369286 0441932 0564385


 0205115 0086597 0678613 0015744 0021467 0021469 1628982 2911691 3463820 0034693 0034721



 0023884 0736268 1278929 2346688
 0023884 0736268 1278929 2346688 0009993 1552856 0037455 0205463 0596070