 0238749 0950137 0178587 0557775 0021622 0239307 1140694 1272753 1535514 1514756
 1272684 1548435
 0004793 0028630 0162326 0162327 1519249
 1515022 1515023 1552603 1706202
 0332158 2936424 0520510 1514811 1706462 0950137 0598213 3494277 0242356 0993637 1555015 1412573 2350443 3539770
 0021622 0239307 1140694 1272753 1314677 1535514 0021622 1272753 0282116 0950135 0242575 0872147 0242356 0012854 0022341 0442598 0872261 1511726 3245479 0598211 0041703
 1511726 3245479 0242356 0282116 0678640 1527178 1874451
 0221193 0441833 0687744 1257890 1552516 1552839 1705428 1705429
 0449913 1553451 1704459 0025664 0184661 2700391 0683607 0243126 0205099 1517723 0030650 0175566 0239307 0442603 1515981 1535514
 1963578 0332179
 0557854 0683607 0444454 1554204 0282111 1708533 2698172
 0004793 0162326 0162327 0449913 1514918 1519249 1553451 1704459 0026376 0005532 1521991 1517892 1704666 0028630 0872249 0033684 0242356
 1710052 2348205 1552603 1706202 1883525 2346866 1708003 0337026 0368761 0470187 0683607 1706077 1707455 0162326 0950137 0598213 3494277 0242356 0993637 0950143 1710264 0241315 0555903 1420218
 0000857 0600678 1552863 0950137 0004793 0028630 0162326 0162327 1519249
 1515022 1515023 1552603 1706202
 0332158 2936424 0520510 1514811 1706462 1710028 0026376 0005532 0022877 0239307 1521991 1535514 3244292 0026376 0005532 0022877 0239307 1521991 1535514 3244292 0242356 0993637 0004793 1555015 1516698 1704814 0021622 0239307 1140694 1272753 1314677 1535514 0021622 1272753
 1511726 3245479 1328887 0017428 0205099 1514756 1553778 1561491 2338314 0402112 0442603
 1511726 3245479 0391871 1283071 0242356 0332173 0993637 0470187
 0026376 0005532 0022877 0239307 1521991 1535514 3244292 0242356 1698986 0596404 1622900 0001554 0376636 0449913 1273870 1314677 1423674 1511726 1553451 1704459 3245479 3273539 0282111 1706202 0004793 0162326 0162327 0449913 1514918 1519249 1553451 1704459 0004793 0162326 0162327 0449913 1514918 1519249 1553451 1704459 2827734 2981698 0021622 0239307 1140694 1272753 1535514 2348167
 0950135 0242575 0872147 0242356 0012854 0022341 0442598 0872261 1511726 3245479 0022341 0598211 0041703 0026376 0005532 0022877 0239307 1521991 1535514 3244292 0678640 0205314 1511726 3245479 0439580
 1706077 0027552 0686904 0205171 1720467 0205447 0242356 0004793 0162326 0162327 1519249 0034037 1704324
 0242356 0036849 0162791 0220845 0231441 0282423 1301725 1442518 1609436 1705195 1550452 1704788 3539107 1706074 0423896 0456205 0597547
 0162791 0220845 0282423 0218063 1511726 3245479 0549178 1883351 1881534 0470187 0678640 0242356 0332290 1524057 0558058 0243107 0678723 1527148 0005532
 0019664 0019665 0262512 0262926 1705255 2004062 0018270 0220844 1621966 2911660 0443211 1272684 0242356 0993637 0034036 0034037 0162326 1704324 1948027 0023866 0034036 1515022 1515023 0237607 3245512
 0310367 0750526 0449468 1690016 1705102 2700258 0040671 0439851 1511726 1515023 1705822 1947931 3245479 0205099 0205099 1708517
 0439234 3494277 0242356 0993637 0205173 0456389 0439234 0439508 1515981 0332256 2700400 1705654 0004793 0028630 0162326 0162327 1519249 1882932
 0038215 0600673 0470187 1555015 0449911 0439234 0205397 0442805 1328887 0017428 0205099 1515023 1553778 1561491 2338314 0442805 1709701
 0439231 1705654 1881534 1510992 2825518 0332173 0439228 0439505
 2349022 0600091 0162326
 1510755 0237753 0449788 1706078 1516050 1552601 0221193 0566001 1442455 0439228 1515022 1515023
 1510755 0237753 0449788 1706078 0005532 0162443 0205460 1514873 0600659 1272684 1548435
 1705313 0004793 0162326 0162327 1519249 1511726 3245479 1515023 0242575 3494277 0242356 1510755
 2349022 0600091 1510755 0237753 0449788 1706078 1705654 0332257 1552866 2700399 0600091 1521902 0392747 0443172 0600091 1554104 1554159 0004793 0004793 0162326 0162327 0205132 0332307 0333052 1519249 1547052 1550648 1552960 1707959 2607870 1882932 3242544 0600091 1554104 1554159 1514562 0033684 0600091 1514623 1521970 1706388 1706443 1707959 2346469 2348519 1882932 0309276 0033684 0600091 0600091 0205360 1547311 1705117
 0600091 1273517 0521134 0205101 0242356 0950143 1710264 0241315 0555903 1420218 0600091 1554104 1554159 1707532 2828360 1514811 1706462 0441889 0456079 1521970 1547707 1706388 2346469 2348519 2946261 1707059 1521970 1706388 2346469 2348519
 0600091 0521116 0079141 0268238 1516050 1552601 0004793 1517495 1704991 0028630 0162326 0162327 0242356 0993637 1519249 1521970 1706388 2346469 2348519 0597295 2347820 0040712 1519614
 0600091 1514562 0033684 0039224 0150312 0600091 1514623 1521970 1706073 1706074 1706388 1706443 2346469 2348519
 1705654 0079141 0268238 1521970 1706388 1882932 2346469 2348519 0872249 0033684 0242356 0993637 1524062
 0950143 1710264 0241315 0555903 1420218 0740116 2827735 2981700 2348017 0013113 0337051 1509144 2349200 1706214 3244320 0242356 0993637 0950143 1710264
 1705654 1707532 1706462 2828360 1514623 1706443 0242356
 1158478 1705422 0242356 0205224 0470187
 1705654 1707532 0242356 1706462 2828360 0242356 0993637 0439086 2827736 2981702 0439084 0728893 0950143 1710264 0241315 0555903 1420218
 0950143 1710264 0241315 0555903 1420218 1517892 1704666 0242356 1705242 1883351 1999230 2924612 1552961 2347617
 1707532 2828360 1514811 1706462 0026376 0005532 0016094 0022877 0031831 0180853 0205132 0205324 0239307 0332307 0457933 1521991 1522646 1535514 1547052 1550648 1552960 1707664 2348314 3244292 3540849 1882932 1548787 0441889 0456079 1547707 2946261 1707532
 1707532 2828360 1514811 1706462 0683607 0949571 0444454 1554204 2699424 1705654 0205172 0242356
 1707959 0950143 1710264 0241315 0555903 1420218


 1707532 0950143 1710264 0241315 0555903 1420218 1706814 3539095 1511726 3245479 0027361 0035173 0237401 1515023 0023866 0034036 0036397
 0162326 0332183 0080105 0681850 1550501 1706203 2349001 2697811 0031843 0542341 0700205 1705273 1515022 1515023 0205171 1720467 0332257 1552866 2700399 2936606 1547713 0017337 0376691 0681842 1527178 1705938 3484370
 1706814 3539095 1292711 0449719 1709471 0242456 1883351 1548437 2700401 1515022 1515023 1706814 3539095 1999230 0205145 0017428 0162326 2338314
 0205224 1999230 0450429 0728938 1550516 0439611 0683607 1512693 0872249 0033684 0242356 0950143 1710264 0241315 0555903 1420218
 0282111 0181090 0302614 1706050 0181090 1707535 0043266 1576875 2584304 0851286 1947908 1883351 0018896 1552861 1710230 0162326
 0181090 0470187 0205145 1515974 2825164 1515981

 0745732 3272378 1550452 1704788 3539107 1999230 0681841
 1707959
 0036576 0205540 1547713 0073433 0035701 1622954 0035553 0035668 1819716 0017428 2338314
 0038137 0175675
 0162791 0220845 0282423 1706214 3244320 1550452 1704788 3539107 0332282 0086047
 0026376 0005532 0016094 0022877 0180853 0205324 0239307 0457933 1301627 1521991 1522646 1535514 1704711 3244292 0162801 0002778 0004793 0037585 0162326 0162327 0936012 1519249 1521721 1524024 0013194 0359589 1999230 0678594
 0016094 0180853 1522646 1301774 0205132 0205549 0332307 1550648 1552960 2348044 2587213 2700400 1522508 0042789 1947903 1548600 1706077 0024763 0175674 0449450 0028778 0205164 0205450 0332206 0332529 1511726 1533157 3245479
 0678257 0600091
 0027365 1547383 0449438 0332307 1547052 1293097 2919030 2919031 1444754 1706316 0150312 0205132 0600091 1550648 1552960
 1510755 0237753 0449788 1706078 1412573 2350443 3539770
 0333052 2607870
 0011008 2348077 1519814 3539739 3542920
 0678257 0011198 0017480 3541240
 1708608
 0008902 0008903 0678229 0230028 0262950 1561953 1412791 3539565 0242356 0439849 0445223 0993637 1517892 1704666 1705654 0031831 1707664 2348314 3540849
 0552371
 1522508 1425688 2709207 3538806 1419337 3539667 0027365 1547383 3538806 1522508 1419337 3539667
 1521970 1706388 2346469 2348519
 1533716 1521970 1706388 2346469 2348519 0450429 1514623 1706443 0205132
 0004793 0162326 0162327 1519249
 1444754 1706316 0004790 0002055 0178499 0486616 1555710 1880279 0560749 0004793 0162326 0162327 1519249
 0008903 0087066 1515221 0038215 0600673 0008903 0087066 1515221 0332257 1552866 2700399 1705920
 0008903 0087066 1515221 0995203 1314677 1705803 0282116 0026376 0005532 0022877 0239307 1521991 1535514 3244292 0950135 0242575 0872147 0242356 0012854 0022341 0442598 0872261 1511726 3245479 0018896 0205101 1515981 2348017
 1947946 2948600 3540471 3540472 1883351 0008902 0008903 0678229 0004793 0028630 0162326 0162327 0242356 0993637 1519249 0700364
 0026376 0005532 0022877 0239307 1521991 1535514 3244292 1514756 0004793 0162326 0162327 1519249 1518422 0008903 0087066 0242356 0332257 0993637 1515221 3538986 1522508 0995203 0008903 0087066 1515221 1519246 1705803 2348017 0442504 1704765 1882509 3496241 0029235 0040811 0699032 2362913
 1705654 1518422 0162592 0391871 1283071 1880389 1883221 3541951 0029235 0008902
 0029235 0205396 0441889 0456079 1547707 1550043 1551388 1705920 2946261 0242356 0993637
 1710024 3245500 0027365 1547383 1548671 0470187 0027365 1547383 1636204 0029235 0037592 0205427 1999230
 1710230 0566001 1522508 0205309 0037640 0242356 0993637 1519814
 0029235 1517710 0086418 1300203 3245470 0025914 0024944 0026809 0026845 1053014 3146240 0013139 0013138 1028876 1034337 1504613 0450380 0439084 0728893 0162610 0006638 0439084 0728893 0162740 3282848 0162741
 1999230 1515021 0558058 0205146
 3494277 0242356 0993637 0332529 1293097 2919030 2919031 1293097 2919030 2919031
 1705654 1293097 2919030 2919031 1444656 1524063 0919279 0686817 0086418 0004651 1548556
 1522242 0008903 0087066 1515221 1527178 1705938 1554961 1705847 0080145 0004793 0162326 0162327 0205145 1519249 1522485 1708632 0017495 1415327 2347435 0162326 1293097 2919030 2919031
 1293097 2919030 2919031 1522242 0242356 0993637 0205369 0349590 1262865 1511726 1527178 1552740 1705938 3245479
 0600510 0004793 0162326 0162327 1139855 1519249 0205145
 0016094 0180853 1522646 0332256 2700400 0004793 0162326 0162327 1519249 1511726 3245479 0445108 2945843 0205145
 1293097 2919030 2919031 0026376 3494277 0005532 0016094 0022877 0030685 0180853 0239307 0242356 0391871 0439180 0680255 0993637 1283071 1521991 1522646 1535514 1963578 3244292 0021622 0239307 1140694 1272753 1535514 0359589 1999230 0332257 1552866 2700399 1533716 0162326 1441547 3245521
 1705654 1707532 1706462 2828360 1514623 1706443 1521970 1706388 2346469 2348519
 0029235 1707532 0017428 0162326 2338314 0017428 0162326 2338314
 1705175 1705176 1705177 1705178 1882348 1881534 0017428 0162326 2338314 0205250 1299351 1553778 1561491 2700149 1709701 0470187 0332149 1705910 2362652 1293097 2919030 2919031 0332257 1552866 2700399 1511726 3245479 0034869 1548330 1553414 1516770 0009622 3146294 0002778 0936012 1524024
 1705654 0332256 2700400 1708608 0449438
 1510755 0237753 0449788 1706078 0009013 0205447 1516050 1522642 1552601 1272688 1280477 1515981 1553778 1561491 2828386 0333118 1510755 0237753 0449788 1706078 0333052 2607870 0026376 0005532 0022877 0239307 1521991 1535514 3244292
 1706059 0162326 0026376 0005532 0008903 0022877 0205225 0239307 0439631 1269909 1293097 1299988 1521991 1535514 2347946 2699029 2919030 2919031 3244292
 0026376 0005532 0022877 0030685 0239307 0391871 0439180 0680255 1283071 1521991 1535514 1963578 3244292 0332257 3538986
 1511726 3245479
 3494277 0242356 0993637 0549178 1883351 0030650 0175566 0239307 0442603 1535514 0162326 1511726 3245479 0950135 0242575 0242356 0872147 0012854 0022341 0442598 0872261 1511726 1999230 3245479 2827395
 1511726 3245479 3494277 0242356 0470187
 1515022 1515023 0004793 0028630 0162326 0162327 1519249
 1515022 1515023 1552603 1706202
 0332158 2936424 0520510 1514811 1706462 0449416 0026376 3494277 0005532 0022877 0239307 0242356 0993637 1521991 1535514 1880177 3244292 0402112 1511726 3245479 0441833 0687744 1257890 1552516 1552839 1705428 1705429 0449468 0439531 1948053 0040223 3541383 0332257 1515022 1515023 0037556 0034869 1548330 1553414 1511726 3245479
 0035173 0598213 0162326 0282111 0037589 0336791 2827396
 1533716 0470187 0282111 1548329 1704732 1555015 0181090 0302614 1706050 0004793 0162326 0162327 1519249 1515022 1515023 0868955
 0009669 0030685 0391871 0439180 0680255 1283071 1963578 0011008 2348077 0162326 0242356 0993637 1515023 0205548 0391871 1283071
 1511726 3245479 2003901 0034036 0034037 1704324
 0034869 1518422 0242356 0391871 0993637 1283071 1553387 1948035 0011008 2348077 0034036 0034037 1704324 0205435 1279901
 0040223 3541383 1710230 1519814 1533716
 0221193 0422202 3494277 0242356 0993637 0037640 0034869 1548330 1553414 0391871 1283071 0034869 1548330 1553414 1519814 0439580 1547532 0034036 0034037 1704324
 0449913 1553451 1704459 0336791 2827396 1547538 1533716
 0034606 0441633
 0557854 2825316 3245478 0470187 0018896 0162326 0220908 0220909 0557034 1698960 1710031 1710477 0259846 1881659 2349974 1515022 1515023
 0557854 2825316 3245478 0042153 0457083 1947944 1708476 0162326 0185115 0684295 1293097 2919030 2919031 0026376 0005532 0022877 0239307 1521991 1535514 3244292 0009015 1273517 0681814
 0026376 0005532 0022877 0030685 0239307 0391871 0439180 0680255 1283071 1521991 1535514 1963578 3244292 1519814 0470187

 0282111 1527178 1705938 0336791 2827396 3494277 0242356 0993637
 1707689 2983265 1883351 0683607 1515022 1515023 2348184 0237753 0449788 0012173 1337615
 0470187 1710546 3272380 3541384 1555015 1706814 3539095 1524062 1552616 1706244 0004793 0162326 0162327 1519249 1521970 1706388 2346469 2348519 1704732
 0237753 0449788 0332219 1517495 1704991 0004793 0039224 0162326 0162327 1519249 1521970 1524062 1706073 1706074 1706388 2346469 2348519 0745732 3272378 0439787 0849355 1515981 0348078 0376315
 1883351 0018896 0557034 1710230 0004793 0162326 0162327 1519249 0359589 1999230 0678257 1514623 1706443 1707959 1521970 1706388 2346469 2348519 1514623 1706443 0026376 0005532 0022877 0239307 1273517 1442989 1521991 1535514 2828392 3244292

 0037589 0336791 2827396 0995203 1705803 0004793 0028630 0162326 0026376 0005532 0022877 0239307 1521991 1535514 3244292 0242575 0242356 0950135
 0332256 2700400 0237753 0449788 0178932 0031843 0332306 0542341 0700205 1705273 2349975 0035953 0453947 0600140 1704688 2346414 0557702 0009622
 1710230 1518422 0449379 0332158 0337611 1705415 0348078 0376315 1556138 1705229 2348299 0024492 0687676 1704687 1515022 1515023 0205166 1706317 1272684 1548435
 1511726 3245479 1265611 1554108 1561573 1709701 1517723 0011001 0449416
 0036576 0242356 0993637 0745732 3272378 1709701 0029235 1709701 3494277 0242356 0993637 0175566 1515022 1515023 0441833 0687744 1257890 1551359 1552516 1552839 1705428 1705429 2741673 2981730 0449468 0439531 1948053
 1705654 0035168 0205145 0242481 1515974 2825164 0333562 1519814 0017428 1709701 1710230 1947931 2338314 1524063 0060664 1555016 0013849 1705961
 1522508 0026376 0005532 0021622 0022877 0150312 0239307 1140694 1272753 1521991 1535514 3244292 0205145 1515974 2825164 1555015

 1551359 2741673 2981730 0021622 0239307 1140694 1272753 1535514 1707535 0334861
 0441833 0687744 1257890 1552516 1552839 1705428 1705429 1423524 3273411 3273412 1881534 1524063 0042153 0457083 1947944 0332158 0337611 1705415 0242356 0993637 1511726 3245479 0205099 1553778 1561491 0242356 0332257 0993637 3538986 0470187 0205548 0470187 0557854 1513822 1552603 1705739 1706202 1882071
 0004793 0162326 0162327 1519249 0034869 1548330 1553414 0332257 1293097 2919030 2919031 3538986 0332256 2700400 1708608 0449438
 1272688 1280477 0017428 0039224 0150369 1516647 1706073 1706074 2338314 0030695 0181904 0596972 1521743 1704646
 1516698 1704814 0039224 1706074 1547282 1272688 1280477 1441506 1265611 1547277 3245506 0162326 0333562 0439234 0439508 0242575 3494277 0242356 0237753 0449788 0029235 0332173 1527178 1874451 1519814
 1883712 2349146 1947971 0444454 1554204 0359589 1999230 1533716
 1293097 2919030 2919031
 0282116 1293097 2919030 2919031 1882932 0017428 0162326 0441635 1705654 2827421
 1705654 1510755 0237753 0449788 1706078 0332256 2700400 1533716 2827421 0441635 1707059
 1883712 1705654 0332256 2700400 0004793 0162326 0162327 1519249 1521970 1706388 2346469 2348519 1514811 1706462
 0017429 0017428 2338314
 1513822 1880171 0302302 0231807 1511776 1517001 1883351 0333052 2607870
 0282116 0205099 0021622 0239307 1140694 1272753 1535514 0032074 1301732 1883351 1881534 0017429 0017428 2338314
 1547282 1272688 1280477
 0449911 0333052 2607870 0557702 1272706 1704674 0557702 1272706 1704674
 1272688 1280477 2827734 2981698
 0035173 1423524 3273411 3273412 1883351 1519814 0162326 0042153 0457083 1947944 0348078 0376315 1522492 0332158 0337611 1705415 0242356 0993637 0080143 0004793 0162326 0162327 1412573 1420599 1519249 1519814 1706765 2350443 3539770 1515022 1515023 0021622 0239307 1140694 1272753 1535514 1272684 1548435 1511726 3245479 1514228 0002778 0936012 1524024 0002518 0002520 2917660 0001128 0162326 0202406
 0027552 0686904 1698986 1553520 1511726 3245479 0003738 1554162 0205173 0456389 0439234
 1511726 3245479 0059818 0060664 0205145 1515974 1555016 2825164 2369992 1533716 0470187
 0521116 1272684 1548601 1301627 0206117 0968849 1709366
 0237753 0449788 1516050 1552601 1706765 0034037 0332257 1704324 1706852 3538986
 0033213 1706387 0557061 2584313 0851286 1947908 0205164 1274040 1546471 2825142 1627358 2349975 1706701 0079623 1514918 0016884
 0520511 1704711 1552603 1706202 0000857 0600678 1552863 0004793 0028630 0162326 0162327 1519249
 1515022 1515023 1552603 1706202
 0332158 2936424 0520510 1514811 1706462 0021622 0239307 1140694 1272753 1535514 1963578 0332179 0557854 0683607 0444454 1554204 0282111
 1511726 3245479 0444454 1554204 1883351 0004793 0162326 0162327 1519249 1511726 3245479 0013849 1705961 0018173 1548284 1524063 0282111 0557854 2825316 3245478 0004793 0162326 0162327 0449913 0679792 1514918 1519249 1553451 1704459 1705194
 0242356 0037585 0059818 0060664 0679792 1555016 1705194
 0004793 0162326 0162327 0449913 1514918 1519249 1553451 1704459 0004793 0162326 0162327 0449913 1514918 1519249 1553451 1704459 0004793 0021622 0162326 0162327 0239307 0449913 0679792 1140694 1272753 1514918 1519249 1535514 1553451 1704459 1705194 1517892 1704666 1516698 1704814 0028630 0872249 0033684 0242356
 0683607 0242356 1706202 1524063 1707959 0004793 0162326 0162327 1519249 1547713 1708608 0805191 0027365 1547383
 0439855 1704241 1522634 3242470 3543841 1705848 1706077 0205543 0302828 1442085 1522508 3263700
 0004793 0162326 0162327 1519249 1552603 1706202 0021622 0239307 1140694 1272753 1535514 0359589 1999230 0036849 1442518 1705195 0444454 0026376 0005532 0021622 0022877 0238767 0239307 1140694 1272753 1521991 1535514 1706086 3244292 0205145 1515974 2825164 1555015 0013849 1705961
 0026376 0005532 0022877 0239307 1521991 1535514 3244292 0444667 1706202 0008903 0027361 0237401 1293097 2919030 2919031
 0002045 0470187
 0243095 0205250 1299351 2700149 0449820 1552081 0080143 1706765 0162326
 1707455 0872249 0033684 0242356 1881534 1524063 1419590 1704619 1419590 1704619 0683607 1707455 0242575 0242356
 1708476 0028630 1552603 1706202 0872249 1292711 0013194 0449719 1709471 1999230 2700580
 1420193 1832169 3538902 1552603 1706202 1524063 0002045 1553907
 0002045 1552603 1706202 0683607 0243095 0150103 0205172 0205447 1708943 0242356 0993637 0004793 0162326 0162327 1519249 1880389 1883221 3541951 2987476
 0376691 3484370 0470187
 0557854 0332257 1552866 2700399 0080143 0004793 0162326 0162327 0439064 1519249 1706765 0679201 1524063 0681842 1524063 1552603 1706202 1880355 1524063 0185125 0442519 2003847
 1513822 1705739 1882071 1555015 1522486 1548602 1704686 1517892 1704666 0022877 1619828 1524063 1140694 1883351 0442805 0470187 1524063 0015176
 1948062 0950141 0872249 0242356 1519814 0332173 0035201 0026376 0746922 1948036 2987518
 1140694 0032214 0600138 0035820 1705810 0040607 0220931 2673163 0035170 0035168 0242481 0243107 0678723 1527148 0035168 0242481 0009462
 0024501 1948062 0470187 1555015 0444454 1554204 0000857 0600678 1552863 0004793 0028630 0162326 0162327 1519249
 1515022 1515023 1552603 1706202
 0332158 2936424 0520510 1514811 1706462 0348078 0376315 1522492 0439267 0238749 0178587 0557775 0369773 2603361 0369773 2603361 0369637 0441923
 0950137 0598213 3494277 0242356 0993637
 2347379 0028606
 0332158 0000857 0600678 1552863 0004793 0028630 0162326 0162327 1519249
 1515022 1515023 1552603 1706202
 0332158 2936424 0520510 1514811 1706462 0596355 1513822 1705739 1882071 1550707 0376649 1442065 1515022 1515023 0021622 0239307 1140694 1272753 1535514 0039457 1515258 1705541 0085205 1549619 1880669 0000857 0600678 1552863 0004793 0028630 0162326 0162327 1519249
 1515022 1515023 1552603 1706202
 0332158 2936424 0520510 1514811 1706462 0039224 1706073 1706074 1517892 1704666 0470187
 2825232 0282413 0376649 1442065
 0254343 0796520 3272379
 0085205 1549619 1880669
 0013849 1705961 1514811 1706462 0000857 0600678 1552863 0004793 0028630 0162326 0162327 1519249
 1515022 1515023 1552603 1706202
 0332158 2936424 0520510 1514811 1706462 2603360 0369773 2603361

 0025141 0205090 0684010 2603358
 2347379 0028606
 1706852 2347379 0028606
 0722969 2603360 0369773 2603361
 2347379 0028606
 1706852 2347379 0028606
 2603360 0021966 0221138 0033727 0369286 0441932 0564385 0029408 0439114 0016327 0439133 1553038 0369718 0441922 1553036
 2347379 0028606
 0205090 0684010 2603358

 0025141 0016327 0439133 1553038 2603362 0402830 0073187

 0027960 0324740 0439189 1456781 1824986

 0025141 0554249 0016327 0439133 1553038 0439493 1513009 0369637 0441923
 0001483
 1858559
 0024934 0740116 2827735 2981700
 0439267
 2347379 0028606 0000857 0600678 1552863 0369637 0441923

 0201682 0021966 0221138 0016327 0439133 1553038 0439267
 3642273