 0064833 1414369 0027950 0030306 0699918 0030685 0391871 0439180 0680255 1283071 1963578 0337051 0599757 0369637 0441923
 0369637 0441923
 1704729 0005553 0040541 1548006 0000872 0565990 1552471 0026221 0041740 0205099 0205476 0557061 2584313 1514811 1706462 0064833 1414369 0027950 0030306 0699918 0178987 0205217 0442805 0458827 0543483 0699748 1880177 2610947 0036536 0036537
 0064833 1414369 0027950 0030306 0699918 1880497 1179186 0007634 0440743 3282337 1522634 1280519 1704419 0030685 0391871 0439180 0680255 1283071 1963578 1518422 0004398 0205397 0580205 0848632 0012634
 0332272 1883351 2699488 0441472 3266814 0444706 3541902 0036536 0036537 0225587 1279403 0007634 0039005 0040578 0205409 0391871 1135183 1283071 1285092 1515025 1548221 2945595 3282337 0007616 1264633 0439661 3245488
 0064833 1414369 0027950 0030306 0086418 0205452 0439282 0699918 0391871 1283071 1265611 1554108 1561573 0871208 1521828 0086045 0014442 0441472 3266814 0332290
 0024337 0439526 0391871 1283071 0040704 0205374
 0205173 1705764 0205166 0205397 1706317 0064833 1414369 0027950 0030306 0699918 0150312 0449450 0234402 1882932 0439092 1301862 1334347 0017906 0030685 0391871 0439180 0547044 0680255 0702093 1283071 1963578 1698986 0332290 1698986
 0441472 0205369 0243077 0311403 1552740 0539069 3271329 0014806 1442458 1518422 1552109
 0030685 0391871 0439180 0680255 1283071 1963578 0225587 0439801 3542948 1265611 1554108 1561573 0337051 1509144 2349200 0678587 0205361 0700321 0871261 1301808 1442792 1515981 1704632 1706817 2911692 3148680 0086045 0039005 1135183
 0014806
 0008677 0006277 0205191
 0010674 0016059 0205207
 0040578 1278905 3146235
 0036536 0036537
 0021368
 0064833 1414369 0023516 0030306 0699918
 0036733 2757063 2717971 0033607 1961133 2673177 0030946 0036720 0243077 1622131 1947941
 0557061 2584313 1514811 1706462 0036537 0040223 3541383 0026538 0220880 0332281 1880177 0026565 0026566 0004096 2984299 0008677 0006277 0205191 0010674 0016059 0205207
 0332219 0042789
 0036536 0036537 1883351 0183683 1521721 0179330 1883351 2348625 1947930 0178987 0458827 0678594
 0237858 0036537 0332257 1552866 2700399 0033684 0022942 1416933 0020838 1327616 2825347 0027021 0031179 1318719 2827734 2981698
 0026682 0205148 1327616 0506994 0007634 0026727 0439708 3282337 1883351 0184047 0597177 0560560 0578671 1269909 1299988 2699029 0178987 0458827 0026687 0005528 1317949 3495449
 1883712 0026682 1145667 1167622 0243040 0038172 1318973 0038170 0037640 1280519 1704419 0450254 0439509
 0234402 0079613 1947931 0442805 0036537 0030685 0391871 0439180 0680255 1283071 1963578 0234402 1514468 0019588 0033684 0030940 0030946
 0599745 0127400 0036825 0033684 0229671 1546774 1550100 0304207 1514468 0030685 0391871 0439180 0680255 1283071 1963578 0282443 1425988 1709940
 0439801 0391871 1283071 0026727 1546714 0439801 1549649 2349209 0231999 0309872 0554804
 1292856 1948023 0205170 2937289 3146287 0234402 0237744 0027740 0027757 0599668 1280541 1521801 0442805 0871208 1521828 0332462 1880834 0274281 0332157 0030685 0391871 0439180 0680255 1283071 1963578 0205108 0039242
 1979874 0064833 1414369 0027950 0030306 0699918 0064833 1414369 0027950 0030306 0699918 0234402 0302523 0700325 1527178 1705938 1964257 0014442 1880497 0456205 1552853 1179186 0007634 0440743 1269647 1704653 1948049
 0682579 0440743 1285092 1518422 0012621 0030685 2926602
 0030685 0391871 0439180 0680255 1283071 1963578 0026682 0015127 1524003 0182324 1705909 0011065 1306577
 1883351 0449247 0034746 0040223 0750729 3541383 0064833 1414369 0027950 0030306 0699918
 0557061 2584313 1514811 1706462 0003062 0200728 0455052 1521827
 1507394 2348563 0442711 0178478 0868975 0003062 0205540 1947933 2699414 0039676 2349943 3539704 0206243 0699809 0181090 0302614 0439787 0680240 0849355 1706050 1947933 1524063 0042153 0457083 1947944 0027468 0018684 0021622 3245503 0162791 0220845 0282423 0079613
 0039005 1135183 0599779 0003062 1707391 3161035 2348205 1285092 0039005 1135183 0040578 1278905 3146235
 0039005 1135183 0022718 0439209 0205276 0470689 0869011 0022180 1720436 0232101 1306232 0003484 1269882 0000726 0003483 1278934 0042460 1280190 0447122 0521083 0939882 1413046 1547290
 0040578 1278905 3146235 0849355 0445115 0036082 0205307 0439166 0687712 1548982 2347086 0687712 1698986 0037494 1959973 0074722 0017725 0019215
 2324423 0205148 0179326 0179323 0184933 0205154 0392220 0444082 2697523 2700402 2948008 0006353 1701810 1882955 0849355 1883720 3244314 0205148 0014609
 0439809 0443225 1280412 0014609 1321564 0040578 0205239 1278905 3146235
 1261552 1273517 0009458 0439536 1705217 3244283
 1719918 0019215 0037494 1959973 0001128 0202406
 0001128 0202406 1550539 1553396 1554078 0012789
 0029393 0029391 0033095 0311417 0460139 1306345
 0007616 0204727 0205409 0220862
 0007634 3282337 0012238 1301820 2349986 0162745 1720296 1719918 0011519 0011522 0441730 0007452 0030274 1140701 1278931 1441547 3245521 0205251 1299352 1550472 0030946 1947941 0014241 0035541 0035542 1719918 0001128 0202406 1524062
 0040300 1547928 1442467 1883171 0014442 0014445 1524062 0558292
 0038960 1382107 1705537 0180860 0581406 1522664 1704449 1704684 1875155 0402834 0325579 0007634 3282337 0439599 0934502 1444662 1441704 0178587 0439182 0812409 2827734 2981698 2827734 2981698 2827734 2981698 0439526 1446863 2827734 2981698 0179834
 0007634 3282337 0162339 1273517 0439526
 0007634 3282337 0181168 0750480 1705566 1720119 1948037 1314677 0243111 1708715 1947951
 0007620 0007634 0443348 1269647 1704653 1948049 0041213 0680251 1260957 1565627 2828389
 0181722
 0181722 1707689 2983265 1883351 1549542 0007634 3282337 0137909 0180860 0581406 1521721 1522664 1704449 1704684 1875155 0037633 0525069 0205099 0442537 1441547 1705182 1879652 3245521 0008300 0205217 0243148 1550141 1707391 1882979 2587213 3274648 0022885 0037633 0039593 0392366
 1883708 0180013 0180011 1264633 1516695 1516698 1554103 0002778 0936012 1524024
 0182537 0184165 0180860 0180013 0180011 1516695 0332256 0600424 0701415 0935616 2700400 0687712 0180112 0014279 3540513
 0007634 3282337 0180860 0025080 0220819 0581406 0699733 0725865 1522664 1704449 1704684 1708715 1875155 0456389 1325742 0009458 0439536 1705217 3244283 0027971
 0015385 1280090 0043038 0702093 1999230 0182537 1706421 0031133 0439509 0008044 0020898 0021764 0022271 0037633 0525069
 0442537 1705182 0333118 0443225 0036397
 0015385 1280090 0332462 1880834 1999230 1880165 0037633 0525069 0022646 0032520 0677874
 0039142 0039147 0702093 0013126 2826285 0871208 1521828 1710273 0013126 0699956 0036397 0597277 1708601 3161035 0020898 0021764 0022271 0392747 1883351 1272684 1548601 1552933 2700485
 1708073 0184252 1186983 0036397 0022885 0039593 0392366 1707391 0442598 0037640 0205447 2003902 0205430 1710361 0439851 0037633 0525069 0439851 1947931 1883351
 0025080 0220819 0699733 0205430 0205548 1710361 0180013 0180011 1264633 1516695 1516698 1554103 0439070 1705160 3538705
 0544461
 0611419 0608695 0022634 0596481 1999216 1273517 1883351 0309872 0243125 0699900 0205309 1883351 0064833 1414369 0027950 0030306 0086418 0699918 0015127 1524003
 0175730 1516698 1524062 1547937 1561954 1704730 1704814 0681814 1706386
 0427750 1287282 0086045 1446561 1979886
 0064833 1414369 0027950 0030306 0699918 0311403 0492799 0031001 0243111 1516695 1516698 1947951
 0750479 0038137 0175675 1881534
 0005507 0243073 1510438
 0017968 2717977 0005507 0014442 0023206 0243073 1510438 1517892 1704666 1709793 0058663 0996847 1477450 0023206 0330856 0220806 0020898 0021764 0022271 1273517 1883351 0442726 0001055 0301665 1513911 0016943 0369718 0441922 1553036 1709915 1882936
 0033684 0016943 0073187 1709915 1882936 0032594 0074479 1420364 1709915 1882936
 0392360 0016943 1709915 1882936 0005507 0243073 0442726 1510438 1511790 1515273 1705313 2826302 0017906
 0019941 0027021 0031179 0330510 0939835 1110641 1318719 0014442 0439086 2827736 2981702 0439086 2827736 2981702 0439084 0728893 0046880 0220806 1710236 0005507 0243073 1273517 1510438
 0439164 1268822 0178587 0042789 2707266 0034754 1705179 1514743 1706461 0562547 3160718 0027964 0028407 0067895
 0220806
 0064833 1414369 0027950 0030306 0699918 0013765 0869011 1328798 1414382 1514468 3538743 0023516 1998793 0241235 0038056 0439665 1441547 3245521
 0360722 0455052 1521827 0332296 1880497 1996904 0027021 0440053 0026794 1416945 3541379 2247561
 1569711 0064833 1414369 0596481 0027950 0030306 0086418 0205369 0243077 0699918 1552740 0539069 3271329 1515273 1705313 2826302 0031831 1136188 1707664 2348314 3540849
 0042462 1135440 1254351 0011198 0017480 3541240
 0022634 0869011 3541314
 0034760 1301820 1719918 3538743
 0442711
 0022885 0039593 0392366 0007634 3282337 0180860 0581406 1522664 1704449 1704684 1708715 1875155 0031001 1442450 1264633 0449876 0022885 0039593 0392366 0442711 0680240 1516695 1516698
 0790233 0043047 0599638 0681549 1550678 0442711 1507394 1522729 2348563 0917903 1549542 0024348 0007634 3282337 0030685 0391871 0439180 0680255 1283071 1963578 0456205 1552853
 0017906 1704788 3539106 1698986 0681814 1527428 1706386 1707478
 1510844 0205170 0205175 0475208 3146287 0182301 1706407 0005971 1139930 3537155 0205548 0681814 1706386 0002778 0936012 1524024 2717977 0005507 0243073 1510438
 0871424 0002778 0936012 1524024
 0042295
 1705241 1705242 1710574 0022885 0038492 0039259 0039593 0205448 0392366 1551041 1552573 2700112 1705241 1705242 1709451 0022885 0038492 0039259 0039593 0205448 0392366 1551041 1552573 1709450
 0237881 0750502 1272684 1546944 1548435
 1274040 1546471 2825142 1273937 0237881 0750502 1546944
 0567305 0302523 0700325 3244290 0022885 0039593 0392366 1881534
 0022885 0039593 0392366 1274040 1546471 2825142 0442711 1301820 0884358 0521115 0022885 0039593 0043194 0237881 0258432 0392366 0750502 1421478 1546944 1705241 1705242
 0871208 1521828 0023189 0023733 2346679 0205132 0684320 0684321 1510411 1511726 3245479 0205120 1552595
 0442532 1707429 0023189 0205120 1552595 0079946 0439659 1550512 0037585
 0557061 2584313 1514811 1706462 0086045 0391871 1283071 0017906
 0439659 0030685 0391871 0439180 0680255 1283071 1963578 0750489 0871208 1521828 0030685 0391871 0439180 0680255 1283071 1963578 0332156 0042295 0168634 1442488 0450344 1553633
 0871208 1521828 0064833 1414369 1275943 0022885 0027950 0030306 0039593 0086045 0086418 0392366 0699918 1446561 0015663 0456962 0205217 0442805 0871261 1704632 1706817 2911692 0237881 0750502 1546944 0064833 1414369 0027950 0030306 0699918 0022885 0039593 0205435 0392366 1264633 1279901 1515981 1554103 0064833 1414369 0027950 0030306 0699918 1282910 1552828
 0040704 0205374 0205197 0064833 1414369 0027950 0030306 0086045 0086418 0205172 0699918 0205250 1299351 0037640 0064833 1414369 0027950 0030306 0086418 0699918 0030685 0391871 0439180 0680255 1283071 1963578 0332156 0168634 1442488 0456692 0702093
 0064833 1414369 0027950 0030306 0699918 0017906 0040704 0205374 1518422 0168634 1265875 1442488 2700592 0332283 2964353 0205166 1706317 0064833 1414369 0027950 0030306 0699918 0150312 0449450 0450345
 0439531 1948053 0237881 0750502 0205435 2584321 0205438 1264633 0243148 1522609 1550141 1882979 2587213 3274648 0683443 0392366
 0449911 0333052 2607870 0557702 1272706 1704674 0557702 1272706 1704674 0349966 1337208
 2827734 2981698
 0064833 1414369 0027950 0030306 0699918 0064833 1414369 0027950 0030306 0699918 0030685 0391871 0439180 0680255 1283071 1963578 0017906 0007634 3282337
 0017906 2717977 0005507 0014442 0023206 0243073 0444706 1510438 3541902 1264633 1550101 1516695 1516698 0332256 2700400 0611419 0608695 0022634 1418549 1579194 0596481 1999216
 0030685 0391871 0439180 0680255 1283071 1963578 0237881 0750502 1546944 0022885 0039593 0392366 0064833 1414369 0027950 0030306 0699918
 0040704 0205374 0015663 0456962 0064833 1414369 0027950 0030306 0086418 0699918 1457900 0064833 1414369 0027950 0030306 0699918
 0439531 1948053
 0205132 1550648 1552960 0489879 0871208 1521828
 2347469 0064833 1414369 0027950 0030306 0699918 0040704 0205374 0017906 0351745 2964353 0030685 0391871 0439180 0680255 1283071 1963578 0205166 1706317 0064833 1414369 0027950 0030306 0699918 0150312 0449450
 0439531 1948053
 0205132 1550648 1552960 0489879 0871208 1521828
 1705242
 0423896 0456205 0017906 0750572 1515051 0007634 0024348 1516695 1516698 1536403 3282337 0790233 0043047 0599638 0681549 1550678 1707478 0681814 1706386 2986417 0022885 0039593 0392366 0439531 0557351 1948053 0442757 0439086 2827736 2981702 0740116 2827735 2981700 0442759 0439086 2827736 2981702 0439086 2827736 2981702 0442757 0439086 2827736 2981702 0439083 0439087 0740116 2827735 2981700 0439086 0439509 2827736 2981702 0007634 1269647 1704653 1948049 2827734 2981698 0439086 2827736 2981702 0064833 1414369 0027950 0030306 0699918 0369718 0441922 1553036 0439084 0728893 0439084 0728893 1273937 0237881 0750502 1546944
 0036536 0036537 0450345 1510992 2825518 0036537 0439165 0439175 0439810 1549488 1561533
 0036536 0036537 0036536 0036537 0449286 1704240 0064833 1414369 0027950 0030306 0699918 1999216
 0439531 1948053 2348205 0702093
 2964353 0064833 1414369 0027950 0030306 0086418 0699918 0015127 1524003 1510992 2825518 0702093 0017906 0205435 0391871 1279901 1283071 0439175 0439810 2827734 2981698 1698986
 0205390 0064833 1414369 0027950 0030306 0086418 0699918 0868928 1514893 1706255 1706256 2699488 0871208 1521828 0205351
 0079809 1879489 1547282 0011546 0439857 2698668
 1550608 2346753 1547282 0442824 0011546 0439857 2698668 0442532 1707429 0442757 0439086 2827736 2981702
 0011546 0439857 2698668 0205397 0017906 0022885 0039593 0392366 0439531 0439751 0444667 1948053 0450354 1706096
 0868928 1706255 1706256 0086045 1547282 0030685 0391871 0439180 0680255 1283071 1963578 0233535 0312860 1514721 2348147 3542016 0086045 0391871 1283071 1265611 1554108 1561573
 0449911 0333052 2607870 0557702 1272706 1704674 0557702 1272706 1704674 0349966 1337208
 0740116 2827735 2981700
 0205134 0007634 3282337
 0871261 1704632 1706817 2911692 0349966 1337208
 2827734 2981698 0332293 1522326 0444505 0871261 1704632 1706817 2911692 0439175 0439810 0391871 1283071
 0871261 0086045 0312860 0439093 0443228 1704243 0014442
 0036572 0424576 2349186 0205134 0242415 2347813 0086045 1446561 0014442 0442532 1707429 1515051 0017906 0391871 1283071 0014442 0086045 1446561 0871261 1704632 1706817 2911692 1522609 0871261 1704632 1706817 2911692 0442532 1707429
 0439214 2348814 0392747 0443172 1705241
 1705242
 0017906 0274281 0332157 0391871 1283071 0071526 0024337 0681814 1706386 0349966 1337208
 0370215 0031001 0042444 0348005 0392366 0702093 1635169 0439526 0064833 1414369 0027950 0030306 0699918 0064833 1414369 0027950 0030306 0699918
 0205549 2348044 0681814 1635169 0439526 0015127 1524003 0030685 0391871 0439180 0680255 1283071 1963578 0017906 0007634 1269647 1704653 1948049 0017906 0168634 1442488 0042444 0348005 1707455 0022885 0039593 0392366 0064833 0439092 1414369 0027950 0030306 0086418 0547044 0699918 0007634 1269647 1704653 1948049 0022885 0039593 0392366
 0449911 0333052 2607870 0557702 1272706 1704674 0557702 1272706 1704674 0349966 1337208
 0439086 2827736 2981702
 0024337 0030685 0391871 0439180 0680255 1283071 1963578 0040704 0205374
 0871261 1704632 1706817 2911692 0225587 1279403 0007634 0040578 1285092 1515025 2945595 3282337 0064833 1414369 0027950 0030306 0086418 0699918 1635169 0439526 0439531 1948053
 0442711 1507394 1522729 2348563 1549542 0243148 1550141 1882979 2587213 3274648
 0205132 1550648 1552960 0489879 0871208 1521828
 1707156 3274014 3541345
 1707156 3274014 3541345
 0030685 0391871 0439180 0680255 1283071 1963578 0064833 1414369 0020115 0427861 0596481 0007634 0022914 0027950 0030306 0086418 0205177 0439167 0441655 0597304 0699918 1269647 1561536 1704653 1947941 1948049 1999216 0682544 0309872 0349966 1337208
 1265611 1554108 1561573 0022885 0039593 0391871 0392366 0439531 1283071 1948053 0392756 0450300 0022827 0007634 1269647 1704653 1948049 1522609 1705242 1709450 0022885 0038492 0039593 0392366 1551041 1552573
 0449911 0333052 2607870 0557702 1272706 1704674 0557702 1272706 1704674 0349966 1337208

 0021467 0021469 1628982 3463820 0007634 3282337
 1515051 0274281 0332157 0391871 0702093 1283071 0064833 1414369 0027950 0030306 0699918 0205171 0439044 0679994 0392148 1979886 0205369 1552740 1999216 1547282
 1705242 0220281 0439394 1706495 3642217
 0539069 3271329 0596481 1999216 0030685 0391871 0439180 0680255 1283071 1963578 1553637
 1549542 0427861 0007634 3282337 1550147 2709094 3539075 3539076 0205171 0439044 0679994 0539069 0017906 0030685 0391871 0439180 0680255 1283071 1963578 1274040 1546471 2825142 0439531 1948053 0868928 1706255 1706256 0031001 0064833 1414369 0027950 0030306 0699918 0205171 0439044 0679994 1550147 2709094 3539075 3539076 0243148 0681814 1550141 1706386 1882979 2587213 3274648 0042444 0348005 0205171 0439044 0679994 1549542 0022885 0039593 0392366
 0017906 0031001 0391871 1283071 0064833 0539069 1414369 0027950 0030306 0086418 0332287 0699918 3271329 1705242 1550147 2709094 3539075 3539076 0014806 0205171 0439044 0679994 0919414 0022885 0039593 0392366
 0449911 0333052 2607870 0557702 1272706 1704674 0557702 1272706 1704674 0349966 1337208
 0439084 0728893
 0014806 1639518 1947986 0205160 0243148 1513916 1550141 1882979 2587213 2825415 2825491 3274648
 0871261 1704632 1706817 2911692 0014806 1280500 1442458 1552109 2348382 1547282 0030685 0391871 0439180 0680255 1283071 1963578
 0150098 1706233 0036849 1442518 1511726 1705195 3245479 0444504 0871208 1521828 2347634 2348143 0007634 0243148 1550141 1882979 2587213 3274648 3282337 0439093 0443228 1704243 0205265 0439531 0439799 0702093 1279901 1555582 1705685 1706095 1948053 0439084 0728893 0439084 0450355 0728893 3272448 0064833 1414369 0027950 0030306 0699918 0014806 0014806 0539069 3271329 1707455
 0439531 1948053 0007634 3282337 0064833 1414369 0027950 0030306 0086418 0699918 0205171 0439044 0679994 0150312 0449450 0442711 1507394 1522729 2348563 0539069 0150312 0449450 3271329 0442711 1507394 1522729 2348563
 0871261 0014806 0150312 0449450 1515981 1705242 0442711 0022885 0039593 0392366
 0871261 1704632 1706817 2911692 1705242 0919414 1515981 0022885 0039593 0392366
 0442711 1507394 1522729 2348563 1549542 0243148 1550141 1882979 2587213 3274648
 0205132 1550648 1552960 0489879 0871208 1521828
 1707156 3274014 3541345 0392148 0014806
 1707156 3274014 3541345
 2347469 0243148 1550141 1882979 2587213 3274648 1707455 1274040 1546471 2825142 0007634 3282337 0370215 0014806 0392366 1442458 1552109 0539069 3271329 0596481 1999216
 1705241 1705242 0442711 0439531 1948053
 0205132 1550648 1552960 0489879 0871208 1521828
 1707156 3274014 3541345
 1707156 3274014 3541345
 0032456 0205198 1706082 1518422 0392747 0017906 0030685 0391871 0439180 0680255 1283071 1963578 0014806 0684224 0700287 3496591 1883351 1280519 1704419 1518422 0392747 0871261 1704632 1706817 2911692
 1553637 0871261 1704632 1706817 2911692 0014806 1442458 1515981 1552109 0681814 0007634 0205448 0370215 0884358 1269647 1704653 1948049 0022885 0039593 0392366 0014806 0150312 0449450
 3547407 0871261 1704632 1706817 2911692 0205171 0439044 0679994 1418549 1579194 0064833 0539069 0596481 1414369 0027950 0030306 0086418 0205171 0205369 0439044 0679994 0699918 1552740 1999216 3271329 0439531 1948053 1518422 0243148 1522609 1550141 1882979 2587213 3274648 0022885 0039593 0392366
 1514811 1706462 0064833 1414369 0027950 0030306 0699918 0015127 1524003 0030685 0391871 0439180 0680255 1283071 1963578 0007634 3282337 0585064 1067936 0205435 1279901 0030685 0391871 0439180 0680255 1283071 1963578 0205436 0457385 0565930 1561503 1705190 0351745 0030685 0391871 0439180 0680255 1283071 1963578 0205166 1706317 1517741 0007634 3282337 0332157 0014442
 1279919 0030685 0391871 0439180 0680255 1283071 1963578 0750489 1265611 1554108 1561573 0391871 1283071 0014442 0312860 1514721 1637379 2348147 3542016
 0205171 0442805 0449286 1704240 1705175 1705176 1705177 1705178 1720467 1882348 0086045 1446561 0205250 3163633 0030685 0391871 0439180 0680255 1283071 1963578 0750489
 0030940
 0014442 0014445 0026727 1546714 1880177 0449432 1705248 0030306 0699918 0312157 1563389 0030946 1622131 1947941 0086418 1515981 0178987 0458827
 0205177 0439167 0441655 1561536 0441889 0449286 0542560 1561545 2348088 0014442 0014445 0039815 0033417 0030685 0391871 0439180 0680255 1283071 1963578 0026682 0030946 1947941 1017431 1518422
 0014442 0014445 0015127 1524003 0030685 0391871 0439180 0680255 1283071 1963578
 0459205 0332307 1547052 0150312 0449450 0449416 0750558 1441547 1710571 3245521 0036536 0036537 0041236 0030306 0030274 0699918 0599779 0003062 0238767 1706086 3161035 0018557 0040578 0221908 1515981 2945595 0018557
 0205172 0205177 0439167 0441655 1561536 0014442 0014445 0150312 0449450 0205172 0332148 0750492 0026727 1546714 1880177 1290884 0012634 0441472 3266814 0064833 1414369 0027950 0030306 0699918 0178987 0458827 1180156 1182809 0014609 0205148
 2607943 2926606 3539655 0064833 1414369 0027950 0030306 0699918 1441672 0054868 1413814 0007428 0439267 0427861 0007585 0007634 0010453 1269647 1704653 1948049 0015859 0040578 1515981 2945595 3163999
 1518422 0441889 0012634 0150312 1301808
 1550608 1546724 0028429 0036537 0009443 0205214 1522138 3245511 0332256 2700400 0205177 0439167 0441655 1561536 0439855 1704241
 0030705 0038218 0449438 0450348 0441889 0064833 1414369 0027950 0030306 0699918 0147080 1704347 0024880 0006279 0189381 3641255 0005889 0022100 0205039 0302908 0444706 1442216 1521806 1546689 3541902 0030705 0237753 0449788 0441889 0282443 1425988 1709940
 0183683 1521721 0012644 0599779 0699949 0003047 0683033 0684309 0003062 0012634 0178987 0458827 1441547 3161035 3245521
 0012984 1280551 0332120 0442805 0036537 0597750 0798503 0805586 3274764 0123089 0311403 0596481 1999216
 0036945 1123019 0332157 0003320 0003954 0237607 0596545 0079043 3536811 0027950 1707520 0178987 0458827 0205177 0439167 0441655 1561536 0225585 0026727 0040578 0439830 1546714 1547053 2945595 0444868 3539085 0036764 0072348 0332161 0599946 1418544 0123089
 1314939 0030940 0030946 1947941 0746102 0008679 0024115 0012634 0024109 0205191 0819757 1278908 0282443 1709940 0332185
 0030685 0391871 0439180 0680255 1283071 1963578
 0205265 0557651 1279901 1555582 1705685 2603343 0439086 2827736 2981702 0332128 0686907 0178987 0458827 1552738 1711200 0332307
 0205435 1279901 0544958 3536796 0541642 1515926 0007634 3282337 0205436 0457385 0565930 1561503 1705190 0392756 0547047 1517945 0205117 0332282 1883708 0037640 0014609 0506994 0007634 0026727 0359583 0439708 3282337
 0557651 2603343 0017906 1547282 0332157 0274281 0015127 1524003 0392756 0547047 1182809 2324423 1179002 0440431 0018557 0040578 0205148 2945595 0014609
 0205474 0947630 0205396 1550043 1551388 0337051 1509144 2349200 0699040 0007603 0064833 1414369 0027950 0030306 0391871 0699918 1283071 0064833 1414369 0027950 0030306 0699918 0377149 0030946 1622131 1947941 0079613 0205449 1272751 2828361 0074477 3538777 0450355
 0030685 0391871 0439180 0680255 1283071 1963578 1518422 0064833 0678226 1414369 0027950 0030306 0086418 0441472 0597304 0699918 1947941 2987476 3146286 3266814 0064833 1414369 0027950 0030306 0086418 0441472 0699918 0243102 1264638 1547012 0205177 0439167 0441655 1561536
 0205447 1709305 2745955 0064833 0678226 1414369 0870672 0027950 0030306 0086418 0205250 0349590 0567416 0699918 1262865 1527178 2987476 3146286 0022171 1552961 2347617 0237753 0449788 0024337 0205148 0332157 1521991
 0064833 1414369 0027950 0030306 0699918 0071526 0079613 0033684 0007603 0332281 3161472 0699040 0007634 0025255 0596901 1269647 1704653 1706182 1948049 1704675 0086486 0205370 0237897 0702240 0750540 0808080 1272695 1705922 2746065 0205171 0439044 0679994
 0030685 0391871 0439180 0680255 1283071 1963578 0349966 1337208
 2827734 2981698 0332290 1265611 1554108 1561573 0064833 1414369 0027950 0030306 0086045 0086418 0391871 0699918 1283071 1446561 3641650
 0449247 0040223 0750729 3541383 0332290
 0439526 0030306 0699918 2827734 2981698 0391871 1283071 0026682 0205148 0007600 0007635 3282338 0014597 1273342 0007634 0040578 0221908 2945595 3282337
 0332157 0274281 0071526 0030685 0391871 0439180 0680255 1283071 1963578 0040704 0205374 0349966 1337208
 0750558 1710571 0064833 1414369 0027950 0030306 0699918 0079613 0071526 1999216 0028778 0332206 2983591 0030685 0391871 0439180 0680255 1283071 1963578
 0220281 0439394 1706495 3642217 1145667 1167622 0064833 1414369 0027950 0030306 0086418 0205242 0205332 0699918 1521805 0453903 0205095 0004600 0014442 0270814 0460009 0600080 1995000 0205681 0600499 0007382 0205145 1515974 2825164 0439084 0728893 0037640 1301751 1280500 2348382
 0017906 0040704 0205374 0750501 0205393 0332148 0750492 0026682 0057628 0225585 0699040 0225587 0333853 1279403 0007634 0026727 0040578 0205148 0205242 1269647 1285092 1546714 1704653 1948049 2945595
 0064833 1414369 0027950 0030306 0699918 1514873 1883351 0030685 0391871 0439180 0680255 1283071 1963578 0026682
 0205265 0871208 1279901 1521828 1555582 1705685 0079809 0242485 0042153 0086045 0205134 0457083 0871261 1446561 1704632 1706817 1947944 2911692 0449719 0030685 0391871 0439180 0680255 1283071 1963578 0205134 1518422 0025663 0449851 0521116 0871511 1514893 1705970 2699488
 1522427 0871208 1521828 0040704 0205374 0014442 1514893 2699488 0868928 1706255 1706256 0871208 1521828 0205217 0442805 1709707 0086045 1446561
 0079809 0242485 0439849 1705630 1706279 3540605 0030685 0391871 0439180 0680255 1283071 1963578 1547282 0439849 1705630 1706279 3540605
 0079809 0242485 0349966 1337208
 0450354 1706096 0443238 0442805 0064833 1414369 0027950 0030306 0086418 0699918 0086045 1446561 2347813
 0450354 1706096 1515051 0370003 2347026 0936012
 1550608 0030685 0391871 0439180 0680255 1283071 1963578 1515051 0205435 1279901 0442726 1511790 0205197
 0030685 0391871 0439180 0680255 1283071 1963578 0007634 3282337 0442726 1511790 1514721 2348147 3542016 0064833 1414369 0027950 0030306 0699918
 0011546 0439857 2698668 0030685 0391871 0439180 0680255 1283071 1963578 0332290 0017906 1515981 1527121 0007634 3282337
 0015283
 0064833 1414369 0027950 0030306 0699918 0015127 1314792 1524003 0015283
 0234621 0242940 0064833 1414369 0027950 0030306 0699918 0015127 1314792 1524003 0237753 0449788 0007603 0225587 1279403 3161472 0007600 0007635 0025255 0427861 0440744 1179405 1179412 3282338 0007634 0040300 0040578 0086418 0596901 1269647 1285092 1547928 1555715 1704332 1704653 1706182 1948049 2945595 3282337 0007634 3282337 1883351 0567305 0302523 0391871 0439531 0700325 0702093 1283071 1948053 1964257
 2964353 0349966 1337208
 0450345 0332290 0870731 0871208 1521828 1547014 1948059 0064833 1414369 0027950 0030306 0699918
 0871208 1521828 1882932 1301862 1334347 0017906 0702093 1517945 1698986 0871208 1521828 0547044 0700321 0064833 1414369 0027950 0030306 0086418 0699918 0015127 1524003 0439531 1948053
 0332149 1705910 2362652 0064833 1414369 0027950 0030306 0699918 1280519 1704419 0506994 0007634 0026727 0439708 3282337 0080103 0205345 1547039 1179186 0007634 0440743 3282337 0441712 1706376 0439801 1549649 2349209 0030685 0391871 0439180 0680255 1283071 1963578
 0037791 1511884
 0441472 0205370 0750540 0010957 0040300 1547928 1883709 0441472 0205369 1552740 1280500 1518422 0205397 0054868 1413814 0007428 0030940 0030946 0439267 1334043 1947941 0067033 1335267 0030946 1622131 1947941 0030685 0391871 0439180 0680255 1283071 1963578 3538777 0023516 0450355
 0868928 1706255 1706256 0015283 1179186 0031327 1524059 0441712 1706376 0439673
 0086045 0869040 0150312 0449450 0557651 1273517 2603343 0205410 0205411 0015127 1524003 0017906 0030685 0205148 0391871 0439180 0680255 1283071 1298908 1549444 1963578 0442805
 0024348 1536403 1547282 0337051 1509144 2349200 1709843 0439531 1948053 0007634 3282337 0443348
 0086045 0869040 0557651 1273517 2603343 3244315 0038056 0205397 0030705 0010674
 0021467 0021469 1628982 3463820 0220281 0439394 1706495 3642217 0309872 0030685 0391871 0439180 0680255 1283071 1963578
 1707689 2983265 0220281 0439394 1706495 3642217 0205369 1552740 3463820 0033147 0064833 1414369 0027950 0030306 0699918 0439084 0728893
 0220281 0439394 1706495 3642217 0539069 3271329 1280500 0014806 0684224 0700287 3496591 1883351 0018790 0237477 0392351 0521111 0036536 0036537 0021135 1533691 2827718 1883351 0018790 0237477 0392351 0521111 0036536 0036537
 0681814 0014806 1301751 1280500 2348382 0030685 0391871 0439180 0680255 1283071 1963578
 0750558 1710571 0079613 1280500 2348382 0018790 0237477 0392351 0521111 0441472 3266814
 1707478
 0428763 0040223 1514893 1706463 2699488 3541383 0332149 1705910 2362652 0042789 1947903 0449774
 0064833 1414369 0027950 0030306 0699918 0079613 0086045 0205251 1299352 1550472 0030685 0391871 0439180 0680255 1283071 1963578 1265611 1554108 1561573 2362652 1704675 0699040 0205148 0007603 3161472
 0086045 0064833 1414369 0027950 0030306 0699918 0015127 1314792 1524003 0030685 0391871 0439180 0680255 1283071 1963578 1456849 0007634 0332148 0333262 0750492 1269647 1698986 1704653 1948049 1412113 1516077 0702093 0871208 1521828 1518422 0175566 0425452
 2986676

 0031831 1707664 2348314 3540849
 0042462 1135440 1254351 0011198 0017480 3541240
 2825232 0043227 0582517 1521721 0004446 1515947 0004083 0024109 0439849 0596070 0596306 0699792 0819757 1278908 1513899 0013146 0013227 0018173 0021622 0562381 1254351 1272753 1548284 3245503 0018787 1281570 0024109 0819757 1278908 0005767 0005768 0018173 0021622 0229664 1272753
 0010186 0220812 0449719 1709471 0220808 0680264 0007961
 1706852 0522501 1706089 0949214

 0376649 1442065 0282413 0031842 0031843 0005553 0041740 0565990 1552471 0205099 0205476 0039676 2349943 3539704 0013849 1705961 0024492 1538057 1547565 0059804
 1514756
 0205088 0348078 0376315 1272684 1522492 1546485 1548435
 1514811 1706462 0557061 2584313 1514811 1706462 2827734 2981698

 1179186 0007634 0440743 1269647 1704653 1948049
 0439073 0439082 2347961 0439073 0439082
 0740116 2827735 2981700
 0085910 0429863 3537219 3539772 1549972
 0030940 0030946 0030685 0391871 0439180 0680255 1283071 1963578 1513715 0026682 0057628
 0150312 0025141
 0439086 2827736 2981702
 0205090 0684010 2603358 0337445 0018229 1423073 1427674
 0200760 0002778 0936012 1524024 1547282 0012621 0030685 2926602 0332283 0886515 0010837 0205329 0993609 1327616
 0205535 0451119 1444662 2347961 0025141

 0205090 0684010 2603358 0337445 2951520 0018229 1423073 1427674
 0064833 1414369 0027950 0030306 0699918 0015127 1314792 1524003 0030685 0391871 0439180 0680255 1283071 1963578 0029205 0010453 0178784 0220814 0430400 2242979
 0205535 0451119 1444662 2347961 0025141
 0439084 0728893
 1550751 1708595 3280986 0332174 0439230 0022773 0597277 1708601 1822658 0582525 0033727 0369286 0441932 0564385 3538806 0039462 1705540 3642216 0022772 1881334 0020283 0450407 0450408 0450409 1418867 1518860 1552158 1275573 3539739 3542920 0022337 0043038
 0243178 0871161 1292721 1999216 0064833 1414369 0030306 0699918
 0041703 0268596 0439083 0439087 1418943 2700624 3642273

 0439267
 0035820 1705810 0021376 0021368 0205191
 0205535 1947933 0025141

 0145779 3540468 0022337
 0064833 1414369 0027950 0030306 0699918 0032930 1444748 0036536 0036537 0007634 3282337 0000857 0600678 1552863
 0205535 1947933

 0145779 3540468 0597277 1708601 0022337
 0237858 1327616 0036536 0036537
 2346604 0007634 0024109 0027960 0324740 0439189 0819757 1269647 1278908 1456781 1704653 1824986 1948049


 0021368 0746885 0681850 1550501 1706203 2349001 2697811 0349790
 0002111 0020517 0489531 1314973 1315013 1517844 3539909 0025141

 0442999 1621797 0205090 0684010 2603358 0205090 0684010 2603358 0369637 0441923 0439267
 0030306 0699918 1142652 0033684 0205171 0439044 0679994 1273518 0006034 0006033 0162388
 0439663

 0035190 1412791 3539565
 1707455 0458580 1283926 0040811 0450123 0699032 2362913 0024554 0025266 0086418 0003062
 0027976 0268596 1879958 2700624 3642273 0025141


 0014806 0018790 0237477 0392351 0521111 1532372 0036536 0036537 0021135 1533691 2827718
 0205535 0451119 1444662 2347961 0025141

 0369637 0441923 0597277 1708601
 0205177 0439167 0441655 0597304 1561536 1947941 0033607 0030705 0009443 0205214 1522138 3245511
 0025141

 0337445
 0225603 0030306 0205263 0699918 0018557 0700364
 0450355 0025141

 1418867 1518860 1552158
 0067033 1335267 2717971 0030940 0030946 0036720 0057256 0024117 1847014 2945684 1280500
 0205535

 0369637 0441923 0022337 0369637 0441923 0369637 0441923
 0392747 0443172 0015283 0064833 1414369 0027950 0030306 0205263 0699918
 2347379 0025141

 0022575 1705783 1552154
 1524063 0042153 0457083 1947944 0557651 2603343 2610948 1523071 0851285 1327622
 1417055 0025141

 0022575 1705783 0597277 1708601 2951520 0454673 1550752 1552154
 0064833 1414369 0027950 0030306 0699918 0030685 0391871 0439180 0680255 1283071 1963578 0026682
 0041703 0268596 1418943 2700624 3642273 0000857 0600678 1552863

 0369637 0441923
 0026727 1546714 0026687 0449297 1382187 2825073
 0205535 0451119 1444662 3541329 2827734 2981698

 0369637 0441923 2951520 0043038
 1280500 0064833 1414369 0027950 0030306 0699918 0033607 3536890 0030946 1947941 1999216 0012984 1280551 1515655 0000857 0600678 1552863
 0205535 1947933

 0242397 2986904 3541314 0006100 1537501
 1523071 0851285 1327622 0040578 1278905 3146235
 0460004 0018670 0027530 1281590 1281592 1706305 3541227 0025141

 1549972
 0030940 0030946 0030685 0391871 0439180 0680255 1283071 1963578
 1315013 0025141
 0450348
 0021966 0221138 0558269 1552984
 0151683 0038218 0449438
 0205535 1947933


 0023206 0871161 1292721 0542341 0185125 0013227 0025118
 0027976 0205314 1510747 1550724 3242376

 1549972 0268060 1415529
 1280500 2348382 0030685 0391871 0439180 0680255 1283071 1963578 0026727 1546714 0007450 0325089 0010453
 0205535 0025141

 0369637 0441923 0033727 0369286 0441932 0564385 0022337 0369637 0441923
 0064833 1414369 0027950 0030306 0699918 0033414 0015283 0695434
 2346604 0007634 0027960 0205535 0324740 0439189 1269647 1456781 1704653 1824986 1948049

 2951520 0337445 0205090 0684010 2603358 0018229 1423073 1427674
 0036734 2717971 0030940 0030946 0036720 1947941 0030685 0391871 0439180 0680255 1283071 1963578
 0022877 1315013 0025141

 0337445 0205090 0684010 2603358 0021966 0221138
 0030306 0699918 0003320 0031847 0205263 0277785 1880177 0178987 0458827
 0205535 1947933 0000857 0600678 1552863

 0032863 0006409 1824728
 0037791 1511884 0064833 1414369 0023516 0030306 0086418 0699918 0054868 1413814 0007428 0439267
 0021467 0021469 1628982 3463820
 0025141
 0450355
 0439114
 0036667 0312418 0427965 1511883 1522640 2346484 2349185 0064833 1414369 0027950 0030306 0699918
 0005767 0005768 0229664


 0031847 0277785
 0086047
 0021368 0268060 1415529
 1144859

 0369637 0441923 1418867 1518860 1552158 0205090 0684010 2603358
 2259155 1292856 1948023 0086418 0178987 0458827
 1858559

 0022575 1705783 0033993 3539616
 0036522 1508748 0169911 0205436 0335218 0457385 0565930 1561503 1705190 1518422 0030946 0178987 0205263 0458827 1285092 1314939 1622131 1947941
 2346604 0007634 0024109 0027960 0324740 0439189 0819757 1269647 1278908 1456781 1704653 1824986 1948049

 0033993 3539616
 0064833 1414369 0027950 0030306 0699918 0054868 1413814 0007428 0439267 0237858 1327616 0036536 0036537
 1315013 0025141


 0035820 1705810 0036536 0036537 0040578 1278905 3146235
 1858559 0025141

 2603360
 0024117 1847014 0600260 0008679 0746982 0024115 0012634 0024109 0205191 0549186 2707265 2709248
 0036536 0036537 0178499 1626935 0868955
 0027976 0205314 0369773 2603361


 0597277 1708601 0597277 1708601
 0014806 0018790 0237477 0392351 0521111 1327616 0036536 0036537
 0205535 0000857 0600678 1552863


 0678594 0031843 0542341 0700205 1705273 0243148 1550141 1882979 2587213 3274648
 0025141
 0439509
 0369637 0441923 0439267 0439267 0439267
 0475264 1744691 0178987 0458827 0030705 0010674 0016059 0205207 0007585 0007634 0010453 0220814 0430400 1269647 1510802 1515981 1704653 1948049 2242979 3161035 1510803
 2346604 0007634 0027960 0205535 0324740 0439189 1269647 1456781 1704653 1824986 1948049

 0369637 0441923 0337445
 0449297 1382187 2825073
 0205535 1947933 0025141

 0268060 1415529
 0851285 1327622
 0205535 0442761 0439086 2827736 2981702 0025141

 2945617 0022337 0145779 3540468
 0034826 0026815 0597357 2610947 0036536 0036537 0040578 1278905 3146235
 1858559

 0520702 0268060 1415529
 0002778 0936012 1524024 3538926
 0442530 0027971
 2346604 0007634 0024109 0027960 0324740 0439189 0819757 1269647 1278908 1456781 1704653 1824986 1948049 0009993 1552856 0037455 0205463 0596070