 0206745 0025914 0025929 0026809 0015272 1158919 0030011 1291138 0004153 0369637 0441923
 0402830
 0016327 0439133 1553038



 1704729 1704729 0086345 0017398 0017399 1521991 0587487 1704729 0036397 0021622 1272753 0024015 0006754 3146274 1293097 2919030 2919031 0025519 0025520 1704729 0006754 0041740 3146274 1826357 1555265 0006754 3146274 0021622 1272753 0152036 1522005 1826357 0006754 3146274 0034036 0034037 1514756 1704324 0348078 0376315 1515981 1522492 1527075 0557061 2584313 1514811 1706462 0052451 0163401 0150312 0449450 0018790 0237477 0392351 0521111 1158919 0030011 0023823 0004153
 3146294 0206745 0025914 0025929 0026809 0243148 1550141 1882979 2587213 3274648 1707455 1563937 1158919 0030011
 0221198 0025914 0025929 0026809 0332128 0439231 0439507 0580836 0342895 0012155 1442959 1519433 2983588 0221198 0025914 0025929 0026809 0332128 0439231 0439507 0580836 0342895 0521974 0301585 0012155 0205250 0424612 1299351 1442959 1519433 2700149 2983588
 0868928 1533148 0206745 0025914 0025929 0026809 0015272 0004153 0442805 0243148 1550141 1882979 2587213 3274648
 0332128 1158919 0030011 0023823 0449297 1382187 2825073 1515655 0025914 0025929 0026809 0332282 0031227 0243127 0443331
 0449297 1382187 2825073 0023823 0015663 0456962 1707455 0243148 1550141 1882979 2587213 3274648
 0871208 1521828 0206745 0025914 0025929 0026809 0243148 1550141 1882979 2587213 3274648
 1265611 0023823 0065063 0023820 0178587 0205103 0205227 0205250 0205251 1299352 1550465 1550472 2827755 3163633 0206745 0025914 0025929 0026809 1707455 0243148 1550141 1882979 2587213 3274648
 0185117 0166418 1418776 0600434 0597357 0752063 1879547 2984308 0034821 0206745 0023884 0025914 0025929 0026809 0205173 0205250 0560617 1522225 1705764 1705765 3163633 1517914 1707455 0243148 1550141 1882979 2587213 3274648
 1511726 3245479 0011155 0162429 1623416 0033414 1158919 0030011 0023823 1563937
 0557061 2584313 1514811 1706462 0023823 0023820 0178587 0205251 1299352 1550472 0023823 0023820 0178587 0205251 1299352 1550472 0030011 1441414 1553874 1578820 1883351 0032214 0600138 0035820 1705810 2827734 2981698
 0507850 0677535 0023823 0023820 0178587 0205251 1299352 1550472 1883351 0392747 1554963 2936592 0439084 0728893 0027021 0440053
 0007585 0010453 0220814 0430400 2242979 0348035 0023823 0023820 0178587 0205251 1299352 1550472 0030011 1171362 0185117 0079784 1524095 0009392 0079460 0024432 0439158 1521761 1947989 1948023 2827422 0442805 0243122 1145667 1167622 0444868 3539085 0033414 1705654 1883067 1159946 0007589 1511938 2945687
 0024432 1546706 1550652 0441889 0074129 0017108 0332307 0597357 1003377 1547052 0108799 1413234 0348035 0023823 0023820 0178587 0205251 1299352 1550472 0030011 0023823 0023820 0178587 0205251 0302891 1299352 1550472 0016390 0007634 0280592 0991510 3282337 0729650
 0947630 1524063 0392747 1709305 2745955 2986594 3161035 0521093 0750484 0035820 0023823 1158919 0023820 0030011 0178587 0205251 1184743 1299352 1314939 1522240 1550472 0021368 0024432 0031843 0542341 0700205 1705273 1563937
 1550608 0033626 0011155 0162429 1623416 0128897 1337092 1522558 0033626 0011155 0162429 1623416 0253486 3538748 1413188 3538748 0023175 0181586 0522501 0547047 1442948 1522538 1706089 2348269 3275067 0221198 0333482 1546698 0025914 0025929 0026809 0456389
 1709305 2745955 0025914 0025929 0026809 0332268 0079784 1524095 0009392 0079460 0024432 0439158 1521761 1947989 1948023 2827422 0015272 0220781 0439634 1522492 0025914 0025929 0026809 0019425 0221198 1546698 0205170 0456389 3146287
 0441729 0021966 0221138 0025914 0025929 0026809 0221198 0333482 1883047
 0025914 0025929 0026809 1259205 0441889 0004358 0023823 0023820 0178587 0205251 1299352 1550472 0449453 0456389 1520150 1883559 0025914 0025929 0026809 0332307 0445392 1547052 1707455 0332290 1158919 0030011 0023823 1563937
 0442808 0332120 0015264 1280500 1158919 0030011 0023823 0450348
 0014442 0014445 0205448 1551058 0052451 0163401 1418625 0032172 1979795 0005821 1521761 1879547 2827422 1547282 1883351 0309872 1157478 0220781 0439634 1522492 0021135 1533691 2827718
 0052451 0163401 0033684 0332281
 0205435 1279901 0085732 0205396 1550043 1551388 0025516 0021580 0021576 0031701 0450355 0052451 0163401 0032214 0600138 0035820 1705810 1515655
 0439234 0052451 0163401 1547282 1883351 0018790 0237477 0392351 0521111 1158919 0030011 0023823 0021135 1533691 2827718
 0597152 0023779 0052451 0163401 0681205 0580272 1519043 2827734 2981698 0439084 0728893 0031716 0910041 0031716 0740116 2827735 2981700 0439084 0728893 3539520 0031716 0740116 2827735 2981700 0065015 0020281 0055556
 0052451 0163401 0681205 0020281 0020275 0031180 0523702 0885426 0020281 0162772 0030054 0205332 1705920 0242606 0038435 0311404 1563937 1705535 1151518 0205177 0439167 0441655 1561536
 0678951 0032529 0332281 0035647 0010054 0010068 1956346 0205042 0852949 1269008 0003842 0012634 0018787 0226004 1999230 0332120 0439509
 1883351 1292732 0035820 1705810 0025914 0025929 0026809
 0206745 0025914 0025929 0026809 0700359 0040539 0600688 0206745 0025914 0025929 0026809 0052451 0163401 0205409 0560617 1522225 1548221 0231175 1883351 0309872 1158919 0030011 0023823 0507850 0282547 0007585 0007623 0003842 0007634 0010453 0205263 0220814 0226004 0430400 0677535 2242979 3161035 3282337
 0206745 0025914 0025929 0026809 0025921 0025914 0025929 0026809 1706907 0006159 1704650 0342895 0012161 0012155 1442959 1519433 2983588 1563937 0221198 1883559 0052451 0163401 0332307 0445392 1547052 1707455
 1948052 0231448 0231449 0439792 0947630 2986594 3161035 0015272 0004153 1158919 0030011 1291138
 0003595 0523511 1412481 0086597 0243144 0347980 0015252 0728940 1976850 3272697
 0206745 0025914 0025929 0026809 0015272 1272107 1522133 0201950 0428466 0441889 1883559 0332307 0445392 1547052 1707455 0221198 0333482 0242970 1550569 0301585 0012155 0205251 0324335 0424612 1299352 1314677 1550472
 0004153 0003595 0206745 0003591 0025914 0025929 0026809 0560617 1522225 0700364 1883351 0851827 1701901 3244310 0332256 2700400 0003316 0474521 0475208 0003316 0023823 0023820 0178587 0205251 1299352 1550472
 1514468 0003595 0023820 0206745 0003591 0025914 0025929 0026809 0175630 0442726 0560617 1511790 1522225 0205170 3146287
 0332290 0206745 0025914 0025929 0026809 0004153 0042874 0392148 0020443 1522133
 0150312 0449450 0557651 2603343 0205203 0026882 1705285 0332128 1280500 0220781 0439634 1522492 1948050 2348792 0040223 3541383 1552961 2347617 1524063 0012155
 1158919 0030011 0017262 0185117 1158917 0023820 0025519 0025520 1314939 0030011 0025914 0025929 0026809
 0557061 2584313 1514811 1706462 0025914 0025929 0026809 0012155 1442959 1519433 2983588 0206745 0025914 0025929 0026809 1552738 3146294
 0206745 0025921 0025914 0025929 0026809 0022877 0869011 3244292 0475311
 1883351 1301820 1706701 2828360 0036849 1442518 1705195 0332283 1719822
 0206745 0025914 0025929 0026809 0025921 0017296 0314603 1706907 0003595 0206745 0003591 0025914 0025929 0026809 0205203 0560617 1522225 1706907 1301820 1706701 0025914 0025929 0026809
 0025914 0025929 0026809 0003595 0206745 0003591 0025914 0025929 0026809 0560617 1522225 1301820 1706701 0206745 0025914 0025929 0026809
 0206745 0025914 0025929 0026809 1883708 1883351
 0025914 0025929 0026809 0332257 0681814 3538986
 0025914 0025929 0026809 0301585 0012155 0324335 0424612 1314677 1442959 1519433 2983588 0043084
 0947630 0220781 0439634 1522492 0923282 0040811 0699032 2362913 0025914 0025929 0026809 0424612 1707719 0012155 1442959 1519433 1705493 2983588 0043193 0012155 1314677 1442959 1519433 2983588
 1285573 0032520 0677874 1273517
 1285573 0017337 0206415 1273517
 0162326 0332283 1719822 0079613
 0439084 0728893 1516476 3540513
 0050397 0077072 0439084 0728893 1167383 1420714 1428097 1861305 2697657
 1273517 1883351 0002085 0332255 1708096
 1273517 1883351 0002085 0332255 1708096
 0032520 0677874 0206243 0699809 0032520 0439787 0449913 0677874 0849355 1553451 1704459 0008848 0242298 0344349 3262831 1524063 1709697 2728259 3484370 0227073
 1285573 1412481 1445865 0017337 0003595 0206415 1273517 0022877 0034866 3244292 0475311 0037293 0054868 0181496 0439084 0728893 1455888 1516476 1710492 3540479 0179630 0439084 0728893 1421391 1428265 1705968 3538813 1516476 0079613 0677634
 0175723 0439645 1521913 0230715 0175723 0439645 1521913
 0032520 0677874 0206243 0699809 0439787 0849355 1524063 1709697 2728259 3484370 1552738 1282910 1552828 0442818
 0002778 0936012 1524024 0221198 0333482 0936012 1552738
 0681205 0449719 0003483 1278934 1301820 0205198 1706082 1707903 1698986
 0031082 0085188 0549113 0003483 0040452 0242726 0439659 1318154 1705917 0012751 1516695 1516698
 0205155 1293097 1522472 1552923 1705191 0069388 1294000 0028908 0332575 1260956 1517288 2986582 0018964
 0205146 0003501 0150108 0430389 0026018
 0444504 1522609 2347634 2348143 0205155 1293097 1522472 1552923 1705191 1883708 0444686 1441506 1443182
 0002778 0936012 1524024 1278934 0003483 2985643 0025664 0184661 0680240 0884358 2700391 1552738

 0185023 0728733 1522662 0003483 1278934 0205239 0439787 0849355 0175566 0018787 1281570 0020887 0005680 0027567 0043076 0085756 0085999 0439541 0740486 0175718 1704584 0074127 1272892 1875408 1282434 0037633 0038642 0525069 2986582
 1704254 1704922 3542466 1524063 0179547 0042655 0179533 1654607 1706254 3463807 0200765 0002778 0936012 1524024 1704254 1704922 3542466 0884358 1524063 1709697 2728259 3484370 0010521 0037125 0241232 0947651 1305285 1318876 1705204
 0017446 0205146 0221198 0333482 0439844 1999244 1278934 0003483 0017446 0205146 0332849 0439751 0444667 0444686 1441506 1443182 1707455
 0005507 0243073 1510438 0008559 0008550 0016107 0017243 1382104 0243114 1998793 0025914 0025929 0026809 0015663 0456962 0019080
 1278073 0023779 2717977 0005507 0243073 1510438
 0444263 0370003 2347026 0599209 1979893 1552738
 0523560 2827734 2981698 2827734 2981698 0023823 0023820 0178587 0205251 1299352 1550472 2827734 2981698 0205409 1548221 1548958 1705294 0041609 1524063 0025914 0025929 0026809 1709595 2349200 1552738 0332152 1705850
 0003402 0013618 0006507 0144208 0030946 1947941 0032188 1999216 1418625 0032172 0031493 0016327 0150312 0449450 0309872 0030011 0021135 1533691 2827718 0392747 1554963
 0023823 0023820 0178587 0205251 1299352 1550472 0013618 0205409 0392148 1548221 0041609 0025664 0184661 2700391
 0002778 0936012 1524024 0023820 0439267 0023779 0185115 0684295 1273517
 0023779 0016576 0885348 0001128 0043047 0050456 0202406 0599638 1550678 1549535 0560268 2349105 0439070 1705160 1720154 0205174 1708938 0179038 1706246 0002778 0936012 1524024 0031676 1552738
 0012456 0205102 1273517 1442989 1553872 1619620 2828392
 0522510 0024360 0031716 0031716 0022203 0205102 1442989 1553872 1619620 1707455 2828392 0012456 1524063 0037585 1999230 0012456 0023820 0205163 0439185 0439212 0439267 0444686 1441506 1443182 1515273 1705313 2826302
 1148554 0348035 0023823 0023820 0178587 0205251 1299352 1550472 0030011 0474521 0475208 0023823 0023820 0178587 0205251 1299352 1550472 0206745 0025914 0025929 0026809 0014441 1552738
 0023823 0023820 0178587 0205251 1299352 1550472 0023823 0023820 0178587 0205251 1299352 1550472 1709027 1511276 1552825 0005971 1139930 3537155 0003320 1439852 0079240
 1883708 0442726 1511790 1524063 2754943 0003241 1524063 0449851
 1511726 3245479 0023693 0080103 0205345 0439148 1306462 1519795 1547039 1881376
 1158919 0030011 0947630 0023823 0023820 0178587 0205251 1299352 1550472 0041609 0205409 1548221 0392148 0013618
 0332173 0439228 0439505 0023823 0023820 0178587 0205251 1299352 1550472 0991865 0006353 0031603 0031701 0036082 0439583 1601799
 0025914 0025929 0026809 0019080 0205548 0021485 1272883 1533685 1828121 1883708 0023823 0023820 0086418 0178587 0205251 1299352 1550472 1720154 2985205 0042449 1278960
 0025914 0025929 0026809 0740116 2827735 2981700 0456696 1442770
 0444263 0370003 2347026 0013618 1698986 0005507 0243073 1510438
 0444263 0370003 2347026 1883708 0201709 1510438 0020980 0021060 0449851 0005507 0243073 1265611 0023823 0023820 0178587 0205251 1299352 1550472 0032105 1550098 1265611 2612459 0023823 0023820 0086418 0178587 0205251 0332297 0597177 1145667 1167622 1299352 1550472 1689898 2349209 1265611 2612459 0023823 0023820 0086418 0150312 0178587 0205251 0449450 0597177 1299352 1550472 0003241 0021027 0442726 1511790
 0005507 0243073 1510438 0032105 1550098 1709027 0005971 1139930 1524062 3537155 0205170 0003250 0003241 0021027 0746619 1522408 0205369 1552740
 0407295 0439526 0991865 0006353 0031603 0031701 0036082 1601799
 0003241 0021027 1518422 0442726 0023823 0023820 0178587 0205251 1299352 1550472
 0079240 1948037 1524062
 0681814 0079240 1948037 0423896 0456205 1518422 0023175 0243122 0522534 1145667 1167622 1442948 1522538 2348269 3275067
 1883351 0423896 0456205 0003242 0003250 0003241 0021027 0746619 1524062
 0003241 0021027 0205145 1145667 1167622 1515974 2825164 0003593 0443299
 0005456 0682969 1149323 0205145 0243122 1145667 1167622 1515974 2825164 1265611 0332297 1145667 1167622 1689898 2349209 1882932 0237753 0449788 0332297 1145667 1167622 1689898 2349209
 1883351 1265611 0023823 0023820 0178587 0205251 1299352 1550472 0003250 0450382 0036849 0443299 1442518 1524062 1705195 0205170
 0031676 0202177 1145667 1167622 0030011 0031716
 1883351 0442726 1265611 0023823 0023820 0086418 0178587 0205251 0332297 1145667 1167622 1299352 1550472 1689898 2349209 0051979 2754997 0003241 1524062
 0005507 0243073 1510438 1265611 0423896 0456205 1882115 1522609
 0444263 0370003 2347026 0205174 0005507 0243073 1510438
 1511726 1552961 2347617 1882932 1522609 0025914 0025929 0026809
 0204727 0205409 0220862 0005861 1621557 1709269 0599161 0200931 0032520 0677874 0002778 0936012 1524024 0035668 0205409 1548221 1524063 0034760 0039421
 0005861 1621557 1709269 0884358 1552738
 0182400 0020202 1273517 1300517 1514468 1704444 0017337 0332255 1708096 0332255 1708096 0009013 1522642 0332255 1708096 0009013 1522642
 1709793 0005861 1621557 1709269 1524063 0596957
 0002778 0936012 1524024 0035696 0017337 0599161 0032520 0677874 0205435 1279901 1704972 1704973 0006556 1555029 0035668 0439175 0439810 1524063 0449913 1553451 1704459 0039421
 0006556 1883708 0728990 1273517 1514575 1705542 0599161 0032520 0677874
 1709697 2728259 3484370 0227073 0332283
 1709697 2728259 3484370 0599161 0032520 0677874 0227073 0332283
 0206415 0599161 0032520 0677874 1709450 0332283 1719822 0166418 1418776 0600434 0597357 0752063 1879547 2984308 0456389 0439084 0439267 0728893 1420714 1421391 1428265 3539168 0175754 0282160 0439084 0439267 0728893 2699751 3537219 3541413
 0456389 0220668 0266539 0337445 0439084 0728893 1420714 0041405 0179630 0266539 0439084 0677634 0728893 1455888 1705968 1824670 3272447
 0456389 0439084 0728893 3537219 0037293 0149561 0179630 0181496 0439084 0728893 1705968 1710492
 1413218 0456389 0179630 0439084 0728893 1455888 1705968 0077072 0179630 0439084 0728893 1167383 1421391 1428265 1705968 1861305
 1414968 3536868 0017855 2260086 0017854 0030016 0031603 0031701 1515981 1601799 0456389 1420223 0626910 0007450 0018370 0325090 0439084 0524517 0728893 1420714 0041405 0085758 0175754 0282160 0439084 0728893 1415587 3536819 3541413
 1514468 1706746 0017243 0036681 1382104 1979893 0332583 2986582 0026381 0182400 0441633 1524063 0183115 1710020
 1265611 0017243 0332257 3538986 0441513 0205134 1709793 1514468
 0557061 2584313 1514811 1706462 0206745 0025914 0025929 0026809 0206745 0025914 0025929 0026809 0003595 0206745 0003591 0025914 0025929 0026809 0560617 1522225 0025914 0025929 0026809 0332268 0052451 0163401 0003595 0003591
 0557651 2603343 1707689 2983265 1883351 0024501 1512692 0439073 0439082 0596615 0017296 0314603 1706907 1280500 0599883 1427926
 0005910 0043100 1305866 1705104 0424575 0018684 1705242
 0206745 0025914 0025929 0026809 0004153 0206745 0003595 0025914 0025929 0026809 0523511 0560617 1412481 1522225 1707455 0243107 0678723 1527148 0238767 1279919 1706086 0870411 0205179 1306673
 1883351 1280500 2348382 0243107 0678723 1527148 0206745 0025914 0025929 0026809 0025914 0025929 0026809 0301585 0012155 0324335 0424612 1314677 1442959 1519433 2983588 0001779 0681205
 0449453 0456389 0025914 0025929 0026809 0552389 0016741 0003501 0230467 0741204
 0206745 0025914 0025929 0026809 0428817 0278458 1279493 0205146 0205155 1293097 1522472 1552923 1705191 0003595 0003591 0560617 1522225 1707455 0205155 1293097 1522472 1552923 1705191 0369773 2603361 0349966 1337208
 0221198 0333482 0025914 0025929 0026809 0332128 0521974 0301585 0012155 0205250 0424612 1299351 1314677 1442959 1519433 1705493 2700149 2983588
 0221198 0923282 0003483 0040811 0332128 0444667 0699032 2362913 0449851
 0206745 0025914 0025929 0026809 0278458 1279493 0205146 0003595 0206745 0003591 0025914 0025929 0026809 0560617 1522225 1707455 0349966 1337208 2347469
 0004153 0003595 0206745 0003591 0025914 0025929 0026809 0052451 0163401 0560617 1522225 2349975 0037197 1269554 0003483 0016169 0030471 1305231 0003483 1278934 0003595 0003591 0560617 1522225 1707455
 0449911 0333052 2607870 0557702 1272706 1704674 0557702 1272706 1704674 0349966 1337208
 2827734 2981698
 0220781 0439634 1522492 0206745 0025914 0025929 0026809
 0369718 0441922 1553036 1282913 1551714 0206745 0025914 0025929 0026809 0369718 0441922 1553036 1282913 1551714 0301585 0012155 0324335 0424612 1314677 1442959 1519433 2983588 0681205 0018787 1883708 1516695 1516698 0205155 1293097 1522472 1552923 1705191 2986582 0221198 0332128 0333482 0025664 0184661 1517586 1552738 2700391
 1552961 2347617 1882932 0017446 0205146
 0017446 0205146 0205126 1444656 1707156 3274014 3541345 0042295 0444504 2347634 2348143 1547282 0205117 0332282 1883708
 0449911 0333052 2607870 0557702 1272706 1704674 0557702 1272706 1704674 0349966 1337208
 0740116 2827735 2981700
 0220781 0439634 1522492 0342895 0521974 0301585 0012155 0205250 0424612 1299351 1442959 1519433 2700149 2983588
 0206745 0025914 0025929 0026809 0369718 0441922 1553036 0206745 0025914 0025929 0026809 1883559 0332307 0445392 1547052 0019425 0369718 0441922 1553036 0001779 0342895 0521974 0301585 0012155 1442959 1519433 1705493 2983588
 0025914 0025929 0026809 1883708 0681205 0003483 1278934 0003489 1269010 0003483 0230467 0741204 0020887 0205239 0439787 0849355 0220781 0221198 0332128 0333482 0439634 1522492 1546698 1524063 0449851 0025664 0184661 1517586 1552738 2700391
 0003483 1278934 0003595 0206745 0003591 0025914 0025929 0026809 0560617 1457900 1522225 0206745 0025914 0025929 0026809
 2347469 0439792 0025914 0025929 0026809 0278458 1279493 0003483 0017446 0205146 0205148 0439165 1549488 1561533 0221198 0333482 0439844 1999244
 0017446 0205146 0205126 1444656 0444504 1522609 2347634 2348143 1547282 0205117 0332282 1883708
 0011155 0162429 1623416 0392747 1278073 0428460 0023779 0032105 0441889 1550098 1278073 0428460 0023779 0032105 0441889 1550098 1979963 2003903 0025914 0025929 0026809 0332128 0439231 0439507 0580836 0342895 0012155 1442959 1519433 2983588
 0858034 0201950 0543421 0008377 0439175 0439810 0201950 0428466 0441889 0441994 1548802 2003888 1705241 1705242 0428475 0041004 0441889 0021966 0221138
 0002778 0936012 1524024 1547282 0206745 0025914 0025929 0026809 0015272 0023826 0201950 0428466 0523560 0008377 0441889 0023823 0065063 0023820 0178587 0205251 0441889 1299352 1550472 0003595 0206745 0003591 0025914 0025929 0026809 0560617 1522225 1707455 0349966 1337208
 1278073 0428460 0023779 0032105 0441889 1550098 0342895 0012155 1442959 1519433 1705493 2983588 0201950 0428466 0858034 1522133 0008377 0032105 0441889 1550098 0205250 1518422 0015272 1705241 1705242 0206745 0025914 0025929 0026809
 0449911 0039224 1706073 1706074 0557702 1272706 1704674 0557702 1272706 1704674 0441925 1278073 0428460 0023779 0032105 0441889 1550098 0560617 1522225 0206745 0025914 0025929 0026809 0342895 0025914 0025929 0026809 0015663 0456962 0019080 0439583
 0444263 0370003 2347026 1516695 1516698 0201950 0543421 0023822 0392885 0008377 0041004 0025664 0184661 1517586 1552738 2700391
 0023824 0023826 0523560 0023823 0860920 0065055 0008377 0023820 0042295 0178587 0205251 1299352 1550472 1719767 2348589
 0042295 1547282 1704970
 0439148 1519795 0439269 3642216
 0449911 0333052 2607870 0557702 1272706 1704674 0557702 1272706 1704674 0349966 1337208
 0439086 2827736 2981702
 1979963 2003903 0025914 0025929 0026809 1516695 1516698 0012155 1442959 1519433 2983588
 0206745 0025914 0025929 0026809 0560617 1522225 1709595 2349200 1282913 1551714 0206745 0025914 0025929 0026809 1282913 1551714 0002778 0599209 0936012 1273517 1524024
 0439659 2826285 0806140 0871208 1521828 0702093 0589507 1158830 1704686 1264633 0444499 0439526 1516695 1516698 1510844 0423896 0456205 0444706 3541902
 1441565 0523560 0733755 0023823 0065063 0023820 0178587 0205251 1299352 1550472 0023820 1185738 1706132
 0449911 0039224 1706073 1706074 0557702 1272706 1704674 0557702 1272706 1704674 0441926 1278073 0428460 0023779 0032105 0441889 1550098 0560617 1522225 0206745 0025914 0025929 0026809 0342895 0025914 0025929 0026809 0521974 0301585 0012155 0205250 0424612 1299351 1314677 1442959 1519433 1705493 2700149 2983588 0015663 0456962 0019080 0439583
 0444263 0370003 2347026 1516695 1516698 0201950 0543421 0023822 0392885 0008377 0041004 0025664 0184661 1517586 1552738 2700391
 0023824 0023826 0523560 0023823 0860920 0065055 0008377 0023820 0042295 0178587 0205251 1299352 1550472 1719767 2348589
 0042295 1547282 1704970
 0439148 1519795 0439269 3642216
 0023820 0015272 0428460 0441889 0052451 0163401 0015264 1280500 2348382 0597152 0023779 0023820 0392366 0206745 0025914 0025929 0026809 0205217 0442805 0597152 0230704 0023779
 1524063 0037813 0436196 0577559 1306372 3152252 0332128 0523560 0023823 0023820 0178587 0205251 1299352 1550472 0205409 1548221 0025914 0025929 0026809 0342895 0012155 1442959 1519433 2983588 2348279 0332257 0031716 0031716 0022203
 0441889 0444706 3541902
 1441672 0523560 0003595 0206745 0003591 0025914 0025929 0026809 0052451 0163401 0205409 0560617 1522225 1548221 0015272 0442805 0003595 0003591 0523560 0560617 1522225 1707455 0441889 0031716 0022203 2348205 0450373 1553636
 0349966 1337208 1547282
 0450375 0015272 0237881 0750502 1546944 0442805 0031716 0031716 0022203 0003595 0003591 0560617 1522225 1707455
 0150312 0023823 0023820 0178587 0205251 1299352 1550472 0003595 0003591 0052451 0163401 0205409 0560617 1522225 1548221 0015272 0237881 0750502 1546944 0442805 0031716 0031716 0022203 0023823 0003595 0003591 0023820 0178587 0205251 0560617 1299352 1522225 1550472 1707455 0450376
 0011155 0162429 1623416 0031676 0441889 0030011 0023820 0023823 0023820 0178587 0205251 1299352 1550472
 0449911 0333052 2607870 0557702 1272706 1704674 0557702 1272706 1704674 0349966 1337208

 1709793 0023820
 0439526 0017431 0025914 0025929 0026809 1709595 2349200 1524063 0204727 0205409 0220862 0523560 1273517 0023823 0023820 0178587 0205251 1299352 1550472
 0439267 0012456 0205102 1442989 1553872 1619620 2828392 0023779 0185115 0684295 1273517
 0023779 1549535 1708938 0179038 0577559 1306372 1706246 3152252 1720154 0002778 0936012 1524024 0031676
 0597152 0428460 0023779 0441889 0597937 0205102 0243148 0522510 1550141 1553872 1619620 1882115 1882979 2587213 3274648 0012456
 1511726 3245479 1547282 0597152 0023767 0428460 0023779 0441889 0023823 0003591 0023820 0178587 0205251 1299352 1550472 0179400 1533124 0179400 1533124 0025914 0025929 0026809 1553033 0003595 0003591 0023820 0042295 0444504 0560617 1522225 2347634 2348143
 1704970 1547282 1444656
 0679214 1417248 1419691
 0560617 1522225 0003595 1710574 0022885 0038492 0039593 0392366 0936012 1551041 1552573 2700112
 0474521 0475208 0003316 0023823 0023820 0178587 0205251 1299352 1550472 0030705 1515981 0010054 0010068 0018799 0012634 0018787 1281570
 1883712 0004358 1167408 1704241 0221198 0333482 0442726 1511790
 0474521 0475208 0023823 0023820 0178587 0205251 1299352 1550472 0023823 0023820 0178587 0205251 1299352 1550472 0206745 0025914 0025929 0026809 0206745 0025914 0025929 0026809 0150312 1705241 1705242 0349966 1337208
 0449911 0333052 2607870 0557702 1272706 1704674 0557702 1272706 1704674 0349966 1337208
 0439084 0728893
 0474521 0475208 0023823 0023820 0178587 0205251 1299352 1550472 0023823 0003591 0023820 0178587 0205251 1299352 1550472 0206745 0025914 0025929 0026809
 0025914 0025929 0026809 0301585 0012155 0324335 0424612 1314677 1442959 1519433 2983588 0032105 1516698 1550098 1704814 0019080
 0474521 0475208 0023823 0023820 0178587 0205251 1299352 1550472 0025664 0184661 1517586 1552738 2700391
 0474521 0475208 1707156 3274014 3541345 0206745 0025914 0025929 0026809 1707156 3274014 3541345 1547282 0042295
 0052451 0163401 0031227 0243127 0443331 1552738 0206745 0025914 0025929 0026809 0301585 0012155 0424612 1314677 1442959 1519433 2983588 0015272 0023823 0065063 0023820 0178587 0205251 0441889 1299352 1550472
 1883351 0022885 0039593 0392366 0392756 0547047 0332281 0031227 0243127 0439831 0443331 0030011 0205217 0442805 0678226 1720154 0023823 0023820 0178587 0205251 1299352 1550472 0332283 0392747 1554963 0449297 1382187 2825073 2348792 0740116 2827735 2981700 0456696 1442770
 0025663 0449851 0871511 0003250 0003241 0746619 0003593 0003593 1883351 1265611 0005775 1516559 0439531 1948053
 1883351 0332283 1719822 0449297 1382187 2825073 0444263 0370003 2347026 2348792 0040223 0440102 1516695 1516698 3541383 1552961 2347617 0021485 1272883 1533685 1828121 0003593 0441889
 0349966 1337208 1547282
 0025914 0025929 0026809 0441833 0687744 1257890 1552516 1552839 1705428 1705429 1547282 0021485 1533685 1828121 1705822 1265611 0441833 0687744 1257890 1552516 1705428 1705429
 0441889 0206745 0025914 0025929 0026809 0205173 0442726 0560617 1511790 1522225 1705764 1705765 0003595 0206745 0003591 0025914 0025929 0026809 0560617 1522225 1707455 0456696 1442770 0021485 1272883 1533685 1828121 0449297 1382187 2825073
 1883351 0871208 1521828 0023823 0023820 0178587 0205251 1299352 1550472 0444706 3541902 0423896 0456205 0003250 0003241 0021027 0746619 1704788 3539106 2612459 0023823 0023820 0178587 0205251 0597177 1299352 1550472
 0349966 1337208 1547282
 0003593 0441889 0456079 1547707 2946261 0443228 1704243 0369773 2603361 0003595 0003591 0560617 1522225 1707455 0871208 1521828 0023823 0023820 0178587 0205251 1299352 1550472 0206745 0025914 0025929 0026809 0332462 1880834 0205250 1299351 2700149 0206745 0025914 0025929 0026809 0369773 2603361 0456696 1442770 0205170 3146287
 0349966 1337208 1316572 1317574 1369612
 0439084 0728893 0560617 1522225 0003595 0560617 1522225 0205250 3163633 0474521 0475208 0348035 0023823 0023820 0178587 0205251 1299352 1550472 0030011
 0023823 0023820 0178587 0205251 1299352 1550472 0439661 3245488 0023823 1158919 0023820 0178587 0205251 1299352 1550472 0541749 1709743 0023823 0023820 0178587 0205251 1299352 1550472 1145667 1167622 0021027 0175630 0205172 0205227 1621846 0206745 0025914 0025929 0026809
 0349966 1337208 1547282
 2347469 0441889 0456079 1547707 2946261 0871208 1521828 0040223 3541383 0423896 0456205 0003313 0439662 1704241 0206745 0025914 0025929 0026809 0003595 0206745 0003591 0025914 0025929 0026809 0560617 1522225 1707455
 0449719 1709471 0018896 1552861 1883351 0449297 1382187 2825073 0206745 0025914 0025929 0026809
 0449911 0333052 2607870 0557702 1272706 1704674 0557702 1272706 1704674 0349966 1337208

 0449297 1382187 2825073 0003595 0206745 0003591 0025914 0025929 0026809 0560617 1522225 1707455
 0580836 0206745 0025914 0025929 0026809 0206745 0025914 0025929 0026809 0005729 1318440 0040223 3541383 0019080 0023823 0023820 0086418 0178587 0205251 1299352 1550472 1720154
 0025914 0025929 0026809 1883708 0019080 1516077 0456696 1442770 1516698 1704814 0032105 1550098
 0423896 0456205 0003593 0080103 0086418 0205345 0441889 0444706 0456079 1547039 1547707 2946261 3541902 0014441 0025664 0184661 1517586 1552738 2700391
 1704970 1282913 1551714 0206745 0025914 0025929 0026809 0205120 1552595 1710181 0743559 1442989 2828392 1707156 3274014 3541345 1547282
 1417248 1419691 0560617 1522225 0003595 1710574 0022885 0038492 0039593 0392366 0936012 1551041 1552573 2700112
 0449911 0333052 2607870 0557702 1272706 1704674 0557702 1272706 1704674 0349966 1337208

 1158919 0030011 0003595 0206745 0003591 0025914 0025929 0026809 0560617 1522225 1707455
 0444263 0370003 2347026 0349966 0936012 1337208
 0003316 0030011 0423896 0456205 0005507 0243073 1510438 0023823 0023820 0178587 0205251 1299352 1550472 0014441 0025664 0184661 1517586 1552738 2700391
 1704970 1282913 1551714 0206745 0025914 0025929 0026809 0205120 1552595 1710181 0743559 1442989 2828392 1707156 3274014 3541345 1547282
 0449911 0333052 2607870 0557702 1272706 1704674 0557702 1272706 1704674 0349966 1337208

 1157478 0220781 0439634 1522492 0206745 0025914 0025929 0026809 0003595 0206745 0003591 0025914 0025929 0026809 0560617 1522225 1707455
 0444263 0370003 2347026 0349966 0936012 1337208
 0014441 0005507 0243073 1510438 1265611 2347469 0023823 0023820 0086418 0178587 0205251 0332297 1145667 1167622 1299352 1550472 1689898 2349209 0021027 1621846 2612459 0023823 0023820 0086418 0178587 0205251 0332297 0597177 1145667 1167622 1299352 1550472 1689898 2349209 0025664 0184661 2700391
 1704970 1282913 1551714 0206745 0025914 0025929 0026809 0205120 1552595 1710181 0743559 1442989 2828392 1707156 3274014 3541345 1547282
 1417248 1419691 0560617 1522225 0003595 1710574 0022885 0038492 0039593 0392366 0936012 1551041 1552573 2700112
 0206745 0025914 0025929 0026809 0015272 0017262 0185117 0205342 0024432 0542341 0442808 0332120 0023823 0023820 0178587 0205251 1299352 1550472 0443264 0017262 0017337 0185117
 1511726 3245479 1547282 0205217 0442805 1158919 0030011 0003595 0206745 0003591 0025914 0025929 0026809 0560617 1522225 1707455 0332128 0017262 0185117 0205309 1883351 0023823 0023820 0178587 0205251 0205263 0300971 1299352 1550472
 0538674 1415619 0759009 0018969 0018966 0030065 1622683 1261552 1704379 1705117 2825408

 0185117 0348035 0023823 0023820 0178587 0205251 0547043 0750532 0851285 1282911 1299352 1550472 2945599 0030011 0205263 0857127 0538674 1415619 0759009 0242606 0038435 0311404
 0150312 0185117 0206745 0025914 0025929 0026809 0003595 0206745 0003591 0025914 0025929 0026809 0560617 1522225 0439070 1705160
 0185117 0206745 0025914 0025929 0026809 1705535 0206745 0025914 0025929 0026809 0242606 0038435 0311404 1551058 0205250 1299351 2700149 0003595 0206745 0003591 0025914 0025929 0026809 0560617 1522225 1707455
 0449911 0039224 1706073 1706074 0557702 1272706 1704674 0557702 1272706 1704674 1412481 0017262 0599772 1445865 0017337 0185117 0023884 1517914 0206745 0025914 0025929 0026809 0301585 0012155 0324335 0424612 1314677 1442959 1519433 2983588 0035668 0204727 0205409 0220862 1273517
 0005861 1621557 1709269 0599161 0200931 0032520 0677874 0002778 0936012 1524024 0884358 1883351 3244092 0441889 0025664 0184661 1517586 1552738 2700391
 3244092 0185117 0441889 0017337 0080103 0205345 0444686 0522510 1441506 1443182 1547039 1414968 0017337 3536868 2260086 0017855 0370003 2347026
 0185117 0441889 3244092 0185117 0441889 3244092 0003595 0003591 0052451 0163401 0441889 0456603 0560617 1522225 1547037 0441889 0206745 0025914 0025929 0026809
 1511726 3245479 1547282
 0022885 0038492 0392366 1551041 1552573 0871424 0002778 0038215 0936012 1273517 1524024
 0166418 1418776 0600434 0597357 0752063 1879547 2984308 0040648 0040649 1521761 2827422 0032214 0600138 0035820 0024432 1546706 1550652
 0597360 0185117 0166418 1418776 0026473 0024432 1546706 1550652 0023823 0023820 0178587 0205251 0205263 0300971 1299352 1550472
 1441672 0597360 0185117 0023884 0206745 0025914 0025929 0026809 0003595 0206745 0003591 0025914 0025929 0026809 0560617 1522225 0439070 1705160 0037088 0243095 2825141 2347946 0004153
 1883708 0332128 0597360 0185117 0332257 0074129 0017108 0332307 0597357 1003377 1547052 0108799 1413234 0444868 3539085 0024432 1546706 1550652 1547282 1883351 0023823 0023820 0178587 0205251 0205263 0300971 1299352 1550472 0450385
 0597360 0185117 0441889 3244092 0108799 1413234 0003595 0206745 0003591 0025914 0025929 0026809 0560617 1522225 0439070 1705160
 0597360 0185117 2349975 0449297 1382187 2825073 0025914 0025929 0026809
 0185117 0205250 1299351 2700149 0003595 0206745 0523511 1412481 0025914 0025929 0026809 0560617 1522225 1707455 0597360 0185117 0074129 0445247 0025914 0025929 0026809 0441833 0687744 1257890 1552516 1552839 1705428 1705429 0439070 1705160
 1514811 1706462 1883525 2346866 1511726 3245479 1705535 0052451 0163401 0023823 1158919 0023820 0030011 0178587 0205251 1299352 1550472 0004153 0439509
 1883351 0022885 0039593 0392366 1512571 2827421 0206745 0025914 0025929 0026809 0332128 0542341 0220781 0439634 1522492
 1274040 1546471 2825142 0332290 0052451 0163401 0023823 0023820 0178587 0205251 1299352 1550472 0030011 3463820 0242656 0449258
 1948052 0231448 0231449 0439792 0947630 1524063 2986594 3161035 0441889 0004153
 0150312 0449450 0947630 1547282 0004153 0205082 3161035 0052451 0163401 0015272 1280500 2348382 0333484 2348542 1280500 2348382 0923282 0003483 0040811 0699032 1441672 2362913
 0025914 0025929 0026809 0342895 0012155 1442959 1519433 2983588 0441889 0456079 1547707 2946261 0332257 0023823 0023820 0178587 0205251 1299352 1550472 0206745 0025914 0025929 0026809 1705241 1705242 0150312 0205173 0560617 1522225 1705764 1705765 0206745 0025914 0025929 0026809 0342895 0012155 1442959 1519433 1705493 2983588
 0242618 0678226 0370003 0456389 0547044 0700321 2347026 2987476 3146286 0748864 1706528 0020443 0205403 1515981 1522133 0012155 1705493 0015127 1524003
 1441672 0011155 0162429 1623416 0205217 0442805 0428460 0441889 0023823 0023820 0178587 0205251 1299352 1550472 0349966 1337208
 0456947 0441889 0023884 0736268 1278929 2346688 1705535 0442805 1171353 0003062
 1524063 1522485 0023823 0683607 1883351 0023820 0205227 1441672 0025515 0871208 1521828 0871208 1521828 0023823 0023820 0178587 0205251 1299352 1550472 0871208 1521828 0206745 0025914 0025929 0026809
 1274040 1546471 2825142 1158919 0030011 0023823 0025519 0025520 1880177 0005775 1516559
 0150312 0023823 0023820 0178587 0205251 1299352 1550472 0003595 0206745 0003591 0025914 0025929 0026809 0052451 0163401 0205409 0560617 1522225 1548221 0003595 0206745 0003591 0025914 0025929 0026809 0560617 1522225 1707455 0332256 2700400 0441889 0031716 0022203 0444868 3539085 0021135 1533691 2827718 1122373 1418755 0052451 0163401 0681205 0567416 0086045 0369637 0441923 1515877 1879547 0225336 0007634 0014257 3282337 0567416 0128897 1337092 1522558 0282566 0087044 0103404 0008013 0026473 0033684
 1518422 1705241 1705242 0031716 0022203 0523560 0560617 1522225 0206745 0025914 0025929 0026809
 0678226 3146286 0332282
 2827734 2981698 0523560 1709634 0023823 0023820 0178587 0205251 1299352 1550472
 0523560 0040223 3541383 1705920
 0740116 2827735 2981700 0456389 0337095 0040300 0030011 0332148 0750492 1709305 2745955 1881534 0332148 0523560 0750492 0030011
 1418392 3273549 3146294 0392747 0023823 0023820 0178587 0205251 1299352 1550472 0030011 0332472 1881708 0015684 0332283 0001128 0020291 0202406 1282927 1418625 0392386 0032172 1979795 0005821 1521761 1879547 2827422 0450387 0450388
 0442805 0523560 0023823 0023820 0178587 0205251 1299352 1550472 0003595 0003591 0560617 1522225 1707455 1705535 0871208 1521828 0025914 0025929 0026809
 0024360 0442805 0206745 0025914 0025929 0026809 0032214 0600138 0035820 1705810
 0024360 0205177 0205250 1299351 2700149 0031716
 0947630 1705535 0052451 0163401 0814334 0589507 1158830 1704686 0162772 0030054 0205332 1705920 0020281 0740116 2827735 2981700 0035150 1151518 0205177 0439167 0441655 1561536 0439086 2827736 2981702 0681205 0031676 0030011 0031716 0031716 0441712 1706376
 1705241 1705242 0023823 0023820 0178587 0205251 1299352 1550472 0023823 0023820 0178587 0205251 1299352 1550472 0003595 0206745 0003591 0025914 0025929 0026809 0052451 0163401 0560617 1441672 1522225 0206745 0025914 0025929 0026809
 1274040 1546471 2825142 0004153 0441889 0150312 0449450 0023823 0023820 0178587 0205251 1299352 1550472
 0681841 0474521 0475208 0206745 0025914 0025929 0026809 0474521 0475208 0003595 0206745 0003591 0025914 0025929 0026809 0205250 0560617 1522225 3163633
 1883712 0428460 0441889 0205217 0220781 0439634 0442805 1274040 1522492 1546471 1704241 2825142 0003241 0032105 1550098 0003241 0332152 0423896 0456205 1522538 0150312 0449450
 0557651 2603343 1273517 0023823 0065058 0125953 1096202 0023820 0178587 0205251 1299352 1550472 1158919 0030011 0449297 1382187 2825073
 0205435 1279901 1518422 0681814 1706386 1518422 1552961 2347617 1883351 0042153 0457083 1947944 0023823 0065058 0125953 1096202 0023820 0178587 0205251 1299352 1550472 0023820 0205227
 0205436 0457385 0565930 1561503 1705190 0332218 0042153 0457083 1947944 0523560 0332148 0750492 0030011
 1524063 0042153 0457083 1947944 0205171 1720467 1999230 0750572 1518422 0003313 0439662 1704241

 1547282 0023823 0023820 0178587 0205251 1299352 1550472 0025914 0025929 0026809 0086418 0521097 0003595 0003591 0011155 0025914 0025929 0026809 1636779 0015663 0456962 1520150 1883559 0025914 0025929 0026809 0332307 0445392 1547052 1707455 0332268 0679932 0023820 0034821 1366529 0023823 0065059 0023820 0178587 0205251 0597357 1299352 1550472
 0597710 1511726 3245479 1527178 1874451 0052451 0163401 1883559 0332307 0445392 1547052 0206745 0025914 0025929 0026809 0003595 0003591 0560617 1522225 1706907 1705241 1705242 0678226 0441712 1523987 1706376 2987476 3146286 0312550 0449297 1382187 2825073
 0205437 0205447 1883351 0042153 0457083 1947944 0523560 0449416 1705919 0017446 0205146
 0205447 1883351 0042153 0457083 1947944 0523560 1883708 0680220 0332256 2700400 0103839 1518422 0034821 1366529 1416912 0023823 0065059 0242972 0522527 0597357 0599283 0748025 0023820 0033684 0178587 0205251 0332297 0439849 0445223 1145667 1167622 1299352 1550472 1689898 2349209 0034821 0023823 1881534 0439834 0521097
 1441672 0523560 0332256 2700400 0456949 0024360 0205172 0332462 0441889 1880834 0205250 1883559 0332307 0445392 0523560 1547052 1707455 0441889 0456079 1547707 2946261 0003595 0003591 0150312 0449450 0523560 0560617 1522225
 1552961 2347617 1883351 0557651 2603343 0750729 0681814 1706386 0013987 0023820 0449416 1705919
 1524063 0042153 0457083 1947944 0441889 0521097 0205227 0523560 1707455
 0023823 0023820 0178587 0205251 1299352 1550472 0359589 1999230 1522485 0449297 1382187 2825073 0025914 0025929 0026809
 0349966 1337208 1547282
 0871208 1521828 0023823 0023820 0178587 0205251 1299352 1550472 0443228 1704243 0541749 1709743 0220781 0439634 0439855 0443228 0871208 1521828 1522492 1704241 1704243 1708698 0349966 1337208
 1184743 1522240 0023820 0026809 0205227 0591833 1709305 2745955 1517001 3269238 0220781 0439634 1522492 0003313 0023175 0449297 1382187 1442948 1522538 2348269 2349975 2825073 3275067
 1547282 0243144 0347980 0024432 0086597 0127400 1546706 1550652 0023884 0150312 0449450 0736268 1278929 2346688 0037993 0771377 1278932 0005953 0086590 0262950 0376152 0391978 1266908 1266909 1546708
 0449297 1382187 2825073 0034493 0031843 0542341 0700205 1705273 0581601 0474521 0475208
 0474643 1287242 0475208 0445247 0206745 0025914 0025929 0026809 1705535 0871208 1521828 0206745 0025914 0025929 0026809 0205173 0560617 1522225 1705764 1705765 0003316 0030011 0079411 0205369 1552740 1709305 2349975 3146294 0023823 0023820 0178587 0205251 1299352 1550472
 0441889 0597152 0428460 0851043 0023779 0205217 0441889 0442805 0015127 0030011 0205447 0023175 1442948 1522538 2348269 3275067 3156040 0449297 1382187 2825073 0206745 0025914 0025929 0026809 0449719 1709471 0441889 0206745 0025914 0025929 0026809 0205173 0205397 0560617 1522225 1705764 1705765 0342895 0012155 1442959 1519433 2983588
 0523560 0018563 1281583 1552914 0205171 1720467 0003595 0206745 0003591 0025914 0025929 0026809 0560617 1522225 0030011 1518422 1705241 1705242 1441672
 1547282 0023823 0023820 0178587 0205251 1299352 1550472 1883727 0023884 0736268 1278929 2346688 0649077 0022801 0074129 0007634 0017108 0597357 1003377 3282337 1514760 0871208 1521828 0439232 0700321 0702093 1282918 2347166 0023823 0023820 0178587 0205251 0302891 1299352 1550472 1707455
 0439792 1316572 1317574 1369612 0205172 0332148 0750492 1882509 2612459 0597177 1518422 0074129 0017108 0597357 1003377 1264633 1554103 0392747 0037640 0074129 0017108 0597357 1003377
 0332149 1705910 2362652 0206745 0025914 0025929 0026809 1158919 0030011 1291138 0861064 0023175 0205217 0442805 0449297 1382187 1442948 1522538 2348269 2825073 3275067 0074129 0017108 0597357 1003377 0022801 0007634 3282337 0003595 0206745 0003591 0025914 0025929 0026809 0560617 1522225 1707455
 1883351 0376649 1442065 0441712 1158917 0025519 0025520 0004153 0332128 0017262 0185117 0205309 1883351 0023823 0023820 0178587 0205251 0205263 0300971 1299352 1550472
 0150312 0206745 0025914 0025929 0026809 0456947 0441889 0166418 1418776 0600434 0597357 0752063 1879547 2984308 0332307 1547052 0108799 1413234 0003595 0206745 0003591 0025914 0025929 0026809 0560617 1522225 1707455
 1511726 3245479 1999230 0332120 0011155 0162429 1623416 0151691 0023823 0023821 1158919 0861064 0023175 0023820 0030011 0178587 0181586 0205251 1299352 1442948 1522538 1550472 2348269 3275067 0205250 1299351 2700149 0025914 0025929 0026809
 1710502 0686907 0108799 1413234 0861064 0023175 0205217 0243144 0347980 0442805 1442948 1522538 2348269 3275067 0449297 1382187 2825073 0392747 0023823 0023820 0178587 0205251 1299352 1550472 2612459 0597177 0348035 0150312 0449450
 0947630 1547282 0166418 1418776 0600434 0597357 0752063 1879547 2984308 0032214 0600138 0035820 1705810 0031843 0542341 0700205 1705273
 0729650 0205309 1883351 0547043 1282911 1515877 1879547 0166418 1418776 0600434 0597357 0752063 1879547 2984308 0541749 1709743 0547043 1282911 0185117 0024432 1546706 1550652
 0023884 0025914 0025929 0026809 0150312 0597360 0185117 1705535 1707310 0022801 0007634 3282337 1515655
 1518422 1705241 1705242 0035668 0441833 0687744 1257890 1552516 1552839 1705428 1705429 0025914 0025929 0026809
 0017263 0851285 1327622 0023884 0736268 1278929 2346688 0439855 1704241
 0557651 2603343 1547282 1882726 0023884 0034693 0034721 0736268 1278929 2346688 0242606 0038435 0311404 1948023 0597360 0185117 0040223 0445247 0750519 3541383 0311403 0597360 0185117
 1511726 3245479 0023884 0035668 0439175 0439810 0736268 1278929 1441547 2346688 3245521 1518422 0376649 1442065 1705241 1705242 0933845 0022801 0007634 3282337 0560617 1522225 0206745 0025914 0025929 0026809
 1441672 0206745 0025914 0025929 0026809 3244092 0441889 0023884 0736268 1278929 2346688 0003595 0206745 0003591 0025914 0025929 0026809 0560617 1522225 1707455
 0033684 0699040 0005516 0007634 0205148 1269647 1704653 1948049 1705535 0007584 0237753 0449788 0150312 0449450
 1274040 1546471 2825142 1184743 1522240 0023823 0151691 0507850 0023821 0003842 0023820 0178587 0205251 0226004 0300971 0441889 0677535 1299352 1550472 1709305 2745955 0205250 0023175 1442948 1522538 2348269 3275067 0332448 0702249 1523986 0237753 0449788 0220781 0439634 1522492
 0237753 0449788 0022801 0007634 3282337 0449719 1551359 1709471 2741673 2981730 0185117 0074129 0017108 0597357 1003377 0023884 0736268 1278929 2346688 1316572 1317574 1369612
 1707478 1274040 1546471 2825142 0025914 0025929 0026809 0332268 1318746 0428255 0861064 0023820 0871208 1521828 0023823 0023820 0178587 0205251 1299352 1550472 0871208 1521828 0449297 1382187 2825073 0023823 1291138
 0025914 0025929 0026809 0015272 0017262 0185117 0205342 0221198 0333482
 0205418 1511726 3245479 0183683 1521721 0052451 0163401 0032214 0600138 0035820 1705810 0442797
 2986676
 0004922 0009013 0108799 1413234 1522642

 0023150 0220866 0728724 1947938 1947939 0014672 0220824 1523994 2827396
 2825232 0043227 0041734 0699943 0018747 0034019 0041703 3244304 0683314 0018173 0018684 0557854 1301808 1521721 0166872 1510707 0018173 1548284 0439493 1513009 0369637 0441923
 0010186 0220812 0449719 1709471 0220808 0680264 0007961
 1706852 0522501 1706089 0949214

 0282413 0376649 1442065 1293097 2919030 2919031 0013227 0025118 0024015 0254343 0796520 3272379

 0085205 1549619 1880669
 0013849 1705961 0024492 1538057 1547565 0059804
 0034037 1704324 0030351
 0086792 0009452
 0000723 0000723 1273517 0023823 0023820 0178587 0205251 1299352 1550472 0023823 0023820 0178587 0205251 1299352 1550472
 0023823 0023820 0178587 0205251 1299352 1550472 0348035 0023823 0023820 0178587 0205251 1299352 1550472 0030011
 0023823 0023820 0178587 0205251 1299352 1550472 0023823 0023820 0178587 0205251 1299352 1550472
 0523560 0023825 0023823 0442811 0023820 0178587 0205251 0442824 1299352 1550472
 0065063 0023820 0178587 0205103 1550465 2827755
 0023821 0023820 0178587 0205250 1299351 2700149
 0052451 0163401 0052451 0163401
 0560617 1522225 0560617 1522225
 0003595 0003591 0003595 0003591
 0003593 0003593 0003591
 0128897 1337092 1522558 0282566 0087044 0103404 0008013 0026473 0033684 0128897 1337092 1522558 0282566 0087044 0103404 0008013 0026473 0033684
 0079784 1524095 0009392 0079460 0024432 0439158 1521761 1947989 1948023 2827422 0079784 1524095 0009392 0079460 0024432 0439158 1521761 1947989 1948023 2827422

 0538674 1415619 0759009 0018969 0018966 0030065 1622683 0538674 1415619 0759009 0018969 0018966 0030065 1622683
 0166418 1418776 0600434 0597357 0752063 1879547 2984308 0166418 1418776 0600434 0597357 0752063 1879547 2984308 0332307 1547052 0332307 1547052
 0074129 0074129
 0032520 0677874 0032520 0337112 0443286 1114821 1335439 1524075
 0600436 0002055 0178499 1709450 1880279
 0012456 0012456
 0024360 0024360
 0031716 0580272 1519043 2827734 2981698 0439084 0728893 0031716
 0031716 0910041 0031716
 0580272 1519043 2827734 2981698 0439084 0728893 3539520 0031716
 0014441 0014441 2717977 0005507 0014442 0021075 0243073 1510438 1517892 1704666
 1414968 3536868 0017855 2260086 0030016 0031603 0031701 1601799 1414968 3536868 0017855 2260086 0030016 0031603 0031701 1601799
 0599161 0032520 0677874 0814037 0032520 0035380 0040649 0337112 0443286 1114821 1335439 1524075 1555029
 0599209 0599209 0008565 0008550 0015663 0033684 0302908 0456962 1304698 1546699 1561501
 1514811 1706462 0557061 2584313 1514811 1706462 2827734 2981698
 2603360

 1553033
 0439394 1706495 3642217
 0369718 0441922 1553036
 1414400

 0025141 0740116 2827735 2981700



 0439394 1706495 3642217
 0369773 2603361
 3476816


 0005775 1516559 0439086 2827736 2981702



 0201682


 1418943

 0268596 2700624
 3642273
 0041703
 0000857 0600678 1552863 0439084 0728893
 0033727 0369286 0441932 0564385 2603360 2603362

 1417055

 0000857 0600678 1552863
 1553033
 0016327 0439133 1553038
 0016327 0439133 1553038




 0201682

 2603362


 0369637 0441923
 0016327 0439133 1553038 0205090 0684010 2603358

 0369637 0441923
 1418943

 0268596 2700624
 3642273
 0041703
 0000857 0600678 1552863
 2603360
 2347469 0369637 0441923




 0349590 1262865 0025141

 0369637 0441923

 2347469
 0369637 0441923

 1315013

 0025141
 0439394 1706495 3642217 0369718 0441922 1553036
 0439267
 0369637 0441923
 1418943

 0268596 2700624
 3642273
 0041703
 0000857 0600678 1552863
 0439267 0439394 1706495 3642217
 0597277 1708601

 0007457 0043157 0220938 0205090 0684010 2603358
 2603360



 0201682

 0439267
 0205090 0684010 2603358 0369637 0441923
 0369773 2603361 0439114 0369718 0441922 1553036 0332583
 1418943

 0268596 2700624
 3642273
 0041703
 0000857 0600678 1552863
 0369637 0441923
 0369773 2603361
 0439267
 0205090 0684010 2603358 0439114
 1418943

 0268596 2700624
 3642273
 0041703
 0000857 0600678 1552863
 0439394 1706495 3642217
 0033727 0369286 0441932 0564385 0332239 2603362
 0439267 2347469
 0021966 0221138
 0016327 0439133 1553038

 1315013


 1301886 0439394 1706495 3642217 0021966 0221138
 0016327 0439133 1553038
 0349590 1262865 0025141
 0554249
 1553033 0369637 0441923
 1418943

 0268596 2700624
 3642273
 0041703
 0000857 0600678 1552863

 0033727 0369286 0441932 0564385 0369718 0441922 1553036
 0597277 1708601 0064494
 0369773 2603361 0369637 0441923
 2603362
 0597277 1708601 0369773 2603361
 2603360
 2347469


 0000857 0600678 1552863
 2603360
 0033727 0369286 0441932 0564385 0369718 0441922 1553036 1060232 1191716 1414371
 0369773 2603361 0369773 2603361


 1315013


 0998924 0033727 0369286 0441932 0564385 0369718 0441922 1553036 0597277 1708601 0439114 0033727 0369286 0441932 0564385 2603360 0998924 2603360 0439114 0033727 0369286 0441932 0564385 0033727 0369286 0441932 0564385 2348291 2603360 2603360 0033727 0369286 0441932 0564385 2603360
 0349590 1262865 0025141
 2603360

 0205090 0684010 2603358 0369637 0441923
 0016327 0439133 1553038


 1315013


 3280437 0439394 1706495 3642217
 0439267


 0025141
 2603362
 1291910 1295018 3541258 2603362
 0439267
 0369773 2603361 0331968 2699100 0439394 1706495 3642217
 0205090 0684010 2603358



 0022687 1538265 1824201 0033727 0369286 0441932 0564385
 0369637 0441923

 1315013

 0025141 0450348

 3476816
 1291910 1295018 3541258 2603362
 0369637 0441923




 0439394 1706495 3642217
 0369773 2603361

 0369637 0441923





 0369637 0441923
 0021966 0221138 0369773 2603361
 0369718 0441922 1553036

 0025141
 3476816

 1291910 1295018 3541258 2603362
 3540681 2347469
 0597277 1708601
 0016327 0439133 1553038
 0369637 0441923

 1315013

 0025141
 3476816
 1291910 1295018 3541258 2603362
 2603362

 2603360
 3540681 2347469




 1315013

 0025141
 0369637 0441923 0205090 0684010 2603358
 0016327 0439133 1553038



 0000857 0600678 1552863
 0439267
 0331908
 0205090 0684010 2603358
 1552921
 2603360
 1553033 0699798 2945637

 0005477 0025141
 2603362

 0040541 1548006 0681833 0036397 1553033
 0027976 0205314
 0331964



 0025141 0450355
 0033727 0369286 0441932 0564385
 0597277 1708601
 0369718 0441922 1553036
 0369718 0441922 1553036


 0000857 0600678 1552863
 0035561 0439394 1706495 3642217
 0439267 2347469
 2603362
 0439267
 0205090 0684010 2603358

 0439267 1552921


 1858559

 0025141
 3495095 0016327 0439133 1553038 0035561 0439394 1706495 3642217
 0439267 1552921



 1568941
 0018684 0439509 0025141
 3476816
 0369718 0441922 1553036 0597277 1708601
 0016327 0439133 1553038
 0205090 0684010 2603358
 0439267 0439267




 0201682

 3476816
 0439267
 0597277 1708601
 0016327 0439133 1553038 0369637 0441923





 0201682


 0542569 0205090 0684010 2603358
 2603362
 0439394 1706495 3642217 3540681 2347469
 0369718 0441922 1553036

 1315013


 0033727 0369286 0441932 0564385 0205090 0684010 2603358
 0369637 0441923
 1553033 0439267 0369718 0441922 1553036 0369773 2603361 0369773 2603361
 0777169 0025141



 1315013

 0025141
 0369637 0441923
 0205090 0684010 2603358
 0369773 2603361 0033727 0369286 0441932 0564385 0369773 2603361 0369773 2603361

 1315013

 0439509
 0369637 0441923
 0021966 0221138 2347469 0369773 2603361


 0439267




 0025141

 0439394 1706495 3642217
 0205090 0684010 2603358 3495095
 0016327 0439133 1553038 1291910 1295018 3541258 0439394 1706495 3642217
 1552921
 0035561 0439394 1706495 3642217
 0439267


 0349590 1262865 0025141

 0554249
 2603360 0597277 1708601
 0439267 0252873
 1511325
 0439394 1706495 3642217
 0007634 0450389 1269647 1704653 1948049 0025141
 2603362
 0033727 0369286 0441932 0564385 0205090 0684010 2603358

 0369718 0441922 1553036
 0036397 0025141
 1442114

 1511325

 0439394 1706495 3642217


 0000857 0600678 1552863
 2603360
 0439267 0369637 0441923


 2347379

 0025141
 0205090 0684010 2603358
 0597277 1708601
 0439267



 0025141
 0205090 0684010 2603358 1553033



 2827734 2981698 0000857 0600678 1552863
 0205090 0684010 2603358
 0597277 1708601 0252873


 0023779
 2347379
 0000857 0600678 1552863

 0439394 1706495 3642217

 0033727 0369286 0441932 0564385
 0439394 1706495 3642217



 0201682

 0205090 0684010 2603358
 0033727 0369286 0441932 0564385

 0033727 0369286 0441932 0564385

 1315013


 0369718 0441922 1553036 3476816
 1291910 1295018 3541258 2603362
 2347469
 0033727 0369286 0441932 0564385 0597277 1708601
 0016327 0439133 1553038 0018210

 0004922 0016327 0439133 1553038








 0402830 1253959 1881507 2700383 2826234

 0439394 1706495 3642217
 1418943

 0268596 2700624
 3642273
 0041703


 0439267

 0439394 1706495 3642217
 0597277 1708601 2603362
 0003850 0000857 0600678 1552863

 0439267 0554249 0205090 0684010 2603358

 0439394 1706495 3642217
 0597277 1708601
 0439394 1706495 3642217
 1315013
 0201682
 0450382
 0402830
 0369773 2603361 0033727 0369286 0441932 0564385
 0439394 1706495 3642217
 0597277 1708601
 0439394 1706495 3642217

 1315013


 0005595
 0402830 0033727 0369286 0441932 0564385 0369718 0441922 1553036 0439267
 0369773 2603361
 0439394 1706495 3642217
 0597277 1708601
 0439394 1706495 3642217

 1315013



 0439394 1706495 3642217 1291910 1295018 3541258
 0205090 0684010 2603358



 1315013

 0439073 0439082
 0369637 0441923
 0439267
 2603362
 0402644 2603362
 2603360

 0439394 1706495 3642217
 1418943

 0268596 2700624
 3642273
 0041703
 0000857 0600678 1552863

 2603360 0450955 0205090 0684010 2603358 0402644 0033727 0369286 0441932 0564385 0205090 0684010 2603358 0597277 1708601
 0439394 1706495 3642217
 0777169 0025141
 0402644 2603362

 0439394 1706495 3642217


 0439509 0000857 0600678 1552863
 0597277 1708601 0369718 0441922 1553036



 1315013




 0369637 0441923

 0014137 0000857 0600678 1552863
 0369773 2603361 2347469
 0369637 0441923
 0007634 1269647 1704653 1948049 0025141
 0369773 2603361 0439394 1706495 3642217
 0439267
 0205090 0684010 2603358
 0369637 0441923
 0007634 1269647 1704653 1948049 0025141 0450385
 0439394 1706495 3642217 0369773 2603361
 0439267 0999213 0033727 0369286 0441932 0564385 0205090 0684010 2603358
 0369637 0441923
 0007634 1269647 1704653 1948049 0025141
 0439394 1706495 3642217 3495095 0043114
 0017596 1947936
 0597277 1708601
 1418943

 0268596 2700624
 3642273
 0041703

 0033727 0369286 0441932 0564385 0439114 0369718 0441922 1553036 0332583




 0450387
 0597277 1708601

 2603362
 0439267
 2603360
 0369637 0441923


 0201682
 0450388
 0597277 1708601

 2603362
 2603360
 0369637 0441923


 0201682

 0369718 0441922 1553036 0369637 0441923
 0021966 0221138 0369637 0441923
 1708595 3280986

 1315013

 0439083 0439087 0025141 0450389
 2603360 0205090 0684010 2603358
 0369637 0441923
 0332520 2347774
 2347379

 0369718 0441922 1553036 0033727 0369286 0441932 0564385
 0025519 0025520 0025141
 1431628 0439114
 0004153 0025141
 0369718 0441922 1553036 0597277 1708601 0597277 1708601 0721226 1551914 0033727 0369286 0441932 0564385 2603360


 0040371 0000857 0600678 1552863
 0597277 1708601 0369718 0441922 1553036 2348291 0033727 0369286 0441932 0564385 0069299 2603360 0069389 0033727 0369286 0441932 0564385 0033727 0369286 0441932 0564385





 0369637 0441923
 0016327 0439133 1553038 0439267 2603360
 0205090 0684010 2603358

 0597277 1708601

 1315013
 1517844
 0439083 0439087 0025141

 0439394 1706495 3642217
 1315013
 1517844
 0439083 0439087 0025141
 0439394 1706495 3642217
 0439482
 0369637 0441923
 1418943

 0268596 2700624
 3642273
 0041703
 0000857 0600678 1552863






 0439267 2603360

 0439267

 2603362
 0004153 2827734 2981698 0025141
 0439114
 2603360
 0205090 0684010 2603358
 0205090 0684010 2603358
 0439394 1706495 3642217

 0023779
 2347379
 0000857 0600678 1552863
 2603360

 2347469
 0597277 1708601


 0201682


 0016327 0439133 1553038 0439394 1706495 3642217
 2603360

 0003850 0000857 0600678 1552863

 0369773 2603361

 0003850 0000857 0600678 1552863

 2603360 0043114
 0179302 1706253
 2603360
 1553033

 0017596 1947936
 0597277 1708601
 0349590 1262865 0025141
 0597277 1708601 0004922 0369637 0441923
 0369773 2603361
 0557775 1511780
 0205090 0684010 2603358 2603360



 0201682
 0009993 0037455 0596070 1552856 0005477 0026376 0005532 1521991