 1442161 1511760 1880274 0028778 0332206 1533157 1706084 2828370 2612541 0014895 1274040 1546471 2825142 0085201 0441729 0003592 0021966 0221138 0439267
 0005477 0013227 0025118 0036375 0041740 0086312 0442696 0585034 0028407 1704729 0005532 0035172 0021622 0035168 0242481 1272753 1555265 0557061 2584313 1514811 1706462 0085201 0003592 0003591 0021966 0221138 0332268 1709915 1882936 0087044 0033684
 0681828 0947630 1547282 0026882 1705285 0871208 1521828 2612541 0014895
 0150312 0449450 0557651 2603343 1548602 1704686 1883351 1292732 1280500 2348382 2612541 0014895 0023822 0025519 0025520
 0025936 0003069 0025914 0025929 0026809 0085201 0003592 0021966 0221138 1539956 1706214 1883708 0085201 0206745 0003592 0021966 0025914 0025929 0026809 0205203 0221138 0560617 1522225 1883351 0025914 0025929 0026809 0085201 0003592 0021966 0221138 1539956
 0085201 0003592 0021966 0221138 0023821 0332281 0023820 0178587 0205250 1299351 1881065 2700149 0456389 0441729 0085201 0003592 0021966 0221138 1520150 0150312 0449450 1539956 0025914 0025929 0026809
 0332197 1689985 0085201 0003592 0021966 0221138 0085201 0003592 0021966 0221138 0150312 0023822 0023821 0008387 0065055 1522133 0008377 0014898 0023820 0032854 0178587 0205250 0542537 1299351 2700149 2700379 0522531 1264633
 0302523 0700325 1964257 0008387 0008377 0014898 0332462 0441994 0577559 1306372 1548802 1880834 2003888 3152252 0032105 1550098 0243148 1550141 1707455 1882979 2587213 3274648
 0678594 0947630 1547282 0332453 0439792 0678594 1880389 1883221 3541951 0205341 1547730 1705914 0085201 0003592 0021966 0221138 1721092 0332501 0333262 1145667 1167622 0332462 1880834 0243122 1145667 1167622 1510827
 1552616 1706244 1511726 3245479 1547282 1880389 1883221 3541951 0085201 0003592 0021966 0205341 0221138 1547730 1705914 1273518 0026377 0079411 3146294
 1442161 1511760 1880274 0028778 0332206 1533157 1706084 2828370 0201950 0428466 0441889 0015264 0021467 0021469 1628982 3463820 1515877 1879547 0023194 1416804 0008380 0001390 0008377 0031617 0885520 1515655
 0557061 2584313 1514811 1706462 0871161 1292721 0332281 0032105 0205250 0441889 1550098 1864112 3163633 0086418 2827734 2981698 0599779 0003062 1515981 3161035 0450346 0740116 2827735 2981700 0085201 0003592 0021966 0221138 0035820 1705810 1879547 0439836 0008387 0008377 0014898 0023194 1416804 0008380 0001390 0008377 0031617 0885520 0023194 1416804 0008380 0001390 0008377 0031617 0885520
 0439836 0014898 2246761 0597177
 0014895 0079613 1999230 0015252 0728940 0308779 1705822 1874964 0023884 0736268 1278929 2346688 0849355
 0237753 0449788 1704259 1705242 1705987 1709305 2745955 0000901 0230704 0597177 0679006 1947967 0023821 0023820 0178587 0205250 1299351 2700149
 0332307 1710236 1637379 2612463 2612461 0023821 0023820 0178587 0205250 0332501 0597177 1299351 2700149
 0597177 1518422 0023821 0023820 0178587 0205250 1299351 2700149 1547282 1101522 0085201 0003592 0021966 0221138 1637379 0005775 0521097 1516559 0022646 0227665 1278978 1514845
 0035820 1705810 0015252 0728940 0332185 0684224 0700287 1522634 0026882 0151691 0023821 0023823 0085201 0449212 0861064 0003592 0021966 0023175 0023820 0086045 0178587 0205250 0205251 0221138 1299351 1299352 1442948 1522538 1550472 2348269 2700149 3275067 0023882 0700321 1515981 2700395 1511978 0004083 0439849 0596306 0699792 0392760 1314939 0027361 0237401
 0008972 0205210 0947630 0237753 0439801 0443288 0449788 0681850 1550501 1706203 2349001 2697811 3542948 0012634 0205396 1550043 1551388 0021149 0220856 1158917 0025519 0025520 0681850 1550501 1706203 2349001 2697811
 0599779 0003062 3161035 1547282 0206745 0025914 0025929 0026809 1518422 0012161 0012155 0205263 0231203 1442959 1519433 1563937 2983588 0450348
 0332268 1518422 0004153 0023175 0243107 0678723 1442948 1522538 1527148 2348269 3275067 0332197 1689985 0023175 0181586 0442805 1442948 1522538 2348269 3275067 1531719 0012655 0220898 1264642 1547045 0035648 1553898 0035647 1521761 2827422 0086045
 0086418 0023820 0023825 0023823 0442811 0023820 0178587 0205251 0442824 1299352 1550472 0023823 0023820 0178587 0205251 1299352 1550472
 0700364 0085201 0003592 0021966 0221138 0023821 0035820 1705810 1280500 0332290 0002783 0178693 0699910 0014507 0086418 0237753 0449788 0549177 0947630 2827734 2981698
 0026882 0086418 0205172 0079941 0004793 0009219 0162326 0162327 1519249 1301725 1609436
 0026882 0023821 0085201 0683150 0424099 0003592 0021966 0023820 0032105 0086045 0178587 0205250 0221138 0392756 1299351 1550098 2700149
 0205449 1709305 2745955 1709915 1882936 0206246 0332281 0002726 0439660 1880389 1883221 3541951 1709915 1882936 0205341 1547730 1705914 0450355
 0026882 0700364 1883351 0441994 1548802 2003888 0441925 0441889 0205117 0205341 1705914 0205341 1547730 1705914 0205452 0205341 1547730 1705914 0205450 0205451 0205453
 0026882 0151691 0023821 0023823 0332281 0023820 0086045 0178587 0205250 0205251 1299351 1299352 1550472 2700149 0205451 1547282 1280500
 0026882 0205393 0205117 0205341 1547730 1705914 1709305 2745955 0205341 1547730 1705914 0205234 1285542 0017446 0205147
 0205447 1709305 2745955 0026882 0085201 0001128 0080089 0180979 1442161 1511760 1705858 1880274 0015127 0023175 0181586 1442948 1522538 2348269 3275067 0029266 1704322 1704972 2986904 3539923
 0022877 3244292 0557651 2603343 0026882 1705285 0085201 1515148 0003592 0021966 0221138 0441587 1524072 0205125 1521761 0007382 0439509
 0600659 0684224 0700287 3273238 0686907 0025936 0003069 0025914 0025929 0026809 0392148 0332197 1689985
 0683954 1274040 1546471 2825142 1547282 1442161 1511760 1880274 0442805 1157973 0543484 0699900 1516314 0023821 0441994 1548802 2003888 2612541 0014895 0858034 0028778 0332206 1533157 1706084 2828370 0678723 0870861 1254042 0065055 0023821 0023820 0178587 0205250 1299351 2700149 0392148 0441729 0085201 0003592 0021966 0221138 1520150
 0557061 2584313 1514811 1706462 0441513 1706214 0026882 1705285 0032520 0079866 0337112 0443286 1114821 1335439 1524075 3146302 1521827 1524063 0332255 1708096 0314604 0017337 0684224 0700287 3496591 0439509
 0033268 0206243 0699809 0012854 0025991 0439787 0849355 0043544 1524063 0025664 0449851
 0332282 0043084 0005558 0220797 1444754 1706316 0200898 0002778 0012854 0936012 1273517 1524024
 0012854 0032520 0337112 0443286 0936012 1114821 1335439 1524075 0392148 0282641
 0263541 1517331 0005862 1148472 1710133 0017431 0005863 0949466 1705493 0014441 2717977 0005507 0014442 0021075 0243073 1510438 1517892 1704666
 0025914 0025929 0026809 0162470 0205369 0332296 0450254 1314677 1552740 1706912 1880497 1996904 0337189 0441239 1514468 0027971
 0681814 0025664 0184661 2700391 0442711 0001895 0041740 0205540 1551894 2825084 0868975 0178478 1947933 2699414
 0003062 0206243 0282641 0025921 0006159 1704650 0560617 1522225 0085201 0085201 0003592 0021966 0221138 0025914 0025929 0026809 0003069 0205132 0443211 1272684
 1520150 0025936 0003069 0025914 0025929 0026809 0022877 0337050 1301820 1619828 0085201 0003592 0021966 0025914 0025929 0026809 0221138 0006159 1704650 0022877 1301820 3244292
 1709793 0003601 0016640 0524811 3161031 0332296 1880497 1996904 0008387 0008377 2717977 0005507 0243073 1510438 0205474 0023822 0023821 1522133 0065055 0008377 0023820 0178587 0205250 1299351 2700149 1550101 0032931 0032932 1642401 2584299 0079224 0032105 1550098
 0014441 2717977 0005507 0014442 0021075 0243073 1510438 1517892 1704666 0085201 1515148 0003592 0021966 0086418 0221138 1709793 2348205 0085201 1883559 0441729 0003592 0021966 0086418 0221138 0332307 0445392 1547052 1552738 0332300 0085201 0003592 0021966 0221138 0439509 1524063 0079411 0205134 1273517 1442989 2828392 3146294
 0085201 0003592 0021966 0221138 0002778 0936012 1524024 1709793 1524063 1514721 2348147 3542016 0085201 0003592 0021966 0221138
 0005863 0949466 1705493 0206243 0699809 0439787 0849355 0205117 0205155 0332282 1293097 1522472 1552738 1552923 1705191 1883708 1524063 0003241 0205369 1552740
 1510844 0041175 0077281 0814229 1720119 1948037 2678549 1882074 0020283 0450407 0450408 0450409 0205174 3274438
 0205419 0332298 1707455 2587213 1709595 0444263 0370003 2347026
 1883351 0023820 0032105 1550098 1720154 0037494 1959973 0332256 2700400 0013618 2678549 1882074 0020283 0450407 0450408 0450409 0074721
 1264633 1516695 1516698 1883708 0201950 0543421 0423896 0456205
 0596607 0013855 0017243 1382104 0949466 0005863 0002778 0936012 1524024 1705493 2612461 0023821 0030608 0023820 0178587 0205250 0456389 0597177 1299351 2700149 1524063 0596607 0013855 0017243 1382104
 1510844 0544357 0032105 0086418 1550098 2348935 0580272 1519043 1510844 0033727 0035953 0369286 0441932 0564385 0600140 1704688 2346414 1552738
 0017243 1883708 0180860 1442448 0006353 0017890 0522461 0332529 0041175 0077281 0814229 0020283 0450407 0450408 0450409 0868928 1533148 0392756 1292426 1159705 0035280 0333117 1753315
 0002778 0936012 1524024 0206243 0699809 1552738 1524063 0003241 0085201 0003592 0021966 0086418 0221138 0442818 0085201 0003592 0021966 0221138 0003595 0523511 1412481
 0003241 0870432 0010357 0439092 0872139 1880190 0547044 2828360
 1301886 1707455 0038137 0175675 1301886
 1883351 0520511 1704711 0036679 0237868 0936012 1881713 0596607 0013855 0017243 1382104
 0017243 0600190 1883708 0949466 0005863 0002778 0936012 1524024 1705493 0681850 1550501 1706203 2349001 2697811
 0681829 0947630 0441729 0085201 0003592 0021966 0221138 0087044 0033684 0439509 1527121 0332070 1514468 1524063 0991566 0025664 0184661 2700391
 0033684 0450376 1439852 0032105 1550098 0700308 0033727 0369286 0441932 0564385
 0032105 1550098 1720154 0331955 0023821 0023820 0178587 0205250 1299351 2700149 0205409 0599209 1548221
 1264633 0332256 2700400 0444505 0023821 0005507 0008377 0205396 0243073 1510438 1550043 1551388 0205195 1883708 1415347 1823107 0180860 0581406 1522664 1704449 1704684 1875155 0439148 1519795 1704753 1880519
 0025936 0003069 0025914 0025929 0026809 0024554 0086582 0332232 1720154 0023821 0023820 0178587 0205250 1299351 2700149 0085590 1704454 0022427 1280188
 2348792 0040223 1516695 1516698 1552961 2347617 3541383 0019080 0332282 0001554 1533734
 0178913 0370003 2347026 1516695 1516698 2827734 2981698 0456696 1442770 0332256 2700400 1446863 0034553 0242485 0849355 1524063
 0311402 1516314 0871208 1521828 1264633 1554103 0017446 0205146 0444686 1441506 1443182 0205134 1524063 0037585 1709697 2728259 3484370 0450382
 0032127 0032105 0449468 1550098 0488024 0005910 1305866 0043100 0242821 0439267 0460148 0750572 1268086 1705104
 1148554 1881413 1721092 0333262 1881413 2348529 1521827 1959616 0332256 2700400 1442460 0008377 1960955 0332282 0025664 0184661 2700391
 0023779 1512080 2827485 0849355 1883720 3244314 0442822 1524031 1883002 0442540 0041175 0077281 0814229 2678549 1882074 0020283 0450407 0450408 0450409 0037494 1959973 0074721 0006353 0439962 1524062 1883708 1442450
 0439962 0074345 0036682 0036681 0185125 0450375 0596019 1185738 1706132 1979893
 1264633 1554103 0750480 1705566 1883351 1442460 0520511 1704711
 1264633 0205195 1883351 1301820 1706701 1881413 2348529
 1881413 2348529 1883708 0031676 0202177 0577559 1306372 3152252 0005507 0243073 1510438
 0085201 0003592 0021966 0221138 0042153 0457083 1947944 1521827 0005507 0243073 1510438 0332070 1514468 1514798 1883559 0332307 0445392 1547052 0596988 0085201 0003592 0021966 0221138 0085201 0003592 0021966 0221138 0025664 0184661 2700391
 0181496 0442822 1524031 1883002 2827499 0439799 0849355 0036681 0449468 1690016 1705102 2700258 1185738 1706132 0011945 0011946 0917873 1059964
 0005507 0243073 1510438 0033684 1527121 1998793 0004927 0205177 0205369 0439167 0441655 1552740 1561536
 0205177 0205369 0439167 0441655 1552740 1561536 0439206 0560003 2349030 1264657 1706058 0033684 0034553 0423896 0439148 0456205 0577559 1306372 1519795 1704753 1704788 1880519 3152252 3539106 0439267
 0026691 1705240 1839259 0333262 0085201 0003592 0021966 0221138 1265611 1527121 0439267 1439852
 1264633 0332256 2700400 0085201 0003592 0021966 0221138 0085201 0003592 0021966 0086972 0221138 0443299 0687118 1708632 1524063 1185738 1706132
 0683340 0237820 1555688 2004454 0035953 0444686 0600140 1185738 1441506 1443182 1704688 1706132 2346414 0439083 0439087 1514721 2348147 3542016
 0577559 1306372 3152252 0332297 1145667 1167622 1689898 1709595 2349200 2349209 1264633 0205177 0205369 0439167 0441655 1552740 1561536
 1273517 1883351 0243122 1145667 1167622 1547014 1948059 0557651 2603343
 0026691 1705240 1839259 0577559 1306372 3152252 0003601 1265611 0205174 0557651 2603343 1524063 0033684 0205448 1527121 1705242
 0005507 0243073 1510438 0023194 1416804 1710236 2825550 0026367 0456603 1547037 1521827 0044576 0058325 1959616 0008377 0087044 0033684 0085201 0332256 2700400 0442822 1265611 0008377 1552738
 0085201 0003592 0021966 0221138 1273517 1710236 0544357 0032105 0086418 1550098 1998793 0031831 1707664 1999230 2348314 3540849
 0562547
 0005507 0243073 1510438 0206243 0699809 0205173 0439787 0849355 3539942 1524063 0060916 0720544 1424668 0439267 0086045 1446561 0086045 1446561 0041175 0077281 0814229 2678549 1882074 0020283 0450407 0450408 0450409 0037494 1959973 0013618 0074721 0004492 0036774 0036773 0728877 0001924 0007452 0229671 1140701 1546774 1550100 0025402 0449416 1705919 0023194 1416804 0008380 0001390 0008377 0031617 0885520
 0443286 1114821 0206243 0699809 0439787 0849355 1442460 1442460 0008387 0008377 0014898 0023779 0185115 0684295 0008569 0332283 0008550 0205168 0934502 1522408 1561599
 0042295 0032105 0750563 1550098 0175730 1547937 1561954 1704730
 0871208 1521828 0008377 0439191 1710236 1719797 2911648 0175730 1547937 1561954 1704730 3176809 0205202 1706907 0008387 0008377 0014898 0439191 0205431 0439391 0439526
 0242831 0003316 0947630 1283195 0020980 0205208 0205390 0302909 1378566 1273517 1883351 1516048 0243122 1145667 1167622 1101522 0085201 0003592 0021966 0221138 1704241 0332256 2700400 0085201 0003592 0021966 0221138 1552738 0439509
 0010992 0002778 0936012 1511726 1524024 3245479 0042295 0012727 0205419 1442162 1550718 1705236 3244317 0743559 1608199
 1707455 1881534 1524063 0002780 0002778 0936012 1524024
 0557061 2584313 1514811 1706462 1883351 0557651 2603343 1280500 2348382 0025936 0003069 0025914 0025929 0026809 0085201 0003592 0021966 0221138 1706214 1883708 0085201 0206745 0003592 0021966 0025914 0025929 0026809 0205203 0221138 0560617 1522225
 0205549 2348044 0026882 1705285 0441925 3244092 0441889 1539956 1883708 3146294
 0021966 0221138 1547282 0032105 1550098 0086045 0023822 1705648 0392756 0547047 0441925 0032105 0441889 1550098
 0042295 1547282 0441925 0441889 1705648 0085201 0683150 0003592 0021966 0025914 0025929 0026809 0032105 0086045 0221138 1550098
 0011546 0439857 2698668 0392148 0085201 0003592 0021966 0221138 0205369 1552740 0392747 0443172 1705241 1441672 1520150 0025936 0003069 0025914 0025929 0026809 0085201 0206745 0003592 0021966 0025914 0025929 0026809 0205203 0221138 0560617 1522225 1511726 3245479 1518422 1547282
 0282416 1561607 1511726 3245479 1705535 0683150 0086045 0851827 1701901 3244310 0332256 2700400 0023821 0023820 0178587 0205250 1299351 2700149
 0449911 0039224 1706073 1706074 0557702 1272706 1704674 0557702 1272706 1704674 0032105 1550098 0023822 0023821 1522133 0065055 0008377 0023820 0178587 0205250 1299351 2700149 0441925 0441889 0025914 0025929 0026809 0243148 1550141 1882979 2587213 3274648 0025515 0449297 0871208 1382187 1521828 2825073 1707455 0441729 0085201 0003592 0021966 0221138 0085201 0003592 0021966 0221138 0025914 0025929 0026809
 0023821 0023820 0178587 0205250 1299351 2700149 0085201 0003592 0021966 0025914 0025929 0026809 0221138 1708632 0085201 0003592 0021966 0221138
 0023821 0023820 0178587 0205250 1299351 2700149 0599209 1998793 1883708 0022427 1280188 0025914 0025929 0026809 0042449 1278960 1709854 1720154
 0032105 0449297 1382187 1550098 2825073 0444686 1441506 1443182 1274040 1546471 2825142 0039224 1706073 1706074
 1539956 0025914 0025929 0026809 0025515 0449297 0871208 1382187 1521828 2825073 0332462 1880834 0015663 0456962 0441729 0085201 0003592 0021966 0221138 1520150
 0449297 1382187 2825073 0032105 1550098 0017431 0025914 0025929 0026809 0205397 3641650
 0449911 0039224 1706073 1706074 0557702 1272706 1704674 0557702 1272706 1704674 0311402 1516314 0871208 1521828 0023821 0023820 0178587 0205250 1299351 2700149 0025515 0449297 0871208 1382187 1521828 2825073 1264633 1554103 1520150 0085201 1883559 0441729 0003592 0021966 0025914 0025929 0026809 0205397 0221138 0332307 0445392 1547052 0025914 0025929 0026809 0033727 0369286 0441932 0564385 0025914 0025929 0026809
 0205447 1707455 0042295 0441729 0085201 0003592 0021966 0221138 0025914 0025929 0026809 0243148 1550141 1882979 2587213 3274648 0332173 0439228 0439505 0025515 0449297 0871208 1382187 1521828 2825073 2348205 0025914 0025929 0026809 0444706 1539956 3541902
 1705241 1705242 0025914 0025929 0026809 0034693 0034721 0039224 1706073 1706074 1547282
 0392756 0547047 0025914 0025929 0026809 1441672 1539956 0025914 0025929 0026809 1539956 1707455
 0282416 1561607 1274040 1546471 2825142 1705535 0033268 0871208 1521828 0871208 1521828 0085201 0424099 1515148 0003592 0021966 0086045 0221138 0392756 1446561 1880177 0032105 1550098 0025914 0025929 0026809
 0392148 0205160 1280500 1513916 2348382 2825415 2825491 0205447 0085201 0002085 0003592 0021966 0025914 0025929 0026809 0221138 1948062 0150312 0449450 1539956
 1883351 1516048 1510827 0597177 1547014 1948059 0026691 1705240 1839259
 0439070 1705160 1547282 0026691 1705240 1839259 0031676 0202177 0332297 0333262 1145667 1167622 1689898 2349209 0332462 1880834 0205250 1299351 2700149 1883559 0332307 0445392 1547052 0085201 0003592 0021966 0221138
 1274040 1546471 2825142 0085201 0003592 0021966 0221138 1145667 1167622 0085201 1883559 0439092 0441729 0003592 0021966 0221138 0332307 0445392 0547044 1547052
 1510827 0549177 1518422 0011546 0439857 2698668 0441925 0441889
 0449911 0039224 1706073 1706074 0557702 1272706 1704674 0557702 1272706 1704674 1547014 1948059 0332297 0333262 0700321 1145667 1167622 1689898 2349209 0520511 1704711 0085201 0441729 0003592 0021966 0221138 0032105 1550098 0596607 0348011 0600190 1883708 0003241 0205369 1552740 0085201 0003592 0021966 0221138 0349966 1337208 1547282
 2827734 2981698
 0419358 0441833 1999270 3537156 1539956 0032105 1550098 1547282 2612461 0597177 0023821 0439083 0439087 1514721 2348147 3542016 1301886 0232902 0445247 0733755 0596607 0013855 0017243 1382104 0023821 0023820 0178587 0205250 1299351 2700149 0032105 1550098 1521751 0025921 0680240 0684224 0700287 0450385
 0449911 0333052 2607870 0557702 1272706 1704674 0557702 1272706 1704674 0349966 1337208
 2827734 2981698
 0005863 0949466 1705493 0071500 0017243 0071499 0086972 0439182 0443299 0687118 0812409 1382104
 0025914 0025929 0026809 0085201 0003592 0021966 0221138 0085201 0206745 0003592 0021966 0025914 0025929 0026809 0205203 0221138 0560617 1522225
 0205549 2348044 0026882 1705285 0441925 3244092 0441889 1539956 1883708 3146294
 0596607 0972569 0017243 0600190 0182400 1704681 2347609 3536729 1524063 1624602 0205091 1552822 0086418 0205090 0085201 0003592 0021966 0221138 0025664 0184661 1517586 1552738 2700391
 1708639 0332256 2700400 0324335 0342895 0025914 0025929 0026809
 0544357 0032105 0086418 1550098
 0032105 1550098
 0085201 0003592 0021966 0221138 0332268 0033382 0205341 1547730 1705914 1709915 1882936 0085201 0003592 0021966 0221138
 0456389 0023821 1979900 0026385 1524063 0948775 0005910 0038137 0042153 0043100 0175675 0205250 0457083 1299351 1305866 1521991 1705104 1947944 2700149 1301886 0312860
 0419358 0441833 1999270 3537156 0032105 1550098 1539956 0025914 0025929 0026809 1547282 2612461 0597177 0349966 1337208
 2827734 2981698
 1979874 0544357 0032105 0086418 1550098 1547282 1514721 2348147 3542016 1301886
 0332197 1689985 1708639 0010357 0872139 1880190 2828360 0003242 0003241 0021027
 0520511 1704711 2348205 0023821 0023820 0025914 0025929 0026809 0178587 0205250 0684224 0700287 1299351 2700149 3496591 1705242 0544357 0032105 0086418 0150312 1550098
 0282416 1561607 1274040 1546471 2825142 1705535 1539956 0025914 0025929 0026809 0085201 0003592 0021966 0221138 0441729 0085201 0003592 0021966 0221138 1520150 0597177 1301886 2348205 2982691
 1883351 0333118 0032854 0542537 2700379 0230704 0597177 0180860 0581406 1522664 1704449 1704684 1875155 0392747 0184661 1948041 2700391 3274430 3538935 3539779 0004927 1880022 0032105 1550098
 0349966 1337208 1547282
 0740116 2827735 2981700 0032105 1550098 0332256 2700400 0085201 1101522 1515148 0003592 0021966 0221138 0578544 0443602 0023882 0700321 2700395
 0017431 0332256 2700400 0085201 1515148 0003592 0021966 0221138 1301886 1274040 1546471 2825142 1705535 0085201 0003592 0021966 0221138 0332197 1689985 0441729 0085201 0003592 0021966 0221138 1520150 1518422 0023821 0443602 0851043 0023779 0023820 0178587 0205250 0205286 0699759 1299351 2700149 2982691
 0449911 0333052 2607870 0557702 1272706 1704674 0557702 1272706 1704674 0349966 1337208
 0740116 2827735 2981700
 0005863 0949466 1705493 0071500 0017243 0071499 0086972 0439182 0443299 0687118 0812409 1382104
 0596607 0972569 0017243 0600190 0182400 1704681 2347609 3536729 1524063 0370188 1624602 0025664 0184661 1517586 1552738 2700391
 1883351 0333118 0030608 0597177 0017243 0205171 1292426 1720467 1883708 0182400 1704681 2347609 3536729 0025664 0184661 1517586 1552738 2700391
 1708639 0332256 2700400 0324335 0342895 0025914 0025929 0026809
 0032105 1550098
 0032105 1550098
 1539956 0025914 0025929 0026809 3146294 0349966 1337208 1552738
 2827734 2981698
 0456389 0023821 1979900 0026385 1524063 0948775 0005910 0038137 0042153 0043100 0175675 0205250 0457083 1299351 1305866 1521991 1705104 1947944 2700149 1552738 2729544 0349966 1337208
 2827734 2981698
 1883351 0023820 0023821 0023820 0178587 0205250 0232902 0332152 0425245 0449580 0740175 1299351 2257086 2700149 0013856 0596607 1706746 0013855 0017243 0036681 1382104 0949466 0005863 0332283 0002778 0936012 1524024 1705493 0206243 0699809 0439787 0849355
 1547282 0085201 1101522 1515148 0003592 0021966 0221138 0023821 0023820 0178587 0205250 0232902 0332152 0740175 1299351 2257086 2700149 1511726 3245479 1518422 1547282
 1517331 1883351 0023820 0032105 1550098 0086972 0443299 0599209 0687118 1264633 1554103 0008377 0936012 0577559 1306372 3152252 0349966 1337208
 0444505 1264633 0201950 0543421 0441833 1999270 3537156
 0596607 0013855 0017243 1382104 1883708 0206243 0699809 0027361 0237401 0439787 0599209 0849355 1264633 0949466 0005863 0002778 0936012 1524024 1705493 0423896 0456205
 0349966 1337208
 0444598 0549183 1552826 0441833 1999270 3537156 1547282 0441729 0085201 0003592 0021966 0221138 0085201 0003592 0021966 0221138 0003595 0523511 1412481 0030608 0008377 0150312 0449450 0456389 0597177 0699759 2348205
 0449911 0333052 2607870 0557702 1272706 1704674 0557702 1272706 1704674 0349966 1337208
 0439086 2827736 2981702
 0600209 1704732 1979893 0032105 1550098 0025914 0025929 0026809 2347469
 0185125 0037494 1959973 0035953 0600140 1704688 2346414 1264633 1516695 1516698
 0441833 1999270 3537156 1547282 0423896 0456205 1524063 1264633 1554103
 0035953 0600140 1704688 2346414 0600209 1704732 1883708 0600190
 0332293 0086418 1444656 1522326 0003242 0003241 0021027 0025664 0184661 1517586 1552738 2700391
 2700323 1883559 0332307 0445392 1547052
 0442820 0444505 0450355 1264633 1441672 0032105 1550098 0086972 0443299 0599209 0687118 0349966 1337208 1547282
 0450365 1706097 0441833 1999270 3537156
 0596607 0013855 0017243 1382104 1547282 0441729 0085201 0003592 0021966 0221138 0332197 2699517 0085201 0003592 0021966 0221138 1264633 0023821 0443602 0851043 0023779 0023820 0032854 0178587 0205250 0542537 1299351 2700149 2700379 1264633
 1264633 1264633 0025914 0025929 0026809
 1264633 0596607 0085201 0003592 0021966 0086418 0221138 0182400 1704681 2347609 3536729 0003595 0523511 1412481
 0520511 1704711 0597177 0349966 1337208
 0450373 1553636 2348205
 0449774 2348205 1520150 0085201 1883559 0441729 0003592 0021966 0025914 0025929 0026809 0205397 0221138 0332256 0332307 0445392 0597177 1547052 2700400 1511726 3245479 1518422 1547282 2348205
 2827734 2981698
 1264633 1547282 0085201 0003592 0021966 0221138 0023820 0230704 0023779 0443228 0549177 0597177 0699759 1704243
 1274040 1546471 2825142 1705535 0597177 0205286 0332197 1689985 0441729 0085201 0003592 0021966 0221138 1520150
 0025914 0025929 0026809 0700364 0597177 1710236
 0449911 0333052 2607870 0557702 1272706 1704674 0557702 1272706 1704674 0349966 1337208

 3494467 1704732 1979893 0032105 1550098 0025914 0025929 0026809 2347469
 1510844 0849355 1264633 1554103 0035953 0600140 1704688 2346414 3494467 1704732 1883708 0600190
 0332293 0086418 1444656 1522326 0003242 0003241 0021027 0025664 0184661 1517586 1552738 2700391
 0205117 0332282 1883708 0444706 3541902 0423896 0456205 0008387 0008377 0025914 0025929 0026809 0243148 1550141 1882979 2587213 3274648 1280500 0560150 0086045 0577559 1306372 3152252
 1547282 0042295 0577559 1306372 3152252 0201950 0543421 0008387 1442946 0008377 0014898 0439175 0439810 0456603 1547037 1521751 0025921 0025914 0025929 0026809 0085201 0017431 0025914 0025929 0026809 0205449 1457900 1539956 0441925 0441889
 1521751 0025921 0025914 0025929 0026809 0201950 0543421 0150312 1883351 0332232
 0025914 0025929 0026809 0201950 0543421 0392756 0369718 0441922 1553036 0369773 2603361
 0201950 0543421 0008387 1442946 0008377 0014898 0392756 0439175 0439810 0456603 0547047 1080058 1547037 0008387 0678226 0008377 0014898 0205216 0392756 0442797 0577559 1306372 3146286 3152252
 0201950 0543421 0025914 0025929 0026809 1517331 0243148 0392756 0441889 1550141 1882979 2587213 3274648 1521751 0025921 0337445
 0301630 0392756 0441610 0332197 1689985 0441729 0085201 0003592 0021966 0221138 1520150 0003601 0052181 0003592 0003595 0523511 1412481 0085732 1299581 1518422 0183683 1521721 0201950 0428466 0441889 2612541 0014895
 0449911 0039224 1706073 1706074 0557702 1272706 1704674 0557702 1272706 1704674 0456603 1547037 0201950 0543421 0008387 0243148 1550141 1882979 2587213 3274648 0349966 1337208 0206745
 0439084 0728893 0002778 0037088 0039224 0243095 0936012 1524024 1706073 1706074 2825141 0025936 0003069 0025914 0025929 0026809 0085201 0003592 0021966 0221138 1868135 0201950 0543421 0025914 0025929 0026809 0282641 1442162 1550718 3244317 1882124 0237753 0449788
 1547282 0201950 0543421 0025914 0025929 0026809 0150312 1883351 0392756 0201950 0543421 0008387 1442946 0008377 0014898 0439175 0439810 0456603 1547037 1707455 0025914 0025929 0026809 0332268 0282641 2825407 0178602 0869039 1114758 0085201 0003592 0021966 0221138
 1274040 1546471 2825142 1705535 0035820 1705810 2612541 0014895
 0392148 0392756 0201950 0543421 0025914 0025929 0026809 0441994 1548802 2003888 0369773 2603361 0369718 0441922 1553036 0201950 1442946 0543421 0008377 0014898 0439175 0439810 0456603 1517320 1547037 0085201 0003592 0021966 0221138 0025914 0025929 0026809
 0201950 0543421 0085201 0003592 0021966 0025914 0025929 0026809 0221138 1301820 3641827 0042295 0205170 0684224 0700287 3146287 3496591 0035173
 1511726 3245479 1705535 0021467 0021469 1628982 3463820 0002085 1883559 1709305 2745955 0201950 0428466 0441889 0439801 1301808 1442792 3148680 1879547 0023194 1416804 0085201 0003592 0021966 0221138 0311403 0596988 0032105 1550098
 0449911 0333052 2607870 0557702 1272706 1704674 0557702 1272706 1704674 0349966 1337208
 0439084 0728893
 0456603 1547037 0392148 0332197 1689985
 0025936 0003069 0025914 0025929 0026809 0085201 0003592 0021966 0221138 0085201 0206745 0003592 0021966 0025914 0025929 0026809 0205203 0221138 0560617 1522225
 0205549 2348044 0026882 1705285 0441925 3244092 0441889 1539956 1883708 3146294 0025914 0025929 0026809 1707455 0332268 1948062 0002085
 0392148 0085201 0003592 0021966 0221138 1707156 3274014 3541345 0201950 0543421 0038215 0392756 0025914 0025929 0026809 1707455 1948062 1948062 1948062 1707156 3274014 3541345 0152277 2825228 1705241 1705242 1709320 0369773 2603361
 0560617 1522225 0042295 1301820 1425988
 0042295 0039224 1301820 1706073 1706074
 1316572 1317574 1369612 0201950 0543421 1521751 0025921 0009932 0243148 0441833 0687744 1257890 1550141 1552516 1705428 1705429 1882979 2587213 3274648 1278655 0445247 0085201 0003592 0021966 0221138 0085201 0003592 0021966 0221138 1959640 0441833 0687744 1257890 1552516 1552839 1705428 1705429 1511726 3245479 1518422 1547282
 0577559 1306372 3152252 1524063 1710236 1705242 0441833 0687744 1257890 1552516 1552839 1705428 1705429 1539956 0441833 0687744 1257890 1552516 1552839 1705428 1705429
 0201950 0428466 0683317 0441889 0456079 1547707 2946261 0017431 0441833 0687744 1257890 1552516 1552839 1705428 1705429 1524063 1280500 0441889 0456079 1547707 2946261 0023194 1416804 0008380 0001390 0008377 0031617 0885520
 0349966 1337208 1547282
 2612541 0014895 0442739 2346711 1539956 0025914 0025929 0026809
 1979874 0032105 1550098 0025914 0025929 0026809 1547282 0301630 0392756 0441610 0129575 0369718 0441922 1553036 0369773 2603361 0008377 1979885 1707504 1879930 0025914 0025929 0026809 0243148 0332307 1550141 1707455 1882979 2587213 3274648 1539956 1521751 0025921 0301630 0392756 0441610 2612541 0014895 0025914 0025929 0026809 2348205 0684224 0700287 3496591
 0449911 0333052 2607870 0557702 1272706 1704674 0557702 1272706 1704674 0349966 1337208

 1152001 2612891 1151921 0005507 0205177 0243073 0439167 0441655 1510438 1561536 1524063
 1959616 0008377 0085201 0003592 0021966 0221138 0439084 0728893 0456603 1547037 1521827 0025664 0184661 1517586 1552738 2700391
 0871208 1521828 0086045 0444706 1446561 1710236 1979886 3541902
 0032105 1550098 1524062 1883351 0439659 0443286 1114821
 1552961 2347617 1882932 1510992 2825518 0680730 2825228 1705241 1705242 1709320 0369773 2603361
 1283195 0003250 0557351 1883351 1516048 1515926 0085201 0003592 0021966 0205341 0205452 0221138 0332284 1442161 1511760 1547730 1705914 1880274
 0205435 1279901 0439155 0243122 1145667 1167622 1516240 0332296 1880497 1996904 1883559 1960442 0023779 0332297 0332307 0445392 1145667 1167622 1547052 1689898 2349209 1442161 1511760 1880274 0085201 0003592 0021966 0221138 1442161 1511760 1880274 1707455 1524063 0020980
 0392366 0003316 0205448 0003316 0150312 1883351 1145667 1167622 0003601 0205170 3146287 1511726 3245479 1518422 1547282
 0332296 1880497 1996904 0205134 2348205 0439509 0205171 1720467 1511726 3245479 1522508 1552738 1561567
 0003241 0205170 3146287 0003601 0392366 1705241 1705242 1316572 1317574 1369612
 1979874 0003241 0003316 0205341 0205450 1705914 0205451 0441729 0085201 0003592 0021966 0221138 1518422 0085201 1515148 0003592 0021966 0221138 1145667 1167622 0332297 1145667 1167622 1689898 2349209 0205169 0442824
 1274040 1546471 2825142 0017446 0205147 0332197 2699517
 0003241 0003316 0205341 1705914 1518422 1145667 1167622 0442749 0439084 0728893 1511726 3245479 1518422 1547282
 1274040 1546471 2825142 0085201 0003592 0021966 0221138 1518422 0332256 2700400 1514562 0017446 0205147
 0003241 0021027 0003316 1709915 1882936 0332197 2699517 0332297 1145667 1167622 1689898 2349209 0085201 1515148 0003592 0021966 0205169 0221138 0442824 1511726 3245479 1518422 1547282
 1274040 1546471 2825142 1705535 0439792 0085201 0003592 0015252 0021966 0205341 0221138 0392747 0728940 1547730 1705914
 1518422 0085201 1515148 0003592 0021966 0205397 0221138 1705535 1442161 1511760 1880274 1825598 1442161 1511760 1880274 0085201 0052460 1515148 0003592 0021966 0221138
 1514811 1706462 0947630 1547282 1442161 1511760 1880274 1880389 1883221 3541951 0085201 0003592 0021966 0221138 0521102 0033268 1157973 0543484 0699900 1516314
 0025936 0003069 0025914 0025929 0026809 0085201 0003592 0021966 0221138 1539956 0332256 2700400 0032854 0542537 2700379 0230704 0597177
 0597177 1518422 0023822 0023821 0008387 0065055 1522133 0008377 0014898 0023820 0178587 0205250 0205286 0699759 1299351 2700149 1515655 0205172 1637379 0597177 0332256 2700400 0441729 0085201 0003592 0021966 0221138 1520150
 1512571 0748864 0456389 0547044 0700321 1521721 0423896 0456205 0681828 0021135 1533691 2827718 0947630 1515981 1547282 0871161 1292721 0439509
 0441925 0441889 1522410 0004083 0439849 0596306 0699792 0005775 1516559 0332256 2700400 0441729 0085201 0003592 0021966 0221138 1520150
 1521721 0085201 0441729 0619865 0003592 0021966 0221138 0456389
 1539956 0596607 0013855 0017243 1382104 0002778 0936012 1524024 0443289 2612461 0597177 0332256 2700400 0025914 0025929 0026809 0085201 0003592 0021966 0221138
 0033684 0332148 0750492 1518422 0597177 1705242 2987476 0085201 1515148 0003592 0021966 0221138 0441729 0085201 0003592 0021966 0221138 0025914 0025929 0026809 0150312 0023779 0032854 0542537 2700379
 1883712 0439611 0947630 1185738 1706132 1705535 0033684 2612461 0062709 0023821 0023820 0178587 0205250 0445247 0597177 1299351 2700149 2982691 2612461 0230704 0597177 0443602 0332256 2700400 1520150 1883559 0025914 0025929 0026809 0332307 0445392 1547052 0085201 0003592 0021966 0221138 0205286 1879547 0023194 1416804 0008380 0001390 0008377 0031617 0885520 0441729 0085201 0003592 0021966 0221138
 1512571 0301630 0392756 0441610 1521721 0577559 1306372 3152252 0008387 0031843 0542341 0700205 1705273 0178602 0869039 1114758
 1948062 0150312 0449450 0201950 0543421 2348205 0025914 0025929 0026809 0243148 1550141 1882979 2587213 3274648 0086045 0806909 1551058 1552615 2826546
 0178602 0869039 1114758 0441729 0085201 0003592 0021966 0221138 1520150 0201950 0543421 0577559 1306372 3152252 0008387 0085201 1515148 0424099 0003592 0021966 0086045 0221138 0392756
 0332197 1689985 0441729 0085201 0003592 0021966 0221138 1520150 0086045 1708760 0201950 0543421 0577559 1306372 3152252 0008387 1517331 0392756 0085201 0003592 0021966 0025914 0025929 0026809 0221138 1539956 1707455
 1321095 1705648 2347093 2348338 0201950 0543421 1518422 0301630 0392756 0441610 0201950 0428466 0441889 0349966 1337208
 0392756 0547047 0201950 0543421 0085201 1148636 1101522 1515148 0003592 0021966 0023779 0221138 0243122 0441994 1145667 1167622 1510827 1548802 2003888 1721092 0333262
 1510827 0085201 1515148 0003592 0021966 0221138 0439831 0543484 0699900 1516314 1880177 1515655 0392148 2612461 0230704 0597177 0443602 1539956 0025914 0025929 0026809 1705535 1518422 0309872 0004083 0439849 0596306 0699792
 0392148 0597177 0700364 1883351 0205160 1280500 1513916 2348382 2825415 2825491
 0947630 1547282 0201950 0543421 1539956 0025914 0025929 0026809 0441994 1548802 2003888 0085201 0003592 0021966 0221138 0025914 0025929 0026809 0085201
 0947630 0201950 0543421 0025914 0025929 0026809 0205447 1948062 2348205
 1511726 3245479 1705535 1948062 0205410 1515877 1879547 2612541 0014895 1515655
 1539956 0025914 0025929 0026809 0085201 1457900 0332256 2700400 1948062 1883351 0201950 0543421
 1518422 0868928 1706255 1706256 0201950 0543421
 0085201 0003592 0021966 0221138 0700364 1883351 0018790 0237477 0392351 0521111 0439836 0008387 0008377 0014898 0023194 1416804 0008380 0001390 0008377 0031617 0885520
 0868928 1706255 1706256 0178602 0869039 1114758 0205410 1518422 0024501 0858309 0201950 0543421
 1520150 0085201 1883559 0441729 0003592 0021966 0025914 0025929 0026809 0086045 0205171 0221138 0332307 0445392 0991568 1321095 1446561 1547052 1720467 2347093 0441889 0456079 1547707 2946261 0085201 0003592 0021966 0221138 0018790 0237477 0392351 0521111 0678723 0870861 1254042
 0392148 0700364 1883351 0018790 0237477 0392351 0521111 0678723 0870861 1254042 0086045 1446561 1710236 0439801
 0021467 0021469 1628982 3463820 0085201 0003592 0021966 0221138 1515187 0442504 1704765 1882509 3496241
 1707959 0085201 0003592 0021966 0221138 0079613 1883351 1720119 1948037 1265611
 0332149 1705910 2362652 0023194 1416804 0008380 0001390 0008377 0031617 0885520 1145667 1167622 0085201 1515148 0003592 0021966 0221138 1947931 0230704 0597177 1515981 0871208 1521828
 0332290 0947630 1547282 0085201 0003592 0021966 0221138 0018790 0237477 0392351 0521111 2612541 0014895
 0201950 0543421 0025914 0025929 0026809 0441994 1548802 2003888 0025914 0025929 0026809 0085201
 0947630 0025914 0025929 0026809 0085201 1547282 1883351 0301630 0392756 0441610 2348205 0577559 1306372 3152252 0008387 0025914 0025929 0026809 0205397 0441833 0687744 1257890 1552516 1705428 1705429
 1442162 1550718 3244317 0025914 0025929 0026809 0085201 1518422 0085201 0003592 0021966 0221138 0577559 1306372 3152252 1705535 0003601 0003595 0523511 1412481 0085202 0052181 0003592 0024501 0201950 0428466 0441889 1515655
 2612541 0014895 1709305 2745955 0681828 0021135 1533691 2827718 0947630 1527178 1705938 0003595 0332148 0523511 0750492 1412481 1883351 1515877 1879547 0206243 0699809 0008387 0858034 0619865 0008377 0014898
 0025914 0025929 0026809 0597177 0596607 0332268 0085201 0003592 0021966 0221138
 0003595 0523511 1412481 1515877 1879547 0023194 1416804 0008380 0001390 0008377 0031617 0885520 0085201 0003592 0021966 0221138 0700364 1883351 0871208 1521828 0205170 3146287 0183683 1521721 1512612 1704675 0085201 1101522 1515148 0003592 0021966 0221138 0018790 0237477 0392351 0521111 0014895 1710236 0439801
 0205341 1705914 0085201 0003592 0021966 0221138 1879547 0023194 1416804 0678723 0870861 1254042 0023821 0023194 1416804 0008380 0001390 0008377 0031617 0885520 1879547 1705535 0205359 0557651 0947630 2603343 0450389 0026882
 0026882 0205108 0205396 1550043 1551388 0086045
 0392747 1158917 0025519 0025520 0023821 0205341 1547730 1705914 1444637 0947630 0017446 0205147 0205234 1285542 1547282 0015252 0728940 1555721 1706204 0450387 0029266 1704322 1704972 2986904 3539923 0450388 1515926 0205341 1705914 1705535 1167622 1704675 0023194 1416804 0008380 0001390 0008377 0031617 0885520 0007382
 2347946 0026882 1705285 0085201 0332268
 1442161 1511760 1880274 0301630 0392756 0441610 1301808 1442792 3148680
 0868928 1706255 1706256 1707959 0870432 0031437 1285572 0596988 0085201 1518422 0014895 1882074 2825492 0018790 0237477 0392351 0521111 2612541 0014895
 0183683 1521721 1512571 0681828 0947630 1547282 0085201 0018790 0237477 0392351 0521111 2612541 0014895 0085080 0018555 0007634 0008120 0018557 0029939 0152035 0205409 0227898 1278992 1548221 3282337
 1518422 2963144 1515926 1280500 2348382 0178566 1704675 0085201
 1283195 0003250 1515926 0085201 1515148 0003592 0021966 0205263 0221138 1442161 1511760 1880274 1280500 2348382 1515926 0085201 1515148 0003592 0021966 0205263 0221138 1442161 1511760 1880274
 0332453 0439792 0205341 1547730 1705914 0085201 0003592 0021966 0221138 1721092 0332501 0333262 1145667 1167622 1510827
 1274040 1546471 2825142 0332290 1880389 1883221 3541951 0205341 1705914 1518422 1947931 1314939 1510827 0023194 1416804 0008380 0205681 0600499 2945843 0001390 0007382 0008377 0031617 0205145 0885520 1515974 1879547 2825164
 1552616 1706244 1511726 3245479 1547282 1880389 1883221 3541951 0085201 0003592 0021966 0205341 0221138 1547730 1705914 1273518 0026377 0008387 0008377 0014898
 1442161 1511760 1880274 0028778 0332206 1533157 1706084 2828370 0201950 0428466 0441889 0015264 0021467 0021469 1628982 3463820 1515877 1879547 0023194 1416804 0008380 0001390 0008377 0031617 0885520 1515655
 0870520
 0554249
 2825232 0043227 0041734 0699943 0018747 0034019 3244304 0018173 0018684 0557854 1521721 2825316 3245478 0439493 1513009 0369637 0441923 2603360 0027468 0018684 0021622 3245503
 0033268 0025936 0449719 1521721 1709471 1513882 1516764 1513817 0205099
 0010186 0220812 0449719 1709471 0220808 0680264 0007961
 1706852 0522501 1706089 0949214

 0035173
 0282413 0376649 1442065 0013227 0025118 0013227 0025118 0036375 0041740 0086312 0442696 0585034 0565990 1552471 0254343 0796520 3272379

 0085205 1549619 1880669
 0013849 1705961 0024492 1538057 1547565 0059804
 0369637 0441923
 0369637 0441923
 0302523 0700325 3244290
 0000723 0000723 1273517 0023821 0023820 0178587 0205250 1299351 2700149 0023821 0023820 0178587 0205250 1299351 2700149
 0023194 1416804 0008380 0001390 0008377 0031617 0885520 0023194 1416804 0008380 0001390 0008377 0031617 0885520
 0596607 0013855 0017243 1382104 0596607 0013855 0017243 1382104
 0599209 0599209 0008565 0008550 0015663 0033684 0302908 0456962 1304698 1546699 1561501
 1881413 2348529 1881413 1721092 0333262
 0023821 0023820 0178587 0205250 1299351 2700149
 0008377
 0041405 1824670 3272447 0201950 0543421 0008377 0439175 0439810
 0337445 0003069
 1704732 0013862 0071500 0596607 0013855 0017243 0071499 1382104
 1514811 1706462 0557061 2584313 1514811 1706462 2827734 2981698
 2603360
 0369773 2603361 0369637 0441923

 2347469 2603360
 0205090 0684010 2603358


 0025141 0740116 2827735 2981700
 0252873
 0205090 0684010 2603358


 0439267 2603362
 0369637 0441923
 0349590 1262865 0025141 0439086 2827736 2981702
 0021966 0221138

 0252873
 1511325
 0439394 1706495 3642217 0439394 1706495 3642217
 2603362

 2347379

 1551730 2603362
 0252873
 0369637 0441923




 0439084 0728893
 1553033 0369718 0441922 1553036 0252873
 0369637 0441923

 1315013

 0025141

 0597277 1708601
 0205090 0684010 2603358
 0001483
 2347379
 2827734 2981698 3541329 0450385 2827734 2981698
 0331809
 0331809 0369773 2603361


 2347379
 0000857 0600678 1552863



 2347379


 0016327 0439133 1553038
 0033727 0369286 0441932 0564385 0439267
 0033727 0369286 0441932 0564385 0369637 0441923



 0025141
 2603362


 2827734 2981698 0025141
 0597277 1708601
 2603360 0033727 0369286 0441932 0564385
 0033727 0369286 0441932 0564385 0369637 0441923
 0036397 0000857 0600678 1552863
 0369637 0441923
 0597277 1708601
 0369637 0441923
 0369773 2603361
 0439267
 0033727 0369286 0441932 0564385
 0004153 1419713 0025141

 0016327 0439133 1553038 2603362

 2347379
 0000857 0600678 1552863
 0439267
 0033727 0369286 0441932 0564385 2303040 0439267
 0439394 1706495 3642217 0369637 0441923


 2347379
 0439509
 2603360 0331809
 0331809 0369773 2603361

 0005477 0025141
 0033727 0369286 0441932 0564385 2603362
 0005477 0025141

 0016327 0439133 1553038
 0033727 0369286 0441932 0564385 0439267
 0597277 1708601 0369637 0441923
 1553033 0439267
 0033727 0369286 0441932 0564385


 0201682

 0021966 0221138

 2646282 2603360
 0205090 0684010 2603358

 1315013

 0025141
 0017596 1947936
 0597277 1708601 0205090 0684010 2603358
 0439267



 0201682


 1553033 2603360
 0205090 0684010 2603358
 0369773 2603361






 0033727 0369286 0441932 0564385




 0205090 0684010 2603358 0369718 0441922 1553036
 1418943

 0268596 2700624
 3642273
 0041703
 0000857 0600678 1552863 0450348
 3495095 0033727 0369286 0441932 0564385 0205090 0684010 2603358
 0439394 1706495 3642217 0369718 0441922 1553036


 0000857 0600678 1552863

 0597277 1708601 0369637 0441923
 0439267 0369637 0441923
 2603362
 0439114
 0369773 2603361 0439267
 0369637 0441923
 0005477 0025141
 0011198 0017480 3541240 0439267 0369637 0441923
 0004153 1419024 1419741 1861424 2348600 0025141
 0205090 0684010 2603358
 0337049 1036400
 2347469 0205090 0684010 2603358
 2347469 0028778 0332206 1533157 1706084 2828370

 0597277 1708601 0013005 0369773 2603361

 0369773 2603361
 0369718 0441922 1553036
 1414400

 0000857 0600678 1552863


 0023150 0220866 0728724 1947938 1947939 2603362
 0439267 0369637 0441923
 0439394 1706495 3642217

 0033727 0369286 0441932 0564385

 0016327 0439133 1553038
 2603360
 0369773 2603361 0033727 0369286 0441932 0564385
 2347469 1708595 3280986

 2347379
 0000857 0600678 1552863
 0033727 0369286 0441932 0564385 0597277 1708601 0439267


 0201682

 0033727 0369286 0441932 0564385 0597277 1708601 0439267

 1315013

 0025141

 0205090 0684010 2603358 0302595 1537110 3275241 2603362
 2603362

 0369718 0441922 1553036
 0016327 0439133 1553038 0439114 2603360
 0439267

 0369718 0441922 1553036
 0597277 1708601 0369773 2603361
 0369718 0441922 1553036 0369637 0441923
 2347469


 0000857 0600678 1552863 0450355
 1511325
 0439394 1706495 3642217
 1527178 1874451 0019247 0012634 0439660 0722969 0205090 0684010 2603358 0439394 1706495 3642217 1423878
 0442532 0027976 0205314
 0439267 0033727 0369286 0441932 0564385
 0005775 1516559



 0033727 0369286 0441932 0564385
 0033727 0369286 0441932 0564385 2603360
 0439394 1706495 3642217 0597277 1708601




 0439083 0439087
 0033727 0369286 0441932 0564385
 0033727 0369286 0441932 0564385 2603360
 0597277 1708601





 2603362
 0369637 0441923
 0205090 0684010 2603358
 0325001
 0205090 0684010 2603358
 0205090 0684010 2603358
 0033727 0369286 0441932 0564385


 0201682


 2347469 0597277 1708601
 0021966 0221138
 0439267
 0402830 0369637 0441923
 0005775 1516559
 0033727 0369286 0441932 0564385 0021966 0221138 0033727 0369286 0441932 0564385 0439267 0439267
 0004153 0025141
 0597277 1708601
 0033727 0369286 0441932 0564385 2603360
 0369773 2603361 0205090 0684010 2603358
 0439267
 0205090 0684010 2603358

 1315013

 0025141 0439509
 0369637 0441923
 0439267 0439394 1706495 3642217 0562547
 0369637 0441923
 0369637 0441923


 0201682

 0369637 0441923

 0369773 2603361


 0201682

 0369637 0441923
 0439267 0439394 1706495 3642217 0562547
 0369637 0441923
 0369637 0441923



 0201682

 0369637 0441923
 0439267 0562547
 0369637 0441923
 1847322 0439267
 1553033 0369637 0441923


 2347379
 0000857 0600678 1552863
 2347469 0205090 0684010 2603358 0016327 0439133 1553038
 2584326 0013935 0025914 0025929 0026809 1305370 0027976 0205314 0027976 1879958
 1503144 0033727 0369286 0441932 0564385
 0439267

 0814042 0039421 0003069 0596654 3538926
 0450387 1826357
 2603360
 0016327 0439133 1553038
 0009017 0009015
 0022877 1619828 0475311 0027976 1879958

 0439394 1706495 3642217 0439394 1706495 3642217
 0439394 1706495 3642217

 2347379
 0000857 0600678 1552863
 1415618 1511325
 0439394 1706495 3642217


 0201682

 2347469
 0562547
 2603362


 0201682

 0439267
 0205090 0684010 2603358
 1315013
 0201682

 0439394 1706495 3642217
 0597277 1708601
 0597277 1708601 0205090 0684010 2603358 0369637 0441923










 0016327 0439133 1553038 0369773 2603361
 0205090 0684010 2603358
 0369637 0441923

 2347379
 0000857 0600678 1552863
 0021966 0221138
 0205090 0684010 2603358
 0439267
 0439394 1706495 3642217 0678579 0369637 0441923
 2603362


 0201682

 0369637 0441923
 0597277 1708601
 0003461 2939124

 0025141 0450382

 1553033 2603360

 0332520 2347774
 2347379
 0000857 0600678 1552863
 1423524 3273411 3273412 0439394 1706495 3642217 0205090 0684010 2603358
 0033727 0369286 0441932 0564385
 1418943

 1417055




 0005477 0025141




 0201682

 0439114
 0369718 0441922 1553036
 1441583
 0439394 1706495 3642217 0205090 0684010 2603358



 0201682


 0369773 2603361 0016327 0439133 1553038

 2603360


 0201682

 0021966 0221138
 0033727 0369286 0441932 0564385
 1441506 0037683 0027976 0205314
 0562547

 0597277 1708601

 2347379
 0000857 0600678 1552863
 0562547
 0439394 1706495 3642217
 0439394 1706495 3642217


 0201682
 0025141
 0439394 1706495 3642217
 0597277 1708601
 0439394 1706495 3642217

 2347379
 0000857 0600678 1552863 0450385
 0252873
 2347469
 2603362
 0205090 0684010 2603358
 0369637 0441923
 1418943

 0268596 2700624
 3642273
 0041703
 0000857 0600678 1552863
 0562547
 3495095 0033727 0369286 0441932 0564385
 0597277 1708601 0554249 2603360
 0439394 1706495 3642217 0369718 0441922 1553036

 2347379
 0000857 0600678 1552863
 1553033 0205090 0684010 2603358
 0331809

 0021966 0221138


 0201682
 0450387
 0369773 2603361
 2347469 0205090 0684010 2603358 0205090 0684010 2603358
 0005477 0025141 0450388

 2347469 0369773 2603361


 0201682

 0369773 2603361
 0439267 2603360 1883069
 0439394 1706495 3642217
 0439394 1706495 3642217
 0005477 0025141 0450389
 3463939
 0369773 2603361 0331964 0439394 1706495 3642217
 0439267 0439267


 0439267
 0005477 0025141


 0597277 1708601 0439394 1706495 3642217
 0597277 1708601 0252873
 2603360
 0369637 0441923
 0005477 0025141
 1883069
 0369773 2603361
 0439267 0205090 0684010 2603358
 2346751 0369637 0441923
 0439394 1706495 3642217
 0005477 0025141
 1652689

 2347379
 0025141
 0439267 0205090 0684010 2603358 2603362
 1708595 3280986 0597277 1708601
 0033727 0369286 0441932 0564385 0205090 0684010 2603358



 0000857 0600678 1552863
 0033727 0369286 0441932 0564385 0597277 1708601 1551910 0033727 0369286 0441932 0564385 2603360 0597277 1708601 0597277 1708601





 2603360
 0369773 2603361 0597277 1708601
 0439394 1706495 3642217 0597277 1708601 0439267

 2347379
 0000857 0600678 1552863
 0369637 0441923

 0597277 1708601 0369637 0441923
 2603362
 0439114 0439267

 0369773 2603361




 0009993 0037455 0596070 1552856 0005477 0026376 0005532 1521991