 0587474 1704729 0020028 0019994 0041740 1510665 0038995 1704729 0020028 0019994 0041740 1510665 3245503 0001655 1523997 2825093 0019932 1157311 0024501 0014442 0014445 0243148 1550141 1882979 2587213 3274648 0010813 0596311 1330957 1261552 1704379 1705117 2825408 0597513 1156542 0005572 0220781
 0001655 1523997 2825093 0019932 0598783 1517898 0023779 0025519 0025520 0243148 1314939 1550141 1882979 2587213 3274648
 0947630 0443289 0279025 2966671 0039798 0087111 1522326 1533734 1705169 3538994 0178602 1373181 1158917 0025519 0025520
 0185125 1632850 1879355 0027361 0237401 0030705 1550335
 0683954 1274040 1546471 2825142 1705535 0279025 2966671 0039798 0087111 1522326 1533734 1705169 3538994 1280500 0086445 0017665 0022658 0025255 0205287 0332240
 1280500 1373181 1158917 0025519 0025520 0178672 0001554 1533734 0001655 1523997 2825093 0019932 0027361 0237401 0439831 1274040 1546471 2825142 0301630 0392756 0441610 0740116 2827735 2981700 0439086 2827736 2981702
 0086045 0023824 0202117 0008377 0003593 0003591 0205216 0392756 0442797 0065058 0125953 1096202 0023820 0439509
 1280500 0023822 0023821 1522133 0065055 0008377 0023820 0178587 0205250 1299351 2700149 0683454 0021966 0221138 0442809 0301630 0392756 0441610 0442805 0740116 2827735 2981700 0439086 2827736 2981702 0442739 1548568 0392747 0443172 1705241 1511726 3245479
 0039798 0087111 1522326 1533734 1705169 3538994 0001655 1523997 2825093 0019932 0392747 0443172 1708698 0023820 1979963 2003903 0332281 0007226 0035647 0392756
 0441712 1518422 0443211 1272684
 2982836 0470187
 0205435 1279901 0301630 0392756 0441610 1883351 1280500 2348382 1518422 0149783 0444956 0038317 0039798 0087111 0178602 0205250 0869039 1114758 1299351 1441672 1522326 1533734 1705169 2700149 3538994 0439086 2827736 2981702
 1979874 0065058 0125953 1096202 0023820 0038317 0798503 0805586 3274764 0085639 0238715 1280500 2348382 0175668 0027627 0205436
 0205436 0457385 0565930 1561503 1705190 1883712 0010454 0009458 0010453 0220814 0430400 0439536 1705217 2242979 3244283 2717940 0007634 3282337 0682523 0427861 0007600 0677626 0007634 0023903 0205132 1269647 1550648 1552960 1704653 1948049 2239176 0549399 0861064 0007634 0178539 0205217 0243144 0347980 0442805 1708698 1705535 0001655 1523997 2825093 0019932 0243144 0347980 0227525
 0205437 0332185 1547282 0001655 1523997 2825093 0019932 0205263 0442805 1264633 1554103 0003593 0332281 0003591 1518422 0003593 0332281 0003591 1511726 3245479
 2362652 0205054 0243144 0347980 0003595 0003591 0023820 0086597 0127400 0237753 0449788
 1280500 1317500 0449774 0030705 0039798 0087111 1522326 1533734 1705169 3538994 0001655 1523997 2825093 0019932 0030705 0683312 1442162 1550718 3244317 0022658 0012634 0022646 1882932 0000768 0000769 0030705 0022671 0376387 0022646 0040732 0332835 1709854 0030705 0439084 0728893 0030705 0205319 0598784 0030705
 0205246 1553889 1274040 1546471 2825142 2348205 1441672 0027361 0237401
 1517001 0030705 0201835 1287355 0441889 0030705 1295601 0201835 1287355 0441889
 2607943 2926606 3539655 0439831 0558058 0871261 1704632 1706817 2911692 0030705
 0392747 0443172 1317500 0023820 0030705 0032105 0449774 1441672 1550098 0279025 2966671 0039798 0087111 1522326 1533734 1705169 3538994 0001655 1523997 2825093 0450344 1553633
 0450345 0392756 0547047 0439849 1705630 1706279 3540605
 0449911 0333052 2607870 0557702 1272706 1704674 0557702 1272706 1704674 0349966 1337208
 2827734 2981698
 0001655 1523997 2825093 0019932 1442162 1550718 3244317 0030705 0439228 0021492 0336721 1444656
 1292711 0449719 1709471 1547282 0025320 0392747 0443172 1282913 1551714 0041004 0065058 0125953 1096202 0023820 0205120 1552595
 1292711 0441994 0449719 1548802 1709471 2003888 2347469 1547282 0025320 0392747 0443172 0205142 0042027 0221102 0504085 1524119 2699704 1282913 1551714 1282913 1551714 0051266 1412376 3541220 1879647 1979844 0439095 1979927 2003941 2350010 0205120 1552595 0521104 1524004 1514811 1706462
 0030705 1518422 0027361 0237401 0001655 1523997 2825093 0019932 0205263 0442805 1518422 0003593 0332281 0003591 0021399 1158323 1158917 0025519 0025520 0023821 0065060
 0030705 0700364 1883351 2699787 0001655 1523997 2825093 0019932 2349975
 0814225 0001655 1523997 2825093 0019932 1290884 1524063 0012634 0039798 0087111 0333348 1273517 1522326 1533734 1705169 3538994
 0039798 0087111 1363945
 0814225 0149783 0038317 0039798 0087111 1522326 1533734 1705169 1707455 3538994 0205195 1947911 0678823 0001554 1533734 0001655 0279025 1523997 2825093 2966671 0019932 0039798 0087111 0870084 1522326 1533734 1705169 1708698 3538994
 1442162 1550718 3244317 0376554 0332281 0020476 1707455 0001655 1523997 2825093 0019932 0518609 1515187 1317500 0449774 0683454 0021966 0221138 1280500 0439086 2827736 2981702 0001688 0879626
 0020476 0205447 0243107 0678723 1527148 0004153 0023977 0279025 2966671 0039798 0087111 1522326 1533734 1705169 3538994 0038317 0332281 0007226 0814225
 1883351 0868928 1706255 1706256 0279025 2966671 0039798 0087111 1522326 1533734 1705169 3538994 0001655 1523997 2825093 1522609 2987476 0027712 0205217 0442805 0026565 0026566 0030705 1441672 0022661 0231178 0035078 1963154 0022646 0205191 0231174 0680095 0439064 0747726 0023977 0149783 0443252 0038317 0039798 0087111 0205166 1515273 1522326 1533734 1705169 1705313 1706317 2826302 3538994 0681850 1550501 1706203 2349001 2697811
 0022671 0376387 0022646 0040732 0185125 0332835 1632850 1879355 1709854 2347946 0017658
 0681850 1550501 1706203 2349001 2697811 1555599 1691010 0205543 0086445 0017665 0022658 0025255 0205287 0332240 0683278
 0439230 0039798 0087111 1522326 1533734 1705169 3538994 0030705 0870432 0392756 0547047 0549183 0876920 2347635 2348144 2939193 2986411 0549183 0876920 2347635 2348144 2939193
 0030705 0001655 0279025 1523997 2825093 2966671 0679868 0019932 0039798 0087111 0205336 1522326 1533734 1705169 3538994
 0522476 0030705 0332325 2827757 0040808 2945654 0683607 1550028 1880201 3242342 0039798 0087111 1522326 1533734 1705169 3538994 0178602 0869039 1114758 2698651 0021966 0221138 0369637 0439269 0441923 1720725 1948050 1960952 2346927 2827734 2981698 0332174 0439230
 0030705 0039798 0087111 1363945 0332293 0439175 0439231 0439810 1522326
 0332283 0439231 0220912 0220913 0311392 0035020 0205336 0277556
 0549178 1883351 1292734 1522326 0030705 0001655 1523997 2825093 0019932
 0029921 0030705 0205453 0205454 0439787 0849355 0030705 0240035 0016059 1511726 3245479
 0683954 2607943 2926606 3539655 1511726 3245479 2587213 0449774 0332529 1547017 1705535 0001655 1523997 2825093 0019932 1280500 0086445 0017665 0022658 0025255 0205287 0332240
 0441712 1518422 0205309
 0681814 0947630 1517586 1547282 0020476 0436331 0022658 0012634 0022646 0680243 0033684 0042027 0221102 0504085 1524119 2699704 0086418
 0376298 0038317 0332197 1689985 0002073 0450442 1254351 1521826 3242229 0038317 1550025 1704782 1708715 0681841
 0001655 1523997 2825093 0019932 0850310 3154893 0205177 0439167 0441655 1561536 1280500 2348382
 0442805 0542559 1318139 0439092 0547044 0175668 0027627 0205436
 0016884 0043227 0087113 1280519 1707887 0023820 0027361 0237401 0030705 0205170 0683312 3146287 0022658 0012634 0022646 0456369 0870444
 0441712 1512571 0814225
 2587213 0023981 0947630 0027552 0686904 1883351 1292732 0687742 0814225 0001655 0332281 1523997 2825093 0019932 0678640 0038317 0022671 0376387 0022646 0040732 0332835 1709854 1883351 0521093 0750484 1456348 1280500 2348382 0030705 1441672 0086445 0017665 0022658 0025255 0205287 0332240
 1316572 1317574 1369612 0282413 0686900 1272683 1522634 1883351 1704729 0020028 0019994 0041740 1510665 3245503 0020750
 1514811 1706462 0033727 0369286 0441932 0564385
 0017263 0596611 1515926 0008381 1413855 0014442 0038304 0020364 0199780 0001554 1533734
 2346604
 0000857 0600678 1552863
 0001655 1523997 2825093 0019932 0392756 0547047 2262011 1149836 0441655 0086045

 0025141
 1280500 1373181 1158917 0025519 0025520 1515655 0021135 1533691 2827718

 0025141 0369637 0441923 0016327 0439133 1553038
 0301630 0392756 0441610 0027361 0237401 0030705 0080103 0869014

 0025141
 0001655 1523997 2825093 0019932 0441994 1548802 2003888 0428462 0023779 0332293 1522326 0030705

 0025141 0369637 0441923
 0001655 1523997 2825093 0019932 0441994 1548802 2003888 0065058 0037943 0228341 2239920 0086045 1518422 1158323 0025519 0025520

 0025141 0369637 0441923
 1280500 1979963 2003903 0678874 0031843 0542341 0700205 1705273 0017665 0022658 0025255 0205287

 0025141
 0001655 1523997 0442805 0243144 0347980 0302891 0065058 0125953 1096202 0023820 0065058 0037943 0228341 2239920 2717940 0007634 3282337 0332120 0034821 1149327 0597357

 0025141 0369637 0441923
 0332120 1149837 0086439 0023816 1149836 1416902 0023764 0023820 0205177 0439167 0441655 1561536 1518422 0050325 0960756 1521761 2827422 0035078 1963154 0022646 0231174 0680095

 0025141 0011198 0017480 3541240
 0332291 0085862 1280500 1299583 0032952

 0025141 0205090 0684010 2603358 1419068 1419906 3541238 3541412
 0684224 0700287 3273238 0015176

 0025141
 0039798 0087111 1363945 0027726 0039082 0033687 1962972

 0025141
 0001554 0376636 1273870 3273539 0034866

 0450382 1706852 2828366 1527021 1554111 1705606 3541382 0239110 1706852 0239110 1705565 1947976 0687676 1704687 0557854 0013849 1705961 1706852 0282420 1706852 0282111 1706852 1138432 0239110 0162443 0205314 0033213 1706387 0003738 0024552 1519021 1554162 1883712 1552603 1706202 1706852 0282111 0740116 2827735 2981700 1706852
 1706852 0369637 0441923
 1706852
 1706852 0369637 0441923
 0019004 0917873 0011945 0011946 1059964 2735290 0242456 1522634 0205145 0887933 0947619 0035621 0205090 0439658