 1512050 0086222 0243148 1550141 1882979 2587213 3274648 0017262 0185117 0024432 1546706 1550652 0001527 0040300 1547928 0028754 1563743 2945650 0369637 0441923
 0036152 1826357 0035172 0021622 0035168 0242481 1272753 1704729 0006754 0041740 3146274 0036152 1826357 0006754 3146274 0034036 0034037 1514756 1704324 0520510 1274040 1546471 2825142 0557061 2584313 1514811 1706462 0086222 1521902 1412481 0017262 1445865 0017337 0185117 0001527 0040300 1547928 0028754 1563743 0025936 0003069 0025914 0025929 0026809 0205396 1550043 1551388 3146294 2827421 0017258 1555715 1704332 0314604 1412481
 0205447 0004793 0028630 0162326 0162327 0332529 1519249 0582519 1412481 0017337
 0086222 0004793 0028630 0162326 0162327 1519249
 0086222 0205280 0332148 0750492 0017337 0052189 0033799 0052189
 0014290 0162326 0700364 1883351 0205177 0439167 0441655 1561536 0206190 0024432 0031153 0442034 1546706 1550652 0206131 1515981 1705535 0205177 0439167 0441655 1561536 0034987 0013879 0205214 0220905 1522138 1704735 3245511
 0520510 1274040 1546471 2825142 0557061 2584313 1514811 1706462 0003591 0003591 2347167 0598783 1517898 0023779 0025519 0025520 2827734 2981698
 0449432 1705248 0023821 0023820 0178587 0205250 1299351 2700149
 0003595 0523511 1412481 0035820 1705810 1519269 0023688 0015576 1704727 0034821 1366529 1621790 1148608 1523843 1621789 0243122 1145667 1167622
 0542341 0086597 0449297 1382187 2825073 0062708 0023821 0023820 0178587 0205250 1299351 2700149 0332294 0008377 0332620 0678226 0041004 0023884 0736268 1278929 2346688
 0205419 3539520 1537525 0740116 2827735 2981700 0439086 2827736 2981702 0001721 0871161 1292721 0686907 0205396 1550043 1551388 0003765 0010654
 0205419 1537525
 0205419 0332452 0597357 0019904 1998882 0020479 0332281 0441731 0020473 0332307 0439070 1547052 1705160 0004153
 0205419 0442805 0220781 0439634 1522492 0085400 0599878 1521970 1881534 0052201 2984964 0035648 0050325 0960756 1281905 0035647 1521761 2827422
 0052201 2984964 0332281 0205081 0439775 0702240 1881878 0858034 0008377 3640263 1281905 0035647 0205217 0442805 0277564 0439084 0728893
 0024432 1546706 1550652 0205166 1706317 0003595 0449416 0523511 1412481 1705919
 0003595 0523511 1412481 0005516
 1254426 0007585 0010453 0220814 0430400 2242979 0021135 1533691 2827718 1547282 0024432 1546706 1550652 1518422 1709634 0003595 0523511 1412481
 0206190 0024432 0031153 0442034 1546706 1550652 1327616 0003595 0523511 1412481
 0014264 0450442 1254351 1521826 0392756 0547047 0033268
 0019612 0024432 1546706 1550652 0332257 0227525 0022801 0007634 3282337 0206116 0205263 1883351 0003595 0523511 1412481
 0011777 0017711 0017710 0442805 0035696 0441889 0332462 1880834 0441889
 0243144 0347980 0699759 0008387 0232902 0023825 0023823 0442811 0023820 0178587 0205251 0442824 1299352 1550472 0220781 1883254 0036536 0036537
 0871261 1704632 1706817 2911692 0008377 0040649 0678226 1412481 0314622 0003595 0017337 0205217 0442805 0523511 3146286 0035696 0441889
 0016390 0007634 0024432 0280592 0991510 1441547 3245521 3282337 0034493 1327616 0003595 0523511 1412481 0700364 1883351 0449416 1705919 0507850 0677535
 0040671 1705822 0025914 0025929 0026809 0005961 0005976 0005953 0029216 0040732 0040733 0086590 0262950 0376152 0391978 1266908 1266909 1546708 0450348 0006159 2828360 0021149 0220856 0003062 0332325 2827757
 0220781 1883254 0086418 0684224 0700287 3496591 3241920 0001527 0040300 1547928 0028754 1563743
 0035696 1522260 0016030 0025914 0025929 0026809 0205200 0442726 1511790 0205263 1883351 0206131 0021641 1533581 1579433
 0016030 1518422 0332256 2700400 0003595 0035696 0523511 1412481
 0441889 0456079 1547707 2946261 0206131 0205217 0442805 1517331 0423896 0456205 1184743 1522240 0206131 1948023 0205263 0857127 0034821 1366529 1416912 0242972 0748025 0023823 0597357 0065059 0023820 0033684 0178587 0205251 0439849 0445223 1299352 1550472 0021641 1533581 1579433
 0851285 1327622 0206131 0024432 1546706 1550652 2348205
 0017337 1518422 0007634 0178539 1709634 0007589 0205263 1511938 2945687 0007634 3282337 1517331 0007634 0449475 0205263 0332307 1269647 1547052 1704653 1948049 0008377 0017711 0017710 1515981 1883254
 0332148 0750492 1184743 1522240 0332298 0034987 0013879 0205214 0220905 1522138 1704735 2587213 3245511 0205177
 0314604 1412481 0017337 0008633 1704837 0444930 2746065 1555715 1704332 0332257 1552866 2700399 0052189 0003594 0021966 0221138 0017337 0052190 0033799 0052189
 1412481 0017337 0040300 0242821 0460148 1268086 0003595 0175630 0439083 0439087 0523511 1412481 0032105 1550098 0023884 0736268 1278929 1883254 2346688
 0086222 0243148 1550141 1882979 2587213 3274648 0017262 0185117 0040300 0450355
 0086860 0332268 0085732 0439851 1947931 0040649 1515655 0332197 1689985 0086222
 0450429 0205054 0243148 1550141 1882979 2587213 3274648 0017446 0205147 0684224 0700287 3496591
 0205054 0243148 1550141 1882979 2587213 3274648 0017446 0205147 0150312 1412481 0017337 0205054 0243148 1550141 1882979 2587213 3274648 0017446 0205147 0522506
 0086222 0424215 2003939 0750541 0017261 1705960 0017337 0332185 0332597 1274040 1546471 2825142 0052189 0003594 0021966 0221138 0017337 0052189
 0684224 0700287 3273238 0024432 0205448 0206131 0475264 1744691 0086222 0205280 1707959 0243148 1550141 1882979 2587213 3274648 0017262 0017337 0185117 0017258 1555715 1704332 1412481
 0520510 0520510 1274040 1546471 2825142 0557061 2584313 1514811 1706462 2827421 0025936 0003069 0025914 0025929 0026809 2827421 0557351 0947630 0349966 1337208
 2827734 2981698 2347469
 0455052 1521827 0009013 0332255 1708096 1539661 1552738
 0009013 1522642 1412481 0314604 0003595 0017337 0086418 0205266 0332529 0523511 1554187
 0004793 0028630 1553778 1561491
 0332256 2700400 0162326 0032520 0337112 0443286 1114821 1335439 1524075 3146294
 0028953 0032520 0004793 0162326 0162327 0337112 0443286 1114821 1335439 1519249 1524075 0332283 1719822 2827734 2981698 0206415
 0740116 2827735 2981700 0206415
 0439086 2827736 2981702 0206415
 0206415
 0439084 0728893 0206415
 0206415
 1514468 0868946 1539661 1998793 1881534 2827421
 0012854 0025663 0025664 0449851 1442989 1998793 2828392
 0003069 0683949 0003062 1517102 0025927 1512692 1517101 0025914 0025929 0026809 0080194 0456178 1518614 2987481 3146294 2827421 0017258 1555715 1704332 0314604 0349966 1337208 2347469 1552738
 0012854 0043544 0086045 1446561 2678549 1882074 0020283 0450407 0450408 0450409 0013618
 0263541 0680063 0200931 0032520 1980004 0012892 0200898 0002778 0012854 0039259 0205396 0337112 0443286 0936012 1114821 1335439 1524024 1524075 1550043 1551388 1710425 3282898 3272453 0012854 0017428 0887950 0936012 1517331 0521093 0750484 1456348 0392148 0004793 0162326 0162327 0282641 1519249
 0003069 0205132 0936012 2827421 0007634 1269647 1704653 1948049 1292533 0370003 2347026 0025914 0025929 0026809 0332128
 0204727 0205409 0220862 0010453 0220814 0430400 2242979 0206190 1523993 1519012 0024432 0031153 0442034 1546706 1550652 1516695 1516698
 0025664 0184661 2700391 0206243 0699809 0232920 0439787 0678108 0849355 0012634 0348080 1705253
 0007634 3282337 0022100 0442120 1516695 1516698 1546689 0991865 0006353 0031603 0031701 0036082 1601799
 3641255 1521806 0005889 0302908 0444611 1704353 1709595 2349200 0179834
 0007634 3282337 0009458 0205224 0439536 0547040 1524031 1705217 2945599 3244283 1883708 0179834
 0007634 3282337 0750480 1705566 0007634 3282337 0180454 0010453 0220814 0430400 2242979 0005971 0020498 1139930 3537155
 0007634 3282337 0849355 1442460 0441648 0024432 1546706 1550652 1439852 0439583 0007452 0015965 0229671 0521457 1140701 1546774 1550100 0242295 1947943 2348609
 0455052 1521827 0872262 0002778 0936012 1524024 0185115 3541890 1524063 0034760 0039421 0332282 0442711 1507394 1522729 2348563
 0020202 1300517 0003595 0035696 0086418 0182400 0523511 1412481 1704681 2347609 3536729 1552738 1524063 0216991 0035681 2984241 0035674 0035668 1335439 0042010 0439526 0331955 0006556 0332255 0486805 1708096 0009013 0086022 0442335 1555265
 0182400 1704681 2347609 3536729 0001271 1524063 0140662 0035681 2984241 0035668 1335439 1273517 1883351 0750572 0441889 0370003 2347026
 0003595 0523511 1412481 0001271 0182400
 0002778 0936012 1524024 0884358 1552738 0007634 0035668 0178539 0439175 0439810 0370003 2347026
 0332255 0486805 0013855 1514893 2699488 0071500 0017243 0071499 0332256 2700400 0041942 0004400 0017243 0442726 1511790 1512080 2827485
 0162788 0444498 0020202 1300517 0738677 0001527 0040300 0205145 0025936 0003069 0025914 0025929 0026809 0070066 0231441 0443218 2827483 0033727 0369286 0441932 0564385 0085185 0030415 1707903
 0205155 1293097 1522472 1552923 1705191 0181858 0000925 0181856 0700320 1883724 0449878 0444330 0325045 0450376 1698986 1273517
 0020202 1300517 0444330 2348236 0005903 0039476 0687712 1547703
 0030415 0444330 0849355 0020940 0043367
 2316368 0205155 1293097 1522472 1552923 1705191 0242656 0449258 0702093 0720930 0441648 0001962 0439083 0439087 0020940 0205449 0702093 1515981 0991865 0006353 0031603 0031701 0036082 1601799 0037494 1959973 0601906 1882074 0020283 0450407 0450408 0450409
 0205155 1293097 1522472 1552923 1705191 0059256 0030946 0439526 0597277 1439852 1622131 1708601 1947941 0205474 0020283 0450407 0450408 0450409 0013618 0037494 1959973 2348236 0005903 0039476 1547703
 0205177 0439167 0441655 0597304 1561536 1947941 0020940 0038561 1272691 2827727 0017890 0522461 0991865 0006353 0031603 0031701 0036082 1601799
 0040300 0991865 0006353 0031603 0031701 0036082 1601799 1701810 1882955 0070066 0231441 0443218 2827483 0991865 0006353 0031603 0031701 0036082 1601799 0991865 0006353 0031603 0031701 0036082 1601799 1701810 1882955 0000986 0003030 0981805 0006353
 1701810 1882955 0991865 0006353 0031603 0031701 0036082 1601799 2316368 0205155 1293097 1522472 1552923 1705191 0011175 0205549 0702093 2348044 0441648 0001962
 0035668 0182400 1704681 2347609 3536729 1708632 0042010 0439190 1524063
 0182400 0085672 1415347 1553035 1823107 1998793 1185738 1706132
 2316368 0205155 1293097 1522472 1552923 1705191 0033727 0369286 0441932 0564385 1439852 0935616 1419782 3538774 0182400 1720119 1948037 0444330 1705201 0006353 0332256 2700400 0016568 0037494 1959973 0041175 0077281 0814229 0020283 0450407 0450408 0450409 0013618 0037633 0525069 0032856 2826070 0016071 0036774 0036773 0728877 0001924 0007452 0229671 1140701 1546774 1550100 0079224 0038720 0475337 3536965 0012854 0035711 1537998
 0205155 1293097 1522472 1552923 1705191 1548982 2348236 0005903 0039476 1547703 1720725 1948050 0036082 0037633 0525069 0013618 0014241 0035541 0035542 0439526 1719918 0037494 1959973 0041175 0077281 0814229 0020283 0450407 0450408 0450409 0439526 0205474 1442450
 2316368 0205155 1293097 1522472 1552923 1705191 1548982 0205452 0036082 0008857 0037633 0376259 0392747 0443172 0525069 1705241 0013618 1292426 1701810 1882955 1720725 1948050 0444499 0036082 0008857 0037633 0376259 0525069 1457900 0011175 0332157 0086296 1561571 1561572 0331955
 0444330 0014020 0040594 0259862 0521447 3539618 0450376 1439852 2363670
 0205155 1293097 1522472 1552923 1705191 2986582 0018964 0325045 2919405 0034115 0043047 0599638 1548982 1550678 0325045 0001962 0442504 1704765 1882509 3496241 1883708 0014448 0885297 0325045
 0011175 0205549 2348044 0001962 0205155 1293097 1522472 1552923 1705191 0040223 0043367 0205449 1632851 1701810 1882955 0444456 1706359
 0162801 0002778 0936012 1524024 0004793 0004793 0887857 0028630 0162326 0017258 1555715 1704332 0314604 0025663 0025664 0449851 1442989 2828392
 0162326 0470187 1510755
 0004793 0028630 0162326 0012854 0936012 1704640 1706515 0002045 0037585 0332256 1553446 2700400 0043193 0002045 0004793 0162326 0162327 1515981 1519249 1707455 1553446
 0002778 0936012 1524024 1552603 1706202 1881534 0242356 0993637 0178499 1511726 1626935 3245479
 1274040 1546471 2825142 0520510 1274040 1546471 2825142 0557061 2584313 1514811 1706462 1883351 0450429 1515974 0017262 1412481 0017337 0185117 0206190 0024432 0031153 0442034 1546706 1550652 0025936 0003069 0025914 0025929 0026809 0205409 1548221 3146294 0332255 0486805 0450344 1553633
 0035668 0185115 3541890 0002778 0014241 0035541 0035542 0936012 1524024 1545588
 0024432 1546706 1550652 1523993 0332256 2700400 0035696 0007634 3282337 1539661 1518422 0035683 0080124 0035668 0086418 0182400 1704681 2347609 3536729 0349966 1337208
 1292533 0370003 2347026 0035683 0003595 0035668 0036658 0182400 0523511 1412481 1704681 2347609 3536729 1511726 3245479 1518422 1547282
 1274040 1546471 2825142 1705535 0205177 0439167 0441655 1561536 0086860 0205107 1412481 0017337 0205177 0439167 0441655 1561536 0205172 0017337
 0449911 0333052 2607870 0557702 1272706 1704674 0557702 1272706 1704674 0349966 1337208
 2827734 2981698
 2827421
 0040649 0029266 1704322 1704972 3539923
 0017258 1555715 1704332 1412481 0175659 0349674 1947916 3536777 0013113 0175659 0349674 1947916 3536777 1547282
 0205132 1882932 1444754
 1445865 0017258 0017337 0205128 0205132 0205208 0302909 1378566 0015295 0179400 1638312
 0017446 0205147 0205054 0243148 1550141 1882979 2587213 3274648 0017446 0205147 0205054 0243148 1550141 1882979 2587213 3274648 0017446 0205147 1880389 1883221 3541951 1444656 1709367
 0039593 0392366 1550369 0205108 0332255 0486805 0884358 1539661 1883708 0025936 0003069 0025914 0025929 0026809
 2347469 1880389 1883221 3541951
 0179400 1638312 1547282 0443225 0680022 0205341 0015576 1704727
 0449719 0179400 1638312 0015295 0179400 1638312 0021920
 0017446 0205147 1547282 1883351 0205177 0439167 0441655 1561536 1444656 1955473 0457138 0441635 0871161 1292721
 1444754 1707156 3274014 3541345 1521827 0444930 1539661 2746065 0450344 1553633 0025936 0003069 0025914 0025929 0026809 1442162 1550718 3244317
 1880389 1883221 3541951 1444656
 0205177 0439167 0441655 1561536 1442162 1550718 3244317 0332255 0486805 1708096 0332256 2700400 0004793 0162326 0162327 1519249
 0449911 0333052 2607870 0557702 1272706 1704674 0557702 1272706 1704674 0349966 1337208
 0740116 2827735 2981700
 1515670 0185117 0243148 1550141 1882979 2587213 3274648 1523993 0024432 1546706 1550652 0025936
 0035668 0002778 0014241 0035541 0035542 0332128 0936012 1524024 1545588 1524063 0003595 0086418 0182400 0523511 1412481 1704681 2347609 3536729 0441833 1999270 3537156 0001271 0441833 1999270 3537156
 0003069 0205132 0332128 1444656
 0035668 0025914 0025929 0026809 1441547 3245521
 0003069 0205132 0444868 3539085 0934932 0022677 1709902 0022674 0686907 0205177 0439167 0441655 1561536 0949645 1883644 0017446 0205147 0230171 0439084 0728893 0314604 1412481 0017337
 0035668 0332128 1883351 1711411 0020115 0205177 0439167 0441655 1561536
 1274040 1546471 2825142 0035668 1547282
 0023884 0736268 1278929 2346688 1511726 3245479 1518422 1547282
 0947630 1444656 1880389 1883221 3541951 0871161 1292721 2698977 0740116 2827735 2981700 0332128 0025936 0003069 0025914 0025929 0026809 3146294 2827421 0439844 1999244 0017446 0205147 1555715 1704332 1883351 0205177 0439167 0441655 1561536 0205054 0243148 1550141 1882979 2587213 3274648 0017446 0205147 0349966 1337208 2347469
 0035696 0024432 0035668 0442726 1511790 0025936 0003069 0025914 0025929 0026809 1539661 3146294 1518422 1539661 0349966 1337208
 1883351 0521093 0750484 1456348 2945843 0205145 1515974 2825164 0205681 2827421 3146294 0449719
 2827421 1412481 0017337 0205171 1720467 2827421 0332256 2700400 0035696 0349966 1337208
 0684224 0700287 3273238 0439509 1444656 0017255 1879547 0021135 1533691 2827718 0034987 0332281 0013879 0220905 1704735 1705248 0086860 1412481 0017337 1145667 1167622 0209278 1420631 0085828 0812312 1333571 3536909 1336776 1419349 0087044 0103404 0033684
 0013879 1705248 0024779 1706473 0028630 1412481 0017337 0442504 1704765 1882509 3496241 0034987 0002358 0013879 0220905 1704735 1705248 0314642
 0034987 0013879 0220905 1704735 1705248 0150312 0449450 1274040 1546471 2825142 1547282 1539661 1518422 0024432 1546706 1550652 1515655 0349966 1337208
 2348205 0024432 0684224 0700287 1546706 1550652 3496591 0206131 1705535 0220905 1704735 1880389 1883221 3541951 0332256 2700400 0205177 0439167 0441655 1561536 0449475
 0001527 0040300 1547928 0028754 1563743 0154270 0935625 0182158 0332568 0424612 1516695 1516698 1706529 3540603 0205145 0025936 0003069 0025914 0025929 0026809 0440102 3146294 2827421 0349966 1337208 2347469 0162788 0444498 0020202 0332128 1300517
 0035696 0206131 0442726 1511790 0025936 0003069 0025914 0025929 0026809 0349966 1337208 2347469
 1705241 1705242 0001527 0040300 1441672 1547928 2945843 0205145 0205449 0332128 1511726 3245479 1518422 1547282
 0035696 0001527 0040300 0150312 1547928 0025936 0003069 0025914 0025929 0026809 0001527 0040300 1518422 1547928 0025936 0003069 0025914 0025929 0026809 1511726 3245479 1518422 1547282
 1274040 1546471 2825142 0162788 0003595 0035696 0332128 0523511 1412481 1711411 2004054 1563742 0001527 0040300 1547928 0028754 1563743 1545588 0349966 1337208
 1511726 3245479 0521093 0750484 0449719 1518422 0449719 1880389 1883221 3541951 0439851 1947931 0185117 0282641
 0205177 0439167 0441655 1561536 0205177 0439167 0441655 1561536 0887859 0017446 0205147 0392752 0445247
 0449911 0333052 2607870 0557702 1272706 1704674 0557702 1272706 1704674 0349966 1337208
 0439086 2827736 2981702
 0205177 0439167 0441655 1561536
 0001527 0040300 1547928 0025936 0003069 0025914 0025929 0026809 1516695 1516698 0162788 0444498 0020202 0936012 1300517
 1547282
 0035696 0007457 0007757 0043157 0086369 0220938 0442726 1511790 1518422
 0449911 0333052 2607870 0557702 1272706 1704674 0557702 1272706 1704674 0349966 1337208

 0475264 1744691
 0035668 0025936 0003069 0025914 0025929 0026809 0040300 0205409 1548221 0014241 0035541 0035542 0936012 1545588 0349966 1337208
 0740116 2827735 2981700 0003595 0035696 0182400 0523511 1412481 1704681 2347609 3536729 0001271 0016327 0439133 1553038
 0205171 1720467 2827421 0205250 0441889 1299351 2700149 0001527 0040300 1547928 0028754 1563743
 0449774 0205449 0040300 1547282 0243148 1550141 1882979 2587213 3274648 0002778 0936012 1524024
 2827421 0205250 0441889 1299351 2700149 0022646 0227665 1278978 1514845 0205177 0439167 0441655 1561536 0205449 0333118 2827421 1517001
 1880389 1883221 3541951 0205054 0243148 1550141 1882979 2587213 3274648 0017446 0205147 0332255 1708096 0439851 1947931 0185117 0441889 0023884 0736268 1278929 2346688 0684224 0700287 3496591
 0023882 0700321 2700395 0185117 0039597 0442726 1278981 1511790 0449774 0332290 0936012
 0004793 0162326 0162327 1519249 0004793 1412481 0314604 0003595 0017337 0028630 0086418 0162326 0162327 0523511 1519249 1707455 1555715 1704332 1883351 0162774 0162326 1334043 0150312 0449450 0017428 0887950 1880389 1883221 3541951
 0314644 0017446 0205147 0887859 0003595 0017446 0021966 0205147 0205396 0221138 0523511 1412481 1550043 1551388
 1707455 0162774 0004793 0162326 0162327 1334043 1519249 0349966 1337208 1547282
 0439084 0728893
 0017446 0205147 0205280 0520511 1704711
 1442161 1511760 1880274 1551359 1705241 1705242 2741673 2981730 1444754 1706316
 0424215 2003939 0439093 0443228 1704243 0205054 0243148 1550141 1882979 2587213 3274648 0017446 0205147 1705535 0031843 0542341 0700205 1705273 0332148 0750492 0033085 1880389 1883221 3541951
 0872262 0002778 0936012 1524024 0450344 1553633 0025936 0003069 0025914 0025929 0026809 1521721 0033204 0021968 0013879 1705248 0205177 0439167 0441655 1561536 0349966 1337208
 3241920 0001527 0040300 1547928 0439178 1446409 1514241 2825490 0162788 0444498 0020202 1300517 1511726 3245479 1518422 1547282
 1515273 1705313 2826302
 0449911 0333052 2607870 0557702 1272706 1704674 0557702 1272706 1704674 0349966 1337208
 0439084 0728893
 0004793 0014290 0028630 0162326
 0004793 0028630 0162326 1880389 1883221 3541951 1547282
 1705241 1705242 0179400 0332582 1444656 1638312 1442161 1511760 1880274 1444656 2827624
 0020792 0205396 0017428 0086418 0185117 0332255 0486805 0887950 0725813 0025936 0003069 0025914 0025929 0026809
 1883351 1274040 1546471 2825142 0558058 0733755 1280500 0205145 1158478 1705422 0017428 2338314 0085862 0205132 0205448 0263541 0332128 1299583 2827421
 1883712 0003069 0205132 1705242 3146294 2827421 0332256 2700400 1880389 1883221 3541951 0349966 1337208 2347469
 0449774 0868928 1441672 1706255 1706256 1881534 0750558 1710571 0733755 1280500 0007634 0037791 0185117 0282641 1269647 1511884 1704653 1948049 1880177
 1883351 0162340 0205177 0439167 0441655 1561536 1880389 1883221 3541951 0332128 0004793 1148916 3178796 0028630 0162326
 1514562 0086282 0150312 0349966 1337208

 0441655 1883351 0022885 0205245 0220825 0392366 0439851 0542341 1947931 2700217 0392148 0332290 1521761 2827422 0031843 0542341 0700205 1705273
 1707959 0242210 0033684 0243122 1145667 1167622 0242210 0033684 0243122 1145667 1167622 0032214 0600138 0035820 1184743 1522240 1517331 0017710 0443264
 1883712 0242210 0033684 0243122 1145667 1167622 0314621 0017337 0086860 0205177 0439167 0441655 0443225 1514873 1561536 0024432 0205286 1546706 1550652
 0242210 0033684 0243122 1145667 1167622 0242210 0033684 0243122 1145667 1167622 0700364 1883351 0032214 0600138 0035820
 0449911 0333052 2607870 0557702 1272706 1704674 0557702 1272706 1704674 0349966 1337208

 1149367 0040648 0040649 0243122 1145667 1167622 1521761 2827422 1514562
 0450429 0424215 2003939 0034809 1334899 1370369 0017710 0597357 0242210 0033684 0243122 1145667 1167622 0242210 0033684 0243122 1145667 1167622 1547282
 0002778 0936012 1524024 1514562 0242356 0993637 0002055 0178499 1511726 1880279 3245479
 0004793 0162326 0162327 1519249 1274040 1546471 2825142 1511726 3245479 1518422 1547282
 0002778 0936012 1524024 0166418 1418776 2984537 0015576 1704727 0884358 1553446 1553446 1524063 1514562
 1514562 0205396 1550043 1551388
 0040648 0040649 1521761 2827422 0242210 0033684 0243122 1145667 1167622 0086597 0031843 0542341 0700205 1705273 1705535 1704675 0332148 0750492 1511545
 0441712 1706376 1705535 1883351 2266880 0166418 0015576 1704727 0024432 1546706 1550652 0206131 0040300
 1704675 0033666 2263112 0392747 1554963 0332257 0031715 1158886 0700364 1883351 0086597 0220905 1704735 1880389 1883221 3541951 0017337
 0037088 0243095 2825141 0034809 1334899 1370369 0017710 0597357 0242210 0033684 0243122 1145667 1167622 0332268 0166418 1418776 2984537 0349966 1337208 2729544 0022885 0392366 0220825 0035820 1705810 1412481 0017337
 2986669 0684224 0700287 1710028 3273238 0022885 0039593 0392366 0016884 0947630
 0449911 0333052 2607870 0557702 1272706 1704674 0557702 1272706 1704674 0349966 1337208

 1880389 1883221 3541951
 0009802 0162326 0052189 0003594 0021966 0221138 0017337 0052189 0449719 0349966 1337208
 2827734 2981698
 1444754 1442162 1550718 3244317 0424215 0017446 0205147 1444656
 0037088 0243095 2825141 0949645 1883644 0017446 0205147 0230171 0439084 0728893 0017337 0052189 1948062
 0162801 0002778 0004793 0162326 0162327 0936012 1519249 1524024 1444656 1334043 2697616 1272693 2746065
 0162802 0009085 0162801 0200898 0002778 0936012 1524024 1707455 0443289 0314644 0017446 0205147 0086860 0052189
 0004793 0162326 0162327 1519249 2348205 1710052 0332255 1708096 0017446 0205147 0230171 0349966 1337208
 0017446 0205147 0231448 0439792 0205341 0680022 2698041 1552961 2347617 2348205 1511726 3245479 1518422 1547282
 0017446 0205147 0424215 0332290 0017446 0205147
 1707455 0162326 0450429 0349966 1337208 1444656 0443289 0424215 2003939 1511726 3245479 1518422 1547282
 0441889 0449286 0542560 1561545 2348088 0439093 0443228 1704243 0150312 0205164 0680022 1711207 0424215 2003939 0004793 0162326 0162327 0549177 1519249 0017429 0017428 2338314
 2347858 0162326 0332290
 0037088 0243095 2825141 0424215 2003939 1705535 1880177 0332149 1705910 2362652 1883351
 0947630 1444656 0441635 0441471 0052189 0003594 0017337 0021966 0205448 0221138 0233426 0700364 1948062 1274040 1546471 2825142
 0004793 0162801 0002778 0028630 0162326 0162327 0936012 1519249 1524024 0444930 2746065 0205054 0243148 0444930 1550141 1882979 2587213 2746065 3274648 0017446 0205147
 0557651 2603343 0002778 0936012 1524024 1707455 1547282 0444930 2746065 0444930 1880389 1883221 2746065 3541951 0349966 1337208
 0441635 0332256 2700400 0017337 0441635 0332256 2700400 0033799
 0947630 0449450 1547282 0441471 3541888 0678936 0017258 1412481 0314604 0003595 0017337 0086418 0332173 0439228 0439505 0523511 1555715 1704332 1274040 1546471 2825142 0086222 0205054 0243148 1550141 1882979 2587213 3274648 0017446 0205147 0205054 0243148 1550141 1882979 2587213 3274648 0017446 0205147 0185117 0086222 0024432 0185117
 0086222 0205054 0243148 1550141 1882979 2587213 3274648 0017446 0205147 0205403 0444930 0449719 1514798 2746065 1555715 1704332 0017446 0205147 0205403 0444930 1514798 2746065 0349966 1337208
 0947630 0034987 0013879 0220905 1704735 0017262 0017337 0185117 0243148 1550141 1882979 2587213 3274648 0024432 1546706 1550652 0206131
 2986676 0043016 0018896 1552861 2827421
 2986676
 2825232 0043227 0449719 1521721 1709471 0027468 0369637 0441923
 0010186 0220812 0449719 1709471 0220808 0680264 0007961
 1706852 0522501 1706089 0949214

 0376649 1442065 0006754 0041740 3146274 1513817 0205099
 0376649 1442065 0013227 0025118 0041740 0027975 0043015 0205314 1551837 1710133 0004340
 0376649 1442065 0031330 1524059 0041740 0454778 0022067
 0282413 0376649 1442065 0021622 0179400 0369773 1533124 2603361 0036152 1826357 0254343 0796520 3272379

 0085205 1549619 1880669
 0013849 1705961 0024492 1538057 1547565 0059804
 0034037 1704324 0030351
 0302523 0700325 3244290
 0000723 0000723 1273517 0003591 0003591
 0242210 0033684 0243122 1145667 1167622 0242210 0033684 0243122 1145667 1167622
 0009458 0325564 0392747 0439536 1551720 1705217 3244283
 0034809 1334899 1370369 0017710 0597357 0034809 1334899 1370369 0017710 0597357
 0017446 0205147 0017446 0205147
 0023823 0023820 0178587 0205251 1299352 1550472 0023823 0023820 0178587 0205251 1299352 1550472

 0991865 0006353 0031603 0031701 0036082 1601799 0991865 0006353 0031603 0031701 0036082 1601799
 0166418 1418776 2984537 0166418 1418776 0600434 0597357 0752063 1879547 2984308
 0582519 0582519 1709450
 0032520 0337112 0443286 1114821 1335439 1524075 0032520 0337112 0443286 1114821 1335439 1524075
 0600436 0002055 0178499 1709450 1880279
 1514811 1706462 0520510 1274040 1546471 2825142 0557061 2584313 1514811 1706462 2827734 2981698
 0205090 0684010 2603358

 0036397 0025141 0740116 2827735 2981700

 0021966 0221138 1511325
 0439394 1706495 3642217
 0005477 0025141 0439086 2827736 2981702

 0016327 0439133 1553038


 0325074
 0025141
 2603362
 1708595 3280986 0597277 1708601
 0033727 0369286 0441932 0564385 0205090 0684010 2603358



 0201682
 0439084 0728893
 0597277 1708601
 0033727 0369286 0441932 0564385
 0001483
 0201682
 0025141
 0597277 1708601
 0033727 0369286 0441932 0564385

 2603362
 1708595 3280986 0205090 0684010 2603358

 0003461 2939124

 0025141
 0205090 0684010 2603358




 0025141
 0205090 0684010 2603358
 2603362
 1708595 3280986
 0311400 1524026 2707259 1853126 0178499 1626935 0722969 0205090 0684010 2603358 0439394 1706495 3642217 1423878 3538926

 0027976 0205314
 0035853




 0597277 1708601
 0033727 0369286 0441932 0564385 0205090 0684010 2603358
 0205090 0684010 2603358





 0450381
 0021966 0221138 0402830


 0027976 0205314
 2603362
 0597277 1708601 0678579 0369637 0441923
 1832110
 0597277 1708601 0205090 0684010 2603358

 0439394 1706495 3642217
 1418943

 0268596 2700624
 3642273
 0041703
 0000857 0600678 1552863
 0008114 1284862
 0205090 0684010 2603358


 0439073 0439082 0000857 0600678 1552863
 0008114 1284862
 0205090 0684010 2603358

 1417055

 0000857 0600678 1552863
 1551910 0369773 2603361
 0439394 1706495 3642217
 1427925 3273466 0369773 2603361
 0016327 0439133 1553038
 1553033
 0439394 1706495 3642217

 2347379
 0000857 0600678 1552863
 2603360 2603360 0597277 1708601


 0025141
 0006736
 0021966 0221138 0582521 2603360

 0369773 2603361 0033727 0369286 0441932 0564385 0326915

 1417055

 0025141
 2603362
 0033727 0369286 0441932 0564385 0439267
 0016327 0439133 1553038 0439114 0439394 1706495 3642217
 0004153 0025141
 2603360 0597277 1708601

 2347379
 0000857 0600678 1552863
 0369637 0441923
 0402644 1442114
 2347469

 0439394 1706495 3642217
 0597277 1708601
 0439394 1706495 3642217


 0000857 0600678 1552863
 0205090 0684010 2603358
 0205090 0684010 2603358 0369637 0441923
 0369773 2603361
 1418943

 0268596 2700624
 3642273
 0041703
 0000857 0600678 1552863
 0369637 0441923
 0016327 0439133 1553038
 2347469 2603362
 0036397 0025141 0450348

 0439394 1706495 3642217
 0597277 1708601

 1315013

 0025141
 0205090 0684010 2603358



 0205090 0684010 2603358


 1315013

 0025141
 0205090 0684010 2603358 0205090 0684010 2603358 2603360
 1825319 2603362
 0597277 1708601 1511325
 0439394 1706495 3642217


 0201682

 0439114 0439482


 0201682


 0043016
 0369773 2603361
 0369637 0441923
 0887950 0025141

 0043016
 0369637 0441923


 0201682

 0369718 0441922 1553036

 0205090 0684010 2603358

 0369637 0441923
 1418943

 0268596 2700624
 3642273
 0041703
 0000857 0600678 1552863
 0369637 0441923
 0016327 0439133 1553038 0205090 0684010 2603358 2603362
 2603360 1553033
 0021966 0221138
 0597277 1708601 0369637 0441923
 0205090 0684010 2603358
 0439267

 1315013

 0025141 0450355


 0369718 0441922 1553036 2603362
 0144237 0033727 0369286 0441932 0564385




 0740116 2827735 2981700


 2603362
 0439267 0043016





 0369718 0441922 1553036 0205090 0684010 2603358
 2603362

 0369637 0441923


 0201682


 0369718 0441922 1553036 2603362

 0369637 0441923


 0201682



 0369637 0441923


 0201682


 0016327 0439133 1553038 0597277 1708601 0597277 1708601
 0033727 0369286 0441932 0564385 0205090 0684010 2603358

 0369637 0441923


 0201682

 0369637 0441923
 0442711 0026376 0005532 1521991 2348507 0369637 0441923 0205090 0684010 2603358 0443030 0112081 0439267 0554249 0597277 1708601 0449468 0560268 1690016
 2827734 2981698
 0037683 0027976 0205314
 2603360 0999213 0033727 0369286 0441932 0564385 1416625
 1416625 0439114
 0021966 0221138 2603360 0021966 0221138 0016327 0439133 1553038
 2347379 0028606




 0201682
 0439509
 0597277 1708601 1553033 2603360


 0025141
 0597277 1708601

 0439267
 0205090 0684010 2603358

 0369637 0441923
 1418943

 0268596 2700624
 3642273
 0041703
 0000857 0600678 1552863
 1431628 0369718 0441922 1553036
 0205090 0684010 2603358 0221460 2603362
 0205090 0684010 2603358
 0027960 0324740 0439189 1456781 1824986
 0007634 1269647 1704653 1948049

 0000857 0600678 1552863
 1431628
 0205090 0684010 2603358 0439267 1420811 1883402
 1553033 0439267
 2347469
 0369637 0441923
 0027960 0324740 0439189 1456781 1824986
 0007634 1269647 1704653 1948049 0025141
 2603360
 2347469 2347469
 2346751 0369637 0441923
 0439394 1706495 3642217 0205090 0684010 2603358
 0369773 2603361

 1517844

 0369773 2603361 0439267
 2603362
 0205090 0684010 2603358 0205090 0684010 2603358
 0439267
 2347379 0028606

 0369637 0441923
 2603362



 0439267
 0027960 0324740 0439189 1456781 1824986
 0007634 1269647 1704653 1948049



 0016327 0439133 1553038 0016327 0439133 1553038
 0332239


 0000857 0600678 1552863
 1553033 2603360 0452929
 0439267
 2347469


 0201682

 2347469

 2347961



 0027960 0324740 0439189 1456781 1824986

 0450385 0025141
 0369718 0441922 1553036


 0325074

 2827734 2981698 0025141


 0027960 0324740 0439189 1456781 1824986

 0025141
 0043016 1553033 0008114 1284862 0369773 2603361 0441039 1705854 3540815


 0201682

 0369718 0441922 1553036
 1511325
 0439394 1706495 3642217 0554249


 2347379
 0000857 0600678 1552863 0009993 0037455 0596070 1552856 0005477 0026376 0005532 1521991