 0051300 1416912 2987172 0597357 0003595 0086597 0002716 0011560 0611285 0002716 0011560 0611285

 0006463
 1704729 0013227 0025118 0035172 0021622 1272753 0020898 0587487 1704729 0008044 0041740 0008044 0020898 0587482 1704729 1704729 0031842 0031843 0036375 3272372
 0026222 1704729 0026376 0005532 1521991 3244110 1709697 2728259 3484370 0036378 0036375 0008044 0020898 0034036 0034037 1514756 1704324 0348078 0376315 1515981 1522492 1527075 0557061 2584313 1514811 1706462 1547282 0002716 0011560 0611285 0205263 1326121 1879547 0021135 1533691 2827718 0443286 1114821 0003595 0003591 0205101 0205228 0332161 0332256 0597177 0599946 1883712 2700400
 1280500 0003595 0003591 0441889 0035820 1705810 1326121 1879547 1518422 0376649 1442065
 0234402 0023810 0050063 0001779 0001792 0002716 0011560 0611285 1999167 1273517 1883351 0205263 1326121 1879547 0392747 0443172 1516048 0332437 0543482 0700329 0700619 0442805
 0301630 0392756 0441610 0003595 0003591 0055966 1413514 2609437 2827446 0442805 0055966 1413514 2609437 2827446
 0681814 1524063 0427716 1304757 0086045 1999216 1510827 0034821 1366529 0023823 0065059 0023820 0178587 0205251 0597357 1299352 1550472 0034821 1366529 1416912 0242972 0748025 0023823 0597357 0065059 0023820 0033684 0178587 0205251 0439849 0445223 1299352 1550472 3540560 1705535 3540560 0086597 1326121 1879547 0034821 1366529 0023823 0065059 0023820 0178587 0205251 0597357 1299352 1550472 0086597 0025320 0392747 0443172
 0597357 0033684 0332281 1301751 1280500 2348382 1879547 0050063 0023810
 1511726 3245479 1705535 0051300 1416912 2987172 0597357 0003595 0040710 0392148 0871261 1548602 1704686 0443264 1155266 0871261 1704632 1706817 2911692 0002716 0011560 0205263 0611285
 0557061 2584313 1514811 1706462 0237753 0449788 0206116 1521970 1706388 2346469 2348519 0332257 0002395 1521724 0012634 0876926 0043250 0043251 1510467 3263723 0232352 0005847 0231179 1558950 1801960 0001175 0013080 0039082 0423866 2626739 0236642 0012634 1707391 1826583 2827734 2981698
 0006104 1269537 0027836 1087003 0332281 0333463 2936349 0002716 0011560 0611285
 0439849 1705630 1706279 3540605 0011265 0497327 0017296 0314603 0332120 1705535 0002716 0011560 0611285 0032214 0600138 0035820 1705810
 0002716 0011560 0611285 1548602 1704686 0436331 0876934 1540677 1555824 0033414 0030685 0391871 0439180 0680255 1283071 1963578 0332257 0079189 1524094 0028128 0030015 2986642 0260049 0450442 1254351 1521826
 0027836 1087003 0004112 0007634 0449475 0332307 1547052 0003595 0003591 0055966 1413514 2609437 2827446 0027836 1087003 0027882 0282443 1425988 1709940
 0684224 0700287 3496591 0439086 2827736 2981702 0004112 1327616 0023821 0023820 0178587 0205250 1299351 2700149 0597177 0003595 0003591 0055966 1413514 2609437 2827446
 0023820 0023779 1159709 0005528 1317949 3495449 0332257 0011209 0559563 1705822 0040300 0065059 0597357 0003595 0003592 0003591
 1184743 1522240 0006104 0933845 1269537 3242339 0027882 0007634 3282337 1883525 2346866 0034821 1366529 0023823 0065059 0023820 0178587 0205251 0597357 1299352 1550472 0034821 1366529 0023823 0065059 0023820 0178587 0205251 0597357 1299352 1550472 0015576 1704727
 0035820 1705810 0596846 0005528 1317949 3495449 0927232 1269563 0027763 0422837 1269560 0027769 0205099 0449913 0599851 1515981 1553451 1704459 1879652 0439092 0547044 2963144 1416914 0597357 0700364 1883351 0205171 0521405 1720467 0225336 0596208 0007634 0014257 3282337
 0205132 1705535 0003595 0003591 0055966 1413514 2609437 2827446 0019868 0599851 1314939 1516240 0005528 1317949 3495449 0023779
 0003595 0003591 0442805 0161479 3263722 3263723 0012634
 1883712 0033684 0032214 0600138 0035820 1705810 0003595 0003591 0597879 0333463 0392079 0392752 0033684 0700364 1883351 0002716 0011560 0611285
 0003595 0003591 0055966 1413514 2609437 2827446 0348078 0376315 1522492 1704241 0392747 0332621 0439168 0450348 0001721 0235032
 0086418 0003595 0003591 0205449 0597298 2987476 1709305 2745955 0052198 0052199 0052201 2984964 0052201 2984964 0035648 0050325 0960756 0035647 1521761 2827422 0441712 1706376 0439673
 1512571 0023820 0927232 1269563 0332256 2700400 0003595 0003591 0055966 1413514 2609437 2827446 1999230 0042444 0348005 0065059 0597357
 0332120 1705535 0051300 1416912 2987172 0597357 0003595 0027882 0230625 0205246 1553889 0031847 0277785 1515981
 0205435 1279901 0027882 0007634 3282337 1883525 2346866 0015576 1704727 0034821 1366529 0034821 1366529 0023823 0065059 0023820 0178587 0205251 0597357 1299352 1550472 0027836 1087003 0439084 0728893 0242972 0748025 0597357 0033684 0034821 1366529 3540560 0332281 0027882 0004112 0388210 1416919 1568173 0051300 0052198 1416912 2987172 0003595 0003591 0597357 0027882 0450355 1421455 0023825 0034821 1366529 0023823 0065059 0442811 0023820 0178587 0205251 0442824 0597357 1299352 1550472 0027882 0206116
 0052199 2349975 3158384 0085103 0021135 1533691 2827718
 0205437 3540560 0032214 0600138 0035820 1705810 3540560 1547282 1883351 0086597 0014139 2984285
 0205438 1706303 0597879 0237753 0449788 0332257 0003595 0003591 0024420 0150312 0332281 0333463 0392079
 0332120 1705535 0032529 0024420 0442805 0035647
 0455052 1521827 0205263 1326121 1879547 0392747 0443172 0444706 3541902 0332437 0543482 0700329 0700619 0442805
 1879547 0003595 0003591 0205101 0205228 0311403 0332256 0597177 1883712 2700400
 1280500 0003591 1518422 0684224 0700287 3496591
 0681814 1707689 2983265 1883351 1326121 1879547 0392747 0185117 0055966 1413514 2609437 2827446
 1883712 0035820 1705810 0086597 0392747 0443172 0439673
 0004112 0150312 0449450 0681814 1273517 0034821 1366529 0023823 0065059 0023820 0178587 0205251 0597357 1299352 1550472 3540560 0332290
 1883351 1280500 0034821 1366529 0023823 0065059 0599283 0023820 0086597 0127400 0178587 0205251 0597357 1299352 1550472 3540560 0597357 0033684 0332281 0231491 0597357 0439509
 0684224 0700287 3273238 0002716 0011560 0611285 0205263 0442805 0441889 0597357 0033684 0332281 0025320 0392747 0443172 0003595 0003591 0441889 1301751 1280500 2348382 0055966 1413514 2609437 2827446
 1511726 3245479 1705535 3540560 0086597 1326121 1879547 0034821 1366529 0023823 0065059 0023820 0178587 0205251 0597357 1299352 1550472 0086597 0025320 0392747 0443172
 0557061 2584313 1514811 1706462 0520510 0030956 0006754 0030956 0035168 0242481 1301820 3146274
 1417599 1538038 0031831 1707664 2348314 3540849
 0006754 0041740 3146274
 0030956 1549535 1881534 0037633 0525069 1883708 1720119 1948037 2827734 2981698 1720830 1823521
 0037633 0525069 2348236 0005903 0039476 1547703 1698986 1442464 0007634 1524062 3282337 0086045 1446561 1442446
 0001779 0001792 1999167 0439962 0205418 0205177 0600688 1407029
 0023810 0012054 0001455 0439596 1511572 0019134 0770546 0019143 0038720 0475337 2327880 3536965 0869011 1719918
 0004112 0010453 0039798 0087111 1522326 1533734 1705169 3538994 0004112 0010453 0007776 1176472 2700441 1521827 0034693 0034721 2699239 1552738
 0010453 0220814 0430400 2242979 0007634 3282337 0040284 0180454 0010453 0040300 0220814 0430400 1139930 1547928 2242979 1166718 0005971 1139930 3537155
 0205200 0007634 3282337 0040284 0180454 0010453 0040300 0205170 0220814 0430400 1139930 1547928 2242979 3146287 0178587 2347578 0007634 0205170 3146287 3282337
 0456696 1442770 0007634 3282337 1548982 1720725 1720830 1823521 1948050 0849355 1883720 3244314 0229671 1546774 1550100 1883708 1439852 0242295 1947943 2348609 0039421 0039798 0087111 1522326 1533734 1705169 3538994
 0684224 0700287 3496591 0010453 0004112 0206116 0007634 3282337
 0007634 3282337 0332293 0001779 0001792 0002716 0011560 0611285 1522326 1999167 1442446 0012054 0001455 0439596 1511572 0023810 0439526 0006353
 0597357 0033684 0332281 0017837 0162768 0034861 0038164 0072393 1418948 0017817 0033684 0040676 0332466 1293131 1514798 3146294 1998793 1552738
 0042153 0457083 1947944 0597357 0033684 0332281 0010454 0009458 0010453 0220814 0430400 0439536 1705217 2242979 3244283 0486291 0683149 0026367 0086045 1446561 0243148 1550141 1882979 2587213 3274648
 0681814 0597357 0033684 0332281 0007634 1442450 1524062 3282337 0039798 0087111 1522326 1533734 1705169 3538994
 0036774 0036773 0728877 0001924 0007452 0205171 0229671 1140701 1546774 1550100 1720467 0243148 1550141 1882979 2587213 3274648 1301751 1280500 2348382 0392148 0332197 1689985 1511726 3245479 1518422 1547282
 0681814 0019134 0770546 0019143 0038720 0475337 2327880 3536965 0007634 1442450 1524062 3282337 0039798 0087111 1522326 1533734 1705169 3538994
 0019134 0770546 0019143 0038720 0475337 2327880 3536965 1524063 0086045 0205088 0439526 1273517 1446561 1546485 0470296
 0243091 1521816 2700385 0332437 0543482 0700329 0700619 0332128 1879547 1552738
 0007634 3282337 0750591 1879547 1184743 1522240 0443228 1704243 1301886 0599444 2752549 0007634 0242821 0460148 1268086 1269647 1704653 1948049
 0949466 0039798 0087111 1522326 1533734 1705169 3538994 1444754 1706316 0040223 3541383 0162518 0009458 0439536 1705217 3244283 0849355 1698986
 0007634 3282337 1548982 1720725 1720830 1823521 1948050 0006353 0024348 1536403 0020283 0450407 0450408 0450409 0017861 0025402 0580272 1519043 0074721 0004492 0003641 0006247 1260957
 1881488 1698986 0002778 0936012 1524024 0884358
 0005863 0162518 0009458 0162867 1254021 0884358 1552738 0439086 2827736 2981702 0234621 1524063 0331955 0162524 1450278 0027965
 0003241 1273517 1514732 0021755 0600251 0018019 0020898 0021764 0022271 0034693 0034721 1265549 1510458 0079240 1948037 0449913 1553451 1704459 0017626 1415042 2827734 2981698 0079240 1948037 1719918 0055966 1413514 2609437 2827446 2827734 2981698 0079240 1948037 0313106 0947659 0003595 0003591 2827734 2981698 0079240 1948037 1521827 1524063 0003595 0003591 0032105 0034693 0034721 1550098 1998793 0003320
 0035668 0205409 1548221 0035953 0600140 1704688 2346414 1552738
 0182400 1704681 2347609 3536729 0028630 0030232 0554991 1301820 1971630
 0010992 0002778 0936012 1511726 1524024 3245479 1705241 1705242 0870536 0016327 0022885 0392366 0439133 0936012 1553038 1711260 2348152 1704970 0022885 0038492 0039593 0392366 0936012 1551041 1552573
 0237881 1709380 0038215 0750502 0441889 0443211 0456079 1272684 1547707 2946261
 0557061 2584313 1514811 1706462 1326121 1879547 1883351 0439849 1705630 1706279 3540605 0441889 0205435 1279901 0332128 0234402 1515877 1879547 0004112
 0004112 0332293 0002716 0011560 0611285 1522326 1442446 0012054 0001455 0439596 1511572 0023810 0439526 0006353 1879547 0332437 0543482 0700329 0700619 1516048
 0349966 1337208 1547282
 0450344 1553633 0007634 0243148 1550141 1882979 2587213 3274648 3282337 1547282 1521970 1706388 2346469 2348519 0010453 0220814 0430400 2242979 0872351 0007634 3282337
 1979874 0002716 0011560 0611285 0012054 0001455 0439596 1511572 0023810 0205263 0243091 1521816 2700385 0332437 0543482 0700329 0700619
 0004112 0332479 0522512 0332501 0599444 2752549 0702216 0205448 1184743 1522240
 1709793 0450345 1547282 1879547
 1260954 1515926 0040223 0851827 1701901 3244310 3541383 1879547 0332120 2584321 0444505 1883712 0234402 1511726 3245479 1518422 1547282 0002716 0011560 0611285 0684224 0700287 3496591
 0449911 0333052 2607870 0557702 1272706 1704674 0557702 1272706 1704674 0349966 1337208
 2827734 2981698
 1326121 1879547 0002716 0011560 0611285 0012054 0001455 0439596 1511572 0023810
 0004112 0010453 0332293 0006353 0243148 1522326 1550141 1882979 2587213 3274648 1418485 0002716 0011560 0611285 1442446 1553033 0012054 0001455 0439596 1511572 0023810 0023810
 0332437 0543482 0700329 0700619
 1511726 3245479 1547282 1882932
 2347469 1709793
 0007584 0237753 0449788 0025664 0184661 1517586 1552738 2700391
 1511726 3245479 1547282 0681814
 1705242 0369773 2603361
 0005863 0949466 1705493 0017626 1415042
 0441889 0005863
 1511726 3245479 1547282 1882932
 0392747 0443172 0332437 0543482 0700329 0700619 1864676 1879547 1621633 0033382 0079189 0205263 0333348 0857127 1516048 1524094 2987124
 0039798 0087111 1522326 1533734 1705169 3538994 0002716 0011560 0611285 0205263 0442805
 0150312 0449450 0557651 2603343 0332128 0456947 0441889 0348078 0376315 1522492 0442726 1511790 1881488
 0349966 1337208 1547282
 0007634 3282337 0332293 0002716 0011560 0611285 1522326 0012054 0001455 0439596 1511572 0023810 0015272 0442805 0332293 0007634 1522326 1707455 1720830 1823521 3282337
 0680240 0684224 0700287 3273238 0441889 1518422 0392747 0443172 1705241 1879547
 1292856 1948023 0444505 0456695 0039798 0087111 1522326 1533734 1705169 3538994 0205216 0392756 0442797 1442464 1511726 3245479 1518422 1547282
 1511726 3245479 0004112 0002716 0011560 0611285 1879547 0012054 0001455 0439596 1511572 0023810
 1280500 0003595 0003591 0055966 1413514 2609437 2827446 1883351 1516048 1280500 0003595 0003591 0055966 1413514 2609437 2827446 0007634 3282337 0332293 0205449 0234402 1522326 1879547 0006353 0441889 0055966 0033684 1881488 0949466
 0012634 0348080 1705253 0003595 0003591 0700364 0596973
 0055966 1413514 2609437 2827446 0033684 1532717 1883254 0205242 0333853 1709694 1711351 0012771 0028758
 0175723 0439645 1521913 0017243 0205397 1882932 0033684 1711351 0439509 1514893 1532717 1705920 2699488 0012634 0348080 1705253 0017243 1382104
 0543488 1883351 1316572 1317574 1369612 0392148 0009458 0439536 1705217 3244283 1705535 0449719 0348078 0376315 1327616 1522492
 1285529 0557651 2603343 0025320 0392747 0443172 0205543 0439509 1265611 1532717 1711351
 0002716 0011560 0611285 0205263 0442805 0055966 1413514 2609437 2827446 0349966 1337208 0002716 0011560 0611285 2347469
 0441889 0055966 1413514 2609437 2827446 0332462 1880834 0205250 1299351 2700149
 0003595 0003591 0055966 1413514 2609437 2827446 0441889 0055966 1413514 2609437 2827446 0001758 0007634 0039798 0087111 0205216 0392756 0442797 1522326 1533734 1705169 3282337 3538994 0002716 0011560 0611285
 0349966 1337208 1547282
 0740116 2827735 2981700 0030016 0441889 0055966 1413514 2609437 2827446 0007634 3282337 0205216 0392756 0442797 0444504 2347634 2348143 0003595 0003591 0055966 1413514 2609437 2827446 0080103 0205345 1547039 0243148 1550141 1882979 2587213 3274648 0162518 0009458 0439536 1705217 3244283
 0012054 0001455 0439596 1511572 0023810 0392747 0441889 0055966 1413514 2609437 2827446 0349966 1337208 0002716 0011560 0611285 2347469 0441889 0162518 0009458 0439536 1705217 3244283
 0442805 0162518 0009458 0439536 1705217 3244283 0007634 3282337 1705052 2986796
 0205397 0349966 1337208
 0039798 0087111 1522326 1533734 1705169 3538994 0175723 0237753 0449788 1711351 0033684
 0449774 1518422 0205397 0234402 1879547 0302523 0700325 1964257 1518422 1292711 0449719 0557651 1517331 1709471 2603343
 0449911 0333052 2607870 0557702 1272706 1704674 0557702 1272706 1704674 0349966 1337208
 0740116 2827735 2981700
 0002716 0011560 0611285 0205263 0392747 0443172 0003595 0003591 0055966 1413514 2609437 2827446
 0007634 3282337 0332293 1522326 1552738 2729544 0349966 1337208
 2827734 2981698 0441889 1553033 0055966 1413514 2609437 2827446 2347469 0030016 0332281 0699040 1881488 0007634 1269647 1704653 1948049 2347469 0162518 0009458 0009647 0162867 1254021 1515981 0030016 0949466
 1511726 3245479 0003595 0003591 0441889 0055966 1413514 2609437 2827446 0080103 0205345 1547039 0681814
 1547282 1511726 3245479
 0205171 1720467 0596973 0441994 1548802 2003888 0175723 0439645 1521913 1273517 1709793
 1705242 0369773 2603361
 1883351 0439659 1883351 0376649 1442065 0441712 1706376 1318746 0003595 0699040 0428255 0861064 0055966 1413514 2609437 2827446 0444706 3541902 0035696 0441889 0055966 1413514 2609437 2827446 0004112
 0349966 1337208 1547282
 0439086 2827736 2981702 1705241 1705242 0035696 0441889 0035696 1414968 3536868
 1705535 0002716 0011560 0611285 1518422 0205263 0442805 0040649
 0442805 0684224 0700287 3496591
 0449911 0333052 2607870 0557702 1272706 1704674 0557702 1272706 1704674 0349966 1337208
 0439086 2827736 2981702
 0002716 0011560 0611285 1518422 0205263 0392747 0443172 0035696 0441889
 0007634 3282337 0332293 1522326 1552738 2729544 0349966 1337208
 2827734 2981698 0035696 0441889 0055966 1413514 2609437 2827446 2347469 0021755 0600251 0020898 0021764 0022271 1553033 1414968 3536868 0017855 2260086 0030016 0031603 0031701 1601799 1524063
 0441889 0055966 1413514 2609437 2827446 0035696 0021755 0600251 1882115 0428304 0035696 0441889 0243148 0441889 1550141 1882979 2587213 3274648
 1511726 3245479 1547282 1882932
 0597357 0033684 0332281 0028778 0332206 1533157 1706084 2828370 1879547 0003595 0003591 0392747 0443172 1705241 0055966 1413514 2609437 2827446 0004112 0034821 1366529 0023823 0065059 0023820 0178587 0205251 0597357 1299352 1550472 1511726 3245479 1518422 1547282 0332290 0086282 0680022 0004112 1879547 0450355
 1517331 0441712 1515877 1879547 0004112 0003595 0003591 0441889 1280500 2348382
 1510827 3540560 0026691 1705240 1839259 0034821 1366529 0023823 0065059 0023820 0178587 0205251 0597357 1299352 1550472 1881534 0332149 1705910 2362652 1280500 0051300 1416912 2987172 0003595 0003591 0086597 0127400 0205448 0597357
 0427716 1304757 0086045 0392366 0086045 1446561 0470296 1883351 0018790 0237477 0392351 0521111 3540560 0034821 1366529 0023823 0065059 0023820 0178587 0205251 0597357 1299352 1550472 0086045 1446561 1883351 0018790 0237477 0392351 0521111 3540560 0034821 1366529 0023823 0065059 0023820 0178587 0205251 0597357 1299352 1550472
 0150312 0427716 1304757 0086045 0028778 0332206 2983591 1879547 0349966 1337208 0002716 0011560 0611285 2347469 0332161 0599946 0442805 0349966 1337208 0030016
 0332120 1705535 3540560 0086597 1326121 1879547
 0039798 0087111 1522326 1533734 1705169 3538994 0597357 0033684 0332281 1518422 0018790 0237477 0392351 0521111 0012054 0001455 0439596 1511572 1879547 1511726 3245479 1518422 1547282 0597357 0033684 0332281 1301751 1280500 2348382 0332197 1689985 0002716 0011560 0611285 0349966 1337208
 0349966 1337208
 0439084 0728893 1441672 1280500 2348382 0392747 0443172 0055966 1413514 2609437 2827446 0003595 0003591 0441889
 0427716 0597357 1304757 0033684 0332281 1301751 1280500 2348382 0055966 1413514 2609437 2827446 1553637 0392756 0547047
 1979874 0597357 0033684 0332281 0028778 0332206 2983591 0003595 0003591 0392756 0547047 0162518 0009458 0439536 1705217 3244283
 0597357 0033684 0332281 1518422 0028778 0332206 1533157 1706084 2828370 0002716 0011560 0205263 0392747 0443172 0611285 0003595 0003591 0349966 1337208 0016327 0439133 1553038 1705535 0034821 1366529 0023823 0065059 0023820 0178587 0205251 0597357 1299352 1550472 0086597 1280500
 0449911 0333052 2607870 0557702 1272706 1704674 0557702 1272706 1704674 0349966 1337208

 0597357 0033684 0332281 0028778 0332206 1533157 1706084 2828370 1326121 1879547
 0004112 0332293 0006353 0243148 1522326 1550141 1882979 2587213 3274648 1418485 0002716 0011560 0611285 1442446 1553033 0368670 1456454 0597357 0033684 0332281 0597357 0033684 0332281 0205171 0439044 0679994
 0597357 0033684 0332281 0470296 1273517 1553033 2347469 0030016 0010453 1442450 1524062 0039798 0087111 1522326 1533734 1705169 3538994 0002716 0011560 0611285
 0002716 0011560 0611285 2347469 0243091 1521816 2700385 0332437 0543482 0700329 0700619 1516048 0025664 0184661 1517586 1552738 2700391
 1511726 3245479 1547282 0681814
 1705242 0369773 2603361
 0030016 0021755 0600251 0020898 0021764 0022271 0033382 2987124 0441889 0005863
 1511726 3245479 1547282 1882932
 0449911 0333052 2607870 0557702 1272706 1704674 0557702 1272706 1704674 0349966 1337208
 0439084 0728893
 1280500 2348382 0003595 0003591 0441889
 0004112 0332293 1522326 1552738 2729544 0349966 1337208
 0003595 0003591 0441889 0162518 0009458 0162867 1254021 0949466
 1511726 3245479 0243148 0441889 1550141 1882979 2587213 3274648 0681814
 1705242 0369773 2603361
 0051300 1416912 2987172 0597357 0003595 0597357 0033684 0332281 1145667 1167622 0062503 0003595 0003591
 1514761 0021467 0021469 1628982 3463820 0003595 0003591 0678226 0679932 2987476 3146286 0003595 0003591 0243122 1145667 1167622 0062503 0051300 1416912 2987172 0597357
 1883351 0376649 1442065 0033213 1706387 1439852 0007634 3282337 0392148 0332197 1689985 0019143 0038720 0475337 2327880 3536965 0349966 1337208
 0205198 1706082 0028778 0332206 2983591 0003595 0003591 1705535 0062503 1518422 0205177 0439167 0441655 1314939 1561536 0183683 1521721 1707478 0051300 1416912 2987172 0597357 0003595 0034821 1366529 0023823 0065059 0023820 0178587 0205251 0597357 1299352 1550472 0086597 1280500 2348382
 0449911 0333052 2607870 0557702 1272706 1704674 0557702 1272706 1704674 0349966 1337208

 0019134 0770546 0019143 0038720 0475337 2327880 3536965 1518422 0028778 0332206 1533157 1706084 2828370 0003595 0003591 0441889
 0004112 0332293 1522326 1552738 2729544 0349966 1337208
 0006353 0243148 1550141 1882979 2587213 3274648 1418485 0002716 0011560 0611285 1442446 1553033 0368670 1456454 0597357 0033684 0332281 0368670 1456454 0597357 0033684 0332281 0019134 0770546 0019143 0038720 0475337 2327880 3536965
 0597357 0033684 0332281 0019134 0770546 0019143 0038720 0475337 2327880 3536965 0010453 1442450 1524062 0039798 0087111 1522326 1533734 1705169 3538994 0002716 0011560 0611285
 0003595 0441889 0523511 1412481 0949466
 1511726 3245479 0080103 0205345 1547039 1547282 0681814
 1547282 1511726 3245479
 1514811 1706462 0274281 0332157 1274040 1546471 2825142 1882365 1879547 0021755 0600251 0456947 0020898 0021764 0022271 0205217 0441889 0442805 0030695 0150369 0181904 0003595 0003591 0055966 1413514 2609437 2827446
 1882365 0086045 0205263 0445247 1446561 0455052 1521827 0205296 0917903 0441471 3541888 0439849 0445223
 1524063 0042153 0457083 1947944 0182400 1704681 2347609 3536729 0086045 1707391 1510827 1527178 1705938 0086282 0015576 0680022 1704727 0205309 1883351 0150312 0449450 1705535 1882365 2987476 0205447
 1326121 1879547 0700364 1883351 0086597 0127400 3540560 0021467 0021469 1527178 1628982 1705938 3463820 0086045 1446561 0597357 0033684 0332281
 0700364 1883351 0034821 1366529 0023823 0065059 0599283 0023820 0086597 0127400 0178587 0205251 0597357 1299352 1550472 0021467 0021469 0205171 1527178 1628982 1705938 1720467 3463820 0086045 1446561 0597357 0033684 0332281
 1979874 1518422 0700364 1883351 0597357
 1511726 3245479 1705535 3540560 0034821 1366529 0023823 0065059 0023820 0178587 0205251 0597357 1299352 1550472 0040710 0392148 0871261 0349966 1337208
 0597357 0162574 0205179 0444930 0598528 1514468 2746065 0074129 0017108 0597357 1003377 0051300 1416912 2987172 0597357 0003595 0086597 0205423 1704787 0002716 0011560 0205263 0611285 1947931
 0237753 0449788 0015576 1704727 0034821 1366529 0006104 1269537 0450355 0332149 1705910 2362652 0034821 0065059 0599283 0597357 3540560 1314939 0086597 1280500 0027882 0007634 3282337
 0449911 0333052 2607870 0557702 1272706 1704674 0557702 1272706 1704674 0349966 1337208

 0178835 3161035 1326121 1879547
 3540560 0086597 0392747 0443172 1260954 0185117
 0023810 0012054 0001455 0439596 1511572 1280500
 0034821 1366529 0023823 0065059 0023820 0178587 0205251 0597357 1299352 1550472 0086597 0003595 0003591 0392756 0547047 0162518 0009458 0439536 1705217 3244283
 0449719 1274040 1546471 2825142 0034821 1366529 0023823 0065059 0023820 0178587 0205251 0597357 1299352 1550472 1265611
 1705535 0034821 1366529 0023823 0065059 0023820 0178587 0205251 0597357 1299352 1550472 0175996 0178719 1704259 1705987 1517892 1704666 1710082 0442805 0392756 0547047 0683927 0035696 0441889 1518422 0392747 0443172 1705241
 1883351 1280500 2348382 0392747 0443172 0003595 0003591 0441889 0002716 0011560 0611285 0051300 1416912 2987172 0003595 0003591 0597357 1947931 1704675 1621296 0023688 0051300 1416912 2987172
 0392747 0443172 0700364 1883351 0051300 1416912 2987172 0003595 0332291 0003591 0085862 0597357 1299583 2987476
 0392747 0443172 0700364 1883351 0031327 1524059 0441712 1706376 0036849 1442518 1705195
 1879547 0012054 0001455 0205263 0439596 1511572 0023810 0051300 1416912 2987172 0003595 0332291 0003591 0085862 0597357 1299583 1879547 0700364 1883351 3540560
 1705535 3540560 0086982 0037083 0037080 1160185 1704259 1705987 1710082 1517892 1704666 0023175 0181586 1442948 1522538 1879547 2348269 3275067
 1511726 3245479 0449450 1518422 0376649 1442065 1704259 1705987 0441471 3541888 0012054 0001455 0439596 1511572
 0871261 1515926 0055966 1413514 2609437 2827446 0392747 0443172 1705241 0700364 1883351 0332291 0085862 1299583 1879547 2987476
 0025320 0392747 0443172 0597357 0033684 0332281 0392148 0470296 0025320 0392747 0443172 0597357 0033684 0332281 0392148 0087111 0028778 0332206 1533157 1706084 2828370 1879547
 1511726 3245479 1705535 0025320 0392747 0443172 0700364 1883351 0034821 1366529 0023823 0065059 0023820 0178587 0205251 0597357 1299352 1550472 0025320 0392747 0443172 0051300 1416912 2987172 0003595 0332291 0597357 0003591 0033684 0085862 0332281 1299583 1551058
 0034821 1366529 0023823 0065059 0023820 0178587 0205251 0597357 1299352 1550472 0002716 0011560 0205263 0392747 0443172 0611285 1314939 0003595 0003591 1516240 0003595 0003591 0205217 0243144 0347980 0391871 0442805 1283071 1947931 0037083 1160185 1710082 0023175 0181586 0442805 1442948 1522538 2348269 3275067 0003595 0003591 0441889
 0442805 1274040 1546471 2825142 0237753 0449788 0051300 1416912 2987172 0597357 0003595
 0442805 0392148 0002716 0011560 0611285 0003595 0003591 0205171 0439044 0679994 0599702
 0599702 0034821 1366529 0023823 0065059 0023820 0178587 0205251 0597357 1299352 1550472 0205171 1551359 1720467 2741673 2981730 0449719
 1547282 0392756 0547047 0162518 0009458 0162867 1254021 0003595 0003591
 1882115 1881488 0002778 0936012 1273517 1524024 0442805 0003595 0003591 0004112
 1705535 1265611 0002716 0011560 0037083 0441712 0611285 1706376 1879547 2362652 3537152 0034821 1366529 0023823 0065059 0599283 0023820 0178587 0205251 0597357 1299352 1550472 1517892 1704666
 0237753 0449788 0441471 3541888 0442805 1880177 0003595 0003591 0332257 1515926 0871208 1521828
 0678587 0683927 0205361 0441889 1301808 1442792 3148680 1518422 0392747 0443172 1705241 1705535 1158770 0851285 1327622 1518422 0032214 0600138 0035820 1705810 0349966 1337208
 0441712 0002716 0011560 0205263 0392747 0443172 0611285 1314939 1326121 1879547 0086597 0127400 3540560 0003595 0003591 0441889 0034821 1366529 0023823 0065059 0599283 0023820 0086597 0127400 0178587 0205251 0597357 1299352 1550472 0002716 0011560 0611285 0051300 1416912 2987172 0003595 0003591 0597357 1947931 0004083 0439849 0596306 0699792 1621296 0023688 0051300 1416912 2987172
 0003595 0523511 1412481 0055966 1413514 2609437 2827446 0024420 1547282 1883351 0348078 0376315 1522492 0439855 1704241 0449297 1382187 2825073
 0332149 1705910 2362652 0439855 1704241 1621296 0023688 0051300 1416912 2987172 0032930 1444748 0441471 0025320 0392747 0443172 1705241
 0441712 1706376 0007613 1292719 0031843 0542341 0700205 1705273
 1621296 0023688 0055966 1413514 2609437 2827446 0750492 1518422 0021135 0449915 1533691 2827718 0150312 0449450 0449913 1314939 1553451 1704459 0055966 1413514 2609437 2827446 1518422 1621296 0023688 0284555 1416914 0597357 1518422 0700364 1883351 0027836 0007634 3282337 0027882
 1518422 0442726 0392148 0332149 1705910 2362652 0027836 0007634 3282337 0004112 0055966 0205427 0597357 1413514 2609437 2827446
 0392148 0002716 0011560 0611285 0055966 1413514 2609437 2827446 0023688 0031843 0542341 0700205 1705273 0051300 1416912 2987172 0597357 0003595 0205309 1883351 0027836 0007634 3282337
 0055966 1413514 2609437 2827446 1547282 1883351 0220781 0439634 1522492
 0443301 0031843 0542341 0700205 1705273 0439801 1549649 2349209 0205177 0439167 0441655 1561536
 1883712 0055966 1413514 2609437 2827446 0002716 0005528 0011560 0611285 1314939 1317949 3495449 0005854 1305865 0005767 0005768 0006104 0229664 1269537 1706912 0284555 1416914 0521405 0014597 1273342 0007634 0221908 3282337
 0031843 0542341 0700205 1705273 0004112 0332291 0035820 0085862 1299583 1705810 2987476 1621296 0023688 0051300 1416912 2987172
 1707959 0055966 1413514 2609437 2827446 0055966 0205309 1413514 0312775 0439509 0035820 1705810 0079613 0009543 3536859 1999216
 0684224 0700287 1705535 0051300 1416912 2987172 0597357 0003595 1314939 0392747 0205177 0439167 0441655 1561536 0027882 0007634 3282337
 1883712 0002716 0011560 0040539 0205263 0600688 0611285 0007585 0007634 0010453 1269647 1704653 1948049 1326121 1879547
 1707959 0052199 0052201 2984964 0002716 0011560 0019564 0027882 0034693 0034721 0205263 0235032 0611285 1184743 1522240 0597357 0033684 0311403 0332281 0470296
 0051300 1416912 2987172 0597357 0002716 0011560 0237400 0243144 0347980 0611285 1314939 0003595 0332281 0003591 0332256 0597177 2700400 1999230 0441712 1706376 2963144 0015352 1883067
 0051300 1416912 2987172 0597357 0003595 1155494 2611812 0037083 0175996 0178719 1707310 1948027 3537152
 0015576 1704727 0039869 1883351 0014139 0023820 0205171 0597177 1273518 1720467 2984285 0449297 1382187 2825073 0868928 1706255 1706256 3540560 0332120 1705535 0051300 1416912 2987172 0597357 0003595 1516240
 1707959 0684224 0700287 3273238 1517892 1704666 0086282 1421455 0023825 0034821 1366529 0023823 0065059 0442811 0023820 0178587 0205251 0442824 0597357 1299352 1550472 0086982 0037083 0037080 1160185 1704259 1705987 1710082 0027792
 1883712 0439482 0024752 1306056 1527116 0450382 1145667 1167622 0599697 0033684 1412459 0018576 1880351 0302523 0700325 1964257 0332290 0449719 0597357
 1547282 0039259 0086376 1427594 0242210 1149035 0243122 1145667 1167622 0023688 0442805 0050063 0441889 1150553 1150527
 0947630 1705535 3540560 0205170 3146287 0086597 0037083 1160185 1710082 0007634 0023175 0178539 0181586 0440102 0871261 1442948 1522538 2348269 3275067
 0441712 1706376 0004112 0002716 0011560 0611285 0003595 0003591 0443286 1114821 1883351 0439801 1549649 2349209 1155266 0871261 1704632 1706817 2911692
 1864676 1879547 2945640 0018684 0567416
 0036536 0036537 0015352 1883067 0700364 1883351 0205177 0439167 0441655 1561536 0220781 0439634 0439855 1522492 1704241 2362652 0051300 1416912 2987172 0003595 0521097 0003591 0597357 0003595 0332294 0699040 0003591 0007634 0282416 0332281 0442805 0678226 1269647 1561607 1704653 1948049
 2347946
 1704675 1523873 0439855 1704241 1274040 1546471 1879547 2825142 0544461 0439801 1549649 2349209 1155266 0871261 1704632 1706817 2911692
 0868928 1706255 1706256 0681842 0004112 0003595 0206745 0003591 0025914 0025929 0026809 0560617 1522225 0010453 0220814 0430400 2242979 0015272 1155266 0871261 1704632 1706817 2911692 1520150 1883559 0025914 0025929 0026809 0332307 0445392 1547052
 1441672 0456947 0441889 0010453 0439093 0443228 1704243 0441730 1883559 0010453 0332307 0445392 1547052 1512571 0332290 0003595 0003591 0599946 0205177 0439167 0441655 1561536 0004112 0027882
 0681814 0004112 0035820 0205234 1285542 1705810 1155266 0871261 1704632 1706817 2911692 0206116 0032214 0600138 0035820 1705810 2346714 0051300 1416912 2987172 0597357 0003595 1327616 0003595 0003591 1883525 2346866
 1274040 1546471 2825142 0443289 0233820 1999230 0016617 2986512 0441712 0003595 0003591 0051300 1416912 2987172 0597357 0003595 0086597 0871261
 2825232 0043227 0449719 1521721 1709471 0027468 0030016 0231963 0231963 0439267 2347469 0260206 0018173 1548284 1319635 0086903 2827790 0016617 0018173 0018684 0018896 0596070 1548284 1319635 0086903 2827790
 0010186 0220812 0449719 1709471 0220808 0680264 0007961
 1706852 0522501 1706089 0949214

 0282413 0376649 1442065 0036378 0036375
 0108844 1305702 1547134 2355574 0008044 0254343 0796520 3272379

 0085205 1549619 1880669
 0013849 1705961 0024492 1538057 1547565 0059804
 0034037 1704324 0030351
 0002716 0011560 0611285
 0302523 0700325 3244290
 0000723 0000723 1273517 0002395 1521724 0012634
 0002716 0011560 0611285 0002716 0011560 0611285
 0034821 1366529 0023823 0065059 0023820 0178587 0205251 0597357 1299352 1550472 0034821 1366529 0023823 0065059 0023820 0178587 0205251 0597357 1299352 1550472
 3540560 0034821 1366529 1416912 0242972 0748025 0023823 0597357 0065059 0023820 0033684 0178587 0205251 0439849 0445223 1299352 1550472
 0003595 0003591 0055966 1413514 2609437 2827446 0003595 0003591
 0020898 0021764 0022271 0021764 1527200
 0597357 0033684 0332281 0597357 0033684 0332281
 1720830 1823521 0991865 0006353 0031603 0031701 0036082 1601799
 0023810 0023810
 0012054 0001455 0439596 1511572 0012054 0001455 0439596 1511572
 0017626 1415042 0017626 1325793 1415042 0001128 0027836 0033684
 1514811 1706462 0557061 2584313 1514811 1706462 2827734 2981698

 2603360
 0439267 0369637 0441923
 2603362


 0021966 0221138 0331964 0439267
 0205090 0684010 2603358


 0450385
 0369637 0441923

 0439394 1706495 3642217

 0006463 0439267 0030016 0439267
 2603362

 0268596 2700624
 3642273
 0439086 2827736 2981702
 0369637 0441923
 2603362
 2603362
 0205090 0684010 2603358
 0439267
 0439394 1706495 3642217

 0369637 0441923


 0025141
 0205090 0684010 2603358
 0019134 0770546 0019134 0770546 0439267
 0030016 2347469
 0205090 0684010 2603358


 1417055

 0450382 0025141 0439084 0728893
 0205090 0684010 2603358

 0597277 1708601 2603362
 0019134 0770546 0030016 0597277 1708601
 0019134 0770546


 0201682

 0439267


 0597277 1708601 2347469
 2603360
 0027882 0025141

 0019134 0770546 0019134 0770546 0597277 1708601 0019134 0770546 0019134 0770546
 0998924 0019134 0770546 0019134 0770546 0450955 2603360


 0201682

 0369637 0441923


 0597277 1708601
 2603362
 1515655 0025141
 2347469


 0439267 2986502 0439267 0205090 0684010 2603358
 2603360 2347469
 1418943

 0268596 2700624
 3642273
 0002716 0011560 0611285 0041703

 0369773 2603361
 1553033 0326915

 0040833 1521798
 3642273
 0025141


 0030016 0439267
 0035853

 1418943

 0268596 2700624
 3642273
 0002716 0011560 0611285 0041703
 0439083 0439087 0000857 0600678 1552863

 0331964 0439267
 0030016
 0021966 0221138

 0268596 2700624
 3642273
 0000857 0600678 1552863

 0369637 0441923

 0369637 0441923




 0000857 0600678 1552863
 0019134 0770546 3613423 0597277 1708601
 2347379
 0025141
 0369718 0441922 1553036
 0019134 0770546 0597277 1708601 2603360 0369637 0441923

 0025141
 0369718 0441922 1553036
 0019134 0770546 2603360 2347469


 0025141
 0369637 0441923
 0369637 0441923
 2603360

 0439267
 0030016



 0201682

 0369637 0441923
 2603360
 0871754

 0439267
 0369637 0441923
 2603360


 0201682

 2347469


 0201682

 0442982
 0205090 0684010 2603358
 0021966 0221138

 0025141
 0402217 0019134 0770546
 2347469 0051767 0057671 0336168 0019134 0770546
 0349590 1262865 0025141

 0597277 1708601
 0019134 0770546 2603362
 0205090 0684010 2603358
 0030016 0030016 2603360 2347469 0035853 2347469 0035853
 0030016


 1315013

 0025141 0450348
 0597277 1708601

 0369773 2603361
 0439267 0597277 1708601
 0019134 0770546 0369773 2603361
 2603360
 1418943

 0268596 2700624
 3642273
 0002716 0011560 0611285 0041703
 0000857 0600678 1552863
 0554249


 0325074
 0450382 0025141
 0369637 0441923
 0016327 0439133 1553038 0402830 0205090 0684010 2603358

 0439267
 0369637 0441923




 0057642 2603360 0369773 2603361 0019134 0770546
 0019134 0770546 2603362
 0439267
 0582521 2603360
 0021966 0221138
 2347469 2603362
 2603360
 0016327 0439133 1553038 0439267 0326915

 1417055

 0450355 0025141
 1551092 0369637 0441923
 0369773 2603361
 0597277 1708601 2347469
 1553033 0332296 1880497 1996904 0205090 0684010 2603358 0582521 2603360
 0021966 0221138 2347469 0330463 2673181 0597277 1708601
 0369773 2603361 1553033 0326915
 0439267

 0439394 1706495 3642217
 1418943

 0268596 2700624
 3642273
 0002716 0011560 0611285 0041703

 2603362

 0439114
 2603362


 0201682

 0006463 0439267


 0439394 1706495 3642217


 0201682

 0439267
 2603362
 0030016
 0597277 1708601 2347469
 2603360


 0025141 0450355

 0205090 0684010 2603358
 0019134 0770546
 2347469
 2603360 0439267

 0027910 0439083 0439087 1552241 1555991 0025141
 2347469
 0369773 2603361 0439394 1706495 3642217
 0205090 0684010 2603358
 0205090 0684010 2603358



 0201682

 0038817 0376223 1431628 0006463 0439267 0369637 0441923
 0597277 1708601 2603362
 0369637 0441923


 0369637 0441923



 0369637 0441923
 0205090 0684010 2603358
 0030016 0439267
 0330099
 0021966 0221138
 0205090 0684010 2603358
 2347469
 2603360
 0597277 1708601
 0007634 1269647 1704653 1948049 0025141

 2603360 0999213 0439394 1706495 3642217
 0205090 0684010 2603358
 0439267 0039736 0439394 1706495 3642217
 0205090 0684010 2603358
 0027855 0000857 0600678 1552863
 0030016 0369637 0441923
 0369718 0441922 1553036
 0439394 1706495 3642217 2603362
 1822658 0205090 0684010 2603358
 0205090 0684010 2603358 3476816 2347469 2603362
 0369637 0441923
 0439267 0369637 0441923
 2347469
 2603360 0205090 0684010 2603358


 0325074
 0025141
 0597277 1708601
 2603360 0439267
 2347469
 0439394 1706495 3642217

 2347379
 0025141
 0369637 0441923
 0439394 1706495 3642217



 0450389 0025141
 0006463 0439267


 0023779
 0025141 0439509
 0439482

 2347961

 0025141
 0016327 0439133 1553038
 0439394 1706495 3642217 0439394 1706495 3642217



 0201682

 0021966 0221138 0006463 0439267
 0439394 1706495 3642217


 0201682

 0369637 0441923
 0699798 2945637
 0597277 1708601




 2997021 2603360
 0597277 1708601
 2603360 0439394 1706495 3642217

 1418943

 0268596 2700624
 3642273
 0002716 0011560 0611285 0041703


 1553033
 0369637 0441923


 0201682

 2603362
 0369773 2603361 0006463 0439267

 0439394 1706495 3642217


 0025141

 0030016 1825319 0439267
 2603362
 0369637 0441923

 0597277 1708601



 0201682

 0019134 0770546 0016360 1424823 2603362
 0016327 0439133 1553038
 2603360 0999213 0439267
 0030016
 0369637 0441923
 1418943

 0268596 2700624
 3642273
 0002716 0011560 0611285 0041703

 1553033 0439394 1706495 3642217
 0349590 1262865 0025141
 0369718 0441922 1553036 1512006 0030016


 0025141
 0369718 0441922 1553036

 0439394 1706495 3642217 0006463 0439267


 0450388 0025141

 0369637 0441923
 0369773 2603361
 2603360
 0030016 2603362
 0019134 0770546


 2347379

 0025141
 0369773 2603361

 0369637 0441923
 2603360 0439267
 0369637 0441923



 0450387 0025141
 2603360 0181107 0205090 0684010 2603358
 0443048
 0439482
 0007634 0439073 0439082 1269647 1704653 1948049 0025141 0450382

 0369773 2603361 2347469 0439482


 0201682

 0439394 1706495 3642217 2347469
 0369637 0441923


 0025141
 0554249 0369637 0441923
 0369773 2603361
 0439394 1706495 3642217

 0439267



 0331925 0369637 0441923

 0369637 0441923
 0205090 0684010 2603358
 1417055

 0025141
 0016327 0439133 1553038 0439267

 2347961

 0025141
 2603360 0597277 1708601


 0025141
 0006736
 0021966 0221138 0582521 2603360

 0369773 2603361 0019134 0770546 0326915

 1417055

 0025141 0009993 0037455 0596070 1552856 0005477 0026376 0005532 1521991