 1880022 0052199 0033727 0369286 0441932 0564385
 0369637 0441923


 1513822 1705739 1882071 1704729 0001914 0041740 1030330 0006823 0034036 0034037 1514756 1704324 0348078 0376315 1515981 1522492 1527075 0557061 2584313 1514811 1706462 0003595 0003591 0032214 0600138 0035820 1705810 0032105 0005767 0005768 0229664 1550098 1704675 0034821 1366529 0023823 0065059 0023820 0178587 0205251 0597357 1299352 1550472 0597357
 0557651 2603343 0030956 1323351 0051300 1416912 2247773 2987172 0597358 2247768 0017446 0205147 0243122 0597357 1145667 1167622
 0052199 0010511 0006222 0010813 0052199 0056658 0596311 1330957 1514798 3146294 2827734 2981698 0008562 2717789 0597410 0008565 0449252 1305710 0008550 0033095 0205250 0205390 0302908 0460139 1299351 1304698 1306345 1546699 1561501 1998793 2700149 1555029 0037813 0436196 0577559 1306372 1880022 3152252
 0037812 2713504 2984732 1547282
 1883712 0058643 0205263 0030956 0425382 0026377
 0052199 0333262
 0002778 0936012 1524024 1704241 0443289 0597177
 0002778 0936012 1524024 3152252 0577559 1306372
 0002778 0936012 1524024 0180459 1556138 1705229 2348299 1999230 0332120 0030956 0425382 0026377
 1149323 0243122 0679932 0681814 1145667 1167622 0023823 0023820 0178587 0205251 1299352 1550472 0004927 1883351 1516048 0085732 1704241 0034821 1366529 0023823 0065059 0599283 0023820 0178587 0205251 0597357 1145667 1167622 1299352 1550472
 0003595 0003591 0030956 0058291 2974130 0439855 1704241 0023823 0023820 0178587 0205251 1299352 1550472 0005456 0205148 0450138 1272578 0016030 0086418 0444099 1123023 1278993
 0012634 0348080 1705253 0557351 0052199 1704241 2348205 2827734 2981698 0180459 1556138 1705229 2348299 0597357 1145667 1167622 0030956 1882932 3161035 0557651 2603343 1704675 0034821 1366529 0023823 0065059 0023820 0178587 0205251 0597357 1299352 1550472
 1548161 1274040 1546471 2825142 1444656 1719039 0205250 0678594 1299351 1514893 1706463 2699488 2700149 0030956
 0557061 2584313 1514811 1706462 0003595 0003591 0003595 0003591 2827734 2981698 1874187 0033684 0598783 1278073 1517898 1373181 0023779 0025519 0025520 0032105 1550098 0002395 1521724 0012634 0027756 0027740 0027757 0034963 1280541 2827734 2981698
 0003595 0523511 1412481 0032214 0600138 0035820 1705810 0032105 0005767 0005768 0229664 1550098 1704675 0680022 0023823 0023820 0178587 0205251 1299352 1550472 0015576 1704727 0034821 1366529 0740116 2827735 2981700
 0003595 0523511 1412481 0205447 0205449 0597298 2987476 2827734 2981698
 0597298 0052199 0332256 2700400 0010654 0052198 0010654 0733755 0052201 2984964 0003765
 0947630 0439086 2827736 2981702 1547282 0003595 0003591 0205448 0332462 1880834 1880389 1883221 3541951
 1880389 1883221 3541951 1709915 1882936 1510827 1273518 0332197 1689985 0023779
 0205088 1705314 1705315 1880389 1883221 3541951 1709915 1882936 0425382 0026377 0332325 2827757
 0205088 1705314 1705315 1880389 1883221 3541951 0750490 1706221 0023820 0032105 0205169 1550098 0439084 0728893 1705535 1510827 0004093 1762617 1880389 1883221 3541951 1707271 1514873 1883351 1548602 1704686 0004083 0439849 0596306 0699792
 1323371 1323351 2247773 0005456 0597358 0682969 2945843 1149323 2247768 0205145 0243122 1145667 1167622 1515974 2825164 0162808 1514562 0033684 0205088 0392752 1705314 1705315 1880389 1883221 3541951 1709915 1882936 2827734 2981698
 0017446 0205147 0699759 0035820 1705810 0332290 1517945 0392747 1554963 0024337 1709915 1882936
 0332197 1689985 0023779 0003595 0003591 1518422 0034821 1366529 0023823 0065059 0023820 0178587 0205251 0597357 1299352 1550472 0205088 1705314 1705315 1880389 1883221 3541951 0597177 1274040 1546471 2825142 1145667 1167622 0034821 1366529 0023823 0065059 0599283 0023820 0178587 0205251 0597357 1299352 1550472
 1511726 3245479 1705535 0301641 0392747 0443172 1705241 0205172 0205088 1705314 1705315 1880389 1883221 3541951 0205224 0023688 0597361 0014139 0086597 0127400 0597357 2984285 0023820
 0444626 0427896 0678594 1533132 1704641 0023779 0332296 1301808 1442792 1880497 1996904 3148680 0205309
 1880389 1883221 3541951 0205450 0231448 0231449 0439792 0018882 0229304 1017315 1704821 1705682 0181687 1282927 1806781 2350002
 0332462 1880834 0015450 0205099 0439851 1947931 0425382 0079686 0023401 0453984 1514562
 1883712 1704675 0018882 0229304 1017315 1704821 1705682 2987476 0018882 0205117 0229304 1017315 1515981 1704821 1705682 0750492 0205250 0205360 1299351 1880177 1880389 1883221 2347098 2700149 3541951 0003591 1707455
 0034571 0043299 0043309 1306645 1962945 0086894 0678594 0851346 2314876 0023767 0033625 0038164 0314667 0023779 0026377 0033684 0332281 1708698 3161035 0425382 0026377 0205319 0086035 0597358 2827734 2981698
 0597551 0030956 1883254 1273517 1883351 0557651 2603343 0678594 1521970
 0030956 0003595 0003591 0003595 0003591 0557651 2603343 0024485 0028580
 0003595 0003591 1547282 1883351 0012456 1145667 1167622 1441414 1553874 1578820 1883351 0017446 0205147
 0024752 1306056 1527116 1880022 0205250 0119082 1880389 1883221 3541951 1709915 1882936 0022914 0456378 0733755 1705242 1707494 1518960 0030956
 0030956 0018882 0229304 1017315 1282927 1704821 1705682 1806781 2350002 0332529 0541749 1709743 1517892 1704666
 0030956 0085732 1299581 0442805 1149326 3156020 1149323 0243122 1145667 1167622 0016030 0007634 1269647 1704653 1948049 0034821 1366529 0023823 0065059 0332291 0599283 0023820 0085862 0178587 0205148 0205251 0597357 1299352 1299583 1550472 0074129 0086282 1611821 0015576 0017108 0205314 0597357 0679622 0680022 1003377 1704727 2362652 2698041 0003353 0003504
 0043227 0597358 0017446 0205147 0243122 0597357 1145667 1167622

 1547282 0030956 0205409 1548221 0332282 0596311 0010813 1330957 0023779 0439855 1704241 0034821 1366529 0023823 0065059 0599283 0023820 0178587 0205251 0597357 1145667 1167622 1299352 1550472 0597551 0030956 1883254 1707689 2983265 1883351 0243095 0004793 0162326 0162327 1519249 0027552 0686904 0333118 0871161 1882134 2347695

 1547282 0030956 0332256 2700400 1323351 0051300 1416912 2247773 2987172 0597358 2247768 0017446 0205147 0243122 0597357 1145667 1167622 0052199 0348078 0376315 1522492 1704241
 1547282 1527240 0052199 0851043 0205250 1299351 1510827 2700149 0423896 0456205 2698977 0243144 0347980 1157973 0243125 0699900 0016030
 0597551 0030956 1883254 0039290 0075804 0205341 1547730 1705914 0311403 1157973 0243125 0699900
 1623086 0392747 1554963 0001038 1521754 0205217 0442805 0085732 1145667 1167622 0065055 0023820 2349975 0449297 1382187 2825073 1515655
 0332185 0003595 0003591 0557651 2603343 1524063 0877853 0024485 0028580 0037812 2713504 2984732 1547282 1883351 0425382 0026377
 0332197 1689985 1511726 3245479 0030956 0085732 1299581 0034821 1366529 0023823 0065059 0599283 0023820 0178587 0205251 0597357 1299352 1550472 0332218 0003595 0003591 0026377 0205177 0597357
 0150312 0449450 0557651 2603343 1998793 0030956 0052199 1323351 0051300 1416912 2247773 2987172 0597358 2247768 0017446 0205147 0243122 0597357 1145667 1167622 0085732 0425382 0026377 1145667 1167622 0034821 1366529 0023823 0065059 0023820 0178587 0205251 0597357 1299352 1550472
 0525015 0024485 0028580 1511726 3245479 1547282 1514893 1706463 2699488
 0557061 2584313 1514811 1706462 0243114 1998793 0052199 2827734 2981698 0680240 1425988 1998793
 0450348 0086045 0205088 0439526 1446561 1546485
 0010511 0010511 0025646 0456603 1524062 1547037 0004178 0441960 0678214 1439852 0456696 1442770 0332582
 0443286 1114821 0370003 2347026 0016701 0677542 1883351 0849355 1883720 3244314 0010511
 0370003 2347026 0043047 0599638 1550678 0008562 0205390 0681850 1550501 1555029 1706203 2349001 2697811 1524063 1185738 1706132 0040982 0001128 0202406 0050456 0040982 0001128 0202406 0439182 0812409
 0052199 0449468 0470296 0547040 1524031 1690016 1705102 2700258 2945599 0231956 1549535 0849355 1883720 3244314 0040982 0001128 0202406
 1157377 2754756 0220781 0439634 1522492 0243114 1998793 0058291 2974130 0023779 0439086 2827736 2981702 2827734 2981698 0456603 1547037 0560268 2349105 0336635 0175730 1547937 1561954 1704730 0441960 0442540 1512080 2827485
 1512080 0042221
 0370003 2347026 0332624 1441704 0006353 1882074 0020283 0450407 0450408 0450409 0037494 1959973 0013618 0439648 0724378
 0037633 0525069 1881413 1721092 0333262 0700321 0312860 0443213 1521827 1524063 0180860 0023779
 0052199 2827734 2981698 0052199 0058291 2974130 0439855 1704241 0333262 0033684 0030956 0043047 0599638 1550678 0456603 1547037 0450346 0740116 2827735 2981700 2827734 2981698 1883708 1439852 0439583 0040822
 0370003 2347026 0178587 0439526 0456081 0036492 0175730 0325125 0348011 0439526 0439831 1547937 1561954 1704637 1704730 0444456 1706359 0179834 0450376
 1264633 1516695 1516698 1704458 0033684 0005507 0243073 1510438 1524063 0005507 0243073 1510438
 1264633 0332256 2700400 0033684 1709595 2349200 3256935 0074757 0991865 0006353 0031603 0031701 0037473 0597484 1601799 1882074 0020283 0450407 0450408 0450409 1698986
 1328171 0596837 0023693 0037812 0439742 1306462 1881376 2713504 2984732 1273517 1883351 0030695 0150369 0181904 0596972 1521743 1704646 0449297 1382187 2825073 0003591 0030956 0596837 0023693 0439742 1306462 1881376
 0549255 0449819 0036849 1442518 1705195 0487742
 0005903 0039476 0851285 0037633 0005903 0039476
 0006353 1882074 0020283 0450407 0450408 0450409 0037494 1959973 0013618 0058291 0333262 1524062 2974130 0449468 1690016 1705102 2700258
 0003591 0030956 1883708 1524062 1637379 0205430 3160715 0025320 0392747 0443172 1705241 0031843 0040223 0542341 0700205 1705273 3541383 0030695 0150369 0181904 0596972 1521743 1704646
 0037812 2713504 2984732 0037812 2713504 2984732 0884358 1552738
 0947630 0681814 0206243 0699809 0439787 0849355 1524063 0029144 0332282 0025664 0184661 2700391 1552738
 1883351 0449468 1690016 1705102 2700258 0026385 1510992 1521991 2825518 3538722
 1510844 1704241 0006353 0037633 0205449 0332256 2700400 0041175 0077281 0814229 1882074 0020283 0450407 0450408 0450409 0086045 1999230 0178587 2827734 2981698 0439526 0427716 1304757 0086045 0439526
 0178587 0444686 1441506 1443182 1524063
 1510844 0037633 0525069 0007634 0205452 0370003 1269647 1704653 1708237 1708715 1948049 2347026 0011947 0037633 0525069
 0600140 0678536 0884358 0678536 1314677 1705241 1705242 1883727 1292425 0218063 0014653 1547026
 0026019 2984656 0013852 0026018 3463986 0026019 2984656 0013852 0026018 3463986 0884358 1552738
 0005507 0243073 1510438 1323371 0034821 1366529 0558145 1272578 0016030 0086418 0444099 1123023 1278993 0009458 0325564 0392747 0439536 1551720 1705217 3244283 0332256 2700400 0007452 0015965 0229671 0521457 1140701 1546774 1550100
 0007634 3282337 0007452 0009458 0015965 0229671 0332256 0439536 0521457 1140701 1546774 1550100 1705217 2700400 3244283 1707719
 0205200 0007634 3282337 0020746 1548792 1548982 0015688 2698488 0015684 0991865 0001128 0001924 0006353 0031603 0031701 0036082 0202406 0332256 0332296 1601799 1720725 1880497 1948050 1996904 2700400 1292425 1439852 0450376 0009458 0325564 0392747 0439536 1551720 1705217 3244283 0001924 0023823 0023820 0178587 0205251 1299352 1550472
 0009458 0439536 1705217 3244283 0849355 0007634 3282337 1548982 0015688 2698488 0015684 0991865 0001128 0001924 0006353 0031603 0031701 0036082 0202406 0332296 1601799 1720725 1880497 1948050 1996904 0991865 0006353 0031603 0031701 0036082 1601799 1720725 1948050 0205171 0439044 0679994
 1883708 0007634 3282337 1549535 1442450
 0085732 1323371 0034821 1366529 0023823 0684162 0005456 0065059 0597358 0599283 1149323 0023820 0178587 0205145 0205251 0243122 0597357 1145667 1167622 1299352 1550472 0699040 0007634 0034553 0332281 0444706 0449770 1269647 1704653 1948049 0183395 0678573 1710143
 0007634 0033684 1269647 1704653 1948049 0053554 0001128 0005507 0033684 0202406 0243073 1510438 1524063 0036774 0036773 0728877
 0023823 0023820 0178587 0205251 1299352 1550472 0544357 0032105 0086418 0205409 1548221 1550098 0007703 0680240

 0877853 0024485 0028580 0037812 2713504 2984732 0052199 0359583 0430402 0004611 1510439 2347473 0475311 0052199 2827734 2981698 2827421 0449416 1705919 0450348 1552738 1998793
 1883073 2827424 0450355 0030956 0439661 3245488 0032611 0076258 0601906 0020283 0450407 0450408 0450409
 1883073 2827424 0439661 3245488 0449381 1552961 2347617 0439534
 0487742
 0733755 0439534
 0557061 2584313 1514811 1706462 0243114 1998793 0052199 0052199 0086418 0205088 1301820 1514798 1705314 1705315 1709915 1882936 0332282 0596311 0010813 1330957 0025664 0184661 2700391
 0030956 0439559 0008562 0205390 0349966 1337208 1998793 1555029 1517331 0037813 0436196 0577559 1306372 1880022 3152252 0349966 1337208
 0442822 1524031 1883002 1511726 3245479 0037813 2247561 0680240 0577559 1306372 3152252 0030956
 0243114 1998793 0030956 1698986 0042153 0457083 1947944
 0449911 0333052 2607870 0557702 1272706 1704674 0557702 1272706 1704674 0349966 1337208
 2827734 2981698
 1979963 2003903
 0037813 0577559 1306372 1883073 2827424 3152252
 1880022 1883073 2827424 0043047 0599638 1550678 0601906 0020283 0450407 0450408 0450409 0443289 0034656 0439605 0444764 1413568 1705946 0026377 0349966 1337208 0205132 1550648 1552960
 2678549 0020283 0450407 0450408 0450409 1282910 1552828 0030956 1883351 0205418 1511726 3245479 1518422 1547282
 1883712 0032611 0076258 0560268 2349105 0423896 0456205 0442805 0450388 0442805 1547282 0349966 1337208 0205132 1550648 1552960 0021966 0221138
 1883712 0058643 0011740 0026377 0058643 0392148 0450387 0030956 0205263 0349966 1337208 0205132 1550648 1552960 0021966 0221138
 0449911 0333052 2607870 0557702 1272706 1704674 0557702 1272706 1704674 0349966 1337208
 0740116 2827735 2981700
 1883073 2827424 0043047 0599638 1550678 0205132 1550648 1552960 0392148 0058643 0205132 1550648 1552960 0032611 0076258 0392148 1515981 0205132 1550648 1552960
 1883073 2827424 0601906 0020283 0450407 0450408 0450409 0034869
 0449911 0039224 1706073 1706074 0557702 1272706 1704674 0557702 1272706 1704674 1519445 0037812 2713504 2984732 1511726 3245479 0601906 0020283 0450407 0450408 0450409 1301820 0221106
 0427716 1304757 0086045 1446561 0058643 0041625 1268822 1961129 2825050 1524063 0000854 0220777 1707429 2347023 2347080 2698776 2825050
 0086045 1446561 0439526
 0086045 1264643 0058643 0079240 0444686 0680240 1441506 1443182 1521761 1948037 2827422 1314939
 1880022 1704241 0003591 0850310 3154893 1516240 1721092 0333262 1704241
 0008976 0052199 1441672 1721092 0333262 1637379 0521097 0040682 1510411 1705163
 0012634 0348080 1705253 0333262 1547282 0025515 0449297 0871208 1382187 1521828 2825073 1511726 3245479 1518422 1547282
 0557351 0333262 0033268 0230704 1880022
 0052199 1704241 0178587 0439182 0812409 1998793 1880022
 0449468 1690016 1705102 2700258 3152252 0577559 1306372 0014653 0678624 0681814 1547026 0178587 0678536 0349966 1337208
 0012725 0012727 0456080 2347509 0012751 0205120 1552595 1515273 1705313 2826302 0112081 0178587 0012634 0348080 1705253
 0552449 0037640 0580272 1519043 2827734 2981698 0112081 0678536 0205132 0445291 1550648 1552960
 1524063 0807955 0598981 3146232 0449468 1690016 1705102 2700258 0439267 3152252 0577559 1306372 0052199 0444686 1441506 1443182 1704241
 0577559 1306372 3152252 0205170 0680240 1511726 3245479 0013862 0071500 0596607 0349966 1337208
 0449911 0333052 2607870 0557702 1272706 1704674 0557702 1272706 1704674 0349966 1337208
 0439086 2827736 2981702
 1148554 1704241 0678536 2347469 0012725 0012727 0456080 2347509 0600140 0884358 0178587 2827734 2981698 0439526 0580272 1519043 2827734 2981698 0112081
 1522609 1273517
 0205132 1550648 1552960 0023733 2346679 0205132 0684320 0684321 0013113 0807955 3538722 0598981 3146232 2827734 2981698 0205090 0684010 2603358 1882932 1547014 1948059 2603360 1882932 0005903 0039476
 0449911 0333052 2607870 0557702 1272706 1704674 0557702 1272706 1704674 0349966 1337208

 3494467 0013862 0071500 0596607 1704241
 1708639 0038137 0175675
 1708639 0052199 1704241 0336721
 0017243 1382104 0456696 1442770 0013855 0450376 0056269 1260957 2986582
 1704241 1517331 0026019 2984656 0013852 0026018 1880022 3463986 1511726 3245479 1518422 1547282 1301886
 1547282 0332120 0332183 0205397 0012456 0450348
 0423896 0456205 1704241 0037812 0041625 0205108 1961129 2713504 2984732
 0058291 2974130 0030956 0870432 0007952 0486537 2350015 0349966 1337208 0205132 1550648 1552960
 1707455 0052199 2827734 2981698 1704241 1547282 0423896 0456205 0349966 1337208 0205132 1550648 1552960
 0449911 0333052 2607870 0557702 1272706 1704674 0557702 1272706 1704674 0349966 1337208
 0439084 0728893
 1883073 2827424 0205132 1550648 1552960 0052199 1515981 1704241 0205132 1550648 1552960
 0427716 1304757 0086045 0002520 2917660 0001128 0002778 0202406 0936012 1524024 0439526
 1328171 0596837 0023693 0037812 0439742 1306462 1881376 2713504 2984732 0040682 1510411 1705163 0003591 1149098 0243122 1145667 1167622 1328171 0596837 0023693 0037812 0439742 1306462 1881376 2713504 2984732 0030695 0150369 0181904 0596972 1521743 1704646
 0333262 1622418 0038960 0443213 1521827 0311420
 1704675 0003591 0030956 0040682 1510411 1705163 1301886 0392756 0547047 0332152 0392756 0547047 1522538 0301633 2700094
 0034869 0596837 0023693 0439742 1306462 1881376 0030695 0150369 0181904 0596972 1521743 1704646 0004083 0439849 0596306 0699792
 1704675 0058291 2974130 0439831 0004927 0947630
 0005903 0039476 1524063 0052199 2827734 2981698 0871208 1521828 0597177 0439831 0349966 1337208 2584321 0449297 1382187 2825073
 2349179 2826544 0444930 1552961 2347617 2746065
 0868928 1706255 1706256 0052199 0205289 0439083 0439087 0449297 0806909 1382187 2825073 0040223 3541383 2584321 0439084 0728893 0027552 0686904 1883351 0205430 1421951 1720722 0030956
 1413227 0439092 0547044 1552119 0449297 1382187 2825073 0205197 0725685
 1316572 1317574 1369612 1883351 0441889 0456079 1547707 2946261 1273517 1720725 1948050 1265611 0052199 1707455 2827734 2981698
 2825550 0456603 1547037 0868928 1706255 1706256 0868928 1706255 1706256
 0449911 0333052 2607870 0557702 1272706 1704674 0557702 1272706 1704674 0349966 1337208

 0449297 1382187 2825073
 0333262 0052199 0205430 3160715 2827734 2981698 2825550 0456603 1547037 2825550 0456603 1547037
 0449297 1382187 2825073 0031843 0040223 0332283 0542341 0700205 1705273 3541383 0596837 0023693 0439742 1306462 1881376 1524063 0183400 0449819 0036849 1442518 1705195
 0597358 0243122 1145667 1167622 0085732 0180459 1556138 1705229 2348299 0023823 0023820 0178587 0205251 1299352 1550472 0243122 1145667 1167622 0034821 1366529 0023823 0065059 0023820 0178587 0205251 0597357 1299352 1550472 1292732 1524063 0450138 1272578 0016030 0086418 0444099 1123023 1278993 0349966 1337208
 0332197 1689985 1149323 0243122 1145667 1167622 1709305
 0441889 0456079 1547707 2946261 1882115
 0023823 0023820 0178587 0205251 0392148 1299352 1439852 1550472 1979886 0034553 1441672
 0003595 0003591 0058291 2974130 0439855 1704241 1323371 0034821 1366529 0023823 0065059 0599283 1149323 0023820 0178587 0205251 1299352 1550472 0034553
 1511726 3245479 1547282 1524063 0042153 0457083 1947944 1518422 0309872 1323351 2247773 0597358 2247768 0243122 1145667 1167622
 0868928 1706255 1706256 1704241 0392756 0547047 1441672 0012634 0348080 1705253 0052199 0031676 0333118 0439083 0439087 0085732 0205088 1705314 1705315 1880389 1883221 3541951
 0449911 0333052 2607870 0557702 1272706 1704674 0557702 1272706 1704674 0349966 1337208

 0085732 0052199 2827734 2981698 0180459 1556138 1705229 2348299 0052199 0180459 1556138 1705229 2348299 0023823 0023820 0178587 0205251 1299352 1550472 0243122 1145667 1167622 0450138 1272578 0016030 0086418 0444099 1123023 1278993
 0007634 3282337 0450376 1439852 1292425 0392148 0023823 0023820 0178587 0205251 1299352 1550472 0439526 0332197 1689985 0439526
 0868928 1706255 1706256 0023823 0023820 0178587 0205251 1299352 1550472 0086045 1446561 0439526
 0033684 0423896 0456205 0034553 0699040 0025664 0184661 2700391
 1707156 3274014 3541345 1882932 0073187
 0369718 0441922 1553036
 0024485 0028580 0557651 2603343 1883351 0022885 0039593 0392366 1148554 0024485 0028580 0681814 0030956 0359583
 0052199 2827734 2981698 0009458 0332256 0439536 0547040 1524031 1539345 1705217 2700400 2945599 3244283 0449416 1705919 0181496 2827499 0033684
 0010813 0596311 1330957 0243114 1998793 0042789 1947903 1282910 1552828 0037813 0436196 0577559 1306372 3152252
 1883073 2827424 0052199 0032611 0076258 0392148 0034869 0349966 1337208 0601906 0020283 0450407 0450408 0450409
 0444505 1441672 0220806 0333051 2347509 3272558 0002482 0028158 1550581 0002520 2917660 0001128 0202406
 0220806 0333051 3272558 0205170 3146287 0332624 0332294 0036679 0237868 0282416 0444505 0678226 1561607 1881713 2828360
 0030956 1517001 0026377 0454907 0017446 0205147 0010383 0444505
 1883073 2827424 1516050 0023636 0329040 1441506
 0449911 0333052 2607870 0557702 1272706 1704674 0557702 1272706 1704674 0349966 1337208

 1883073 2827424 0052199
 0392148 0601906 0020283 0450407 0450408 0450409
 1883073 2827424 1301820
 1514811 1706462 0427896 0444626 0678594 1533132 1704641 0205419 0003595 0003591 1272745 0162340 1158917 0025519 0025520
 1707959 0597298 0850310 3154893 1510827
 1547282 0871161 1882134 2347695 0036140 0037494 0206136 0392747 0456378 1704675 0337112 0441987 1274040 1524075 1546471 2699029 2825142 0017446 0205147
 0034571 0043299 0043309 1306645 1962945 0086894 0678594 0851346 2314876 0023767 0314667 0023779 0026377 0332281 1708698 3161035 0087044 0103404 0033684 1441414 1553874 1578820 1883351 0425382 0026377 0205319 0086035 0597358
 3161035 0205088 1705314 1705315 1880389 1883221 3541951 0678594 0419518 0445022 0018882 0229304 1704821 1705682
 0332120 1547282 0205088 1705314 1705315 1880389 1883221 3541951 0301641 0392747 0443172 1705241 0023767 0023779 0205148 0332297 1145667 1167622 1689898 2349209 1518422 0332196 2828389 1511695
 0332197 1689985 1719039 0205250 0678594 1299351 1514893 1706463 2699488 2700149 0348078 0376315 1522492 0033684 3161035 0332241 1299582 1999230 0678257 0033684 0597357
 1515187 0185117 0052199 2827734 2981698 0025646 0733755 1515981 1709305 2745955 0002518 0004793 0033684 0162326 0162327 1519249 0085732 1299581 1947930 1998793 0030956 1323351 0051300 1416912 2247773 2987172 0597358 2247768 0017446 0205147 0243122 0597357 1145667 1167622 1524063 0010813 0596311 1330957 0008562
 0052199 0008562 0936012 1516048 0037813 0436196 0577559 1306372 3152252 2247561
 0037812 2713504 2984732 0052199 1518422 0425382 0162807 0027627 0175668 0205436 0678594 1883351 0205418 2678549 0020283 0450407 0450408 0450409 1282910 1552828
 1524063 0032611 0076258 0018563 1281583 1552914 0058643 0150312 0012634 0348080 1705253 0030956 0425382 0205250 0026377
 0032611 0076258 1273517 0557651 2603343 0598629 0030956 0033684
 0032611 0076258 0205309 1883351 0033414 0184512 0175168 1510464 0678594 0678595 0020276 0020275 0523702 0885426 0042153 0457083 1947944 1522634 0868928 1533148 1883351 0033414 0220781 0439634 1522492 0033684 0439509
 1955473 1547282 0032611 0076258 0205263 0220781 0439634 1522492 0017446 0205147 1518422 0348078 0376315 1522492 0018882 0229304 1017315 1704821 1705682
 0392148 0058643 0011740 0030956 0425382 0026377
 0058643 1273517 1883351 0557651 2603343 0030956 0024485 0028580 0681814 1425988 0282443 1552617 0042789 1947903 1425988
 0058643 0359589 1999230 0205148 2348205 0030956 0205460 1145667 1167622 2347946 0032611 0076258
 0058643 0392148 0052199 0850310 3154893 0423896 0456205 0032611 0076258 0205397 1705535 0425382 0026377 0003595 0003591 1517001 1882932 0085089 1879740 0032611 0076258 0205263 1512693
 0030956 0425382 0026377 0205410 0051300 1416912 2987172 0003595 0003591 0026377 0205177 0597357 1521970 1706388 2346469 2348519 0557651 2603343 0085732 1721092 0333262 0871161 1882134 2347695 0332257 0119082 0205088 1705314 1705315 1880389 1883221 3541951
 0392148 0052199 0333262 0040682 1510411 1705163 0205197 2963144 0037633 0525069 3538928
 0052199 1704241 0439182 0812409 1998793 1880022
 0681814 3152252 0577559 1306372 0680240 1511726 3245479 3494467 0013862
 1704254 1704922 3542466 0026019 2984656 0443289 1275949 0180459 1556138 1705229 2348299
 0180459 1556138 1705229 2348299 0547044 0700321 0022877 1880022 3244292 0450348 0012456 0052199 0180459 1556138 1705229 2348299 1518422 0348078 0376315 1522492 0221285 2699114
 1511726 3245479 0030956 0150312 1883351 0850310 3154893 0229304 0162807 0027627 0175668 0205436 0678594
 1522609 0205170 0680240 1514721 2348147 3542016 0042295 0032611 0076258 0150312 0392148 0058643
 1705241 1705242 0025663 0025664 0449851 1705242 1273517 1883351 0427716 1304757 0086045 1446561
 0868928 1706255 1706256 0032611 0076258 0058643 0086045 1268822 2825050 1524063 0000854 0220777 1707429 2347023 2347080 2698776 2825050
 0868928 1706255 1706256 0180459 1556138 1705229 2348299 0596837 0023693 0439742 1306462 1881376 1524063 0042153 0457083 1947944 0086045 1446561 1273517 0002520 2917660 0001128 0002778 0202406 0936012 1524024

 1547282 0052199 0205251 1299352 1510827 1550472 0439509 0392148 0023779
 0205171 1720467 0205349 0001383 0392747 1527240 0017890 0522461 0003595 0003591 0030956 1547282 0851043 0205250 1299351 1510827 2700149 0423896 0456205
 0052199 0030956 0031676 0202177 0333262 1145667 1167622 0425382 0026377 0392747 1554963
 0443289 1148636 0023779 0243122 1145667 1167622
 0681814 0058291 0333262 1272695 2746065 2974130 0012456 1280500 2348382 0243122 1145667 1167622

 0681842 1882327 1709915 1882936 0348078 0376315 1522492 0018882 0229304 1704821 1705682 1145667 1167622 0023779
 0423896 0456205 0030956 1441672 1148636 0023779 0243122 1145667 1167622 0680240 0178566
 0030956 0332256 2700400 0018882 0229304 1704821 1705682 1709915 1882936 1515187 1551359 2741673 2981730 0017446 0205147 0425382 0596845 0597196 0678594 1882932 0423896 0456205 0680240 0037812 0150312 2713504 2984732
 0684328 3244293 2349099 2827734 2981698 0332256 2700400 0018882 0229304 1017315 1704821 1705682 0018882 0229304 1704821 1705682 0018882 0229304 1704821 1705682 0683454 0021966 0221138 1709915 1882936 1314939
 1883712 0017446 0205147 1709915 1882936 0439175 0439810 0425382 0026377 1882932 0033684 0680240 1511726 3245479
 1274040 1546471 2825142 1999230 0332120 1709915 1882936 0348078 0376315 1522492 0018882 0229304 1704821 1705682
 1524063 0596837 0023693 0439742 1306462 1881376 0332283 0040682 1510411 1705163 0031843 0542341 0700205 1705273 0040223 3541383
 0052199 0037640 1637379 0039476 0043227 0017243 1382104 1257885 1257888 0005903 0039476 0599156 2700061 1518422 0034869 0040223 3541383 1552119 0370003 2347026
 0449297 1382187 2825073 0205117 0332282 1301820 1883708
 1707455 0052199 2827734 2981698 0449297 1382187 2825073 1709305 2745955
 0004927 2707008 0205088 1705314 1705315 1880389 1883221 3541951 0007961 0178587 1706211
 0007961 1706211 2827734 2981698 0205160 1513916 2825415 2825491 0007961 1706211 1709915 1882936 0052199 0178587 0439178 1446409 1514241 2825490 0007961 1706211 1709915 1882936
 2825490 0007961 0439178 1446409 1514241 1706211 0033414 0243122 1145667 1167622 0205148 0040682 1510411 1705163 0597177
 0205238 1883351 0183683 1521721 0178566 0040682 1510411 1705163 0597177 0003591 1184743 1522240 1261552 1704379 1705117 2825408 1511545
 0052199 0030956 1550543 1514873 0425382 0314667 0026377
 0392366 0085732 0034821 1366529 0023823 0065059 0599283 0023820 0178587 0205251 0597357 1299352 1550472
 0681814 0052199 0180459 1556138 1705229 2348299 1547282 0205435 1279901 0003595 0003591 0058291 2974130 0439855 1704241 0085732 1299581 0034821 1366529 0023823 0065059 0599283 0023820 0178587 0205251 0597357 1145667 1167622 1299352 1550472
 1316572 1317574 1369612 1711239 1522427 0376554 1323351 2247773 0597358 2247768 0243122 1145667 1167622 0031676 0202177 0332297 1145667 1167622 1689898 1706211 2349209 1518422 1547282
 0205436 0457385 0565930 1561503 1705190 0012634 0348080 1705253 0557351 0030956 0333118 0085732 0205172 0243122 0439083 0439087 1145667 1167622 0052199 0205397 2827734 2981698

 1547282 0030956 0003595 0003591 1301820 0052199 0034821 1366529 0023823 0065059 0599283 0023820 0178587 0205251 0597357 1145667 1167622 1299352 1550472 1510827 2348205
 1547282 0030956 0052199 0034821 1366529 0023823 0065059 0599283 0023820 0178587 0205251 0597357 1145667 1167622 1299352 1550472
 0085732 0034821 1366529 0023823 0065059 0599283 0023820 0178587 0205251 0597357 1299352 1550472 1517001 0030956
 0018563 1281583 1552914 1550543 1514873 1301808 1442792 0332256 2700400 0017446 0205147 0205309 1883351 1704675
 0332256 2700400 0017446 0205147 1947931 0597357 1709915 1882936 0332256 2700400 0017446 0205147
 1547282 1524063 0003595 0003591 0596260
 0681814 1547282 0052199 2827734 2981698 0333118 0205177 0439167 0441655 1561536 0052199 2827734 2981698 0205177 0439167 0441655 1561536 1152633 2266866 0205177 0439167 0441655 1561536
 0205172 0332185 0681814 0443289
 1705535 0004083 0439849 0596306 0699792 0023779 0205447 1880177 1709915 1882936 0205224 0034821 1366529 0023823 0065059 0023820 0178587 0205251 0597357 1299352 1550472 0184512 2369992 0597358 0017446 0205147 0243122 0597357 1145667 1167622 1709915 1882936
 0018017 1571704 1518422 0052199 1510827 0003595 0003591
 1883351 1547282 0030956 0333118 0871161 1292721 0332257 0085732 0023779 0425382 0026377
 1548161 1274040 1546471 2825142 0349966 1337208 0557651 2603343 0052199 0030956 0032611 0076258 0205171 0392148 1518422 1720467 0332197 1549059 0023767 0014406 0023779 0920591 0058643 1511726 3245479 1518422 1547282
 0868928 1706255 1706256 0058643 0011740 0444505 1707455 1883073 2827424 0032611 0076258 0392148 1301820
 0205132 1550648 1552960 1517001 0332218 1184743 1274040 1516050 1522240 1546471 2825142
 1883073 2827424 0332306 1551058 0205250 1299351 2700149 0003595 0119082 0003591 0205088 0205397 1705314 1705315 1708632 1880389 1883221 3541951 0450348
 0521116 0024485 0028580 0947630
 0597196 0678594 0012634 0348080 1705253 1999230 0233820 1709915 1882936 0017446 0205147 1518422 0205397 0444626 0427896 0678594 1533132 1704641
 2986669 0035820 1705810 0597358 0243122 1145667 1167622
 2986676 0018896 0052199 1514798 1552861 2827734 2981698 0185117 0681814 0681814
 2986676 0031831 1707664 2348314 3540849
 0150600 0031831 1707664 2348314 3540849
 0233926 0597358 0018896 0243122 0597357 0681814 1145667 1167622 1552861
 2986676 0031831 1707664 2348314 3540849

 2825232 0043227 0449719 1521721 1709471 0018173 1548284 0018787 1281570 0016617 0027468
 0010186 0220812 0449719 1709471 0220808 0680264 0007961
 1706852 0522501 1706089 0949214

 0011327 0683933 0035168 0036397 0242481 0004950 0079816 1556038 0001914 0004446 0016617 0035168 0205476 0242481 1030330 1709854 2986513 2986512
 0282413 0376649 1442065 0441833 0687744 1257890 1552516 1705428 1705429 0005477 0001914 0041740 1030330 0006823
 0085205 1549619 1880669
 0013849 1705961 0024492 1538057 1547565
 0016617 2986512
 0034037 1704324 0030351 0000723 0000723 1273517 0003595 0003591 0003595 0003591
 0012456 0012456
 0058291 2974130 0058291 2974130
 0058643 0058643
 0008562 0008562 0008565 0008550 0033095 0205250 0302908 0460139 1299351 1304698 1306345 1546699 1561501 2700149
 1707520 1707520
 0023823 0023820 0178587 0205251 1299352 1550472 0023823 0023820 0178587 0205251 1299352 1550472
 0032611 0076258 0040983
 1514811 1706462 0557061 2584313 1514811 1706462 2827734 2981698
 0597277 1708601
 0033727 0369286 0441932 0564385
 0001483
 0201682
 0025141 0740116 2827735 2981700
 0678579 0369637 0441923
 0439482
 0439394 1706495 3642217
 0349590 1262865 0025141 0439086 2827736 2981702

 0205090 0684010 2603358 0439394 1706495 3642217
 0369773 2603361 2603362
 1708595 3280986 0597277 1708601
 0033727 0369286 0441932 0564385


 0201682

 0439394 1706495 3642217
 0369773 2603361
 0205090 0684010 2603358 0597277 1708601
 0033727 0369286 0441932 0564385 1431628 1553033
 1553033 0016327 0439133 1553038
 2603360


 0201682
 0439084 0728893
 0597277 1708601
 0033727 0369286 0441932 0564385

 2347379
 0450355 0000857 0600678 1552863

 0597277 1708601



 0201682

 0205090 0684010 2603358
 2603360
 0205090 0684010 2603358
 0597277 1708601
 0033727 0369286 0441932 0564385 0678579
 0033727 0369286 0441932 0564385


 0201682
 0025141
 0597277 1708601
 0033727 0369286 0441932 0564385 2603360
 0439394 1706495 3642217 0205090 0684010 2603358



 0201682
 0000857 0600678 1552863
 2603360

 2603362
 1708595 3280986 0597277 1708601
 0033727 0369286 0441932 0564385 0205090 0684010 2603358



 0201682

 1553033 0369637 0441923
 0205090 0684010 2603358 0597277 1708601
 0033727 0369286 0441932 0564385 0205090 0684010 2603358


 0036397 0025141
 0326937
 2603360 0326937
 0439267
 0205090 0684010 2603358
 1708595 3280986
 0005477 0450355 0025141
 0439267 0439267
 0597277 1708601
 0326937
 2603360 0205090 0684010 2603358

 0005477 0025141
 0337841 0369773 2603361
 2603360 0205090 0684010 2603358
 2603362
 1553033
 0439267
 0005477 0025141

 2603360 0597277 1708601
 0439114 0205090 0684010 2603358
 2603362
 0205090 0684010 2603358 0369773 2603361
 0016327 0439133 1553038 2603362

 0005477 0025141
 2603360
 0439394 1706495 3642217
 2603360 2603362
 0205090 0684010 2603358 2603360
 0033727 0369286 0441932 0564385 0205090 0684010 2603358
 0439267
 0443013
 2347350 0369637 0369718 0441922 0441923 1553036
 0439267 2603362

 0005477 0025141
 2603362
 0205090 0684010 2603358 0033727 0369286 0441932 0564385
 2603362


 2347379
 0439509
 0326937
 2603360 0326937

 0205090 0684010 2603358
 1708595 3280986
 0005477 0025141
 0369637 0441923
 0369773 2603361
 2603360 0205090 0684010 2603358
 0033727 0369286 0441932 0564385
 0326937
 0326937
 2603360
 0369773 2603361 0554249 0439394 1706495 3642217



 0201682


 0439394 1706495 3642217
 0597277 1708601


 0201682



 0369773 2603361 0439267
 1553033 0439394 1706495 3642217
 0597277 1708601

 2347379
 0000857 0600678 1552863
 0021966 0221138
 0205090 0684010 2603358 0439394 1706495 3642217
 0597277 1708601

 1315013


 0021966 0221138
 0369773 2603361
 0554249 0205090 0684010 2603358
 3642273
 0000857 0600678 1552863 0450348
 0325045
 0439267
 2347469

 0205090 0684010 2603358
 0439114


 0025141
 0205090 0684010 2603358
 0205090 0684010 2603358
 0021966 0221138 2347469
 0020283 0450407 0450408 0450409
 0597277 1708601 0369718 0441922 1553036
 0597277 1708601 0439394 1706495 3642217


 0025141
 0033727 0369286 0441932 0564385

 2347469 2603362
 0597277 1708601
 1708595 3280986
 0005477 0025141
 0205090 0684010 2603358
 0439114 0597277 1708601
 0369637 0441923


 0201682



 0369637 0441923

 0003461 2939124

 0450388 0025141

 0597277 1708601 0205090 0684010 2603358
 0439114


 0201682


 0369718 0441922 1553036
 0439394 1706495 3642217

 0025141
 2603360 0205090 0684010 2603358
 0021966 0221138

 1315013

 0450355
 0439114 0439394 1706495 3642217

 0369773 2603361



 0024485 0028580 0025141

 2347469


 0025141
 0369637 0439394 0441923 1706495 3642217 1418270 2983549 2347469 2603360 0597277 1708601

 2603360
 0439394 1706495 3642217 0597277 1708601
 0033727 0369286 0441932 0564385



 0439086 2827736 2981702 0025141
 0597277 1708601
 0033727 0369286 0441932 0564385 0369637 0441923

 0023821 0023820 0178587 0205250 1299351 2700149 0439070 1705160 0402830 0023493 1961099 0205090 0684010 2603358

 0325045
 0205090 0684010 2603358
 0439114

 2347379
 0439509
 0337841 0369773 2603361 0205090 0684010 2603358
 0439394 1706495 3642217
 0005477 0025141
 0205090 0684010 2603358
 0369773 2603361

 2347379
 0025141
 0016327 0439133 1553038

 0205090 0684010 2603358
 2347469

 0005477 0450355 0025141
 0033727 0369286 0441932 0564385
 0005477 0025141 0439509
 0441039 1705854 3540815 0369773 2603361 0331731 1553033
 0005477 0025141

 0369718 0441922 1553036
 0205090 0684010 2603358
 0005477 0025141
 1553033 0678579 0439394 1706495 3642217
 0205090 0684010 2603358 0597277 1708601


 0025141
 0582517 0439267
 2347469


 0025141
 0287990 1552930
 0016327 0439133 1553038 0015751 0439394 1706495 3642217 0439267 0556636 1269776 2603360
 3642273


 0369773 2603361

 0439267 2603362
 1553033 0439267
 0369637 0441923
 0001483
 0201682
 0025141
 0369773 2603361

 0205090 0684010 2603358
 0439114


 0201682

 0033727 0369286 0441932 0564385
 0021966 0221138 0205090 0684010 2603358



 0201682


 0597277 1708601
 0369637 0441923
 2603360
 0439394 1706495 3642217 0597277 1708601
 0033727 0369286 0441932 0564385


 0201682
 0009993 0037455 0596070 1552856 0005477 0026376 0005532 1521991