 0752046 0028630 0032529 0037179 0087136 0205171
 0556636 1269776
 0331936 0597277 1708601
 1704729 0017398 0017399 1135440 1254351 0562547 3160718 1514756
 1272684 1548435
 0004083 0439849 0596306 0699792 0557651 0947630 2603343 0376249 0439603 0871396 1561548 1705502
 0282411 1514811 1706462 0243107 0678723 1527148 0017429 0017428 0024779 0026045 0086418 1706473 2338314 0872047 0039421 0205250 1285573 1299351 1948027 2700149 0683607 1883351 0678922 0599883 1427926 0012634 0683154 0013227 0871261 1254351 1704632 1706817 2911692 0439234
 0015264 0237753 0449788 1514873 1273305 0017337 0020792 0205396 0557651 0947630 2603343 0439855 0599883 1314939 1427926 1704241
 0004083 0439849 0596306 0699792 0557651 0947630 2603343 0376249 0439603 0871396 1561548 1705502
 0282411 0681757 1514811 1706462 0752046 0028630 0032529 0037179 0087136 0205171 0442726 1511790 1524063 0012906 0014442 0014445 0443288 0392148 0332197 1689985 0449820 0205419 2827734 2981698
 0681758 0752046 0028630 0032529 0037179 0087136 0205171 1882417 0039290 1299987 0075804 0205341 0205352 0559956 1547730 1705914 0005516 0008300 1707391 0947630
 3538902 3541881 0814229 0282521 0205341 1705914 1547282 0441889 0237753 0449788 0439148 1519795 0017429 0017428 0086418 1704711 2338314 0332307 1547052 1524063 1517480 1521871 1705759
 0205195 1947911 0009613 1285573 0681758 0740116 2827735 2981700 0439086 2827736 2981702
 0681758 0183089 0443290 0752046 0028630 0032529 0037179 0087136 0205171 1875723 0309049
 0441722 0563538 0752046 0028630 0032529 0037179 0087136 0205171 1705285 1711200 0392747 0443172 1705241 0557651 2603343 0441833 0687744 1257890 1552516 1552839 1705428 1705429 0884358 2947996
 1512612 0557651 0947630 2603343 0017398 0017399 0002778 0936012 1524024 0557351 1883351 0017337 1273518
 0332185 0333051 2347509 0002778 0936012 1524024 0012634 0029456 0011847 0011849 0007226 1290884 0012634 0004936 0012634 0205487 0006826 0998265 1306459 0205212 0376249 0439603 0871396 1561548 1705502 1709305 2745955 0205250 1299351 2700149 0012634 0017337 0037179 0087136 0205171 2828008
 0442808 0543488 0031325 0162340 0683607 0402883 1527178 1874451
 0031325 1522634
 0449786 0349590 1262865 0449432 1705248
 0012634 0348080 1705253 0599770 0013879 1705248 0017337 0205419 0439064 2700400 1880177 1280500 2348382
 0439855 1704241 0019409 0205198 0453882 1947971
 0439792 0332148 0750492 0549177 1704243 0376249 0439603 0871396 1561548 1705502 0031437 1285572 0205171 0750482 1720467 0441835 0012634 0205250 0441833 0687744 1257890 1552516 1705428 1705429 3163633 1707455 2986417 0243148 1550141 1882979 2587213 3274648
 0796345 0002778 0023745 0936012 1524024 0439801 3542948 0032863 0442726 1280500 1516084 1883351 0017337 0012634 0439855 1314939 1704241 1524063 0449445 1292724
 0004083 0439849 0596306 0699792 0242618 0370003 0456389 0549177 0557651 0947630 2347026 2603343 0868928 1533148 0150103 1707455 1708943 0243148 1550141 1882979 2587213 3274648 0032659 1257890 0332148 0750492 1947971 0237506 0042789 1947903 0282443 1425988 1548784 1552617 1961136
 1948052 1709599 0681876 0947630 0439801 3542948 1516084 1883351 0750490 1706221 0205447 1332838 0079429 0017337 1416989
 0449445 0017393 0600223 0678226 0017296 0314603 0332268 1548787 3146286 0005516 0580530 0449445 1292724 0017428 0175659 0332464 0349674 0549177 0681814 1514873 1947916 2338314 3536777
 0005516 1272703 0750492 1522609 0441889 0032529 1882417 1881534 0869040
 0205250 0441889 0456079 1299351 1547707 2700149 2946261 0558058 3178846 0026882 1705285 0871208 1521828 0332148 0750492 0449445 1292724
 0237753 0449788 0005516 1514873 1708726
 1979874 0752046 0028630 0032529 0037179 0087136 0205171 2346714 0030971 0205360 1547311 3178846 0026882 1705285 0871208 1521828
 0752046 0028630 0032529 0037179 0087136 0205171 1708726 0086589 1548554 0005516 1519303 0032529 1882417 1273517 1883351 0205419 0012634 1301808 1442792 1880177 3148680
 1710347 0205419 0522498 0031437 1285572 1880177
 0752046 0028630 0032529 0037179 0087136 0205171 0086589 1273517 0005516 0752046 0028630 0032529 0037179 0087136 0205171 0686907 0009219 1709305 2745955 0034987 0017362 0220905 1704735 0017446 0205147
 1524063 0005516 0752046 0332149 0332183 1705910 2362652 0004083 0022885 0039593 0392366 0439849 0596306 0699792 0031437 1285572 0205419
 0392360 0752046 0028630 0032529 0037179 0087136 0205171 1527178 1707391 1874451 0814036 0024779 0026045 1706473 0020124 0017398 0017399 0086418 0205117 0205390 0332282 1514873 1883708
 0282443 1552617 0205234 1285542 0947630
 0020792 0205396 0752046
 0439070 1705160 0376249 0439603 0871396 1561548 1705502
 0025663 0025664 0449851
 0004083 0439849 0596306 0699792 0752046 0557651 0947630 2603343 0004083 0439849 0596306 0699792 0557651 0947630 2603343 0376249 0439603 0871396 1561548 1705502
 0282411 1514811 1706462 0947630 0205448 0884358 0039593 0392366 0686907 0004083 0439849 0596306 0699792 0599883 1524063 0752046 0028630 0032529 0037179 0087136 0205171 1882417 0023746 0023745 0281825 0394006
 0023746 0023745 0281825 0394006 0004083 0079809 0242485 0439849 0441889 0449286 0542560 0596306 0699792 1561545 1704788 2348088 3539106 0080141 0017393 0600223 0017296 0314603 0005516 1273517 1883351 0017446 0205147 0332281 0243083 0012634 0032659 1257890
 0086589 0005516 1273517 1883351 0446509 0017446 0205147 1547282 1511978 0004083 0439849 0596306 0699792 0683607 0020792 0205396
 1517488 0017337 1416989
 0237753 0449788 0079411 0199236 0557651 2603343 0237753 0449788 0023745 0012751 0017296 0314603 0442726 0549177 1511790 0030761
 0005516 0017429 0017428 0086418 2338314 1883067 1514873 1883351 0392752 0017337 1273518 0042789 1947903 1707959 1425988
 0023746 0023745 0281825 0394006 0231448 0439792 0012751 0456966 1274040 1546471 2825142 0034865 0079411
 0439582 0080103 0205345 1547039 0030761 0869040 0023745 0557651 1273517 2603343 0023746 0023745 0281825 0394006 0558058 0034865 0441471 3541888 0917892 0017296 0314603 0042789 1947903
 1522634 0023746 1517519 0017428 0023745 0034606 0281825 0394006 0441633 1514873 2338314 2826292 0017337 0332281 0243083 0012634 0439855 1704241 0870392 0332148 0750492 3244315 0205250 1299351 2700149 0037640 0023745 0034606 0441633 0557351 2826292
 2346714 0017429 0017428 2338314 0205360 1948027 2347098 3178846 0026882 0871208 1521828 1705285 0080103 0205345 1547039 0005516 0947630
 0449445 1292724 1524063 0009609 0679083 0681842 1882327 0023746 0023745 0281825 0394006 0750558 1710571 0231448 0439792 0032659 1257890 0876919 0752046 0028630 0032529 0037179 0087136 0205171 1517519 0017428 0034606 0441633 1514873 2338314 2826292
 2349101 1522634 1552616 1706244 0042789 1947903 1425988
 0681842 0242356 0993637 1511726 1527178 1705938 1880496 3245479 0023866 0034036 0013113 0424134 1705535 0752046 0028630 0032529 0037179 0087136 0205171 0205410
 0376554 0678594 0017429 0017428 2338314 0521116 1274040 1546471 1553778 1561491 1705970 2825142 0332149 1705910 2362652 0237753 0449788 0023746 1517519 0017428 0023745 0034606 0281825 0394006 0441633 1514873 2338314 2826292 1880310 2003864 0205146 0699759
 0449445 1441414 1553874 1578820 0439234 0042789 1947903 1425988
 0376554 0449236 0449774 0017428 2338314 0683607 1883351 1704711 0005516 2362652 1517331 0237753 0449788 1517519 0017428 0034606 0441633 1514873 2338314 2826292 0349966 1337208
 1707455 0599777 1521744 0024779 0026045 1706473 0443289 0205419 0012751 1705241 1705242 0449719 1709471 0017428 2338314
 1707959 1707455 0034037 1704324 0733755 0733755 0443289 0441889 0449286 0542560 1561545 2348088 0871208 1521828 0008633 1705535 0392148
 0332185 1880022 0205448 0017446 0205147 0205447 0205117 1273518 0205436 0457385 0565930 1561503 1705190 0024518 1753349 0019627 0205164 0439855 1704241
 0439792
 1707455 1155792 0026207 0032520 0034865 0677874 1514468 1516048 1517480 1521871 1705759 0037868 0023746 0023745 0281825 0394006 0443289 0752046 0019425 0028630 0032529 0037179 0087136 0205171 0205251 1299352 1550472 0683454 0021966 0221138 0002085 1707520 0023746 0023745 0281825 0394006 1705535 2985439 0026882 1705285 0332283 0018591 0034865 0441889
 0205341 0302523 0700325 1964257 1883351 0205238 0750591 0005516
 0449911 0333052 2607870 0557702 1272706 1704674 0557702 1272706 1704674
 2350277 1517519 0004083 0017428 0034606 0332464 0439849 0441633 0596306 0699792 2338314 2826292
 0017446 0205147 0005516 0522534 1707391 0017337 0205128 0205132 1260957 0005516
 2347469 2986491 0018591 0178587
 0017446 0205147 0237753 0449788
 0376554 0017428 2338314 2987476 0005516 0018896 0441833 1552861 1999270 3537156 0947630
 2986491 0205396 1550043 1551388
 0237876 1710052 2348205 1514562 0020792 0205396 0004793 0162326 0162327 1519249 1552603 1706202 0750558 1710571
 1524063 0042153 0457083 1947944 2827421 0018591 0683607 2986491 0439845 1704788 3539106 1524063 0449445 1292724 2348205 1552738
 0263214 1521990 2947985 2986491 0205396 1550043 1551388 0796345 0002778 0023745 0936012 1524024 0024779 0026045 1706473 2986491 2987476
 0287990 1552930 1880022 0332148 0750492 0332283 1719822 0205197 1554962 1637379 0442808 0005516 0752046 0337051 1509144 2349200 1883351 0013113 0205369 1552740 0185027 1948020 0005516 0036849 1442518 1705195 0752046 0028630 0032529 0037179 0087136 0205171 0018591 1546854 0470187 0020792 0205396 0017337 0012634 0439855 1314939 1704241 0439234
 0686907 1524063 0005516 0004927 0022885 0392366 1514873 0456389 1883351 0442726 1280500
 0681814 1706386 1516698 1704814 0599755 0079411 3146294
 0150312 0449450 0681814 0042789 1947903
 0025663 0025664 0449851 1273517 1883351 0017337 0012634
 2717880 0002778 0936012 1524024 1332838 0017337 0031845 0005532 0031843 0205460 0542341 0700205 1527178 1705273 1874451 1707391 0004083 0392366 0439849 0596306 0699792 0031437 1285572 0521116
 0449445 0439856 0750528 0023882 0700321 2700395 0033684 1704222 0017337 1514468 0026376 0019247 0005532 0012634 0439092 0439855 0547044 1521991 1522508 1704241 0036576
 0449445 1524063 0042153 0457083 1947944 0017446 0205147 1883708 0231448 0439792 1514228 0002778 0936012 1524024 0521115 0442808 0237529 1704725 1704726 0332463 0333164 0475311 0017337
 1707959 0004083 0439849 0596306 0699792 0494463 0002395 0012634 0332282 0023745 0008662 1520860 0008633 1520855
 0449445 0449295 0750558 1710571 0442726 1280500 0205251 0237529 0441889 1299352 1550472 1704725 1704726
 0004083 0439849 0596306 0699792 0557651 0947630 2603343 0376249 0439603 0871396 1561548 1705502
 0282411 1514811 1706462 0020792 0205396 1880022 0439659 1883351 0042153 0457083 1947944 0017296 0314603 0336791 2827396
 0332148 0750492 0337051 1509144 2349200 0035201 1514873 0441513 0005516 0004083 0036849 0439849 0596306 0699792 0947630 1442518 1705195
 1883351 0205396 1550043 1551388
 0025663 0025664 0449851 0752046 0028630 0032529 0037179 0087136 0205171 1273517 1882417 0026882 1705285 1511790 0020792 0205396
 0600507 0002778 0936012 1524024
 0439070 1705160 0439851 1947931 0162326 0917792 1553778 1561491
 0332185 1510941
 1511790 0332255 1708096 1711300 2700613 0752046 0028630 0032529 0037179 0087136 0205171 1882417 0032520 0677874 0035953 0600140 1704688 2346414 0071500 0017243 0071499 1382104
 0035953 0600140 1704688 2346414 0332255 0486805 0425382 0162807 0175668 0027627 0205436 0678594
 0332255 0486805 1704689 0752046 0028630 0032529 0037179 0087136 0205171 0205396 0443127 0449774 0600210 1274040 1533574 1546471 1550043 1551388 1881827 2825142 0521093 0750484 1553778 1561491
 1273517 0449851 0243031 1947971 0597535 0871208 1521828 1514721 2348147 3542016 0022864 0043227 0025663 0025664 0449851 0243107 0678723 1527148 1551058 1524063 0006901 0935624 1280521 1511790
 0600507 0002778 0936012 1524024 1511790 0032520 0205431 0677874 1514468 1704444 0019425 0027361 0237401 1441547 3245521 0752046 0028630 0032529 0037179 0087136 0205171 1882417
 0230715 0175723 0333051 0439645 0442726 1511790 1521913 2347509 0017243 1382104 0035280 0333117 0443199 1705242 1753315 0684296 1185738 1706132 0008562 0687276 1579831
 0008562 0687276 1579831 0008565 0008550 0205250 0302908 0597198 1299351 1304698 1546699 1561501 1882330 2700149 0449335 0025663 0449851 0871511 0205352 0010186 0205251 0220812 1299352 1550472 0205250 0871208 1299351 1521828 2700149
 0370003 2347026 1524063 0449913 1553451 1704459
 0331901 1552903 0331784 0042153 0457083 1947944 0008562 0687276 1579831 0008565 0008550 0205250 0302908 0597198 1299351 1304698 1546699 1561501 1882330 2700149 0017337 1547699 2700640 0085104 1521840 2986546
 0521116 0449335 0025663 0449851 0871511 0162326 0917792 1553778 1561491
 1720092 1948045 0443286 1114821 0205197 0449913 1553451 1704459 0004793 0162326 0162327 1519249 0012854 0332255 0486805 1708096 0033727 0369286 0441932 0564385 0886296 1273869 1948041
 0007996 0079107 0201682 0442726 0019425
 0680864 0007996 0079107 0201682
 0332185 0205431 1513822 1880171 0752046 0016617 0815266 0031336 0205164 0683757 1135440 1711305 2347796 0237935 3245466 1273517 1553778 1561491 0024779 1706473 1637379 0752046 0028630 0032529 0037179 0087136 0205171 0042789 1947903 1555015 1522486
 0752046 0028630 0032529 0037179 0087136 0205171 0442726 1511790 3489666
 0242356 0333562 0439234 0162326 0600510 0683607 0752046 0028630 0032529 0037179 0087136 0205171 0004793 0162326 0162327 0333052 0439064 0442726 0445247 1511790 1519249 1707455 0449416
 0039421 1883712 0470187
 0449851 0683607 0020792 0205396 0020202 1300517 1514468 1704444 0028953 0017596 0600596 1947936 1510941 0444706 0449770 1705241 1705242 0150103 1708943 0028953
 0871208 1511790 1521828 0683607 0034606 0441633

 1273517 0449851 0752046 0028630 0032529 0037179 0087136 0205171 0205172 0332185
 1273517 0025663 0449851 0871511 0752046 0678951 0028630 0032529 0037179 0087136 0205171 0020538 1963138
 1707391 0449335 0025663 0449851 0871511 0032659 1257890 0752046 0028630 0032529 0037179 0087136 0205171 1883351 0442726 1511790
 0017270 0439603 0015031 0683626 0032659 1257890
 1513822 1880171 0752046 1412930 1883351 0042153 0457083 1947944 0441833 1999270 3537156 0237506

 1707391 1883351 0027567 0032659 1257890 0031437 1285572 0012634 0015031
 0947630 1524063 0042153 0457083 1947944 1880355 0752046 0332282 0023963 0205419 0012634 1301808 1442792 1880177 3148680 0205212 0376249 0439603 0871396 1561548 1705502 0205250 1299351 1882932 2700149 0599755
 0449445
 0032529 1882417 0332148 0750492 1881534 1880177 0150312 0205171 1720467 0376249 0439603 0871396 1561548 1705502 0009932 0441835 0243148 0441833 0687744 1257890 1550141 1552516 1705428 1705429 1707455 1882979 2587213 3274648
 0020792 0205396 1552603 1706202 0032659 1257890 1546985 0033204 0332148
 0883003 0441833 1999270 3537156 0752046 0947630 1514873 1705242 0032659 0079946 0439659 1257890 1527178 1550512 1705938 0017404 0035171 2983265 2986888 0557651 1707689 2603343 0449445 0752046 0023175 0028630 0032529 0037179 0079411 0087136 0205171 0337051 0549177 1442948 1509144 1522538 2348269 2349200 3146294 3275067 1883351 0013113 0681848 0441833 1999270 3537156 0518609
 0376249 0439603 0871396 1561548 1705502 0752046 0004083 0439849 0596306 0699792 0557651 0947630 2603343 0376249 0439603 0871396 1561548 1705502
 1514811 1706462 1948052 0017270 0376249 0439603 0871396 1561548 1705502 0449774 0017429 0017428 2338314
 0017337 3536614 0681915 0796451 0002778 0936012 1524024
 0025663 0025664 0449851 0032659 1257890 0869040 0557651 1273517 2603343 1705242 0302523 0700325 3244290 1881534
 2371925 0456148 0549184 0227192 1414864 1999230 0521091 0750484
 0392747 0443172 0392747 0443172 0205214 1522138 3245511 0558058 1880371 0424215 2003939 0002520 2917660
 0392747 0443172 0205214 1522138 3245511 0056912 0012476 1547282 3178846 0026882 0871208 1521828 1705285 0678226 0011061 3146286
 1880371 0017337 0558058 0033095 0460139 0026882 1705285 0871208 1521828
 0441889 0449286 0542560 1561545 2348088 1548673 0017337 1705242 0558058 0034865 3178846 0026882 1705285 0871208 1521828
 0020792 0205396 0557651 2603343 0017337 1999230 1511726 3245479 0004951 0439064 0747726 0017337
 0947630 0242568 0079941 0009219 0017446 0205147 1511726 3245479 3146294 0750558 1710571 0558058 0520511 1704711 0017428 2338314
 1979874 0442711 1507394 1522729 2348563 0752046 1707689 2983265 1883351 0752046 0028630 0032529 0037179 0087136 0205171 0079941 0009219 0017446 0205147 0752046 0028630 0032529 0037179 0087136 0205171 0040223 0043266 2584304 3541383 0024779 1706473 0558058 1880371 0150098 1706233 0036849 1442518 1511726 1705195 3245479 1518422 0332296 1880497 1996904 1707959 0036576 0162326 1709305 2745955 1524063 0442711 1507394 1522729 2348563
 0520511 1704711
 0231239 0750489 2362652 0558058 0205419 0441889 0033095 0036576 0460139 1306345
 1947946 2948600 3540471 3540472 3540473 1883351 0205229 0237753 0449788 0017428 0205396 1550043 1551388 2338314 0444930 2746065 2825406 2986716
 1511726 3245479 0391871 1283071 0332179 0282111 1704732 0042789 1947903 1282910 1552828 1710090 0752046 1167395 1533716 0995203 1705803
 1555015
 0449911 0333052 2607870 0557702 1272706 1704674 0557702 1272706 1704674
 0520511 1704711 1883727 2349146 1555015 1522486
 1185738 1706132 1882932 1272706 1552654 1552713
 0733755 0004457 0999597 1442162 1522496 1550718 3244317
 0444505 0444506 0205397 2362652 0558058 3178846 0871208 1521828 0034865 0036576
 0004083 0439849 0596306 0699792 0557651 0947630 2603343 0376249 0439603 0871396 1561548 1705502
 0282411 1514811 1706462 0750572 0017428 2338314 1517888 0023746 0008630 0023745 0281825 0394006 0449445 1283195 1292724 0017431 1706214 3244320 0027552 0686904
 0007996 0079107 0201682 0470187 0020202 1300517 1514433 0231448 1880641 0025663 0025664 0449851 0205419
 0020202 1300517 1704972 1704973 1711300 2700613 0752046 0028630 0032529 0037179 0087136 0205171 1882417 0013682 0039421 1552738 1282910 1552828
 1514433 0231448 1880641 0079809 0242485 1879489 0085732 0231448 0439792 0028953 0392148 0028630 0205171 1720467 0683607 0231448 1880641
 0039421 0079809 0242485 1879489 0449438 0000925 1883724 0150103 1708943 0678594
 0007996 0079107 0201682 0005507 0205171 0243073 1510438 1720467 2825407 0007996 0079107 0201682 0024841 0449913 0555047 1511790 1548787 1553451 1704459
 0439234 0683757 0439659 1883351 0449913 1553451 1704459
 1706852 1710028 0282443 1552617 0039421 0444868 0521116 1705970 3539085 0332257 1552866 2700399 0449913 1553451 1704459 0039421 0872145 0014441 2717977 0014442 0021075 0005507 0243073 1510438 1517892 1704666 1511790 2737269 0005507 0243073 1510438 0597717 0039421 0025664 0449851
 1547703 0007996 0079107 0201682 0449913 1553451 1704459 0470187 0205393 1518422 0444868 3539085 2698977 1516240 1514873 0439234
 0518609 1518422 0085732 0237753 0449788 0010186 0220812
 0815266 0683757 0243095 1880497 1707391 1883351 2827447 0947630 0017431
 0332462 1880834 0052080 0301630 0392756 0441610 1514873 0557651 0947630 2603343
 0237753 0449788 1514873 0010186 0220812 0035201 0012854 0017431 0337051 0027361 0237401 0337051 1709793 1274040 1546471 2825142 0439509
 2349200 1548787 0018591 0441513 1514873
 0004083 0439849 0596306 0699792 0557651 0947630 2603343 0376249 0439603 0871396 1561548 1705502
 0282411 1514811 1706462 0679560 0796344 0002778 0017296 0086418 0205314 0314603 0936012 1185729 1524024 1551058 1706135 2984562
 0017429 0004793 0017428 0162326 0162327 1519249 2338314 0679560 0796344 0002778 0936012 1524024 1882509 0733755 1710548 0085732 1299581 0439659 0678922 0599883 1427926 1948052
 0725066 0733755 0043227 0439234
 2239453 1285573 0752046 0449851 0205250 1299351 1511790 2700149 0449913 1553451 1704459
 1709599 0681876 0557651 2603343 1518422 1512612
 0233571 0679560 0796344 0178742 2707190 0002778 0017296 0025663 0025664 0205314 0243107 0314603 0449851 0678723 0936012 1518422 1524024 1527148 1820234 0725066 0683607 1883351 0042153 0457083 1947944 0000934 0392673
 2986676 3495095
 2825232 0282413 0376649 1442065
 0254343 0796520 3272379
 0085205 1549619 1880669
 0013849 1705961 1514811 1706462 0004083 0439849 0596306 0699792 0557651 0947630 2603343 0376249 0439603 0871396 1561548 1705502
 0282411 1514811 1706462 0007457 0043157 0220938 0205090 0684010 2603358 0369637 0441923
 0441513 0024554 0025266 0086418 1524063 0035268 0032529 0332255 0443288 1444754 1706316 1708096



 0325074 0025141
 0220908 0220909 1698960 1710031 1710477
 0325074 0025141 3476816 0205090 0684010 2603358 0140856 0033727 0369286 0441932 0564385
 0580530 0449445
 2347379 0025141 0369718 0441922 1553036 0597277 1708601
 0016884
 0036397 0025141
 0012737
 0036397 0025141 0205090 0684010 2603358 0439394 1706495 3642217 1553031 1590344 0205090 0684010 2603358
 3178846 0026882 1705285 0871208 1521828 0814229 1708726
 1418943
 0268596 2700624
 3642273
 0041703 0205090 0684010 2603358 0861352 2347469 2346751 0369637 0441923
 0008630 0475264 1744691 0018553 0012634
 0325074 0025141 0439394 1706495 3642217

 0325074 0025141 1423088 3273338
 1514721 2348147 3542016
 1418943
 0268596 2700624
 3642273
 0041703 0439073 0439082 0450348
 0872180 0032529 2235729 0014507 0014508 0017296 0314603 0699910
 1418943
 0268596 2700624
 3642273
 0041703
 0034606 0441633 0220922 0021704
 0325074 0025141 0021966 0221138 0369718 0441922 1553036 2347469 0205090 0684010 2603358 0205090 0684010 2603358 0175721 1705942 1883710
 0162326 0004793 0162327 1519249
 0349590 1262865 0025141 1553033 1553033 0369718 0441922 1553036 0369773 2603361 0379885 1332692 1704902
 0814036 0017296 0024779 0314603 1706473 0086418 1519302 1527178 1705938
 0349590 1262865 0025141 1510707 0205090 0684010 2603358
 1283195 0037868 0263214 1521990 2947985 2986491
 0027960 0324740 0439189 1456781 1824986
 0007634 1269647 1704653 1948049 0740116 2827735 2981700 0025141 1510707 0205090 0684010 2603358
 0002778 0936012 1524024 0010366 0150097

 0027960 0324740 0439189 1456781 1824986
 0325074 1051267 0033727 0369286 0441932 0564385 0597277 1708601 0719177 0369637 0441923
 1880022 0017446 0205147



 0325074 0025141 2603362 0205090 0684010 2603358 0597277 1708601 0033727 0369286 0441932 0564385
 1709701 0441833 1999270 3537156 0015576 1514811 1527178 1704727 1705938 1706462



 0325074 0025141 0369637 0441923 1708595 3280986 0369773 2603361 2346686 0033727 0369286 0441932 0564385 0544691 1823998 0043016 0205090 0684010 2603358 0043114
 0023745 0276496 0002395 1521724 0199236 0277558 0332120



 0325074 0025141 2346751 0369637 0441923 0086903 2827790 0439267 0035853 0718133
 0003595 0003591 0002716 0011560 0611285 0017270 0376249 0439603 0871396 1561548 1705502 0338448 0494463 0276496 0277558 0002395 1521724
 1418943
 0268596 2700624
 3642273
 0041703 0439083 0439087 0000857 0600678 1552863 0033727 0369286 0441932 0564385 0033727 0369286 0441932 0564385 0597277 1708601 2603360
 0796451 1511790 0596607 0013855 0017243 1382104 0243031 0032529
 1418943
 0268596 2700624
 3642273
 0041703 0000857 0600678 1552863 0016633 0439493 1513009 0369637 0441923
 1511790
 2347379 0028606 0000857 0600678 1552863 0439267 0441039 1705854 3540815 0332239 0369773 2603361 0205090 0684010 2603358 0439267 0369718 0441922 1553036
 0020792 0205396 1283195 1285573 0017429 0017428 2338314
 0036397 0439394 2603362 0016327 0439133 1553038 0369773 2603361 0073187
 0680218 0026377 0596607 0291147 0694895 1860707


 0325074 0025141 0006736 1553033 0205090 0684010 2603358 0439394 1706495 3642217 0439394 1706495 3642217 1427738 1553033 0016327 0439133 1553038 0402671 2244327 0033727 0369286 0441932 0564385 0026405
 1707455 1519159 0008562 0687276 1579831 0008565 0008550 0205250 0302908 0597198 1299351 1304698 1546699 1561501 1882330 2700149 0206530 0026882



 0325074 0025141 0369718 0441922 1553036 0369637 0441923
 1707455 1553778 1561491 0243031

 0325074 0025141 0033727 0369286 0441932 0564385 2603362 0369637 0441923
 0442711 1507394 1522729 2348563 0442726 0026882 0392514 1384665 2697457 0018995 0439660

 0325074 0025141 0369773 2603361 0439394 1706495 3642217 0861352 2603360 3539687
 0796451 1511790 0008562 0687276 1579831 0008565 0008550 0205250 0302908 0597198 1299351 1304698 1546699 1561501 1882330 2700149
 2347379 0369637 0441923 0331964 2603362 0605411 2347469 0018408 1553033 0439267 2603362 0369773 2603361
 0002778 0936012 1524024 0336791 2827396 1513778 1511790
 0887950 0025141 0597277 1708601 0441039 1705854 3540815 0597277 1708601 0439394 1706495 3642217 0369718 0441922 1553036 0335912 0205090 0684010 2603358 0205090 0684010 2603358
 0449774 1332838 0017337 1753304 0019868 0005823 1271104 1272641
 0325074 0025141 0016327 0439133 1553038 0439114 0369637 0441923 2603362 0181716 1553033 0021966 0221138 0033727 0369286 0441932 0564385
 0004793 0162326 0162327 1519249 1880371 0007222 0012634



 0325074 0450385 0025141 0205090 0684010 2603358 2603360 0597277 1708601 3272348 2603360 0369718 0441922 1553036
 0020792 0205396 1332838 0017337 0003873 2697391 0003864 0032659 1257890

 0325074 0025141 2603360 0205090 0684010 2603358 0597277 1708601 0597277 1708601 0452987 0369718 0441922 1553036 0597277 1708601
 0020792 0205396 0752046 0028630 0032529 0037179 0087136 0205171 1332838 0017337 0010054 0151744 1313980 0018799 0012634 0018787 0475224 1281570 0032659 1257890

 0325074 0025141 0718133 0073187 0439394 2603362 0369637 0441923 0597277 1708601 0439267 0205090 0439267 0684010 2603358 0016327 0439133 1553038
 1880371 1416902 0314604 0017337 2932881
 0325074 0025141 0439394 2603362 0439267 0718133 0073187
 0042333 0004793 0162326 0162327 0205419 1519249
 0325074 0025141 0022067 0369773 2603361 0597277 1708601 0369718 0441922 1553036 0369718 0441922 1553036 1708639 0722969 0205090 0684010 2603358 0449205 1538613
 1880022 0079941 0009219 0017446 0205147 0314604 0017337
 0325074 0025141 0597277 1708601 0402830 0033727 0369286 0441932 0564385
 0011061 0012854
 0349590 1262865 0025141 0439267
 1511693 0796357 0002778 0936012 1524024 1524063 0600597 1709016
 0325074 0025141 0597277 1708601 0439394 1706495 3642217 0597277 1708601 0033727 0369286 0441932 0564385
 0005507 0243073 0243126 1510438
 0887950 0025141 0451297 0684269 1539838 0439267 0205090 0684010 2603358 2603360 1504648 1206428 2743413
 0020792 0205396 1511790 0010813 0596311 1330957 0028952 0028953 0182400
 0025141 0439267
 0017270 0439603
 0025141