 1420632 1456377 1416801 0812327 0017337 0040649 1521761 0740116 2827735 2981700 0369637 0441923
 0369637 0441923

 0016674 0587494 1704729 1293097 2919030 2919031 0020021 1608523 0019994 1510665 0041740 1547706 1999269 0442650 0041703 2760314 0016674 0041740 0016674 0441833 0687744 1257890 1552516 1705428 1705429 1704729 1547706 1999269 0041740 0442650 1514756
 1527075 1272684 1548435 0450355
 0520510 0025663 0025664 0449851 1514811 1706462 3642141 0002085 0005516 0005532 0205460 0700364 0012655 0220898 1264642 1547045 1521761 0002395 0012634 1184743 1522240
 0042333 0205419 1456377 0812327 1416801 0017337 0587267 0050325 0679238 0960756 1521761 2827422
 0684224 0700287 3273238 0004083 0439849 0596306 0699792 0002395 0012634 0032659 1257890 1521798
 1514228 0002778 0936012 1524024 0359589 1999230 0332120 0002085
 0035820 1705810 0002085 0033618 0242210 0243122 1145667 1167622
 0332197 1689985 0002085 0017262 0332281 1456377 3538776 1416801 0017337 0185117 0243902 0441994 1548802 2003888 0024264 0868928 1533148 1707455 0243148 1550141 1882979 2587213 3274648
 1511726 3245479 1705535 0205419 1416801 0017337 0243902 1456377 3538776 0033684 1325174 1412459 1521761 2827422 1155266 0333348 0871261 1314939 1704632 1706817 2911692
 0520510 0025663 0025664 0449851 1514811 1706462 0680220 0002395 0012634 0205087 0332162 0439660 0439855 0449774 1704241 1314939 1516998 0017337 0392747 0035647
 1332838 0017337 0332128 0205419 0008661 0008633 0002395 0332281 0243083 0012634 0205422 0205448 0040223 0205449 0332183 1632851 0860630 1518422 1707455 0243148 1550141 1882979 2587213 3274648 2827734 2981698
 0015576 1704727 0041427 0205173 1511726 3245479 1705535 0678933 0017296 0314603 1708726 1883351 0205396 1550043 1551388 0740116 2827735 2981700
 0443211 1272684 0017337 0002395 1314792 0012634 0085978 1524003
 0017337 0803113 0807727 2827628 1953345 0008633 0017446 0205147 0543488 0549177 0024420 1416912 1335671 0597357 0065059 0751455 0017337 0023820 0033684 0439849 0445223 1441414 1553874 1578820 1883351 0002395 0332281 0243083 0012634
 0376298 0032529 1280500 2348382 0035647 0002395 0012634 2347946 1883351 0443211 1272684
 0087130 0175566 0017337 1273518 0002395 0332281 0243083 0012634 1708726
 0557351 0679199 0017337 0233426 0332148 0750492 0033684 0002395 0012634 1184743 1522240 0002395 0012634 1708726 0008654 0008633
 3539874 0243902 1456377 3538776 0700364 1883351 1332838 0079429 0017337 0021966 0221138 1416912 0065059 0751455 0597357 1335671 0017337 0023820 0033684 0439849 0445223 0587267
 0024420 0185117 0243148 1550141 1882979 2587213 3274648 0185117 0244989 0206354
 0439070 1705160 0443264 0042767 1879547 0206679 1318711 0206558 0019369 0019348 0441729 0449572 0019340 0042776 0319157 0332307 1547052 2338991 0314732 0450442 1254351 1521826 0009450 1883351 0442805 0035647 0027361 0237401 3642141 0052201 0003595 0002085 0003591 0205447 1704689
 0033684 1412459 0039869 1883351 0243148 1550141 1882979 2587213 3274648 0871786 0033666 1709694 0332185 0002395 0332281 0243083 0012634
 1511726 3245479 0023175 1442948 1522538 2348269 3275067 1883351 0004793 0162326 0162327 1519249 1416801 0017337 0002395 0012634 1705175 1705176 1705177 1705178 1882348 0243095 0042333 0205419 0392747 1281905 0035647
 0520510 0025663 0025664 0449851 1514811 1706462 1553778 1561491 0006556 0599161 0035696 0024264 0039224 1706073 1706074 1510755 1706078 0150312 0752046 0028630 0032529 0037179 0087136 0205171 0600600 1883633 0600680 0017446 0205147 0079941 0009219 0162326 1518422
 0032529 1882417 0004793 0086860 0162326 0162327 0442726 1511790 1519249 1510755 1706078 0450348
 0032529 0185117 0392366 1825598 0032659 1257890
 0520511 1704711 0014653 0043194 0258432 1421478 1547026 0039224 1706074 0439086 2827736 2981702
 0004083 0439849 0596306 0699792 0002395 0012634 0442726 1511790 0600680 0017446 0032529 0205147 0205171 1720467 1882417 0242611 0002055 0009221 0178499 0522506 1095825 1626935 1880279 1947925 2746065 0039224 1706073 1706074
 0027361 0237401 0205447 1704689 0002085 1281905 0035647 0369773 2603361
 0449911 0039224 1706073 1706074 0557702 1272706 1704674 0557702 1272706 1704674 0206415 1273517 1883351 0004793 0162326 0162327 1519249 1416801 0017337 1883351 0032529 0442726 1511790 0449911 0039224 1706073 1706074 0557702 1272706 1704674 0557702 1272706 1704674 0039224 1706073 1706074
 0002085 0037775 0032529 0449911 0039224 1706073 1706074 0557702 1272706 1704674 0557702 1272706 1704674 0039224 1706073 1706074
 0002085 0037775 0041703 1273517 1883351 0022885 0039593 0392366 1517331 0004083 0439849 0596306 0699792
 0442726 1511790 1280500 2348382 0369773 2603361 0079399 0456081 0804628 1522384 0001779 1518422 1280500 2348382 0002085 0032659 1257890 0444499 0369773 2603361 0001779 0456081 0079399 0804628 1522384 0039224 1706073 1706074
 1511726 3245479 0037775 1705242 1825598 2348205 1511726 3245479 1518422 1547282
 0002395 0012634 0150312 0868928 1533148 0243148 1550141 1882979 2587213 3274648 0027361 0237401 0600680 0017446 0205147 0205447 1704689 0002085 1281905 3272281 3538919 0035647 0441994 1548802 2003888 0369773 2603361
 0332120 1280500 2348382 0001779 0439234 0450387 0369773 2603361 0439234 0369773 2603361 0439234 0369773 2603361
 0302523 0700325 1964257 1280500 2348382 0002085 1273937 0237881 0750502 1546944 0032659 1257890 1521798 0439234 1441672 0032659 1257890 0369773 2603361
 1518422 0442726 1704675 0079399 0804628 1522384 0017431 0003595
 0205117 0332282 1883708 0750591 0032529 1882417 0600600 1883633 0035820 1705810 0332290 0002395 0012634
 1273517 0949632 0333051 0425245 0449580 2347509 0005507 0243073 1510438 0013855 0033618 0002518 0332256 2700400 0032529 1882417 0600600 1883633
 1707455 1510827 0332256 2700400 0439267 0600600 1883633 0002085
 0002085 0870432 1510827 0012634 0348080 1705253 0349966 1337208
 0449911 0333052 2607870 0557702 1272706 1704674 0557702 1272706 1704674
 0949632 0005507 0243073 0333051 0425245 0449580 1510438 2347509 0013855
 0679932 0027819 0700095 3540583 1979886 0028953 0014653 1547026
 0243122 1145667 1167622 0032529 1882417 0600600 1883633 0442805 0028953 0014653 1547026
 1274040 1546471 2825142 1882932
 1292732 1705241 1705242 0185117 0392747 0558058 1416801 0017337
 1524063 1514628 0005507 0243073 0599161 1510438 0750572 0456603 1547037 0035696 0027361 0237401 0002395 0349966 1337208
 3244092 0441889 0456079 1547707 2946261 0017337 0002395 0012634 0205216 0392756 0442797 0868928 1533148 1707455 0243148 1550141 1882979 2587213 3274648 0017431 0369773 2603361
 0868928 1533148 0243148 1550141 1704689 1882979 2587213 3274648 0017431 0443289 1705241 1705242 0678226 0185117 0441994 1548802 2003888 3146286 0369773 2603361
 1705241 1705242 0150312 0868928 1533148 0243148 1550141 1882979 2587213 3274648 1704689 0017431 0369773 2603361
 0185117 0441994 1548802 2003888 1704689 0018370 0017431 1707455 1705241 1705242 1518422 2584321 0237881 1709380 0038215 0750502 0018370 0369773 2603361
 0449911 0333052 2607870 0557702 1272706 1704674 0557702 1272706 1704674
 3244092 0441889 0456079 1547707 2946261 0001271 1707455 0024264 0243148 1550141 1882979 2587213 3274648 0868928 1533148
 0024264 0033727 0369286 0441932 0564385 0392148 0031858
 1825406 1547282 1517480 1521871 1705759 0001271 0206243 0699809 0002395 0029921 0012634 0030705 0205450 0439787 0849355 1705242
 0456603 1547037 0243902 1456377 3538776 0035696 0868928 1533148
 1552961 2347617 1510992 2825518 1709793
 0205436 0457385 0565930 1561503 1705190 0028953 0036849 1442518 1705195 0522525 1514628 0392762 0599161 1273517 1416801 0017337 0243148 1550141 1882979 2587213 3274648 0868928 1533148
 1274040 1546471 2825142 0205435 1279901 1301820 0028953 0036849 1442518 1705195 1705535 1274040 1546471 2825142 1518422 0205419 0599161 1517480 1521871 1705759 1511726 3245479 1518422 1547282
 0520510 0025663 0025664 0449851 1514811 1706462 1511726 3245479 0336789 0239307 1535514 0032659 1257890 1705535 0032529 1882417 1416801 0017337 1281905 0035647 0600600 1883633 0600680 0017446 0205147 0002085 0332281 0301630 0392756 0441610 0035647
 1280500 2348382 1883351 0443228 1704243 0439234 0001779 1547282 0032659 1257890 1705535 0032659 1257890
 1280500 2348382 1518422 0086860 1441672 0032529
 0032529 0017337 0442726 1511790 1553778 1561491 0027552 0686904 1883351 0884358 1705175 1705176 1705177 1705178 1882348 0332196 2828389 0023746 0023745 0281825 0394006 0032529 1882417 0600600 1883633
 2347946 0205245 0542341 0681814 2700217
 1547282 0004793 0162326 0162327 1519249 0600600 1145667 1167622 0072393 1418948 0033684 0600600 1883633 0600680 0017446 0205147 0002085 1145667 1167622 1510827 0004093 1762617 0002085 0439267 1707455
 0185117 0441994 1548802 2003888 1707455 0243148 1550141 1882979 2587213 3274648
 0332197 1689985 0002085 0332281 0185117 0392756 1416801 0017337
 1274040 1546471 2825142 0332290 1416801 0017262 0017337 0185117 0004793 0162326 0162327 1519249 0600600 0332256 2700400 0032529 1882417 0243122 0443199 1145667 1167622 1705242 3242339 0028589 0949374 0033684 0521447
 0392756 0547047 1416801 0017337 0560175 0002395 0007294 0012634 0017431 0018370 0700364 0332149 1705910 2362652 0392756 0547047 0678226 0019904 1704675 3146286 0035648 0035647 1521761 2827422
 0002395 0012634 1518422 2963144
 0302523 0700325 3244290 1705535 0035820 1705810 0678227 0012634
 0033684 0243148 1550141 1882979 2587213 3274648 1171362 0185117 0002395 0012634 0332257 0244989 0206354 0017932 0017911 0031727 0132555 0002723 0002716 0011560 0229671 0611285 1546774 1550100 0033684 1412459 0033618 0242210 0243122 1145667 1167622 0085151
 0040648 0040649 1521761 2827422 0065011 1517892 1704666 0244989 0206354 0017262 0017932 0017337 0017911 0031727 0132555 0185117 0243148 1550141 1882979 2362652 2587213 3274648
 0017337 1947931 0333348 0851285 1327622 1184743 1522240 0332298 2587213 0086860 1171362 0185117 0001347 0439557 0033684 0205178 0205390 0332185 0040300 0442726 1511790 0030705 0002395 0012634
 1441414 1553874 1578820 0243902 1456377 3538776 0443211 1704675 0021755 1522428 0021764 1527200 0041368 1323304 1456820 0333516 0027540 0027651 1334928 1521761 1578706 2827422 3273930
 1825598 1416801 0017337 0002395 0012634 0521093 0750484 2607943 2926606 3539655 1999230 0332120 0183683 1521721 0035820 1705810 0243107 0678723 1527148 0002395 0012634
 0520510 0520510 0025663 0025664 0449851 1514811 1706462 0012854 1553778 1561491 3272453 1555265 0017480 0023516 0229664 1524063 0025664 0184661 2700391
 0206415 1273517 1883351 0004793 0162326 0162327 1519249 0035696 0033413 0017446 0086860 0205147 0039224 1552738 1706073 1706074
 0599161 1514468 0004793 0162326 0162327 1519249 1947931 1524063 0008848 0242298 0344349 3262831
 0557651 2603343 0681850 1550501 1706203 2349001 2697811 3274649 0868928 1533148 1550543 0243161 0220951 0444969 0205090 0684010 2603358 0679229 0016674 0369718 0441922 1553036 0001779 0206132 0001779 0332162 0450388 0025266
 0041703 0369718 0441922 1553036 0001779 0206132 0001779 0332162 0025266
 0369718 0441922 1553036 0001779 0450385 0206132 0001779 0332162 0450385 0025266
 0032659 1257890 0868928 1533148 0449450 0241889 1705495 0015576 0019664 0019665 0262512 0262926 1704727 1705255 2004062 0868928 1533148 0205422 0032659 1257890
 0205549 2348044 0868928 1533148 0011900 0521093 0750484 0243161 0369718 0441922 1553036 0001779 0206132 0001779 0332162 0450385 0025266
 0243148 1550141 1882979 2587213 3274648 1704788 3539106 0681850 1550501 1706203 2349001 2697811 0243161 0392335 0205266 0542341 0872403 1515981 1516691 1947912 0016674 0369718 0441922 1553036 0001779 0025266
 0041703 0369718 0441922 1553036 0001779 0025266
 0369718 0441922 1553036 0001779 0025266
 1285573 0206415 1273517 1883351 0032529 0039224 1552738 1706073 1706074
 0002085 0200930 0035268 0796451 0002778 0032529 0332255 0442726 0443288 0936012 1444754 1511790 1524024 1706316 1708096 1882417 0205145 0205369 1552740 0002085 0600493 0002085 0600600
 0017431 0332256 2700400 0002085 0521093 0005507 0205341 0243073 0750484 1510438
 0521447 1518434 2828366 0949632 0025663 0025664 0449851 0680240 1552738
 0028953 0439084 0728893 0444930 2746065 0012264 0181496 2827499 0702093 1439852 2348236 0005903 0039476 1547703 1518434 0521447 2828366 0439267
 0033684 0205088 0449468 1524062 1546485 1690016 1705102 2700258 0020283 0332256 0439962 0450407 0450408 0450409 2700400 0037494 1959973 0013618 0017861 0016327 2945751 0012789 0064858 0003641 0036774 0036773 0728877 0001924 0007452 0229671 1140701 1546774 1550100 0182400 1704681 2347609 3536729 0439962 0702093 1439852 2348236 0005903 0039476 1547703 0002778 0936012 1524024
 1704241 0071500 0017243 0071499 0086972 0443299 0687118 1382104 1518422 0040671 1705822 0017243 0025255 0600190 0884358
 1511790 0470689 0470690 1552738 0011900 0348026 0016674
 0185115 0684295 0884358 1524063
 1517480 1521871 1705759 0243902 1456377 3538776 0017337 0884358 1524063 0812225 1150635 1705212 1705213 3273202 0470689 0470690 1552738 0011900 0348026
 0332255 1708096 1524063 1953382 0206415 0439780 1953384 0206415 1555029
 0028953 0036849 1442518 1705195 1947971 0332255 1708096 0439780 0439084 0728893
 1555029 0439084 0728893 1273517 1883351 1292711 0449719 1709471 1705175 1705176 1705177 1705178 1882348 0521093 0750484 1456348 0205419
 0871424 0002778 0936012 1524024 1822613 0030685 0037585 0391871 0439180 0605290 0680255 1283071 1426104 1823519 1963578 1273517 0021622 1272753 0027964 0028407 0067895
 0683962 0002778 0936012 1524024 0884358 1524063 0022885 0039593 0392366
 0026777 0002778 0936012 1524024 0009219 0805701 0017431 0017431 0392148 0332197 1689985 0002085 0018370
 1280500 0012634 0206031 0023965 0681923 0242415 0439064 0684320 0684321 1516048 3161035 0001779 0456081 0079399 0804628 1522384
 1707455 0449438 0017431 0600600 1883633 0884358 1524063 1709255 1711157 0871608 0022885 0039593 0392366
 2986676 0439394 1706495 3642217
 0369637 0441923
 0439267
 0021966 0221138
 0369773 2603361

 0439294 0439267 1709854
 0043227 0023031 1521721 3245503 0369773 2603361 0016327 0439133 1553038 0237935 3245466
 2825232 0282413
 0254343 0796520 3272379
 0085205 1549619 1880669
 0013849 1705961 2348513 3538902 1514811 1706462 0520510 0025663 0025664 0449851 1514811 1706462 2347469 0205090 0684010 2603358 0033727 0205090 0369286 0441932 0564385 0684010 2603358 0369637 0441923 0369718 0441922 1553036 0369637 0441923
 1280500 0009253 0036864 0079399 1314687 1522384 0015031 0243103 0017431 0003595 0002395 1521724 0012634
 0282458 0920317 0002778 0936012 1042496 1524024
 0003595 0523511 1412481 1513822 1880171 0002395 1521724



 0000857 0600678 1552863 1705052
 0019247 0017398 0017399 0449438
 0230467 0741204
 0450382 0369718 0441922 1553036 1553033
 0919453 1416989 0017337 0008654 0008633
 0777169 0025141 0369637 0441923 0004830 0369773 2603361 2346686 0033727 0369286 0441932 0564385 0369773 2603361 0597277 1708601 0033727 0369286 0441932 0564385 0369637 0369773 0441923 2603361 0700321
 0205197 0220908 1305399 1705053 0338448
 0332120 0008654 0008633



 0000857 0600678 1552863 0872005 0369718 0441922 1553036 0205090 0684010 2603358 0439267 1006780 0439267
 0332120 0008654 0008633 2986542 0019409 1515981 1517331 1708726



 1431628 0369773 2603361 0016327 0439133 1553038 0175735 0369773 2603361 0205090 0684010 2603358 0369718 0441922 1553036
 1273411 2827447 0947630 0494463 0002395 1521724 0012634



 0005680 0027567 0085756 0439541 0369637 0441923 2347350 0369637 0369718 0441922 0441923 1553036 0439394 1706495 3642217 0369637 0441923 2603362 1822658 0722969 0205090 0684010 2603358 3476816 2347469 2603362
 0002198 1412046 0002215 1979845 0024420 0439095 2003941 2350010 0002395 0332281 1521724 0243083 0012634
 0325074
 1553033 1551910 2603362 2346751 0369637 0441923
 1328885 0004083 0439849 0596306 0699792 0002395 0035171 2985227 0011265 0332307 0497327 0557651 0947630 1547052 2603343 0051300 1416912 2987172 0597357 0032659 1257890

 0025141 2603360 0999213 0205090 0439267 0684010 2603358 0039736 0439394 1706495 3642217 0205090 0684010 2603358
 1328885 0004083 0439849 0596306 0699792 1416912 0597357 0065059 0023820 0033684 0439849 0445223 0051300 1416912 2987172 0597357 0003595 0494463 0002395 0012634
 0027855 0000857 0600678 1552863 0016327 0439133 1553038 1551092 0369773 2603361 0205090 0684010 2603358 0369773 2603361 1431628 0035567 1140671 1509547 3484401 0016327 0439133 1553038
 1537647 2985256 0017337 0002198 1412046 0002215 0002395 1521724 0012634
 0325074 0025141 0439394 1706495 3642217 0597277 1708601 2603360 0872005 0442532 0369637 0441923 2603362
 0021107 0032529 0441587 1442161 1511760 1512796 1880274 1882417 1883719
 0325074 0025141 1551092 0016327 0439133 1553038 0369773 2603361 0369637 0441923
 0004083 0439849 0596306 0699792 0494463 0002395 0012634
 0777169 0025141 0016327 0439133 1553038 1551092 1529286 0439394 1706495 3642217 0205090 0684010 2603358 0016327 0439133 1553038 2347469
 0004083 0439849 0596306 0699792 1416912 1335671 0597357 0065059 0751455 0017337 0023820 0033684 0150312 0332285 0439849 0445223 1281905 0035647

 0325074 0025141 0596170 2603362 0022646 1419338 1427479 0812297 1705148
 0243114 1998793 1880022


 0201682 0016327 0439133 1553038 0402830 1553033 0033727 0369286 0441932 0564385 0369773 2603361
 0009017 0009015 1880022
 0887950 0025141 3495095 0439267 0205090 0439267 0684010 2603358
 1880022 0443264 0040649 0019704 0021135 1533691 2827718
 0027960 0324740 0439189 1456781 1824986
 0000857 0600678 1552863 1553033 0369773 2603361
 0872079 1704675
 0027960 0324740 0439189 1456781 1824986

 0033727 0369286 0441932 0564385 0597277 1708601 0439394 1706495 3642217 0369718 0441922 1553036 0439267
 0681850 1550501 1706203 2349001 2697811 0003595 0523511 1412481 0011265 0497327 0031117 0205100 0442874
 0025141 0016327 0439133 1553038 0861352 0205090 0684010 2603358 0597277 1708601 2347469 0439267
 0206679 0206558 1318711 0019348 0441729 0449572 0019369 0019340 0042776 0319157 0332307 1547052 2338991 1281905 0035647
 0777169 0025141 0369718 0441922 1553036 0439267 0369773 2603361 2603360
 1135629 0033684 1880389 1883221 2239817 3541951 3539874 1456377


 0201682 0439394 2603362 0556636 1269776 1512018 0369637 0441923 0456715 0369637 0441923 2603362
 0314604 0017337 0678594 0032529 1882417 0002395 0332281 0011265 0205422 0332307 0497327 1547052

 0325074 0025141 0449205 1538613 0439394 1706495 3642217 0439394 2603362 0369637 0441923
 0009017 0009015
 0027960 0324740 0439189 1456781 1824986
 0007634 1269647 1704653 1948049
 0000857 0600678 1552863 0439394 2603362 1553033 0369718 0441922 1553036 1551090 0073187 0439267 0369637 0441923
 1880022 0450429 1515974 0086860 0185117


 0201682
 1292856 1948023 0015127 1314792 1524003 0031715 1158886 0474395 2266866 0205177 0439167 0441655 1561536
 0000857 0600678 1552863
 0185117 0031843 0542341 0700205 1705273 0001347 0439557 0033684 0205178 0205390 0205307 0439166 2347086 0012634 1301808


 0025141 0033727 0369286 0441932 0564385
 0920532 0205263 0857127 0079189 1524094 0108685 0055817 0033684 0521447 1521761 2827422
 0027960 0324740 0439189 1456781 1824986
 0007634 1269647 1704653 1948049
 0000857 0600678 1552863
 0002395 1521724 0012634
 1417055
 0025141 0694746 0369637 0441923 0205090 0439267 0684010 2603358
 1158830 0589507 1704686 2828366 0007610
 2347379 0028606 0000857 0600678 1552863