 0011155 0162429 1623416 0332268 1711351 1514873 0450955 0013227 0025118 0009450 0012634 0015535 1704729 0870614 0036375 0588053 1547183 0040371 0041740 1532717 1881335 0025519 0025520 0014137 0004153 0021621 0021622 1272753 0041740 0022341 0034036 0034037 1514756 1704324 0348078 0376315 1515981 1522492 1527075 0557061 2584313 1514811 1706462 0052495 0003987 0597357 0597357 0205148 0227525 0442041
 0237753 0449788 0542341 0121453 0023206 0205054 0015252 0728940 0007634 3282337 0449297 1382187 2825073 0449668 2945843 0205145 0042776 0521026
 1706853 1879748 0121453 0023206 0205054 0121453 0023206 0205054 1514873 1883351 0348078 0376315 1522492 0034800 1514760 0597357
 0005528 1317949 3495449 0699040 0205148 0680243
 3146294 0025914 0025929 0026809 1547282 0185117 0392756 1152669 1152633 0205177 0439167 0441655 1561536 0849355
 0231175 1883351 0442726 0000768 0000769
 1883351 0237881 0750502 0597360 0185117 0031843 0542341 0700205 1705273 1515655 0332454 1417166 0017337
 0003062 0205307 0439166 2347086
 0185117 0121453 0023206 0205054 0121453 0023206 0185117 0205054 0205360 1514873 1547311
 0025914 0025929 0026809 1299582 2963144 0052499 0029297 0683185 1621296 0023688 1518422 0003987 0017968 0023820
 0557061 2584313 1514811 1706462 1412578 0052495 0003987 0597357 0205396 1550043 1551388 0086597 0449297 1382187 2825073 0332256 2700400 1709915 1882936 0042789 1947903 0140145 1332102 0282443 1425988 1552617
 0052495 0003987 0597357 0458922 0699040 0227525 0736268 0007634 0023884 0205148 0442041 0682552 1278929 2346688 3282337 0227523
 0031843 0542341 0700205 1705273 0750591 1883351 0015252 0728940 0597297 0597304 1623036 0243125 0699900
 0205088 1705314 1705315 0067762 0001128 0202406 0179586 1657858 1706092 1709915 1882936 0036087 1546769 1608524
 1709915 1882936 0682744 0849355 1709915 1882936 0332157 0052495 0003987 0597357
 0205250 0243122 1145667 1167622 1299351 1510827 2700149 0597357 1706853 0205250 0205448 1334043 0332529 1711351 1515273 1705313 2826302 0121453 0023206 0121453 0023206
 1711351 0332256 2700400 1511625 1880389 1883221 3541951 0441635 1167322 2752508 1880389 1883221 3541951 0007004 0524637 1880389 1883221 3541951 0439084 0728893
 0052495 0003987 0597357 1136160 0003062 0023206 0332307 1547052 1514873 0596235 1517880 0023688 0243122 1145667 1167622 1511997 0012771
 0237753 0449788 0052495 0003987 0597357 1441414 1553874 1578820 0439234
 0449297 1382187 2825073 0036825 0033684 0229671 1546774 1550100 0205393 1441414 1553874 1578820 2827734 2981698
 0052495 0003987 0597357 1883351 0034821 1366529 0023823 0065059 0332291 0599283 0023820 0085862 0178587 0205251 0449297 0597357 1299352 1299583 1382187 1550472 1551359 2741673 2825073 2981730 0332257 0443616 0008731 1325761 3272697
 0332185 0020835 2825347 0021027 1621846 0016055 0023688 0205296 0332148 0750492 0052495 0003987 0597357
 1523908 0449297 1382187 2825073 0079720 1257890 0023884 0736268 1278929 2346688 0052495 0003987 0597357 0449234 1704772 1882133 0042789 1947903 0282443 1425988 1552617
 0052495 0003987 0597357 1441414 1553874 1578820 1883351 0205145 1705654 0227525 0042776 0521026 0332257 0019169 0019186 0019163 0019378 0019158 0019159 0042776 0319157 0795623 0024787 0949889 0042776 0319157 0376325 0019186 0019159 0019158 0042776 0319157 0795623
 1516084 0052495 0920644 0003987 0031843 0542341 0597357 0700205 1705273 0025914 0025929 0026809 0332268 1711351 0024851
 1274040 1546471 2825142 0332453 0024851 0185117 0205082 0392756 0032105 0449297 1382187 1550098 2825073 0205197 0024851 0025914 0025929 0026809
 0025914 0025929 0026809 0205307 0439166 2347086 1547282 0000768 0000769
 0023884 0736268 1278929 2346688 0700321 1265611 0332149 1705910 2362652 0024851 1609982 0205410 1705848 3245498 3540678 0021135 1533691 2827718 0040669 0681814 1705535
 0557651 2603343 0025914 0025929 0026809 0332268 1711351 0024851 0052495 0003987 0597357 0025914 0025929 0026809 0936012 0031437
 0557061 2584313 1514811 1706462 0079411 3146294 0017337 1520440 0017430 1520439 0009013 0013754 0017428 0023621 0025914 0025929 0026809 0560132 0751608 0872147 0887950 1704677
 1517495 0029237 0029246 0220885 1300196 1522486 0445247 0332185 1709908 0684224 0700287 3496591

 0086022 0442335 1705099 2827421 0037640 0015295 0017428 0332255 0332256 0887950 1708096 2700400 0679058 2700640 0242610 0009221 1095825 1519623 1167322 1880389 1883221 2752508 3541951 1299987 0450240 0559956 1706210
 0426857 0446516 1269078 1269612 1282927 1806781 2350002 0332256 2700400 0575519 0446516 1269078 1269612 0332256 2700400 0015295 0332255 1708096 1711300 2700613 0441587 0205145 0879457 1333929 1552738
 0012238 2349986 0086022 0442335 1705099 0596508 0038250 1947950 0007634 0013935 0242767 0268060 1186763 1415529 3282337 0000872 0565990 1552471 0039711 0041740 0205099 0205476 1710136
 0009013 0052009 0392148 1707391 2827734 2981698 0049272 0063801 0032520 0205396 0337112 0443286 1114821 1335439 1524075 1550043 1551388 1524063 0206415 0439084 0728893 0439084 0728893 0042789 1947903 0349966 1337208
 0599773 2984295 0034865 1334043 0005862 1148472 0002778 0936012 1524024 1710133 1711411 0868946 3272453 0012854 0017428 0887950 1524063 0332255 1708096 0042789 1947903 0349966 1337208
 0009013 1521751 0025921 1281743 0242781 0332289 1521797 0002085 0009013
 0681814 0684224 0700287 3496591 1520440 0013754 0020205 0560132 0884358 1704677 0079411 0003062
 0005861 0002778 0936012 1524024 1621557 0035668 0023884 0205409 0736268 1278929 1548221 2346688 0034760 0039421
 0013855 0681850 1550501 1706203 2349001 2697811 1706746 0017243 1382104 0025255 0028736 0348011 0596901 0740034 1706182 0331955
 0024851 0332255 0486805 1708632 1553631 0045191 1524063 0331955 0182400 1273517 0020202 1300517
 0002778 0936012 1524024 0884358 1862288 0086296 1561571 1561572
 0020985 0002778 0936012 1524024 0025252 1840635 0025255 0033684 0596901 1706182 1552738 1521827
 0600209 0013862 0071500 0596607 0012634 0348080 1705253
 0033684 0348011 0025255 0596901 1706182 0020985 0002778 0936012 1524024 0884358 1524063 1624602 0024851
 0003241 0051979 0027021 0031179 0034493 0234621 0522529 1318719 0162524 0331955 0812225 1150635 1332684 1450278 1511790 1515981 1705212 1705213 3273202
 0681814 0052499 0029297 0029297 1439852 1521827 1719918 0020283 0450407 0450408 0450409 1420849 0009063 0009054 0036681 0231441 0991566 1719918
 1292426 1880519 0439148 1519795 1704753 1524062 0549178 0439583
 0052492 1719918 0052499 0029297 1708632 1524063 0184661 1948041 2700391 3274430 3538935 3539779 0283030
 0205369 0441655 1552740 0052499 0029297
 0036774 0036773 0728877 0001924 0007452 0229671 1140701 1546774 1550100 1720154 0022427 1280188 0024554 0025914 0025929 0026809 0042449 0086582 1278960 1706180 1706428 1706429 1720436 0369718 0441922 1553036 1883559 0332307 0445392 1547052 0019904
 0005767 0005768 0229664 1272706 1444656 1516695 1516698 0226503 0042449 0348013 1184808
 0033684 0032105 1550098 0040900 0001128 0202406 1882443 0034553
 0002778 0936012 1524024 0002778 0936012 1524024 0884358 1552738
 0025914 0025929 0026809 0226503 0042449 0348013 0521437 1184808 0019080 0005767 0005768 0229664 0175730 1516695 1516698 1547937 1704474 0332256 2700400 0013618
 0201950 0543421 0008377 0439175 0439810 0583329 0428475 0041004 0441889 1524063 1690540 0025053
 1720119 1948037 0036082 0008562 0687276 1579831 0008565 0008550 0205250 0302908 0597198 1299351 1304698 1546699 1561501 1882330 2700149 0002778 0681850 0936012 1524024 1550501 1706203 2349001 2697811 1524063 1185738 1706132 0040371 0022341 2986575 0075804
 1514534 0002778 0936012 1524024 0600209 0013862 0071500 0596607 0012634 0348080 1705253 0071710 0025255 0348011
 1524063 0969743 0001804 0950062 2828407 1416953 1979919 0205474 0331059 0001804 0331055 0994408 1420267 2984121 0205474 0012264 0522529 0140570 0007341 3537211 0001804 0035576 1076360 1719918 0005575 0522529 2700256
 0012264 0005575 2700256 0002059 1318717 0003242 0003241 0012264 0021027 0031678 0442726 1149880 1511790 1708632 1979842 0812225 1150635 1705212 1705213 3273202 0205474 0003242 0003241 0021027 0205474
 0557061 2584313 1514811 1706462 0017337 0017430 0376343 2349866 0009013 0017428 0020202 0023621 0025914 0025929 0026809 0220908 0220909 0751608 0872147 0887950 1300517 1698960 1710031 1710477 1524063 0182400 1704681 2347609 3536729
 0086022 0442335 1705099 0872178 2827421 0037640 0242610 0009221 1095825 1519623 1167322 1880389 1883221 2752508 3541951 0443239 0450240 1512900 1706210 0450344 1553633
 0332282 0206691 0596508 0038250 1947950 0007634 0013935 0242767 1186763 3282337 0009013 1301820
 0025914 0025929 0026809 0009013 0205452 1521840 3146294 1524063 0184661 1948041 2700391 3274430 3538935 3539779
 0596508 1947950 0038250 0007634 0013935 0242767 1186763 1269647 1704653 1948049 0009013 0439175 0439810
 1521751 1520150 1883559 0025921 1960442 0015780 0025914 0025929 0026809 0043210 0086287 0332307 0445392 1547052 1705497 1705498 0006159 1704650
 0680063 0314650 0079411 3146294 0205203 1947971 1883559 0332307 0445392 1547052 0019425 0019904 0002085 0023150 0220866 0728724 1947938 1947939 0450385
 0740116 2827735 2981700 2827734 2981698
 0369773 2603361 0450345
 0025914 0025929 0026809 0443348 0870432 0031437 1285572
 0003062 0700364 1883351 0870809 0376558 1711300 2700613
 0449911 0333052 2607870 0557702 1272706 1704674 0557702 1272706 1704674 0349966 1337208
 2827734 2981698
 0332453
 0086022 0442335 1705099 1299987 0015295 1547699 2700640 0242610 0009221 1095825 1519623 1167322 1880389 1883221 2752508 3541951
 1948062 0086022 0231441 0441987 0442335 1705099
 0011516
 2347469
 0182400 1704681 2347609 3536729 0179400 1444656 1533124
 2347469 0017431 1160186 1260875 1748461 0025914 0025929 0026809
 0012854 0011516 0868946
 0040671 1705822 0025255 0182400 1553631 1704681 1708632 2347609 3536729 0332255 1708096
 0733755 1883559 0002085 0332307 0445392 1515981 1547052 1444656
 0005861 0002778 0936012 1524024 1621557 1547282 0025914 0025929 0026809 0332268 1519595
 0025914 0025929 0026809 1265611
 1265611 0025914 0025929 0026809 0002085 0024851 0024851
 0018563 1281583 1552914 1268722 1705241 1705242 0024851 0035696 1265611
 0332453 0033684 0205197 0332197 0439509 0679058 0725685 1532717 1689985 2700640 1274040 1546471 2825142 0003062 0450354 1706096
 0025914 0025929 0026809 1547282 2986627 1171362 0185117 1520150 1883559 0025914 0025929 0026809 0332307 0445392 1547052 1707455 1280500 2348382
 1883559 0332307 0445392 1547052 0025914 0025929 0026809 0175723 1441672
 0175723 1518422 0012634 0348080 0392756 1441672 1705253 1511726 3245479 1518422 1547282 0175723 0205449 0439064 1882932 0449286 0542560 0596973 0596448 0039686
 0175723 0205379
 0449911 0333052 2607870 0557702 1272706 1704674 0557702 1272706 1704674 0349966 1337208
 0740116 2827735 2981700
 1709269 0949466 0005863 0002778 0936012 1524024 1705493 1517914 0023884 0736268 1278929 2346688
 0005861 0002778 0936012 1524024 1708639 0024851 1708639 0023884 0736268 1278929 2346688 0025914 0025929 0026809 1883559 0332307 0445392 1547052 1708639 0740116 2827735 2981700 0019425 1708639 0019904 1708639 0332453
 0005861 1621557 0002778 0936012 1273517 1524024 1709269
 0024851 2827734 2981698 1519595 1444656
 2347469 0949466 0005863 0002778 0936012 1524024 1705493 1708639 0024851 1708639 0023884 0736268 1278929 2346688 0025914 0025929 0026809 1883559 0332307 0445392 1547052 1708639 0740116 2827735 2981700 0019425 1708639 0019904 1708639 0332453
 0424860 0596969 0456389 1444656
 1883351 0332453 0948807 0003987 0205054 0449297 0684336 1382187 2825073 1274040 1546471 2825142 1720154 0052492 0052499 0029297 0025914 0025929 0026809 1707455 0034553 0032105 1527428 1550098 0349966 1337208
 0032105 0449297 1382187 1550098 2825073 0205082 0205197 1518422 0024851 0025914 0025929 0026809 0221099 0684336
 0021485 1272883 1533685 1828121 0052492 0205216 0392756 0442797 0178602 0205265 0439509 0869039 1114758 1279901 1555582 1705685 0150312 0332285 0025914 0025929 0026809
 0025914 0025929 0026809 0521097
 0032105 0449297 1382187 1550098 2825073 0205082 0205172 0024851 0025914 0025929 0026809 0221099 0684336 0450365 1706097
 0021485 1272883 1533685 1828121 0052499 0029297 0205216 0392756 0442797 0178602 0205265 0450385 0869039 1114758 1279901 1555582 1705685 0150312 0332285 0025914 0025929 0026809
 0025914 0025929 0026809 0521097 0052499 0029297
 0449911 0333052 2607870 0557702 1272706 1704674 0557702 1272706 1704674 0349966 1337208
 0439086 2827736 2981702
 0032105 1550098
 0052492 0441833 1999270 3537156 0052499 0029297 0441833 1999270 3537156 2347469 0015780 0025914 0025929 0026809 0043210 0086287 0332174 0439230 0580836 1705497 1705498 1720154 1883559 0332307 0445392 1547052 0019425 0019904
 0042295 1547282 1704970 0032105 1550098 2348792 0040223 3541383 1552961 2347617 0034553 0150312 0439165 0444686 0449450 1441506 1443182 1549488 1561533 0021485 1272883 1533685 1828121 0181496 2827499
 1883351 0185117 0017968 0032105 1550098 0025914 0025929 0026809 0002778 0023206 0936012 1524024 0681850 1550501 1706203 2349001 2697811 0349966 1337208
 0023206 1273517 1883351 0442726 0242209 1416953 1979919 0023206 0205369 1552740 1519042 0740116 2827735 2981700
 1420267 2984121 0023206 0205369 1552740 0740116 2827735 2981700
 0023206 0205369 1552740
 1705241 1705242 0522510 0024851 0025914 0025929 0026809
 0449911 0333052 2607870 0557702 1272706 1704674 0557702 1272706 1704674 0349966 1337208


 0005767 0005768 0229664 0024554 0025914 0025929 0026809 0086582 0332174 0439230 0580836 1516695 1516698 1706180 1706428 1706429 1883559 0332307 0445392 1547052 1708639 0019904 1708639 0332453
 1524063 1416953 1979919 1420267 2984121 0522529 0005575 0522529 2700256
 0012264 0005575 2700256 0002059 1318717 0003242 0003241 0012264 0021027 0031678 0442726 1149880 1511790 1708632 1979842 0003242 0003241 0021027
 1883351 0022885 0039593 0392366 0052495 0003987 0597357 2612485 0443616 0008731 0449297 1314939 1325761 1382187 2825073 3272697 0023884 0736268 1278929 2346688 0936012 1278073 0428460 0456947 0023779 0032105 0441889 1550098 0025914 0025929 0026809 0332268 0034821 1366529 0023823 0065059 0023820 0178587 0205251 0597357 1299352 1550472 0021966 0221138
 1278073 0428460 0456947 0023779 0032105 0441889 1550098 0441729 1883559 0024851 0332307 0445392 1547052 0332197 1689985 0392148
 1979963 2003903 0008562 0687276 1579831 0008565 0008550 0205250 0220825 0302908 0597198 1299351 1304698 1546699 1561501 1882330 2700149 0002778 0936012 1524024 0231175 1883351 0443289 1705241 1705242 1883559 0332307 0445392 1547052 0025914 0025929 0026809
 0449911 0039224 1706073 1706074 0557702 1272706 1704674 0557702 1272706 1704674 1278073 0428460 0441925 1101522 0023779 0032105 0441889 1550098 0011155 1636779 0025914 0025929 0026809 1516695 1516698 0001779 0001792 1999167 0439230
 0201950 0543421 0008377 0439175 0439810 0041004 0201950 0543421 0008377 0439175 0439810 0683150 0086045
 0002780 0002778 0936012 1524024 0557351 1883351 1707455 1704970
 0024851 0034821 1366529 0023823 0065059 0023820 0178587 0205251 0597357 1299352 1550472 0121453 0023206 0025914 0025929 0026809 0205054
 0449911 0039224 1706073 1706074 0557702 1272706 1704674 0557702 1272706 1704674 0023820 0011155 1636779 0025914 0025929 0026809 1516695 1516698 0001779 0001792 1999167
 0023820 0008562 0687276 1579831 0008565 0008550 0205250 0302908 0597198 0936012 1299351 1304698 1546699 1561501 1882330 2700149
 1274040 1546471 2825142
 0002780 0002778 0936012 1524024 0557351 1883351 1707455 1704970
 0523560 0023823 0023820 0178587 0205251 1299352 1550472 0008731 1325761
 0023825 0023823 0442811 0023820 0178587 0205251 0442824 1299352 1550472 0023823 0023820 0178587 0205251 1299352 1550472 0023821 0023820 0178587 0205250 1299351 2700149
 1514811 1706462 0025914 0025929 0026809 0332268 0052495 0003987 0597357 1335671 0017337 0599773 2984295 0034865 1334043 0596508 0038250 1947950 0007634 0013935 0242767 1186763 3282337
 0025914 0025929 0026809 0870432 0031437 1285572 0012634 0020056 0022877 0348080 1314677 1442989 1704678 1705253 2828392 3244292
 0023884 0736268 1278929 2346688 1265611 0175723 0439645 1521913 0442726 1511790 0025914 0025929 0026809 0456148
 0025914 0025929 0026809 1265611 0033684 0392756 0332462 1880834 1280500
 0301630 0392756 0441610 0301630 0392756 0441610 1265611 0033684 0035696 0441889 1518422 0392760 1314939
 0025914 0025929 0026809 0033684
 1274040 1546471 2825142 0024851 0024851 0185117 0205360 1514873 1547311
 0332290 0007634 3282337 1711351 0443343 1883468
 0121453 0023206 0205054 0121453 0023206 0205054 0243125 0699900 0014239 0035295 0598268
 0543488 1883351 1707455 0024851 0025914 0025929 0026809 1080058 0392756 1265611
 1883357 1274040 1546471 2825142 1711351 0597360 0185117 0205360 0597357 1514873 1547311 0121453 0023206 0205054 0205172 0121453 0023206 0205054 1514873
 0024851 0025914 0025929 0026809 1441672 0032105 0449297 1382187 1550098 2825073 0205082 0024851 0025914 0025929 0026809 0221099 0684336 0349966 1337208
 0543488 1883351 1316572 1317574 1369612 0684336 0052492 0019425
 0750492 1704259 1705987 0032105 0052492 0449297 1382187 1550098 1880177 2825073 0052499 0029297 1518422
 1707959 0023206 0022801 0227525 0007634 0205054 3282337 0086597 0243144 0347980 0016945 0001055
 0205134 1511726 3245479 1518422 1547282 1705535 0025914 0025929 0026809 2963144 0052499 0029297
 0920644 0031843 0542341 0700205 1705273 0205082 0024851 0025914 0025929 0026809 0221099 0684336 0441889 1518422 0205217 0442805 0349966 1337208
 0302523 0700325 3244290 0206745 0025914 0025929 0026809 0052495 0003987 0597357 0750558 1710571 0205224 0332183
 0183683 1521721
 0332185 0684224 0700287 3496591 0441889 0025914 0025929 0026809 1314677 0332268 2827734 2981698 0078654 1412725 0021966 0221138
 0017968 0229671 0439083 0439087 1546774 1550100 0332268 2827734 2981698 0016945 0683149 0427716 1304757 0086045 2348205
 1518422 0805874 0870077 1446409 0439787 0849355 0035820 1705810 0851285 1327622 0017968
 0449255 0542559
 1441414 1553874 1578820 0052495 0003987 0597357 1273518 0032105 1550098 1706528 0023884 0736268 1278929 1515981 2346688
 0016055 0332256 2700400 1265611 0021440 1272892 1621368 0348016 0574032 1827465 0023884 0736268 1278929 2346688
 0681814 1518422 1547282 0949466 0005863 1705493 0002778 0936012 1524024 0025255 0596901 1706182 0231175 1883351 0243095 0023884 0736268 1278929 2346688 0025914 0025929 0026809
 0231175 1883351 0243095 0392747 0443172 0543482
 0025519 0025520
 0332185 0684224 0700287 3496591 0449297 1382187 2825073 0025914 0025929 0026809
 2347946 0439673

 1441414 1553874 1578820 0920644 0031843 0542341 0700205 1705273 1373178 1158917 0025519 0025520
 0205666 0003593 0003592 0033684
 0750591 0023820 0332256 2700400 0003591 0052495 0521097 0003987 0597357 0449913 1553451 1704459 0034821 1366529 0031847 0277785
 1883351 0022885 0039593 0392366 1512571 0205203 0025914 0025929 0026809 0025914 0025929 0026809 0034821 1366529 0025914 0025929 0026809 0332268 0052495 0003987 0597357 0034821 1366529 0023823 0065059 0023820 0178587 0205251 0597357 1299352 1550472
 0868928 1706255 1706256 0332268 0024851 0034821 1366529 0023823 0065059 0023820 0178587 0205251 0597357 1299352 1550472 0231175 1883351 0442726 0439775 0702240 0034821 1366529 0023823 0065059 0206745 0599283 0023820 0025914 0025929 0026809 0178587 0205251 0560617 0597357 1299352 1522225 1550472 1707455 0021966 0221138
 0332120 0034821 1366529 1416912 0242972 0748025 0023823 0597357 0065059 0023820 0033684 0178587 0205251 0439849 0445223 1299352 1550472 1976850 0003595 0023820 0032105 0449297 0523511 0699759 1314939 1382187 1412481 1550098 2825073 3272697
 0035820 1705810 0032105 0449297 1382187 1550098 2825073 0023820 0547040 1524031 2945599 0150312 0449450
 0052495 0003987 0597357 0680022 2698041
 0023206 0205393 0332307 1547052 0700364 1883351 1314939 0520990 1880266 0052495 0003987 0597357 0332253 0567416 0024660 0450355 0750492 1709915 1882936
 0005595 0035161 0121453 0023206 0001056 1145667 1167622
 0449913 1553451 1704459 0042567 1515187 1167395
 0392756 0547047 0003987 0229671 1546774 1550100 0030705 1441672 0023895 0679246 0012634 0023884 0736268 1278929 2346688 0023890 0023884 0736268 1278929 1623038 2346688
 0332183 0004623 0009450 1264610 0012634 0036690 0243026 1090821
 1883351 0052495 0003987 0597357 2347946 0023895 0332281 0243083 0012634 0023884 0736268 1278929 2346688
 0227525 0024432 1546706 1550652 0023206 0205369 1552740 0001055
 0392148 0150108 0150112 1555580 0031437 1285572
 0947630 0027552 0686904 1883351 0332149 1705910 2362652
 0449255 0542559 0042776 0319157 0439663 0227525
 1552616 1706244 0920644 0542341 0205172 0205197 0011155 0024851 0025914 0025929 0026809 1636779 1707455 0025914 0025929 0026809
 0750492 1514873 0185117 0052495 0003987 0597357
 0011155 0162429 1623416 0920644 0031843 0542341 0700205 1705273 0231175 1883351 0442726 0332120 0052495 0003987 0597357
 0025914 0025929 0026809 1999230 1527178 1874451 0031842 0031843
 2825232 0043227 0018173 0018896 0449435 1521721 1548284 3540469 0683933 0035168 0036397 0242481 0013621 0013622 0013658 0039401 0036397 0010453 0220814 0430400 2242979 0033414 0947630 0036397 0029237 0029246 0220885 1300196 1522486 0036043 1705187 0035168 0242481 1512352 0036397 0035168 0242481 0018173 0037440 0079816 1556038 0016617 0035168 0205476 0242481 1515981 2986512 2986512 0016617 0025517 0012634 0016617
 0010186 0220812 0449719 1709471 0220808 0680264 0007961
 1706852 0522501 1706089 0949214

 0282413 0376649 1442065
 0254343 0796520 3272379


 0085205 1549619 1880669
 0013849 1705961 0024492 1538057 1547565
 0034037 1704324 0030351 0000723 0000723 1273517 0052495 0003987 0597357 0052495 0003987 0597357
 0121453 0023206 0121453 0023206
 0024851 0121453 0023206
 0242767 1186763 0242767 1186763
 0052499 0029297 0052499 0029297
 0008562 0687276 1579831 0008565 0008550 0205250 0302908 0597198 1299351 1304698 1546699 1561501 1882330 2700149 0008562 0687276 1579831 0008565 0008550 0205250 0302908 0597198 1299351 1304698 1546699 1561501 1882330 2700149
 0023823 0023820 0178587 0205251 1299352 1550472 0023823 0023820 0178587 0205251 1299352 1550472
 0023821 0023820 0178587 0205250 1299351 2700149
 0003591
 1416953 1979919 0969743 0001804 0950062 2828407
 1420267 2984121 0331059 0001804 0331055 0994408
 0140570 0007341 3537211 0001804 0035576 1076360
 0582519
 0082584 0582520 1428077 0582519 1709450
 1514811 1706462 0557061 2584313 1514811 1706462 2827734 2981698
 0439267
 0439267
 0001483


 0027960 0324740 0439189 1456781 1824986

 0025141 0740116 2827735 2981700
 0369637 0441923
 0005477 0025141 0439086 2827736 2981702
 0205090 0684010 2603358


 2347961

 0033727 0369286 0441932 0564385
 0016327 0439133 1553038
 0040833 1521798
 3642273
 0025141 0439084 0728893

 0016327 0439133 1553038 0016995 0205090 0684010 2603358

 0369637 0441923

 0027778
 1553033 0597277 1708601


 0201682

 0597277 1708601


 0201682

 2347469 0033727 0369286 0441932 0564385


 0025141
 0999213 0597277 1708601 0597277 1708601 0369718 0441922 1553036


 0201682

 0597277 1708601 2603362
 0439394 1706495 3642217 0597277 1708601
 0205090 0684010 2603358

 1417055


 0205090 0684010 2603358
 0016327 0439133 1553038 0205090 0684010 2603358
 0369773 2603361
 0016327 0439133 1553038
 2603360
 0369637 0441923
 0086403 1555763 0025141
 0597277 1708601
 0033727 0369286 0441932 0564385 0205090 0684010 2603358
 2603360 0439267

 1704351 2239486
 0965991
 0000857 0600678 1552863
 0033727 0369286 0441932 0564385

 1704351 2239486
 0965991
 0000857 0600678 1552863
 0597277 1708601 1709015 0440283 0475657 0939864 1122959 2603362


 0965991

 0181107 0205090 0684010 2603358
 0033727 0369286 0441932 0564385 0439482


 0201682


 0205090 0684010 2603358 2603360
 0439267 0439482


 0201682

 0439394 1706495 3642217
 2603360 0237506 2603362
 0402671 2244327
 0205090 0684010 2603358
 0205090 0684010 2603358
 0205090 0684010 2603358
 0439394 1706495 3642217


 0201682

 0021966 0221138 0033727 0369286 0441932 0564385
 0369773 2603361 0369637 0441923
 0369637 0441923

 0000857 0600678 1552863
 0005125
 2347469 2347469
 0017337 0025141
 0369773 2603361 1553033 0205090 0684010 2603358
 0007634 1269647 1704653 1948049 0025141
 0205090 0684010 2603358 0033727 0369286 0441932 0564385 0069389 2603360 0999213 0597277 1708601 0016327 0439133 1553038 0369718 0441922 1553036 0597277 1708601 2603360 0369718 0441922 1553036


 0201682

 0033727 0369286 0441932 0564385 0999213 2603360 0597277 1708601 0597277 1708601 0016327 0439133 1553038 0369718 0441922 1553036 2603360 0369718 0441922 1553036

 2347379
 0439509
 0369637 0441923
 0033727 0369286 0441932 0564385
 1418943

 0268596 2700624
 3642273
 0041703
 0000857 0600678 1552863 0450348
 0439394 1706495 3642217 0033727 0369286 0441932 0564385
 0016327 0439133 1553038


 0201682
 0439084 0728893
 0439394 1706495 3642217 0033727 0369286 0441932 0564385
 0016327 0439133 1553038


 0201682

 0057642 2603360


 0000857 0600678 1552863
 0033727 0369286 0441932 0564385 0369718 0441922 1553036 0021966 0221138 2603360


 0201682

 2681565 0597277 1708601 0597277 1708601

 0025141
 0597277 1708601
 0007634 1269647 1704653 1948049 0025141
 0205090 0684010 2603358
 0016327 0439133 1553038 0369773 2603361
 0369773 2603361
 0016327 0439133 1553038
 2603360
 0369637 0441923




 0181107 0205090 0684010 2603358
 0439482

 1315013

 0450355
 0205090 0684010 2603358 0439267
 0033727 0369286 0441932 0564385 0369773 2603361
 0205090 0684010 2603358
 1315013

 0025141
 0369773 2603361
 0033727 0369286 0441932 0564385
 0025141
 1551881
 0332583

 0369637 0441923

 1315013

 0025141
 2603360 0033727 0369286 0441932 0564385
 0017163 0025141 0009993 0037455 0596070 1552856 0005477 0026376 0005532 1521991