 0162443 0010741 0449468 0560268 1690016
 0009993 1552856 0037455
 0185117 0040300 1880177 1052235 1704729 0036375 0683939 0205099 0000934 0392673 1704729 0036375 1293097 2919030 2919031 1513817 0205099 0282413 3179392 0683939 0205099 0000934 0392673 0036375 0022341
 0013849 1705961 0024492 1538057 1547565 0520510 0023866 0034036 0085202 0052209 0003592 0003591 0003591 0002723 1709634
 0023884 0736268 1278929 2346688 0750591 1883351 0449695 2945843 0205145 1515974 2825164
 0884358 0002778 0936012 1524024 0332239 0332325 2827757 0025914 0025929 0026809 0443289 0736268 0040300 0085202 0052209 0003592 0003591
 0150312 1710082 0037083 0007634 3282337 1516470 0038351 1278920 1517454 0677646 0007634 3282337 0449719 0021852 1268998 1519375 0596155 0007634 0205112 3282337 1182624 1179149 0596155 0007634 0205112 3282337 3496194 0221971 1513684 0080194 0456178
 1515670 0185117 0040300 0200931 0599161 0002778 0032520 0332128 0677874 0936012 1524024
 1444656 1660642 0475264 1744691
 0040649 0085202 1518422 0018787 1281570 1441672
 0011560 1705760 0333562 0007634 1441672 3282337 0035696 0085202 0052209 0025914 0025929 0026809
 1274040 1546471 2825142 0035696 0085202 0052209 0040300 0040710 0440102 1517058 1705535 1880177 0040300 1883254 0011560 1705760 0333562
 1705313 0002726 0025914 0025929 0026809 0035696 0085202 0052209 0520510 0023866 0034036 0085202 0003591 0085201 0003592 0021966 0221138
 0031843 0542341 0700205 1705273 1883351 0005528 1317949 3495449 0023779 0542341
 0598496 0544461 0025914 0025929 0026809 1705535 0035820 1705810 0004153 1563937 0871161 1292721 1511325
 1568534 0085202 0023767 0052209 0003592 0003591 0086597 2246761 1704675
 1883712 0085201 0003592 0021966 0221138 0085202 0052209 0003592 0003591 1547282 1883351 0007634 0178539 0449913 1553451 1704459 0332257 0037868 0027950 0009498 0694695 0040300 1547928 0004611 1510439 2347473 0042776 0521026
 0025914 0025929 0026809 0085202 0052209 0003592 0003591 0002723 1709634 0205435 1279901 0205409 0231337 1548221 1999167 0521110 1512692 0080194 0456178 1518614 2987481 0002726 0150312 1883351 0150312 0449450 0025914 0025929 0026809
 0023884 0736268 1278929 2346688 0021853 1708548 1880177 0085201 0003592 0021966 0033268 0221138 0003591 0085202 0052209 0003592 0003591 0684224 0700287 3496591 1883351 0750554 0023884 0736268 1278929 1883254 2346688
 1265611 0015965 0021853 0086418 0442726 0521457 1511790 1708548 0005861 0439090 1423767 0021852 1268998 1519375 0001675 0021853 0456148 0549184 0700321 1706450 1708548
 1883351 0025914 0025929 0026809 0884358 0002778 0936012 1524024 0449475 0040300 1524063 0449851 0162788
 0002726 0441835 0441833 0687744 1257890 1552516 1704788 1705428 1705429 1880371 3539106 0012634 0348080 1705253 1449651 0225329 0002716 0011560 0205232 0225328 0521119 0611285 0687757 1880022 0033684
 0525038 1555721 1706204 0033382 0733755 1334805 0033684 0522501 0521110 0333562
 0033684 0441730 0002716 0011560 0225328 0611285 1948066 0021135 1533691 2827718 1518422
 1516786 0080194 0456178 1518614 2987481 1445865 0017337 0085202 0052209 0009219 0657049 0085202 0052190 1412477 0003592 0003594 0052209 0441730 0444967 0003591 0596615 0017296 0080194 0314603 0456178 1706907
 0947630 0681853 0025914 0025929 0026809 1444656 0040300 0333562 0262950 0391978 1266908 1266909 1521713 0006104 0933845 1269537 0333562 0205435 1279901 0040408 0205312 0934502 1278913 1441672 1522408 1561599 0026724 1561514 0225344 0227264 0226891 0038351 1278920 1517454
 0268380 0268381 0281479 0002726 0011560 1705760 0333562 0040300 1548602 1704686 1282338 0017446 0205147 0221014 3536715 0002726 1235746 1882141 1517466 0017189 1281182 0521362 1185740
 1521970 0750591 1273518
 0085202 0052209 0003592 0003591 1883254 0225328 1517927 1947931 0342622 0002716 0011560 0022408 0611285 1235746 1882141 1705535 0008051 0677521 1365945 0150312 0449450 0557651 2603343 0150312 0736268 0040300 0085202 0052209 0003592 0003591
 0037088 0243095 2825141 0441712 1706376 0543483 0699748
 0520510 0520510 1445865 0017337 0657049 0085202 1445865 0017337 0657049
 0080194 0456178 0439858 0442818 0012634 0348080 1705253
 0012155 1442959 1519433 2983588 1413348 2827664 0040371 0022341 2919405 1879743
 0332239 0580836 1442461 0025914 0025929 0026809 0332239 0025914 0025929 0026809 1273517
 0025914 0025929 0026809 0014994 0014996 3495432 1161324 1720436 0272806 0728985 1269049 0434514 2983594 0012691 0027530 0205064 0549207 1279061 0681205
 0023884 0736268 1278929 2346688 0040408 1278913 0038351 1278920 1517454 0021852 1268998 1519375 0018787 1281570 0444099 1123023 1278993 0037993 0771377 1278932 0001625 0039597 1278981 0006104 1269537 0022646 0227665 0849355 0205548
 2825407 0070066 0231441 0443218 2827483 2678549 0012186 1882074 0020283 0212509 0332293 0450407 0450408 0450409 1522326 1720830 1823521 0450376 0085185 0030415 1707903 0000925 1883724 0369637 0441923 0205155 1293097 1522472 1552923 1705191 0487602 1441616 1704680 0018964 0487602 1704680
 0035668 0205409 1548221 0200931 0599161 0002778 0032520 0205548 0677874 0936012 1524024 2825407
 0455052 1521827 0182400 1704681 2347609 3536729 0006556 0085202 0751608 1517914 0006556 0023621 0023884 0025914 0025929 0026809 0205409 0736268 0872147 1278929 1548221 2346688 1273517 1883351 1521827 0035683 0182400 1704681 2347609 3536729 0085202
 0006556 0085202 0052209 0332256 2700400 0079941 0004793 0009219 0162326 0162327 1519249 0009013 0542339 1264637 0086022 0442335 1705099 0086022 0442335 1705099 0728990 1273517 1514575 1705542 0441513 0035683 0182400 1704681 2347609 3536729
 0035683 0182400 1704681 2347609 3536729 1301820 1524063 0728990 1514575 1705542 0052908 0012892 0035681 2984241 0012854 1335439
 0182400 1704681 2347609 3536729 0042153 0457083 1947944 1521827 1639518 1947986 0205160 0243148 1513916 1550141 1882979 2587213 2825415 2825491 3274648 1524063 0728990 1514575 1705542 0140662 0035681 2984241 0035668 1335439
 0162788 0444498 0020202 1300517 0681850 1550501 1706203 2349001 2697811 0442726 0035696 0085202 0052209 1552738
 0681814 1706386 0182400 0031082 1273517 1292533 0040300 0370003 1522240 1547928 2347026 0439178 1446409 1514241 2825490 1639518 1947986 0205160 1513916 2825415 2825491 0243148 1550141 1882979 2587213 3274648
 2316368 0205155 1293097 1522472 1552923 1705191 0062230 0011198 0017480 1524112 3541240 0013185 0022341 0444330 0702093 1883708 0059256 0439294 0030946 0439269 0439526 0597277 0868946 1622131 1708601 1947941 1960952 2346927 0142991 0220853 0702093 0332283 0070066
 0444330 0017890 0522461 1548982 0456692 0702093 1883708 0702093 1521827 0000986 0003030 0981805 0020283 0450407 0450408 0450409
 0444330 1883708 0001962 0011175 0008238 0001861 1512080 2827485 3536832
 0016568 0037494 0008203 0037473 0596019 0597484 0142825 0008857 0037473 0376259 0597484 1882074 0020283 0450407 0450408 0450409 0439583 0444330 1300565 0182400 1704681 2347609 3536729 1126237 0000983 0000985 0001128 0202406 0981805 0013618 0020283 0450407 0450408 0450409 0037494 1959973 0037633 0525069 0079224 0038720 0475337 3536965 0035711 1537998
 0020202 1300517 0444330 0016568 1548982 0040822 0439294 0014241 0035541 0035542 0439269 0439526 0868946 1960952 2346927 0456693 1442458 0702093
 1548982 0016568 0016568 0205155 1293097 1522472 1552923 1705191 0021044 0681850 1550501 1706203 2349001 2697811 1511790 0182400 1524063 0003242 0003241 0021027
 0443286 1114821 0002059 1318717 0031603 0031701 0234621 1601799 0028147 0039704
 0021044 0033684 0085202 0052209 0206243 0699809 0031082 0439787 0849355 0205155 1293097 1522472 1552923 1705191 0178784 0439855 1704241 0025663 0449851 0871511 2827734 2981698 1720119 1948037 0085202 0003592 0052209 0003591 0229671 1546774 1550100 1449651 0225328
 0040300 0025914 0025929 0026809 0522510 0441800 0919553 3244287 0333562 2827734 2981698 2937276 2945599 0740116 2827735 2981700 0205081 1881878 0439086 2827736 2981702 0205082 0205082 0205155 1293097 1522472 1552923 1705191 2986582
 0918012 1552854 1637833 0441889 0449286 0542560 1561545 2348088 0178784 0205164 0018787 1281570 0023884 0736268 1278929 2346688 0037993 0771377 1278932 0038351 1278920 1517454 0444099 1123023 1278993 0025914 0025929 0026809 1273517 0442765 0439086 0439509 2827736 2981702
 0035668 0023899 0023884 0185115 0736268 1278929 2346688 3541890 0040408 1278913 0038351 1278920 1517454 0021852 1268998 1519375 0018787 1281570 0444099 1123023 1278993 0037993 0771377 1278932 0001625 1268989 1515890 1285092 0039597 1278981 0006104 1269537 0022646 0227665 1278978 1514845 0812225 1150635 1705212 1705213 3273202 0017480
 0006556 0720544 2983684 0035668 0040300 0439175 0439267 0439810 1547928 1883254 0812225 1150635 1705212 1705213 3273202 0331955 1551491 0027971 0032520 0677874 1517480 1521871 1705759 0681850 1550501 1706203 2349001 2697811 0075813 2257065 0012892 0012854 1335439 0072149 0043193
 0206415 0085202 0052209 0003592 0003591 0439084 0728893 0085202 0052209 0003592 0003591 0439084 0728893
 1517480 1521871 1705759 0599161 0206243 0699809 0439787 0439962 0443286 0849355 1114821 0332256 2700400 0369637 0441923 0006353 0332256 2700400 0024472 0369637 0441923 0206415
 0449381 0301642 0332283 2348029 1511572 1301862 0702093
 1510844 0036681 0681850 1550501 1706203 2349001 2697811 0040371 0022341 0596607 0013855 0017243 1382104
 0025914 0025929 0026809 0030883 1720436 1549542 1882074 2678549 0020283 0450407 0450408 0450409 1720830 1823521 0023884 0736268 1278929 2346688 0021852 1268998 1519375 0038351 1278920 1517454 0040408 1278913 0444099 1123023 1278993 0018787 1281570 0849355
 0040300 0006353 0024348 1536403 0332256 2700400 1882074 0020283 0041175 0077281 0450407 0450408 0450409 0814229 0013618 0020283 0450407 0450408 0450409 2827734 2981698 0013714 0064858 0439267 0179834 0456693 1442458 0702093 0450376
 1550101 1264633 1383501 1516695 1516698
 1264633 0086376 0033684 0439267 0600209 1538570 0086972 0443299 0687118 1704732 0041175 0006353 0449913 1553451 1704459 1524063 0041942 0025255 0071710 0596901 1706182 0020960 2827734 2981698 1720119 1948037 1552738
 0231448 1880641 0005507 0243073 1510438 0596973 0441730 1998793 1552738
 2612461 0597177 0441730 0085202 0052209 0003592 0003591 0229671 0439231 0439507 0580836 1546774 1550100 1521827 0229671 1546774 1550100 0041609 1552738
 0596973 0441730 0023821 0023820 0178587 0205250 1299351 1998793 2700149
 0231448 1880641 0025663 0449851 0871511 0005507 0243073 1510438 1524063 0076466
 0439962 0020746 1521827 0332256 2700400 0439297 0086376 0033684 0023821 0023820 0178587 0205250 1299351 2700149 0332256 2700400 0085202 0052209 0003592 0003591 0991865 0006353 0031603 0031701 1601799 1882074 0020283 0450407 0450408 0450409 0041942
 0439962 0175730 1547937 1704474 1882509 0443286 1114821 0040223 0445247 3541383 1548602 1704686 0028778 0332206 1533157 1706084 2828370 0036849 1442518 1705195
 0040223 3541383 0443286 1114821 0678568 1272691 0020746 0455052 1521827 0242506 0016315 0037812 2713504 2984732 0681850 1550501 1706203 2349001 2697811 1524063 0035448 0183400 0201660 0748398 0040371 0022341
 0449468 1690016 1705102 2700258 0439526 0312860 0233929 2349995
 0439962 0332256 2700400 0076466 0006353 0020283 0450407 0450408 0450409
 1274040 1546471 2825142 0520510 0023866 0034036 0520511 1704711 0040300 1524063 0078976 0182400 1519595 0085202 0052209 0439178 0007634 0010834 1441672 1446409 1514241 2825490 3282337 0557651 2603343 1639518 1947986 1524063 0182400 1704681 2347609 3536729 1547282 0205332
 0023884 0736268 1278929 2346688 0150312 0020202 1300517 0227525 0682552 0037083 0736268 0007634 0205054 1710082 3282337 0450344 1553633 0025914 0025929 0026809
 0871362 0522510 0085202 0052209 0003592 0003591 0441994 1548802 2003888 0450345 0025914 0025929 0026809
 0205246 1553889 1710082 0007634 0205369 1441672 1552740 3282337 0038351 1278920 1517454 0021852 1268998 1519375 0040408 1278913 0444099 1123023 1278993 0039224 1706073 1706074 0025914 0025929 0026809 0332128 0332239 0025914 0025929 0026809
 0038351 1278920 1517454 1519595 0085202 0052209 1879787 0221909 0596155 0221910 2699511 0007634 0014609 0205112 0443288 1182670 3282337 0014597 1273342 0007634 3282337 1516470
 0021852 1268998 1519375 1519595 0085202 0052209 0677646 0007634 0443288 1880192 3282337 0449719 1442450
 0040408 1278913 0007634 3282337 1879787 0836131 0221909 0596155 0221910 0682575 2699511 0007634 0014609 0205112 0205363 1182670 1441672 3282337 0014597 1273342
 0444099 1123023 1278993 1519595 0085202 0052209 1182624 1179149 0596155 0007634 0014520 0205112 3282337 3496194 0221971
 1710082 0006104 0027882 1269537 1441672 0024264 0086574 0007634 0699040 3282337 0021852 1268998 1519375 0007776 1176472 2700441 0001625 1519449 0007634 1515981 3282337 0037868 0039597 1278981 1511726 3245479 1518422 1547282
 0018563 1281583 1552914 1519595 0085202 0052209 0018787 0205397 1281570 1327882
 0007634 3282337 0871362 0522510 0007634 3282337 0040300 1547928 1705242 0025914 0025929 0026809 0023884 0736268 1278929 2346688 0039224 1706073 1706074
 0449911 0333052 2607870 0557702 1272706 1704674 0557702 1272706 1704674
 0021044 0040300 0025914 0025929 0026809 0025914 0025929 0026809
 0020202 1300517 0085202 0003592 0052209 0003591 0035696 1710082 2333041 0010834 0227525 1441672 0025914 0025929 0026809
 2347469 0871362 0522510 0085202 0052209 0003592 0003591 0522501 0025914 0025929 0026809 0205216 0392756 0442797 0580836
 0333262 1441672 1522062 0025914 0025929 0026809 0227525 0332239
 0227525 2986582
 0025914 0025929 0026809 0073187 0580836 0333562 0547054 0684258 3537125 0441800 0919553 3244287 1116449 0042449 0205099 1278960 1879652 0023884 0736268 1278929 2346688 0439792 0227518 0205054 0921005
 1519595 1879787 0221909 0596155 2699511 0221910 0007634 0014609 0205112 0443288 1182670 3282337 0014597 1273342 0336721 0007634 1516470 3282337 0453107 1080898 0038351 1278920 1517454 0025914 0025929 0026809
 0596155 0007634 0205112 3282337 1516470 0007634 3282337 0336721 1444656 0453107 1080898
 0333562 0205617 0450094 0687697 0441800 0919553 3244287 1179187 0920995 2330124 2700402 0227211 0225344
 1519595 0677646 0007634 0443288 1880192 3282337 0336721 0449719 0453107 1080898 0021839 0021853 0026724 1561514 0025914 0025929 0026809

 0677646 0007634 1269647 1704653 1948049 0021839 0021853 0026724 1561514 0025914 0025929 0026809 0336721 1444656
 0333562 0205617 0450094 0687697 0441800 0919553 3244287 1179187 0920995 2330124 2700402 0734810 0225344 0025914 0025929 0026809
 0597277 1708601 1519595 0085202 0052209 1879787 0836131 0221909 0596155 0221910 0682575 2699511 0007634 0014609 0205112 0205363 0443288 1182670 3282337 0014597 1273342 0025914 0025929 0026809
 0475264 1744691 0392148 0520511 1704711 2348205 0040408 1278913 0025914 0025929 0026809
 0333562 0205617 0450094 0687697 0441800 0919553 3244287 0444868 3539085 0226964 0227296 0040408 1278913 0025914 0025929 0026809 0025914 0025929 0026809
 1519595 1182624 1179149 0596155 0007634 0014520 0205112 0443288 3282337 3496194 0221971 1281297 0018120 0018494 0444095 1571705 0336721 0444099 1123023 1278993 0025914 0025929 0026809

 0007634 3282337 0035696 0444099 1123023 1278993 0025914 0025929 0026809
 0333562 0205617 0450094 0687697 0441800 0919553 3244287 0205312 0934502 1522408 1561599 0011646 0025255 0596901 1706182 0225318 0040300 0596790 1522203 1547928 0444099 1123023 1278993 0025914 0025929 0026809 0855605 1412469 1553033
 1519595 0085202 0052209 1512359 0018787 0025914 0025929 0026809 0205397 0332239 1281570
 0205090 0684010 2603358 0332120 0018787 1281570 0025914 0025929 0026809
 0025914 0025929 0026809 0580836 2603362 0333562 0205617 0450094 0687697 0441800 0919553 3244287 0027061 1441672 0006901 0935624
 1707156 3274014 3541345 2346751 0369637 0441923

 0560020 0369637 0441923
 0694746 0369637 0441923
 0449911 0039224 1706073 1706074 0557702 1272706 1704674 0557702 1272706 1704674 0039224 1706073 1706074
 1552616 1706244 0021044 0599161 0032520 0677874 0185117 0085202 0052209 0025914 0025929 0026809 0080194 0456178 1518614 2987481 0011560 1705760 0333562 1441672 0475264 1744691 0332290 0033684 0085202 0031082 0205155 1293097 1522472 1552923 1705191
 0025914 0025929 0026809 0333562 0015352 0521119 1441672 1883067
 0023884 0736268 1278929 2346688 0333262 0700364 0010834 0025914 0025929 0026809
 1116449 0042449 0205099 0333562 1278960 1879652 0439792 0227518 0205054 0921005 0349966 1337208 1416886 1442449 0025914 0025929 0026809 0039224 1706073 1706074
 0038351 1278920 1517454 0333262 0004093 1762617 0596155 0007634 0205112 3282337 0025914 0025929 0026809
 1179187 0333562 0920995 2330124 2700402 0227211 0225344 0025914 0025929 0026809
 0021853 0333262 0007634 1441672 3282337 1552165 0025914 0025929 0026809 1179187 0333562 0920995 2330124 2700402 0225344 0025914 0025929 0026809
 0040408 1278913 0333262 0596155 0007634 0205112 0205397 3282337 0035696
 0333562 0226964 0040408 0444868 1278913 3539085 0025914 0025929 0026809 0470296
 0444099 1123023 1278993 0333262 0442821 0682598 0011646 0205312 0333562 0934502 1522408 1561599 1282402 0004799 0025255 0596901 1706182 1979853 0225318 0040300 0596790 1522203 1547928 0444099 1123023 1278993 0025914 0025929 0026809 1327810 1552210
 0332120 1518422 0018787 1281570 1441672 0025914 0025929 0026809 0333562 0225318 0040300 0596790 1441672 1522203 0027061 0006901 0935624 1515981 0025914 0025929 0026809 1552115
 0333262 0333562 0006104 0332239 1269537 1441672 0025914 0025929 0026809 1511726 3245479 1518422 1547282
 0333262 1518422 0037993 0771377 1278932 1441672 0039597 1278981 1517673 0022646 0227665 1278978 1514845 1511726 3245479 1518422 1547282 0333562 0025914 0025929 0026809 0580836 1441672 1511726 3245479 1518422 1547282
 0039597 1278981 0333262 0162597 0035696 0085202 0052209 1518422 0025914 0025929 0026809 0332239 0442726 1511790 1511726 3245479 1518422 1547282
 0010834 0007634 3282337 0597879 1441672 0039224 1706073 1706074
 1517480 1521871 1705759 0599161 0349966 1337208 1547282 1514468 0023884 0736268 1278929 1301820 2346688 0038351 1278920 1517454 0021852 1268998 1519375 0040408 1278913 0444099 1123023 1278993 0037993 0771377 1278932 0001625 1268989 1515890 1285092 0039597 1278981 0006104 1269537 0022646 0227665 1278978 1514845
 1514468 1277697 0018787 1281570 1301820 0370003
 0449911 0333052 2607870 0557702 1272706 1704674 0557702 1272706 1704674
 0200931 0599161 0002778 0032520 0677874 0936012 1524024 0040300 0025914 0025929 0026809
 1514468 0040300 1301820 0018787 0332128 1281570
 0369637 0441923 0005516
 1708639 1883676 0243148 0439178 1446409 1514241 1550141 1882979 2587213 2825490 3274648 0004793 0006556 0162326 0162327 1519249
 1708639 0023884 0736268 1278929 2346688
 1708639 0038351 1278920 1517454
 1708639 0021852 1268998 1519375
 1708639 0040408 1278913
 1708639 0444099 1123023 1278993
 1708639 0018787 1281570
 1708639 0037993 0771377 1278932
 1708639 0001625 1268989 1515890 1285092
 1708639 0039597 1278981
 1708639 0006104 1269537
 1708639 0022646 0227665 1278978 1514845
 0039224 1706073 1706074 1274040 1546471 2825142 0021044 0599161 0032520 0677874 0332239 0025914 0025929 0026809
 1511790 0040300 0949466 0002778 0936012 1524024 0600209 1704732 1264633 0443289 0175723 0026691 1705240 1839259 0021852 1268998 1519375 0038351 1278920 1517454 0349966 1337208
 0026385 0043100 1521991 0085202 0003592 0052209 0003591 0348078 0376315
 0040408 1278913 0596973 0085202 0442726 1511790
 0596973 0085202 0018787 0442726 1281570 1511790
 1265611 0005767 0005768 0229664 2987476 0031001 1518422 0441648 0205197
 0449911 0333052 2607870 0557702 1272706 1704674 0557702 1272706 1704674
 0949466 1514534 0002778 0936012 1524024 0040300 0025914 0025929 0026809
 1708639 1449651 0225328
 1264633 0023884 0205409 0736268 1278929 1548221 2346688 1708639 0021852 1268998 1519375 1708639 0444099 1123023 1278993 1708639 0038351 1278920 1517454 1708639 0040408 1278913 1708639 0018787 1281570 1708639
 0596448 0085202 0052209 0003592 0003591 0336721 0040300 0442726 1511790 0040408 0332128 1278913 0018787 1281570
 0231448 1880641 0023821 0023820 0178587 0205250 1299351 2700149 0021135 1533691 2827718 1449651 0225328 0085202 0052190 1412477 0003592 0003594 0052209 0441730 0444967 0003591 0332296 0332307 1439852 1547052 1880497 1996904 0442805 0033727 0349966 0369286 0441932 0564385 1337208 1441672
 0442805 1441672 0023821 0023820 0178587 0205250 1299351 2700149 0205409 1335648 1548221 1824685 2697937 2350641 0025914 0025929 0026809
 0085202 0003592 0003593 0052209 0441730 0003591 0332307 1439852 1547052 0392756 0547047 1441672
 0449911 0333052 2607870 0557702 1272706 1704674 0557702 1272706 1704674
 0022702 0220865 2825046 0023821 0023820 0178587 0205250 1299351 2700149
 0449247 0040223 0750729 3541383 0589507 1158830 1704686 0443286 1114821
 0439962 0332256 2700400 0439297 0441730 0085202 0052209 0003592 0003591 0441730 0085202 0052209 0003592 0003591 0023821 0023820 0178587 0205250 1299351 2700149 0023821 0023820 0178587 0205250 1299351 2700149 0991865 0006353 0031603 0031701 1601799 1882074 0020283 0450407 0450408 0450409 0041942
 0520510 0023866 0034036 1519595 0040300 0070066 0231441 0443218 2827483 0085185 0030415 1707903
 0035696 0085202 0052209 0023884 0205171 0736268 1278929 1518422 1720467 2346688 0038351 1278920 1517454 0021852 1268998 1519375 0040408 1278913 0444099 1123023 1278993
 1268649 0037088 0243095 2825141 1947933 0332196 2828389 0392360
 1710082 0031082 0234621 0205155 1293097 1522472 1552923 1705191 0040300 1547928 0182400 1704681 2347609 3536729 1511726 3245479 1518422 1547282
 1711411 0392148 0040300 0025914 0025929 0026809 0200931 0599161 0002778 0032520 0677874 0936012 1524024 1524063 0206415 0085202
 1274040 1546471 2825142 0183683 1521721 1707478 0020202 1300517 0037083 0007634 1710082 3282337 0205369 1552740
 1883712 0392148 0086418 0242356 0993637 1555015 0023884 0736268 1278929 2346688 0037993 0771377 1278932 0024109 0039597 1278981 0022646 0227665 1278978 1514845 0032043 1278988 1550656 0016976 1269001 0039194 0007634 1879547 3282337 0026769 1417325 0036429 0439064 1711411 1515670 0185117
 0035696 0085202 0052209 0597879 0085202 0052209 0205397 0227525 0023884 0736268 1278929 2346688 0596155 0007634 0205112 3282337 0524987 0814996 0007634 1516470 3282337 0596155 0221910 0007634 0205112 3282337 0040408 1278913 0677646 0007634 3282337 0814997 1182624 1179149 0596155 0007634 0205112 3282337 3496194 0221971 0039224 1706073 1706074
 0085202 0052209 0004093 1762617 0524987 0814996 0007634 1516470 3282337 0677646 0007634 3282337 0814997 0750591 0007634 3282337 1327616 0085202 0052209 0003592 0003591 2936320 0220781 1883254
 2607943 2926606 3539655 0443289 0085202 0052209 0003592 0003591 0040300 1517058 1883254
 0033684 0085202 0052209 0007634 1883254 3282337 0227525 0035820 1706803
 0333562 0040300 1441672 0085202 0003592 0052209 0003591 0007634 0587267 3282337 0038351 1278920 1517454 0021852 1268998 1519375 0040408 1278913 0444099 1123023 1278993
 0314672 1883351 3161035 0205170 3146287 0022702 0220865 2825046 0002726
 3161035 0205448 0332529 0585064 1067936 0683454 0021966 0221138 1979936 0585064 1067936
 0205390 3640815 3544412 0220781 0439634 1522492
 0441712 1706376 1518422 0027552 0686904 0596973
 0949466 0002778 0936012 1524024 0005863 0443289 1265611 0007634 3282337
 1720092 1948045 0007610 0205431 1883712 1449651 0002716 0011560 0225328 0231448 0439831 0611285 1274040 1546471 1880641 2825142
 0037088 0243095 2825141 0178784 0184047 0085202 0540214 0003592 0003591 0052209 0065058 0125953 1096202 1705535 0085202 0052209 0003592 0003591 1145667 1167622 0231448 0439792 1449651 0225328
 1707455 0085732 0085202 0052209 0003592 0003591 0023821 0023820 0178587 0205250 1299351 2700149
 0085202 0052209 0003592 0003591 0225328 1948066 0023821 0023820 0178587 0205250 1299351 2700149 0349966 1337208 1518422
 1274040 1546471 2825142 1705535 0033684 0085202 0052209 1883254 1517927 1880177 0439092 0547044 0449719 1709471 1979936 0231448 1880641
 0027552 0686904 1517331 0557651 0947630 2603343 1883351 1265611 0220781 1883254 0011560 1705760 0333562
 0033684 0441730 1280500 0268406 0002726
 0025914 0025929 0026809 0080194 0456178 1518614 2987481 0033684 0441730 0683150 0086045 0268406 0002726 0392079
 0736268 0040300 1547928 0441889 0013682 0597295 0038164 0033684 0220781 1883254 1705242 0441730 0085202 0052209 0003592 0003591
 0681814 1706386 0227525 0007634 3282337 0035696 0085202 0052209 0445247 1441672 1705241 1705242 0037083 1710082 0025914 0025929 0026809 0039224 1706073 1706074
 0522510 0227525 0035696 0085202 0052209 0522501 0025914 0025929 0026809 0205216 0392756 0442797 0580836 0025914 0025929 0026809 0332239 1707455
 0332290 0441712 1706376 1518422 2963144
 0557651 2603343 1710082 1514468 0006104 1269537 1301820 0037993 0771377 1278932 0024109 0819757 1278908 0039597 1278981 1518422 0243095 0162597 0039597 1278981 0039224 1706073 1706074
 0162597 0007634 3282337 1327616 0301818 0019932 0038317 0243144 0347980 0332256 2700400 0085202 0003592 0052209 0003591 1273518
 0947630 0027552 0686904 1883351 0085202 0052209 0003592 0003591 0040300 1883254
 0035696 0085202 0052209 0018787 0205397 1281570 1705535 0085202 0052209 0003592 0003591 1518422 0040300 1547928 1883254
 0027061 0333562 0085202 0003592 0052209 0003591 0175630
 0150312 0449450 0557651 2603343 0185117 0007634 0442726 1511790 3282337 0334094 1514485 0205177 0439167 0441655 1561536
 1879787 2699511 0038351 1278920 1517454 0444099 1123023 1278993 0040408 1278913
 0018496 0814995
 0007634 3282337 1516470 0205615
 0021852 1268998 1519375 0677646 0007634 0814997 3282337 0679006 1947967 0007634 3282337 0227266 0021853 0560560 0578671 1269909 1299988 1519988 1704458 2699029 0007589 1511938 2945687 0014609
 1292711 1178969 0449719 1709471 0035696
 0037088 0243095 2825141 0332290 0332529
 0332281 0007589 1511938 2945687 0427861 1510779 0007634 1269647 1704653 1948049 0684224 0700287 3496591 0439090 1423767
 1274040 1546471 2825142 1883727 1883357 1705535 0185117 0332281 0699040 0007634 0085732 3282337 0205615
 1707478 0162788 0444498 0020202 1300517 0947630 0085202 0052209 0003592 0003591 0040710 0023884 0205171 0736268 1278929 1518422 1720467 2346688 0040300 1517058 0332257 0038351 1278920 1517454 0021852 1268998 1519375 0040408 1278913 0444099 1123023 1278993
 2607943 2926606 3539655 1156530 0025519 0025520 0543483 0699748
 0080103 0869014 0007589 0007613 0230625 1184743 1522240 1705535
 0018173 0018896 0449435 1521721 3540469 0683933 0035168 0036397 0242481 0205146 0683933 0035168 0036397 0242481 2347469 0013621 0013622 0013658 0039401 0036397 0038039 1552306 0010453 0220814 0430400 2242979 0018173 1515981 1548284 0018684 0037440
 0034036 0034037 1514756 1704324
 0450355 1272684 1548435
 0023866 0034036 0520510 0023866 0034036 0033727 0369286 0441932 0564385 0033727 0369286 0441932 0564385 0020792 0205396 0858451 0020835 1167408 2825347 0021027 1621846 0086597 3546326 1879547
 0005477 0025141 0019202 0332135 1862191 3538902 1708595 3280986 0012836 0546866 0085201 0003592 0003591 0021966 0221138 0392756 0547047 1622271 0033268
 0023779 2347379 0000857 0600678 1552863 0597277 1708601 0021966 0221138 0369637 0441923 0597277 1708601 0011560 1705760 0333562 0001483 0001486 0086597 0127400 1260953 1514559 1552907 0085202 0002723 0052209 0003592 0003591
 0022337 0039676 2349943 3539704 0019046 1708595 3280986 0185117 0085202 0052209 0003592 0003591
 0023779 2347379 0000857 0600678 1552863 1420068 1704675 0009545 1167383 0025255 0277793 0439855 0596901 1261512 1304680 1704241 1706182
 1510827 1413029 3540507
 0201682 0021966 0062124 0221138 0085201 0003353 0003504 1424250 2698414 0030685 0391871 0439180 0680255 1283071 1963578
 0441472 3266814
 1315013 0025141 0597277 1708601 0369637 0441923 0025914 0025929 0026809 0231337 0521110 1999167
 0025663 0025664 0449851 0025141 0597277 1708601 0033727 0369286 0441932 0564385 0597277 1708601 0597277 1708601 0033727 0369286 0441932 0564385 0243107 0678723 1527148 0206243 0657049 0085202 0052209 0003592 0003591 0032105 0441889 0456079 1547707 1550098 2946261 0456389
 0025141 0597277 1708601 0597277 1708601 0033727 0369286 0441932 0564385 0597277 1708601 0369637 0441923 0032529 1882417 0085202 0052209 0003592 0003591 1512692 0080194 0456178 0025914 0025929 0026809
 0025141 0597277 1708601 0597277 1708601 0071995 1449651 0225328
 0025141 0597277 1708601 0597277 1708601 0369637 0441923 0597277 1708601 0002716 0011560 0611285 0033684 0040300 0178784 0025663 0449851 0871511
 0022877 0025141 0597277 1708601 0033727 0369286 0441932 0564385 0597277 1708601 0369637 0441923 0268406 0002726 0392079 0002726 0150312 0449450 0268380 0268381 0281479 0001779 0002726 0205373 0332281
 0230467 0741204 0597277 1708601 0033727 0369286 0441932 0564385 0597277 1708601 0033727 0369286 0441932 0564385 0597277 1708601 1445865 0017337 0085202 0052209 0243107 0678723 1527148 0231337 1999167 0206243 0657049 0085202 0052209 0003592 0003591
 0022877 0025141 0597277 1708601 0597277 1708601 0033727 0369286 0441932 0564385 0851827 1701901 3244310
 0022877 0025141 0597277 1708601 0597277 1708601 0369637 0441923 0369637 0441923 0243114 1998793 1880022 0229671 1546774 1550100

 0201682 0033727 0369286 0441932 0564385 0597277 1708601 0268406 0002726 0392079
 3642216 3538933 1861696 0022337

 0043038 1552154
 0007634 1269647 1704653 1948049 0025141 0033727 0369286 0441932 0564385 0369637 0441923 0597277 1708601 0597277 1708601 0002726 0002722 1456454 0003595 0003591 0011155 0025914 0025929 0026809 0205263 1636779
 0000857 0600678 1552863 0392747 1554963 0085202 0052209 0003592 0003591 1622984 0220781 1883254 1707455 0052190 0003594 0052191 1609817
 0005477 0010423 0002716 0011560 0611285 0441712 1706376 0036457
 0007634 1269647 1704653 1948049 0025141 0369637 0441923 0017262 0185117 0376358 0600139 2984325 3541264 0006826 0033572 0998265 1278980 1306459 0162788 0444498 0020202 0443289 1300517
 0006826 0998265 1306459 2347379 0000857 0600678 1552863 0597277 1708601 0033727 0369286 0441932 0564385 0597277 1708601 0547047 0871208 1521828
 0022877 0025141 0205090 0684010 2603358 0051781 0002716 0011560 0611285 1521761 2827422 2349975 2987476
 0051781 0002716 0011560 0611285 1521761 2827422 2349975 1551338
 1417055 1315013 0740116 2827735 2981700 0039247 1261082 1551056 2981682 0369637 0441923 0314604 1445865 0017337 0085202 0026559 0029237 0029246 0220885 1300196 1522486 2945843 0205145
 0028606 0001128 0007610 2347379 0000857 0600678 1552863 0597277 1708601 0597277 1708601 0439254 0033727 0369286 0441932 0564385 0597277 1708601 0597277 1708601 0597277 1708601 0002778 0936012 1524024 1519606 2986594 3161035 0025936 0751448 0152025
 0000857 0600678 1552863 0597277 1708601 0033727 0369286 0441932 0564385 0009017 0009015 0004793 0028630 0162326 0162327 1519249 1456454 0033684 1555721 1706204 0085202 0003592 0052209 0003591 0006556 0025914 0025929 0026809 0150312 0231337 0521110 1999167
 0028606 0001128 0007610 2347379 0000857 0600678 1552863 0369637 0441923 0369637 0441923 0185117 0282560 0007634 3282337 0678226 1156187 0008546 0029237 0029246 0220885 1300196 1325550 1522486 3146286
 0007634 1269647 1417055 1704653 1948049 2347379 0025141 0369637 0441923 0369637 0441923 0597277 1708601 1148636 0023779 0243122 1145667 1167622 0871161 1292721
 0025141 0033727 0369286 0441932 0564385 0597277 1708601 0369637 0441923 1148554 0021135 1533691 2827718 1524063 0016320 0013343 0076466
 0003461 2939124 0025141 0033727 0369286 0441932 0564385 0597277 1708601 0597277 1708601 0002778 0936012 1524024 0021135 1533691 2827718
 0022877 0450385 0025141 0033727 0369286 0441932 0564385 0597277 1708601 0597277 1708601 0679560 0796344 0002778 0936012 1524024
 0022877 0450387 0025141 0033727 0369286 0441932 0564385 0597277 1708601 0369637 0441923 0025519 0025520 1706803
 0000894 0025914 0025929 0026809 0231337 0521110 1999167
 0000857 0600678 1552863 0268060 1415529 0205448 0006159 0008051 0677521 1365945 1704650 0012655 0220898 1264642 1547045 0080194 0456178 1518614 2987481 0038404 0085494 0700364 1883351 0683436 1419798 1419799 1424886
 3538806
 0002716 0011560 0611285 0002726
 0027976 0205314 0033727 0369286 0441932 0564385 0439267 0600209 0013862 0037506 0058632 0071500 0596607 0074769 0201719 1514721 2348147 3542016 2827734 2981698 1532717
 0003461 2939124 0025141 1549972 0002726
 2347961 0025141 0035190 0546866 0035978 2700310 1280500 0597191 0243071 0597551
 0042762 0205466 0025141 0597277 1708601 0369637 0441923 0597277 1708601 0369637 0441923 0021067 0449851
 0000857 0600678 1552863 0369637 0441923 0369637 0441923 0597277 1708601 0597277 1708601 0597277 1708601 0002726 0025914 0025929 0026809 0231337 0521110 1999167
 0001811 0450348 0025141 0597277 1708601 0033727 0369286 0441932 0564385 0597277 1708601 0369637 0441923 0597277 1708601 1327341 1159402 0851285 1327622 0085202 0052209 0003592 0003591
 0025141 1511325 0205216 0392756 0442797 0023822 0023821 1522133 0065055 0008377 0023820 0178587 0205250 1299351 2700149 0449297 1382187 2825073 0020517 0520946 1705535 0035820 1705810 1531719 0012655 0220898 1264642 1547045
 0041703 0268596 1418943 2700624 3642273 0543483 0699748 0162340
 0025141 2246761
 2827734 2981698 0025141 0597277 1708601 0016327 0439133 1553038 1334043 2697616 0150312 0449450 1456454 0033684 0085202 0052209 0003592 0003591
 0025141