 1880022 2349977 0086345 0796361 2827447 0004352 0008633 0017296 0314603 0557651 1512888 1513822 1521991 1720176 1720294 1880171 2603343 1514756 0439084 0728893
 1527075 1272684 1548435 0740116 2827735 2981700
 0520510 0025663 0025664 0449851 1514811 1706462 0004352 1535926 0012634 0599855 0314657 0012655 0017296 0220898 0314603 0439855 1527178 1704241 1874451
 0017446 0205147 0796361 0008633 0043194 0258432 1421478 0023745 0086345 2827447 0199236 0870545 0004352 0015576 0017296 0205171 0314603 0557651 1512888 1513822 1521991 1704727 1720467 1880171 2603343 0332120
 0220908 1305399 1705053 0150312 0332120 0017446 0205147 0796361
 1517331 1883351 1708726 0796345 0002778 0023745 0936012 1524024 1948052 0086345 2827447 0199236 2348557 0870545 0004352 0015576 0017296 0205197 0314603 0557651 1512888 1513822 1521991 1704727 1880171 2603343
 1524063 1415284 2348395 2825313 0002778 0936012 1524024 2825412 0556656 1512693 0243161 0023956 0449820 0806909 1552615 2247199 2826546 1274040 1546471 2825142 0002778 0936012 1524024 2825412 3146294 0023956 0449820 0806909 1552615 2247199 2826546
 0037047 1709450 0023745 1880177
 0017446 0205147 0444505 0023745 0205108
 1274040 1546471 2825142 0449719 1521721 1709471 2607943 2926606 3539655 1556085 0015576 1704727
 0520510 0025663 0025664 0449851 1514811 1706462 0004352 1426941 1836348 1535926 0012634 0599855 0684336 1880022 2598156 0037420 0728831 1704675 0009452 0443288 0449774 0441655 0332162 0439234 0001779
 0041427 0205173 0199236 0947630 0220908 1305399 1705053 0332185 0205197
 0033204 0332148 1314939 0017446 0205147 1552961 2347617 0008633 0008667 0008633 0017446 0205147 0796361 1947971 0023956 0449820 0806909 1552615 2247199 2826546 0023956 0449820 0806909 1552615 2247199 2826546
 0441833 0687744 1257890 1552516 1552839 1705428 1705429 0332120 0796361 0015576 1704727 0439084 0728893 0282443 0452875 1123019 1145701 1709940 3496086
 0684224 0700287 3273238 1517331 0043227 1883351 0450429 1515974 0796361 1412700 1968924 0332257 1883712 1283195 0178587 0205250 1299351 2700149 0005516 0947630
 0520510 0025663 0025664 0449851 1514811 1706462 0552502 0020792 0205396 0185125 1883351 0015576 1704727 0439175 0439810
 1552616 1706244 0557092 0015576 1522508 1561567 1704727 0039224 1706073 1706074 1999230
 0027361 0237401 0007457 0043157 0439073 0439082
 0015576 1704727 0205145 0454664 0011318
 0016674
 0017480
 0027778

 0019994 1510665 0023973
 0021622 1272753 0023973


 0041703 0008044


 0027361 0237401 1516050 1552601 0449438
 1524084 0441729 0332307 0868928 1547052 1706255 1706256 0332140 0011900 0205210 1704338 1704656 1527075 0004352 0011900 0086960 0302523 0348026 0700325 1964257 0085155 0004352 0011900 0086960 0302523 0348026 0439267 0700325 1964257 0243161 0019664 0019665 0262512 0262926 1705255 2004062 0582578 1282910 1552828
 0027361 0237401 1524084 0441730 0332307 0868928 1547052 1706255 1706256 0332140 0011900 0205210 1704338 1704656 0338986 0004352 0236792 0039082 0524528 0008073 0012634 0205391 0458003 0678723 0679228 0004352 0011900 0086960 0243161 0302523 0348026 0439267 0700325 1964257 1550543 0524528 0008073 0012634 0205391 0458003 0678723
 1514873 0582578 0027361 0237401 0683607 1883351 0085639 0238715 1552961 2347617 2986890 1880389 1883221 3541951 0004352 0011900 0021822 0332285 0348026 0935630 1527075
 0027361 0237401 1524084 0441731 0332307 0868928 1547052 1706255 1706256 0332140 0011900 0205210 1704338 1704656 0524528 0008073 0012634 0205391 0458003 0678723 0679228 0243161 0231175 1883351 1550543 0679228 0243161
 1550543 1527075 0199182 0679228 0243161 1518422 1441526 1880157 0085639 0238715 0205101 1514721 2348147 3542016 0027361 0237401
 0080103 0205345 0392760 1314939 1547039 1709450 0243161 0441729 0332307 0868928 1547052 1706255 1706256
 0080103 0205345 0392760 1314939 1547039 1709450 0027361 0237401 1524084 0441730 0332307 0868928 1547052 1706255 1706256 1709450 0205451 1709450 0243161 0205448 1709450 0243161
 0237753 0439175 0439810 0449788
 0679228 0243161 0015576 1704727 0034036 0034037 0205313 0332257 1704324 2347409 3538986 1948052 1554077 2828389 0027361 0237401 0746940 1521801 0004352 0011900 0086960 0302523 0348026 0700325 1964257 0002045 1553907 0746940 0027361 0237401 1518422 0033920 0039593 0392366 3242339
 0449911 0039224 1706073 1706074 0557702 1272706 1704674 0557702 1272706 1704674 0039224 1706073 1706074
 0678257 0556656 1512693 0243161 1285573 1274040 1546471 2825142
 0010992 0242239 0796345 0023745 0002778 0936012 1524024 0037047 1709450 0028574 0015576 0521447 1704727 0884358 1524063 0332287
 0200867 0002778 0936012 1524024 0017428 0220908 1273517 1305399 1705053 2338314 3146294 0023956 0449820 0806909 1552615 2247199 2826546 0332287 2247199 1414789
 0023956 0449820 0806909 1552615 1707455 2247199 2826546 0332287 2247199 1301820 0205108 0028574 0015576 0521447 1704727 0034037 1704324
 0002778 0936012 1524024 1521721 1274040 1546471 2825142
 0005516 1547282 0205419 0444504 2347634 2348143 1514721 2348147 3542016 0242618 0456389 0444504 2347634 2348143 1514721 2348147 3542016 0205163 0439185 0206243 0699809 1524063
 0012751
 1705175 1705176 1705177 1705178 1882348 0205419 1415284 2348395 2825313 3146294
 0178587 1547282 1883351 2828366 1533716 1280500 0743559 1719039 0024779 1706473 0205250 0545082 1299351 1512346 1514893 1706463 1947978 2699488 2700149
 0005516 0034037 1704324 1707391 1527178 1705938 1883351 1947971 0005516 0242618 0370003 0439083 0439087 0444504 0456389 1280519 1704419 2347026 2347634 2348143
 0796345 1303103 0002778 0023745 0936012 1524024 2825412 1524063 0024779 1706473 3146294 0023956 0449820 0806909 1552615 2247199 2826546 0332287 2247199
 0424215 2003939 0680043 0237876 0037047 1709450 0033204 0237876 0750572 1527178 1705938 0017446 0205147
 1883351 1880177 0796361 0002778 0936012 1524024 0242538 0680240 0728826 0884358 0002085
 1707455 0443289 0237881 0750502 1546944 0369773 2603361 0036866 1705241 1705242 0237876 0017446 0205147
 0441889 0449286 0542560 1561545 2348088 1444656 0038347 1184743 1522240
 0002778 0936012 1524024 1524063 1547282 0023956 0449820 0806909 1552615 2247199 2826546 0023956 0449820 0806909 1441547 1552615 1707455 2247199 2826546 3245521 1708726
 1524063 0005516 0679201 0237876 1274040 1546471 2825142 1705242 0036866 0369773 2603361
 1274040 1546471 2825142 3146294 1524063 0005516 0023956 0449820 0806909 1552615 2247199 2826546 2827734 2981698 0005516 0039224 1706073 1706074 1547282
 0019425 0237876 0750572 0242618 0456389 0005516 1547282
 0680220 0332290
 0005516 0023956 0449820 0806909 1552615 2247199 2826546 0740116 2827735 2981700 0023956 0449820 0806909 1552615 2247199 2826546 0740116 2827735 2981700 0369773 2603361 0023956 0449820 0806909 1552615 2247199 2826546 0740116 2827735 2981700 0369773 2603361 0005516 0023956 0449820 0806909 1552615 2247199 2826546 0439086 2827736 2981702 0023956 0449820 0806909 1552615 2247199 2826546 0439086 2827736 2981702 0369773 2603361
 1274040 1546471 2825142 1880177 0205134 0237876 0005516
 0449911 0039224 1706073 1706074 0557702 1272706 1704674 0557702 1272706 1704674 0039224 1706073 1706074
 0005516 2827734 2981698 1524063 0205313 1515981 2347409 1708726 1274040 1546471 2825142 1515021 0015576 1704727
 1883351 0010992 0002778 0936012 1511726 1524024 3245479 1883351 0449416 0002778 0936012 1524024 0028574 0015576 0521447 0884358 1704727 0332307 1547052 0037047 1709450 0349966 1337208
 0002778 0936012 1524024 2825412 1524063 1415284 2348395 2825313 1547282 0332120 0017446 0205147
 2700186 0037047 0392760 1314939 1709450 3146294 0023956 0449820 0806909 1552615 2247199 2826546 0332287 0439073 0439082 2247199
 0002778 0936012 1524024 2825412 0556656 1512693 0243161 2700185 1709450 0441730 0023956 0449820 0806909 1552615 2247199 2826546 1274040 1546471 2825142 0332287 2247199
 0449911 0333052 2607870 0557702 1272706 1704674 0557702 1272706 1704674
 0205134 3146294 3161035 1711260 2348152 0024779 1706473
 0023956 0449820 0806909 1552615 2247199 2826546 0005680 0027567 0085756 0439541 1547282 1709450 0332575 1260956 1547282 0205195 1947911 1709450 0441730 1260957 1547282 1709450 0332583 1547282
 0750927 2700051 0733755 0037817 0023015 0012634
 0021118 0017446 0205147 1555715 1704332 0332256 2700400 1272677 1417122 1413611
 0037047 1709450 0441835 2826346 0679991 0441833 0687744 1257890 1552516 1705428 1705429 1882932 0032659 1257890
 1524063 0023956 0449820 0806909 1552615 2247199 2826546 0332287 2247199 0005516 3146294 0037047 1709450 0023745 1880177 1274040 1546471 2825142 1511726 3245479 0684224 0700287 3496591
 0947630 1705535 0004352 0454651 0023015 0023008 0205369 0684336 1552740 0015127 1314792
 0392366 1512571 0023745 0017337 0449234 1704772 1882133 1273518
 0037047 1709450 0027361 0237401 0023012 0205421 1705313 0600665 0037047 0205171 0205452 1709450 1720467 0027361 0237401 0023012 0205421 0558058 1512693 0243161
 1524063 0023956 0449820 0806909 1552615 2247199 2826546 0332287 2247199 0005516 3146294 0037047 1709450 0027361 0237401 0023012 0205421 0558058 1274040 1546471 2825142 0037047 0392760 1301820 1314939 1709450 0023745 0332281 0205171 0449719 1709471 1720467 0019664 0019665 0262512 0262926 1705255 2004062 0023012 0205421
 0002778 0936012 1524024 1524063 0332287 0332256 2700400 0080103 0205345 0392760 1314939 1547039 1709450 3146294 0023956 0449820 2247199
 0023746 0023745 0281825 0394006 1883351 0008300 1707391 1274040 1546471 2825142 0023746 0449450
 0033213 1706387 0002778 0936012 1524024 1274040 1546471 2825142
 1511726 3245479 0449450 1882932 1264625 1709380 0042295
 0017381 0004083 0022885 0392366 0439849 0596306 0699792 0205265 0884358 1524063 0022885 0039593 0040722 0242781 0281825 0392366 0394006 1521797 0008670 0008633 0037047 1709450
 0005516 1709380 1264625 0205396 1522609 1550043 1551388 0369773 2603361 0369773 2603361 1272706 1552654 1552713 1947971 1709380 1522609
 0242485 0037047 0524528 0008073 0012634 0205391 0458003 0678723 0369773 2603361 0369773 2603361 0369773 2603361 0009932 0015576 0441835 0243148 0441833 0687744 1257890 1550141 1552516 1704727 1705428 1705429 1882979 2587213 3274648 0369773 2603361 0369773 2603361 0369773 2603361 1547282 0332120
 0005516 0205103 1548610 0012751 1519042
 0005516 0005516 1547282 0332120
 0005516 0443203
 1274040 1546471 2825142 0005516 0683443 0040722 0242781 0281825 0392366 0394006 1521797 0017381 0370003 2347026 0017480 0039593 0392366 2827447 0557651 2603343 0332281 0002085 0002085
 0040722 0242781 1521797 0444686 1441506 1443182 1524063 0039224 1706073 1706074 1547282
 0370003 2347026 0370003 2347026 0027361 0237401 0332529 0556656 0679228 0243161 0023012 0019664 0019665 0023008 0205421 0262512 0262926 1515981 1705255 2004062 0027361 0237401 0332529 1550543 0679228 0243161 1547282 0023012 0205421
 1547282 0332120 0370003 2347026 0369773 2603361 0450305 0369773 2603361
 1547282 0332120 0370003 2347026 0332120 0370003 2347026 0237753 0449788 0700321
 0002085 0005516 1547282 0004083 0439849 0596306 0699792 0369773 2603361 0015576 1704727 0041703 1301808 0166872 0335326 1306756 0086792 0009452
 0040722 0242781 1521797 1273937 0237881 0750502 1546944
 1274040 1546471 2825142 0034037 1522508 1561567 1704324
 0449911 0039224 1706073 1706074 0557702 1272706 1704674 0557702 1272706 1704674 0039224 1706073 1706074
 1552616 1706244 0015576 1704727 1705175 1705176 1705177 1705178 1882348 0017446 0205147 0086345 2827447 0004352 0015576 0017296 0150312 0314603 0332285 0557651 1512888 1513822 1521991 1704727 1880171 2603343 0162326 0205341 1547730 1705914 0230171 0005516 1883351 1882417 0205396 1550043 1551388 0004793 0017428 0162326 0162327 0887950 1519249 0017446 0205147 1555015
 0733755 0080103 0205345 1547039 0443211 1272684 0332149 1705910 2362652 1511726 3245479
 0206415 1707689 2983265 0230171 0205341 1705914 0332307 1547052 1552738
 0332120 0442726 1511790
 1511726 3245479 0017446 0205147 1282914 0005516 1519302 0205108
 0023746 0023745 0281825 0394006 0444686 1441506 1443182 0005516 1883712 0028574 0086345 2827447 0004352 0015576 0017296 0314603 0332285 0521447 0557651 1512888 1513822 1517331 1521991 1704727 1880171 2603343
 1548228 1274040 1546471 2825142 0039224 0449450 1706073 1706074
 1547282 0004083 0439849 0596306 0699792 0369773 2603361 0369773 2603361 1274040 1546471 2825142 0205166 1706317 1521721 0369773 2603361
 0332120 3274499 0040722 0242781 1521797 0002085 0369773 2603361 0337493 0369773 2347452 2603361 3274499 0040722 0242781 1521797 0039224 1706073 1706074
 0005516 0205107 0444505 0023745
 0337493 2347452 0015576 0030705 0205229 0205397 0370003 0481462 1313913 1556085 1704727 2347026 0369773 2603361 0337493 0369773 2347452 2603361 3274499 0040722 0242781 1521797
 0449911 0039224 1706073 1706074 0557702 1272706 1704674 0557702 1272706 1704674 0039224 1706073 1706074
 0040722 0242781 1521797 1524063 0449911 0039224 1706073 1706074 0557702 1272706 1704674 0557702 1272706 1704674 0039224 1706073 1706074
 0040722 0242781 1521797 1524063 0015576 1704727 1273937 0237881 0038215 0205452 0750502 1518422 1546944 0005516 1547282 1521798 0369773 2603361 0040722 0242781 1521797 0002085 0017446 0205147
 1519302 0009013 0017428 0205409 0441587 0549177 0887950 1548221 1743766 1883719 1283195 1332838 0017337 0017446 0205147 1547282 0332120 0150098 1706233 0036849 1442518 1511726 1705195 3245479 0037047 1709450 1511726 3245479 1518422 1547282
 0520511 1704711 0017446 0205147 0557651 2603343 1524063 0444686 1441506 1443182 1524063 0450348
 0023746 0023745 0281825 0394006 0017446 0205147 0442726 1511790 0002085 0028423 0028609 0332281 1513854 0005516 0369773 2603361
 0520510 0025663 0025664 0449851 1514811 1706462 0205232 0687757 0947630 1283195 0332120 1883712 1412700 1968924 0796361
 1512693 0015576 1704727 0005516 0444505 0205107
 0017446 0023745 0205147 0231448 0439792 0017446 0205147 0205396 0237753 0449788 0947630 1550043 1551388
 0557651 2603343 1299586 0012634 0439855 1704241 1710082
 3161035 1707391 1883351 1882932 0599883 1427926 1444656 0441889 0449286 0542560 1561545 2348088 0750572 0017446 0205147 1947971 0332120 0009673 0439828 0242960 0017296 0019409 0314603 0678227 0242568 1504315 1881451 2984804 1517945 0442726 0023745
 0557651 2603343 1516084 1883351 0449416 0039593 0392366 0023745 1444777 1534709 1881714 2347029 0370003 2347026 0454664 0023012 0023008 0205421 1515981
 0392360 1709450 0087130 0242618 0678226 0748864 0370003 0456389 0700321 2347026 2987476 3146286
 0683312 1555713 0332196 2828389 1709450 0027361 0237401 0542341 1709450 0524528 0008073 0012634 0205391 0458003 0678723
 0023956 0449820 0806909 1552615 2247199 2826546 0441729 0441730 0037047 0205397 0332307 0392760 0868928 1314939 1547052 1706255 1706256 1709450 0023745 0796361 0449432 1705248 0441730 0205397 0332307 0868928 1547052 1706255 1706256 0027361
 1512571 0441729 0441730 0002778 0332307 0868928 0936012 1521721 1524024 1547052 1706255 1706256 1709450 2825412 0015252 0728940 0037047 1709450 0332256 2700400 0027361 0237401 0332294 0442805 0678226 2937276 2945599 0023956 0449820 0806909 1552615 2247199 2826546 0439086 2827736 2981702 1709450 0439086 2827736 2981702 1709450
 0242618 0456389 0439801 1549649 2349209 0002778 0936012 1524024 0037088 0243095 2825141 0237506
 1303103 0002778 0936012 1524024 0454664 0079946 0439659 1550512 0023012 0023008 0205421 1515981 0231175 1883351 0443289 0449416 0557651 2603343 1273519 1547539 1518422 0205168 0332463 0333164 0803113 0807727 2827628 0017446 0205147
 0679083 1547282 0444505 1314792 0012634 0017337 0392148 1416989 0015127 1524003 1517001 1883351 0332464 0034656 0231239 0439605 0015127 0205171 0439044 0679994
 0441889 0449286 0542560 1561545 2348088 0015341 2700055 0015576 0080103 0205345 0231448 0231449 0439792 1516698 1547039 1704727 1704814 1709450 1547282 0015576 1704727 1517001 1883351 2986490 0237753 0449788 0027361 0237401
 0178587 0442805 0743559 1608199 1547282 1883351 0032863 0442726 0023745 1280500 0743559 0549193 0042295 0205082 0237753 0449788 1708726 1273517
 0015264 0743559 1608199 0332257 1285573 1524063 0042153 0457083 1947944 1524063 3242250 0042153 0457083 1947944 0743559 1608199 0750558 1710571 0015264
 0679199 1524063 0042153 0457083 1947944 0332232 0392752 0017337 0042153 0457083 1947944 1517888 0008630 1283195 0023746 0475264 1744691
 1274040 1546471 2825142 0017446 0205147 0015576 1704727
 1274040 1546471 2825142 0449719 1521721 1709471 2607943 2926606 3539655 1556085 0015576 1704727
 1979886 0543488 0392148 0017337 0796361 1705241 1705242 1280500
 1274040 1546471 2825142 1285553 0022885 0392366 0884358 0037088 0243095 2825141 1705535 1274040 1546471 2825142 0557651 2603343
 1883712 0231175 0332272 1883351 0017446 0205147
 0015031 0243103 0015576 1704727 0205452 0454664 0013113 0023746 0023745 0281825 0394006 0445247 1704970 0205423 1704787 0332120 1518422 0442726 1511790
 0947630 1444656 0439792 0439828 0439849 1705630 1706279 3540605 0012751 0023746 0023745 0281825 0394006 0814287 0960756 0237753 0449788 0549177 1521761 2827422
 0002778 0936012 1524024 0017446 0205147 1947971 1274040 1546471 2825142
 3178846 0026882 0871208 1521828 1705285 0424093 1881534 1517888 0008630 1283195 0449445
 0947630 1514873 2700055 1516698 1704814 1513822 1880171 0549178
 0543488 1316572 1317574 1369612 0332185 0557651 2603343 1708726 0023015 0012634 0750927 2700051 1953345 0796361 0008669 0814036 0008633 0017446 0205147 0024779 1706473
 0017446 0205147 0023745 1272706 1552654 1552713 0205396 0557651 1550043 1551388 2603343
 0237753 0449788 1705535 0454651 0023015 0023008 0205369 0684336 1552740 0004352 0015127 1314792 1518422 2963144 1274040 1546471 2825142 0449450 0449719 1709471 1882932 1280500 2348382 0543467 3241922 0205448 2362652 0017337
 1881534 0025663 0025664 0449851 0449445
 1552616 1706244 0557651 2603343 0183683 1521721 0796361
 1512693 0005516 1953345 0008633 0017446 0205147 0521116 0041666 0220908 0220909 1698960 1710031 1710477 0205419 0004352 0012634
 0520510 0520510 0025663 0025664 0449851 1514811 1706462 0015576 1704727 0020792 0205396 0025663 0025664 0449851 0086345 1273517 2827447 0004352 0017296 0314603 0557651 1512888 1513822 1521991 1880171 2603343 0869040 1524063 1522508 1552738 1561567
 0015576 1704727 2828386 0220908 1305399 1705053 0030551 1521801 1527075 0582680 0175659 0222045
 0702111 1516048 1524063 0004352 0011900 0086960 0302523 0348026 0700325 1964257 0004352 0011900 0086960 0302523 0348026 0439267 0700325 1964257
 0220825 1261322 0004927 1524063 1704639 1548787 0451147 0175659 0349674 1947916 3536777 0451373 0042927 0022885 0039593 0042926 0392366 0441468 0441469 0439509 0040712 0597295 1519614
 0031809 0205485 1509143 1883351 0332196 2828389 0015127 1314792 0041341 0036429 0439653
 0178913 0370003 2347026 1883727 0332149 1705910 2362652 1518469
 1883712 0682526 0007600 0007634 0205132 1269647 1704653 1948049 0023516 0229664 0005767 0005768 0205100 3146294 0218063 0449416 1705919
 0868928 1533148 0178913 0370003 2347026 1518422 1301820 0183753 1261188 1706070 1883727
 0370003 2347026 0470187 0030551 2699423 0015576 1704727 0015576 0030551 0439083 0439087 1515981 1704727
 0022526 0332149 1705910 2362652 0679560 0039593 0392366 0884358 0868928 1706255 1706256
 0000768 0000769 1554077 2828389 0868928 1706255 1706256 0015576 1704727 0015576 1704727 0868928 1515981 1533148 0015576 1704727 0027361 0205447 0237401 1554077 2828389 0015576 1704727 0015576 1704727
 0185027 1948020 0332257 0557651 2603343 3538986 0035168 0242481 0441833 0687744 1257890 1552516 1552839 1705428 1705429
 0679228 0243161 1552738

 1285573 3272453 0012854 0017428 0887950 0370231 1546552 1608383 1608936 0005767 0005768 0185115 0229664 0444667 3541890 0682526 0007600 0007634 0205132 1269647 1704653 1948049 0183753 1261188 1706070 1524063 1690540
 0205171 0868928 1533148 1720467 0183753 0563454 1261188 0012854 1514433 0206415 0231448 0332152 0740175 1517480 1521871 1705759 1880641 2257086 1335057 0392747

 0025663 0449851 0871511 0683230 0332152 0740175 1517480 1521871 1705759 2257086 0332294 0332462 0442805 0678226 1880834 0012854 1517480 1521871 1705759
 0018563 1281583 1552914 0150312 1883351 0456603 1610540 0183683 1521721 1285573
 0032520 0337112 1335439 1524075 0443286 1114821 1285573 0002778 0936012 1524024 0206243 0699809 0439787 0849355 1552738
 3272453 0012854 0017428 0887950 0032520 0677874 1273517 0332149 1705910 2362652 3178846 0871208 1521828
 0444499 0333052 2607870 0308839 0335141 1546507 1880355 1273517 1883351 1698986 0017431 1511726 3245479 1883351 0016094 0180853 1522646
 0017393 0600223 0017296 0314603 0005516 0439175 0439810 0008670 0008633 0017431
 0005516 0332257 3538986 0005516 0680220 0032529 0814229 0028630 0039644 1010255 1010292 0023745 0086418 0205099 0205341 1547730 1705914 1882154
 0032529 0587267 1283195 1514583 1332838 0017337 0017446 0205147 0887889 0887891 0020124 0872017 0008641 0008643 0178497 0243064 0008633 0017398 0017399 0023621 0030685 0032520 0035168 0086418 0205409 0220908 0220909 0242481 0391871 0439180 0521009 0677874 0680255 0751608 0872147 1283071 1548221 1698960 1710031 1710477 1963578 2004457 3494793 0020202 1300517 1524063 0025664 0449851
 1519302 0205396 1550043 1551388 0004793 0017428 0162326 0162327 0470187 0887950 1519249 1555015
 0019425
 1705175 1705176 1705177 1705178 1882348 0012751 0017296 0314603 0439064 0449416 0332257 1955973 0017429 0035172 0017428 0021622 0035168 0086418 0242481 1272753 2338314 3245503 1555015 1419208 0205099 1555015
 0868928 1533148 1705175 1705176 1705177 1705178 1882348 0814036 0017296 0024779 0314603 1706473 0599777 0024779 1706473 1273517
 0012751 0031809 0205485 1509143 1511726 3245479 0332232
 1705175 1705176 1705177 1705178 1882348 1283195 1711411 0206665 0872017 0008633 0036025 0043392 0043393 0717551 2004457 0009013 0017446 0205147 1522642 0031831 0332583 1707664 1999230 2348314 3540849
 0162326 1708200 2348184 0237753 0449788 1510755 1706078 0332256 2700400 0162326 0205341 1547730 1705914 0470187 1555015
 0020912 0524865 0884358 1524063 0333052 2607870 1883351 0034865 0237753 0441471 0442802 0449788 1283174 3541888 0026882 1705285
 0027361 0237401 0449820 2986904
 1883712 0026882 1705285 1511790 0333052 2607870 1273517 1883351 0743559 0026882
 1709697 2728259 3484370 0033204 0026882 1705285 1442162 1550718 3244317 1511726 3245479 0743559 0871208 1521828 1608199 0814036 0017296 0024779 0314603 1706473
 1547282 1883351 0521108 0332120 0017431 0150108 0150112 0743559 1555580 0332120 0023745 0150312 0449450
 1705175 1705176 1705177 1705178 1882348 1547014 1948059 0033204 1273517 1518601 1550456 0679083 0743559 0871208 1521828 1608199 0871208 1521828
 0743559 0205396 1550043 1551388 0005516 0024779 1273517 1706473
 0027361 0237401
 0868928 1533148 1709450 0037047 0015576 1704727 0033204 0037047 1611273 1709450
 2828391 1511726 3245479 0205265 1524063 1883351 0023956 0449820 0806909 1552615 2247199 2826546 0205119 0332149 1705910 2362652 0443288 1883351 1441506 0019425 1148554
 0796345 0002778 0023745 0936012 1524024 1524063 1533716 0884358 1524063 0683607 1524063 0042153 0457083 1947944 0332256 2700400 0037047 1709450
 0002778 0936012 1524024 0442796 0884358 1550602 3161035 1711260 2348152
 0036871 1367886 0680730 1274040 1546471 2825142 0444686 1441506 1443182 1524063 1518601 1550456
 0002778 0936012 1524024 0332256 2700400 0080103 0205345 0392760 1314939 1547039 1709450 1441526 1880157 1524063 2348149 2828391 0023732 3161035
 2348149 2828391 0028377 0332617 0205307 0439166 0520511 1704711 2347086 1547282 1883351 1947971 1274040 1546471 2825142 1511726 3245479 2986490
 0028574 0015576 0521447 1704727 0015341 0015576 0231448 0231449 0439792 1704727 0453882 1273517 0002778
 0004083 0022885 0392366 0439849 0596306 0699792 0017381 0008670 0008633 0884358 1524063 0022885 0039593 0040722 0242781 0281825 0392366 0394006 1521797
 0333052 2607870 1441506 0033204 0002085 0231441 0449438 0015576 1704727
 1274040 1546471 2825142 1947971 0079809 0242485 0042153 0457083 1947944 0037047 0028574 0015576 0521447 1704727
 0002778 0936012 1524024 1705175 1705176 1705177 1705178 1882348 0441730 0332307 0743559 1547052 1608199 0033213 1706387 0309049 0439178 0598312 1446409 1514241 1883725 2825490 1274040 1546471 2825142 0150098 0036849 1442518 1511726 1705195 3245479
 1511726 3245479 0449450 1264625 1709380 0042295 0750591 1705565 1947976 0005516 0238767 1706086 0441889 0456079 1515981 1547707 2946261 1511726 3245479 0085862 1299583
 0520511 1704711 0017446 0205147 0557651 2603343 1524063 0444686 1441506 1443182 1524063 0450348
 1533716 0332283 1719822 1709697 2728259 3484370
 1709697 2728259 3484370 1555015 0037585
 1555015
 1511726 3245479 1555015
 1511726 3245479 1555015 1419208
 0032520 0677874 1555015 3639708
 2827447 0557651 2603343 1555015
 0043227 1518422 0332149 1705910 2362652 0681850 1550501 1706203 2349001 2697811 0015576 1704727 0679924
 2986676 0009622 1140694 0183683 1521721 0851286 1947908 0871869 0439148 1519795 1704753 1880519 0018896 1552861 0018896
 0557651 2603343 0016820 0449719 1709471 0183683 1521721 0079816 1556038 0035168 0205476 0242481 1551807 0237935 3245466 0332030 0439073 0439082 3540513 3540513 0022277 0016617 0079816 1556038 0035168 0205476 0242481 1551807 0678530 0035168 0036397 0205296 0242481 1551807 0027468 0021622 1272753 0243107 0678723 1527148 0439084 0728893 1548698 0027468 0018684 0021622 3245503 0027468
 2346751 0369637 0441923
 1555015 0439148 1519795 1704753 1880519 0871869 0085142 0205099 0033872 0033873 0021622 1272753 0023973 0443030 0331925 0453375 0877799
 0205099 0041740
 0452875 1123019 1145701 3496086
 0026405
 0205099 0019994 1510665 0023973
 0558281 0205099 1293097 2919030 2919031 0086345 0017398 0017399 1521991 0019994 1510665 0023973
 0332583

 0439148 1519795 1704753 1880519 0205090 0684010 2603358

 1704729 0020008 0019994 0205246 1510665 1553889

 0205155 1293097 1522472 1552923 1705191 0036375
 0011198 0017480 3541240 0016327 0439133 1553038

 0019994 1510665 0332583
 0205099
 0022277
 1704729 0001583 0033872 0033873 0027778

 1513380 0002778 0936012 1524024 0017480 0369637 0441923

 0162568 1414438
 0005544 2717898 2718322 0017480

 1704729 0001583 0033872 0033873 0017480
 0166872 0016674 1823904
 0205099 0011318
 0005553 0041740 0011318

 0587482 1704729 0019994 1510665 0018226
 0587494 1704729 0008044 0041740 0008044 0041703 1422581 0335326 1306756
 0205099 0024015 0041703
 0205099 0557651 2603343 0041740 0205314 0041703
 0587466 1704729 0041740 0041703
 0439230
 0282413 0376649 1442065
 1510707
 0085142 0205099 0033872 0033873 0021622 1272753 0562547 3160718
 0254343 0796520 3272379
 0085205 1549619 1880669
 0013849 1705961

 0026405 0237935 3245466 0041740 0013126
 0254343 0796520 3272379
 0085205 1549619 1880669
 0013849 1705961 1514811 1706462 0520510 0025663 0025664 0449851 1514811 1706462 0021966 0221138 0369773 2603361 0369637 0441923
 0004352 0332120

 0025141 0369773 2603361 0033727 0369286 0441932 0564385 0453375 0877799 0369773 2603361 0369637 0441923
 0007328 0085973 0199236 0557651 2603343


 0033872 0033873 0025141 1553033 0439394 1706495 3642217 0439394 1706495 3642217 0021966 0221138 0439267 0369637 0441923
 0282476 1096782 0557651 2603343 0011318 0016132 0020750 0028423 0038995


 0033872 0033873 0025141 2827447 0557651 2603343
 0220908 1305399 1705053 0332120 0023745 0017446 0205147 0796361

 0027960 0324740 0439189 1456781 1824986
 0325074 1553033 0033727 0369286 0441932 0564385
 1517519 0017428 0034606 0332464 0441633 2338314 2826292
 0004352 0035168 0242481 0557651 2603343

 0027960 0324740 0439189 1456781 1824986
 0325074 0369718 0441922 1553036 0439394 1706495 3642217 0369718 0441922 1553036 2983612 0439394 1706495 3642217 0369773 2603361
 0220908 1305399 1705053 0332120



 0325074 0450385 0025141 0205090 0684010 2603358 0193959 2603360 2603360 0442999 1621797
 0220908 1305399 1705053
 0681804 0557651 2603343



 0325074 0025141 0439394 1706495 3642217 0439394 2603362 2603362 0369637 0441923
 2827447 0947630 0008670 0008633
 0887950 0025141 0452875 1123019 1145701 3496086 0443030 0026405
 0004352 0725066

 0027960 0324740 0439189 1456781 1824986
 0325074 1422581 1553033 0369637 0441923
 0004352 0011900 0021822 0348026 0935630 1527075 0333052 2607870 0085537 0027361 0237401 0524528 0008073 0012634 0205391 0458003 0678723


 0025141 1422581 1553033 0022418 0033727 0369286 0441932 0564385 0439394 1706495 3642217
 0004352 0011900 0086960 0302523 0348026 0700325 1964257 0302523 0700325 1964257 0037397 0004927 0728831 2707008


 0025141 1422581 1553033 0439394 1706495 3642217 0335326 1306756 0033727 0369286 0441932 0564385 1708595 3280986 0369773 2603361 0453375 0877799 0369637 0441923
 0085155 0079809 0242485 2987487 0332281 0004352 1883073 2827424


 0025141 0205090 0684010 2603358 2603362 0369718 0441922 1553036
 0392760 1314939 1272706 1283195 1552654 1552713 0680251 2828389 0518609
 0325074
 0025141 2983612 0369718 0441922 1553036
 0013194 2700580
 0439394 1706495 3642217 0369773 2603361
 0796345 0002778 0936012 1524024 0449445



 0325074 0025141 0369773 2603361
 0013682 0557651 2603343 1708726 1955333 0005516



 0325074 0025141 0369773 2603361
 0871161 1292721



 0325074 0025141 0205090 0684010 2603358 0016327 0439133 1553038 0556636 1269776 0443013 0919534 0369773 2603361
 0008630 1283195 0012634 1707959
 0325074
 0025141 0369773 2603361 0439267 0999213 0597277 1708601 2603362
 0004352 0023745 0183683 1521721 0454651 0023015 0023008 0205369 0684336 1552740 1515001 1511695 1314939 0796363



 0325074 0025141 0033727 0369286 0441932 0564385
 0332120 0031437 1285572 0004352

 3538926 0009753

 1419704
 0439394 1706495 3642217
 0004927 0677505 0454651 0023015 0023008 0205369 0684336 1552740

 3538926
 0009753

 3539648
 0439417
 1283195
 2347379 0439394 1706495 3642217
 0333052 2607870 0037585
 0017398 0017399 0022877 3244292 0041740 0039021
 0331964 2347469 0369637 0441923 0439394 1706495 3642217
 0598312 1883725 0439855 0557651 0599883 0947630 1427926 1704241 2603343 0750572



 0325074 0450385 0025141 0439267 0205090 0684010 2603358 0439267 0439230
 0205238 0444505 0185125 0008630 1283195



 0325074 0025141
 0796345 0002778 0023745 0936012 1524024 1708726 0024779 1706473



 0325074 0025141 2603360 0369718 0441922 1553036 0597277 1708601 0439114 2603360 0016327 0439133 1553038
 1272677 1417122 0017337

 0027960 0324740 0439189 1456781 1824986
 0325074 0369718 0441922 1553036 2349138 0369637 0441923
 1413611 0079429 0017337 1555715 1704332

 0027960 0324740 0439189 1456781 1824986
 0325074 0016327 0439133 1553038 0369773 2603361 0016327 0439133 1553038 1553033 0205090 0684010 2603358 0331936 0205090 0684010 2603358 0033727 0369286 0441932 0564385 2603362 2347469
 0220825 1261322 1708726 0023745 0002778 0936012 1524024 0017446 0205147 1521533

 0027960 0324740 0439189 1456781 1824986
 0325074 0331908 0369773 2603361 2603360 1824735 0449205 1538613
 0475264 1744691 1272706 1552654 1552713



 0325074 0025141 0016327 0439133 1553038 0205090 0684010 2603358
 0752046 0028630 0032529 0037179 0087136 0205171 1882417 0023746 0023745 0281825 0394006

 0027960 0324740 0439189 1456781 1824986
 0325074 0402830 0369773 2603361 1001652 0021966 0221138 2603360 0439267 0035567 1140671 1509547 3484401 0369773 2603361
 0017446 0205147 0023746 0023745 0281825 0394006 1520200
 0325074 0025141 0205090 0684010 2603358 0443021 0033727 0369286 0441932 0564385 1551090 0205090 0684010 2603358 0205090 0684010 2603358 1510707 0326915 1551756 0016327 0439133 1553038
 3536614 0796451 0002778 0936012 1524024 0003595 0523511 1412481 0002395 1521724 0012634



 0325074 0025141 1551881
 0013227 1254351 0205233 1883351 1706214 3244320 0872179 0242356 0993637
 0036397 0443021 1553033 0325045 0205090 0684010 2603358 0016633 0012358 0012764 1444662 1512015 0073187 0332583
 0017446 0205147 1880022 0475264 1744691 0332281 0037817 0023015 0012634



 0325074 0025141 0326937
 0582680 0175659 0222045
 0557854 2825316 3245478 0872909 0885001
 1449597
 1704639
 1551807 0042645 0997115 0004340
 0885014 0936216 0369637 0441923
 0013621 0023185 0175659 0222045 0349674 1279919 1947916 3536777
 0557854 2825316 3245478 0872909 0885001
 0369637 0439394 0441923 1706495 3642217 0369637 0439394 0441923 1706495 3642217
 0451147 0175659 0349674 1947916 3536777

 0369637 0439394 0441923 1706495 3642217 0369637 0439394 0441923 1706495 3642217
 0451373 0042927 0022885 0039593 0042926 0392366 0441468 0441469 1419408
 0557854 2825316 3245478 0872909 0885001
 0369637 0441923 2603362 2347469 0439267 0016327 0439133 1553038
 1513380 0679560 0796344 0002778 0936012 1524024 1516698 1704814 0030705

 0325074 0025141 0439394 1706495 3642217 1707476 2348662 0597277 1708601 0205090 0684010 2603358 0369718 0441922 1553036
 1520146 0017428 0444667 1517480 1521871 1705759 2338314
 1418943
 0268596 2700624
 3642273
 0041703 0000857 0600678 1552863 1553033 1553033 0369718 0441922 1553036 0369773 2603361 0379885 1332692 1704902
 0814036 0017296 0024779 0314603 1706473 0086418 1527178 1705938 1519302
 0349590 1262865
 0033727 0369286 0441932 0564385 0582525 2603360 0016327 0439133 1553038
 0024779 1706473
 0036397 0025141 1319635 1427370 0205090 0684010 2603358 0560268 2349105 0369637 0439394 0441923 1706495 3642217 0016327 0439133 1553038 0205090 0684010 2603358 0012358 0012764 1444662 1512015 0073187
 0599777 0814036 0024779 1706473 0814036 0024779 1706473
 2347379 0597277 1708601
 0681493 0185125 0449820 0038215 0600673



 0325074 0025141 0439230 0205090 0684010 2603358 0597277 1708601
 0009622 0030761 0205246 0376691 1553889 1709697 2728259 3484370 0018591



 0325074 0025141 1551777 0369637 0441923 0597277 1708601
 0025663 0449851 0871511 0026882



 0325074 0025141
 3161035 0023956 0449820 2247199 0022885 0392366



 0325074 0025141 0205090 0684010 2603358
 0022885 0039593 0392366 0017446 0205147 0011854 0011849 0011847 0021641 0851827 1533581 1579433 1701901 3244310



 0325074 0025141 0439394 1706495 3642217 0597277 1708601
 0022885 0039593 0040722 0242781 0281825 0392366 0394006 1521797

 0025141 0205090 0684010 2603358 2347469
 0022885 0023745 0039593 0392366 0544093 0004083 0439849 0596306 0699792



 0325074 0025141