 1512505 0427861 0334227 0007634 3282337 1419425 1420299 3541315 0144555 0242210 0033684 0243122 1145667 1167622

 0005553 1704729 0031330 1524059 0039711 0041740 0369637 0441923 0557806 1883167 0021622 1272753 0031842 0031843 0021622 1272753 1704729 0041740 0016132 0034036 0034037 1514756 1704324 0348078 0376315 1515981 1522492 1527075 0520510 0557061 2584313 1514811 1706462 1419425 1420299 3541315 1313794 0033684 0575827 1145667 1167622 0446537 0017446 0205147 2349975 0040649 0007634 3282337
 0557651 2603343 1547282 1419425 1420299 3541315 0034804 1414461 1521863 0014939 0597357 2936882 0332462 1880834 1442161 1511760 1880274 1414304 0332462 1880834 1879547 0007634 3282337
 0752172 0599647 0020205 0024660 0205448 0005507 0243073 1510438 0007582 1704675 0014939 2936882 3539520 0851827 1701901 3244310 1518422 1123005 0034804 1414461 1521863 0014930 0014939 0597357 0752229 1441672 2936882 0439064 1419425 1420299 3541315 0017446 0205147
 1372999 1704675 0851827 1701901 3244310 0026882 1149369 0034804 0597358 1414461 1521863 0014939 0243122 0597357 1145667 1167622 2936882
 0162768 0033684 0332466 1293131 0018790 0237477 0392351 0521111 1372999 1704675 1419425 1420299 3541315
 0384189 1334866 0034840 0038317 0597357 0740116 2827735 2981700 0332256 2700400 1514562 1518422 2349975 0205342 0144555 0242210 0033684 0243122 1145667 1167622 3158809 0040624
 1274040 1546471 2825142 0332290 0034804 1414461 1521863 0014939 0597357 2936882 1517880 0023688 0243122 1145667 1167622 0018882 0229304 0556030 1704821 1705682 1158950 2949735 1704675 1145667 1167622 0034804 1414461 1521863 0014939 0597357 2936882 0144555 0242210 0033684 0243122 1145667 1167622
 0520510 0557061 2584313 1514811 1706462 1883220 0332257 1552866 2700399 0301818 0040135 0019932 0040132 0035339 3536891 0108082 0237753 0449788 0023688 1518422 0205396 1550043 1551388 2827734 2981698
 0033006 0038317 1421546 0597357 0914906 1417827 0597357 0166418 1418776 0600434 0597357 0752063 1879547 2984308 1145667 1167622 0205198 1706082 0013227 0043335 0205263 0680022 0015576 1704727
 2240043 0237876 1521970 1706388 2346469 2348519 1880389 1883221 3541951 0023688 1879547 1880022 2240043
 1707959 0348078 0376315 0034804 1414461 1521863 0014939 0597357 2936882 0034804 1414461 1521863 0014939 0597357 2936882 0332256 2700400 1334043 2697616 0449719 0033684 0450348
 2348205 0080347 0678226 0016129 0043481 1281584 1551058 2348288 3146286 1514562 1947931 1145667 1167622 0012854
 2348205 1705241 1705242 0740116 2827735 2981700
 0205088 1705314 1705315 1880389 1883221 3541951 1707271 1440044 0016327 0439133 1553038 2240043 0332256 2700400 1321099 0031843 0542341 0700205 1705273 1879547 1414304 0878311 0682969 1517880 0023688 0243122 1145667 1167622 1880389 1883221 3541951 0878311
 0185117 0031843 0542341 0700205 0878311 1414304 1705273 0439828
 2240043 0034786 1447749 0002844 0597357 3536949 1880389 1883221 3541951 1883351 2349975 0162493 1879547
 0684000 0456387 1705943 2240043 2349975 0018790 0237477 0392351 0521111 0205177 0439167 0441655 1561536 0033684 0332257 1552866 2700399 2717951 0033684 0332281 0040649 0205112 0337076 0282443 0450355 1425988 1709940
 1372999 1704675 0034840 0038317 0597357 1514562 0179400 1638312 1292732
 0034840 0038317 0597357 0205265 0205409 1548221 1524063 0752172 0599647 0020205 0205448 0005507 0243073 1510438 0332120 0019929 1414304 2349975 0040624
 0034840 0038317 0597357 0390904 1366462 0332281 1333336 1521761 1530358 1705458 2827422 3539643 2349975 0162493 1879547 0015272 1151928 1151922 0205177 0439167 0441655 1561536 0062773 1880177 2240043 1704675 0600508 0013879 0871261 1704632 1706817 2911692 0337076
 1883712 0680022 0332257 1552866 2700399 0676893 0597357 0297981 1335623 0033684 0108082 0919430 0178555 1879547 0178555 0682768 0033684 0034804 1414461 1521863 0014939 0597357 2936882 2240043
 1979874 0033684 1518422 0015272 1151928 1151922 0205177 0439167 0441655 1561536 0062773 0557651 2603343 1524063 1328856 0005507 0008546 0021069 0243073 1325550 1510438 1547282 0663204 1334868 0755397 1335237 0007427 1332805 0033413 0314621 0007428 0014939 0017337 0017446 0086860 0205147 0205342 2936882 0039798 0087111 1522326 1533734 1705169 3538994 0596890 0007634 3282337 0014912 3539520
 1419425 1420299 3541315 1313794 0033684 0575827 1961118 0752172 0599647 0005507 0020205 0036025 0043392 0043393 0205409 0205448 0243073 0717551 1510438 1548221 1524063 0017446 0205147 0332256 2700400 1511662 0034786 1447749 0002844 0017446 0205147 0205437 0205447 0457406 0597357 1706053 3536949 0450382
 1419425 1420299 3541315 0034804 1414461 1521863 0014939 0017446 0205147 0597357 2936882 0034833 1366500 0033308 0597357 2757070 0596988 1420426 1427539 2987047 3158809 0040624 0111339 3538987 0086860 0332256 2700400 1515984 0600508 0013879 0017710 0871261 1704632 1706817 2911692
 1419425 1420299 3541315 2349975 0040649 0086860 1515981 0332256 2700400 0205145 1145667 1167622 0080245 1335858 0040648 0040649 1521761 2827422 0450382
 0557651 2603343 1292732 0031809 0205485 1509143 1704675 0034804 1414461 1521863 0014939 0597357 2936882 1512505 0334227 0007634 3282337 1274040 1546471 2825142 1547282 1419425 1420299 3541315 0040649 2827421 0332256 2700400 0013879 0205342 0206414 0314613 1334435 0017337 0024075 0335038 1522485 1705915 1709908 1517892 1704666
 1419425 1420299 3541315 1518422 1947931 0086418 0878311 1880389 1883221 3541951 0679729 0556030 0144555 0242210 0033684 0243122 1145667 1167622
 0520510 0520510 0557061 2584313 1514811 1706462 0220806 0205474 1136188 0007452 0015965 0229671 0521457 1140701 1546774 1550100 0005574 0331909 1301820
 1553631 0439190 0005526 0036397 0376558 0869011
 0032400 0071360 0747726 0021966 0221138 0012906 0014442 0014445 0443288 0331965 0869011 1521991 0205474
 0009458 0162867 1254021 0991865 0006353 0031603 0031701 0036082 1601799 3539520 0037633 0525069 0869011 1719918
 0006353 0024076 0072149 0869011 0043193
 0034760 0869011
 0032136 0031831 1707664 1999230 2348314 3540849
 0557806
 0335038 1522485 1705915 1709908 0332256 2700400 0205145 1334435 0314613 0017337 0024075 1517892 1704666 1707531 0009015 1706214 0028953 0032136 0598079 0010453 0220814 0332307 0430400 0596070 1516698 1547052 1704814 2242979
 1690540 0869011
 0071499 1301820 3245503 0011900 0348026 2993063
 0031831 1707664 1999230 2348314 3540849
 1135440 1254351
 0032136 1880274 0002520 2917660 0001128 0202406 0031831 1707664 1999230 2348314 3540849
 0032136 0144555 0031831 1301820 1707664 2348314 3540849
 0016674
 0456148 0034804 1414461 1521863 1414304 0034804 1414461 1521863 1441547 3245521 0026882 0031831 1707664 1999230 2348314 3540849
 0041740 1446468 0454851 0027964 0028407 0067895
 0006556
 0086860 0013126 2827421 0249025 0441729 1883559 0332307 0445392 1547052 0450355 0450385 1420426 1427539 2987047 1424969 0033684 1552738 0450382
 0032136 0021400 0220843 0663204 1334868 0031831 1707664 1999230 2348314 3540849
 0557806 0031831 1707664 2348314 3540849
 0006754 0041740 1710133 3146274 0024015 0031831 1707664 2348314 3540849
 1513882 0027468 0018684 0021622 3245503
 0032136 0028589 0949374 0028577 0597357 1156300 0162768 0033684 0332466 1293131 0031831 1707664 1999230 2348314 3540849
 0041740 1446468 0454851 0027964 0028407 0067895
 0220806 0205474 1554184 0470187
 0040669 0040704 0205374 0005507 0243073 1510438 1512505 0334227 0007634 3282337 0598079 0010453 0220814 0332307 0430400 0596070 1301820 1516698 1547052 1704814 2242979 1314677 0007452 0015965 0229671 0521457 1140701 1546774 1550100
 0007634 3282337 0205170 3146287 0036563 1705192 1882540 2346495 2347578 1166718 0005971 0007634 0086045 0205170 1139930 1446561 3146287 3282337 3537155 0009458 0162867 1254021 0007955 0242295 1947943 2348609 1321564 0007452 0015965 0229671 0521457 1140701 1546774 1550100
 1442448 0007634 3282337 0006711 0006712 1161320 0006675 0006726 0025663 0031603 0031701 0449851 0871511 1601799 2936886 0032136 0032136 2827421
 0033727 0369286 0441932 0564385 0007634 3282337 0017861 0036974 1552134 1701810 1882955 0991865 0006353 0031603 0031701 0036082 1601799 1720092 1948045 0178602 0869039 1114758 3539520 0007955 1321564 0007452 0015965 0229671 0521457 1140701 1546774 1550100
 0007634 3282337 0184933 1139930
 0022827 0024075 1273517 0005507
 0022827 0002778 0035953 0936012 1273517 1524024 2346414
 0042295 0332849 0444686 1441506 1443182 0370003 2347026
 1274040 1546471 2825142 0009932 0243148 0441833 0687744 1257890 1550141 1552516 1705428 1705429 1707455 1882979 2587213 3274648 0036849 1442518 1705195 1412113 1516077 0036849 0681814 1442518 1705195
 0949466 0005863 0002778 0936012 1524024 1705493 0002778 0936012 1524024 0007634 3282337 0036563 1705192 1882540 2346495 1552738 1282910 1552828 0006353 0024348 1536403 1512335
 0024075 0005507 0243073 1510438 0884358 1524062 1527428 2828366 1301820 1706701
 1881488 0020746 1439852 1442450 0439648 0724378 0332283 0007703 0450376
 1265611 0039798 0087111 0441833 0687744 1257890 1522326 1533734 1552516 1705169 1705428 1705429 3538994 0600209 0086972 0443299 0687118 1704732 0071710 0025255 0348011 0596901 1706182 1524063 0007634 1269647 1704653 1948049 0006353 0041175 0077281 0814229 0017890 0522461
 0025255 0028778 0332206 2983591 0020283 0450407 0450408 0450409 0037494 1959973 0041415 0312586 0003241 0034804 1414461 1521863 0014939 0597357 2936882 0005574 0869011 1442467 0003241 0021027 0027021 0027627 0031179 0175668 0205436 0522529 1318719 0182400 1704681 2347609 3536729 2827734 2981698 1292425
 0025255 0234621 1524063 0449913 1553451 1704459 0005526 0036397 0376558
 1709793 0884358 1524063 0183115 1710020 0683758 0027971 0037585 0683758
 0009015 0028953 1707531 0009015 0013879 0205449 0376298 1706214 0369718 0441922 1553036 0028621 0086972 0443299 0687118 1709450 0080206 0179400 0522505 1533124 1709450
 0059672 0597357 0162768 0033684 0332466 1293131 2827421 0332283 1719822
 0205435 1279901 0868946 0086022 0441587 0442335 0868946 1705099
 0028953 0045143 1524062 1883351 1706214 3244320 1883067 1999230 0012238 2349986 0000925 1883724 0521115
 0086022 0442335 1705099 1883708 0034804 1414461 1521863 0014939 0032136 0441513 0597357 1273517 2936882 0239301 1524063
 0006556 0596988 0032520 0677874 0206415 0032136 0021966 0039224 0221138 1444656 1706073 1706074
 0449911 0039224 1706073 1706074 0557702 1272706 1704674 0557702 1272706 1704674 0206415 0162768 0033684 0332466 1273517 1293131 1883559 0332307 0445392 1547052 0348078 0376315 1517480 1521871 1705759 0332255 1708096 0868946 0009013 0868946 1947971 0034804 1414461 1521863 0014939 0597357 2936882 0034804 1414461 1521863 0014939 0597357 2936882 0456148 0878311
 2827421 0004793 0162326 0162327 1519249 1883351 0521093 0750484 1456348 0026882 0075813 1335439
 2827421 1881534 1444656
 0868946 0332283 0006556 0032520 0677874 1419425 1420299 1517480 1521871 1705759 3541315 0596988 0032136
 0206415 0332256 1273517 2700400 1282910 0441994 1548802 2003888 1517891 0012854 0039224 1444656 1706073 1706074
 0449911 0039224 1706073 1706074 0557702 1272706 1704674 0557702 1272706 1704674 0206415 1524063 0596988 1273517 1419425 1420299 1517480 1521871 1705759 3541315 1517480 1521871 1705759 0006556 0868946 0014442 0014445 0445247 0868946 1947971 1419425 1420299 3541315 1419425 1420299 3541315 1419425 1420299 3541315 1419425 1420299 3541315 1419425 1420299 3541315 1419425 1420299 3541315 1419425 1420299 3541315 1419425 1420299 3541315 1419425 1420299 3541315 1419425 1420299 3541315 1419425 1420299 3541315
 0752172 0599647 0005507 0020205 0024660 0205448 0243073 1510438 0059672 0872079 0597357 1372999 0033684 1704675 1419425 1420299 3541315 0007634 0332128 3282337 1524063
 1148554 0017446 0205147 1419425 1420299 3541315 0034804 1414461 1521863 0014939 0597357 2936882 0007634 3282337 0006711 0006712 1161320 0006675 0006726 0025663 0031603 0031701 0449851 0871511 1601799 2936886 0024075 1419425 1420299 3541315 0596988 1419425 1420299 1457900 3541315 1880274
 0205452 1292429 0040669 0007634 3282337 0017861 0036974 1552134 1548982 0991865 0006353 0031603 0031701 0036082 1601799 2827734 2981698 1883708 3539520 0178602 0869039 1114758 0042444 0348005 0205171 0439044 0679994
 1148554 0017446 0205147 0034804 1414461 1521863 0014939 0597357 2936882 1419425 1420299 3541315 0007634 3282337 0024075 1705285 0034804 1414461 1521863 0014939 0597357 2936882
 1328856 0005507 0008546 0021069 0243073 1325550 1510438 1512505 0334227 0007634 3282337 0040284 0180454 0010453 0040300 0220814 0430400 1139930 1547928 2242979 0205200 0017861 0036974 0009458 0229671 0332296 0439536 1546774 1550100 1705217 1880497 1996904 3244283
 0007634 3282337 1883708 0332293 1522326 3539520 0040223 1632851 0016564 1883708 0009458 0439536 1524062 1705217 3244283 1947971 0037633 0525069
 0205430 0687735 0017890 0522461 1883708 1524062 0086045 1446561
 0009458 0439536 1705217 3244283 0849355 0007634 3282337 0991865 0006353 0031603 0031701 0036082 1548982 1601799 0031493 0016327 0184933 0444082 0007703 1516695 1516698
 0007634 3282337 1883708 0006353 0013604 0038999 0068941 0068940 0439509 0031493 0016327 0064858 0003641 0007610 0007703 0205409 1548221 0227073
 0007610 1883708 0006353 0037680 0013618 0041175 0077281 0814229 1301820 1706701 0008546 1325550
 2828366 1883708 0179834 0086972 0443299 0687118 1510844 1698986 1273517
 0178576 0332220 2828360 1517892 1704666 0455052 1521827 0006353 1720119 1948037 0133689 0037494 1959973 0444499 0013618 0439267 0991566 0008546 1325550 1524062 1292426 1439852 0450376
 1510844 2347840 0243148 1273517 1550141 1708517 1882979 2587213 3274648
 1510844 0332293 1522326 1555029 0332220 0012854 1998793 1552738
 0178576 0332220 2828360 1517892 1704666 0439962 1883708 0179834 1883351 0849355 1883720 3244314 0991566
 0012854 0443640 0034805 0003241 1524062 0439962 1292428 1439852 0450376
 0370003 2347026 1883708 0179834
 0991566 0006353 0011945 0011946 0917873 1059964 0439648 0724378 0179834
 0991566 1883708 0006353 0021069 0041175 0077281 0814229 0068941 0068940 0439509 0011479 0001128 0202406 0439648 0724378
 0011946 0025664 0184661 2700391 0006353 0205341 0442757 0439086 2827736 2981702 0991566 1883708 0006353 1441565 0074722 0005367 0037473 0597484 0973231 2722820 0012854 0439648 0724378 1439852
 1550101 1883708 0007703 0205409 1548221 1439852 1292428 1555029 0065011 0332220
 1690540 0012854 1273517 1524062 0032520 0677874 1273517 1883351 0442726 0392148 0034804 1414461 1521863 0034805 0003241 0014939 0597357 1705242 2936882
 0003241 1552738 0450382
 0206415 0200931 1524063 0002778 0032520 0677874 0936012 1273517 1524024 2827421 0007427 1332805 0033413 0314621 0007428 0017337 0017446 0086860 0205147 0205342 3539520 0007427 1332805 0007428 0439780 1420223 0626910 0444860 0007450 0077072 0266539 0325090 0439084 0524517 0728893 1167383 1235746 1861305 1882141 1555029 0220668 0439084 0728893 1415053
 0243148 1550141 1882979 2587213 3274648 0041405 0085758 0149561 0220668 0439084 0728893 1415587 1420714 1824670 3272447 3536819 1555029 0054868 0266539 0439084 0677634 0728893 1421391 1428265 2699751 3540479
 0439780 0041405 0085758 0220668 0439084 0728893 1415587 1421391 1428265 3536819 1555029 0040405 0439084 0728893 1415027
 1639518 1947986 0205160 0243148 1513916 1550141 1882979 2587213 2825415 2825491 3274648 0021069 0086860 0521093 0032520 0677874 0750484 0032520 0677874 0002778 0205195 0936012 1524024 1710133 1524063 0182400 1704681 2347609 3536729
 0871424 0002778 0936012 1524024 0237881 1709380 0038215 0750502 0002780 0002778 0936012 1524024 1711260 2348152 0022885 0039593 0392366 0441889 1316572 1317574 1369612
 1274040 1546471 2825142 0443299 0681814
 0520510 0557061 2584313 1514811 1706462 0007634 3282337 1512505 0334227 0007634 3282337 0205342 0034804 1414461 1521863 0014939 0597357 2936882
 3539520 1518422 0205263 0205177 0439167 0441655 1561536 0040669
 1621983 0205263 0857127 1441672 0450344 1553633
 1274040 1546471 2825142 0279754 0596890 1512505 0006142 0034804 0334227 0678222 1414461 1521863 0439178 0006141 0006826 0007634 0008015 0014939 0597357 0998265 1268990 1306459 1441672 1446409 1514241 2825490 2936882 3282337 1514760 0034804 1414461 1521863 0014939 0597357 2936882 0206414 0920532 1621983 0017337 0205177 0205263 0335038 0439167 0441655 0857127 1514873 1522485 1561536 1705915 1709908 3539520 1524063 2827421 0013879 0086860 0085828 0017446 0205147 0007427 1332805 0007428 0085301 0085940 0087140 0314621 0086860 1366500 0450387
 0040624 0205263 1514873 3539520 1524063 2827421 0332256 2700400 0086860 0441587 0813036 1743766 1883719 0034804 1414461 1521863 0014939 0597357 2936882 0678226 0032136 0335038 1514559 1522485 1705915 1709908 3146286 0450388
 1514760 0439178 1512505 0334227 0007634 3282337 0314621 1524063 0002778 0017337 0086860 0936012 1273517 1524024 0872079 1704675 0332281 3539520 0449255 0542559 1512505
 0449911 0333052 2607870 0557702 1272706 1704674 0557702 1272706 1704674 0349966 1337208
 2827734 2981698
 1419425 1420299 3541315 2349975 0040649
 0008015 2347469 0018873 0229579 0007634 3282337 1265611
 0040669 0007634 3282337 0017861 0036974 0332283 0039798 0087111 1522326 1533734 1705169 3538994 3539520 1512335 1151115 0205177 0439167 0441655 1561536 0520510 1552738 0025663 0025664 0449851
 1280500 1265611 0205263 0332462 0857127 1880834 0036849 1442518 1705195
 1274040 1546471 2825142 0681814 0237881 0750502 1546944 0369773 2603361 1444656 2945706
 0073187 1280500 0428479 0441889
 0007634 3282337 0441833 1999270 3537156 0428479 0441889 0520510 1552738 0025663 0025664 0449851
 0185117 1518422 0392747 0428479 0441889
 0016327 0439133 1553038 1419425 1420299 3541315
 1274040 1546471 2825142
 0450344 1553633 1547282 3539520 0205263 0205177 0439167 0441655 1561536 0034804 1414461 1521863 0014939 0597357 2936882 0871261 1704632 1706817 2911692 0332462 1880834 2349975 0032136
 1883351 0037791 1511884 1419425 1420299 3541315 0392366 0006141 1268990 0008015 0006141 1268990 1518422 0018873 0334227 0006826 0007634 0998265 1306459 3282337 1274040 1546471 2825142 1441672 0008015 0018873 0007634 3282337
 1419425 1420299 3541315 2349975 0871261 0205177 0439167 0441655 1561536 0332293 0037638 1522326 0332462 1880834 0032136
 1419425 1420299 3541315 0949479 0034804 0678226 1414461 1521863 0014939 0597357 0851285 1327622 1518422 2936882 3146286 0007634 3282337 0428479 0033684 0441889 1518422 0392747 0750482 0007634 0205216 0392756 0442797 3282337 0032136 0185117 1419425 1420299 3541315 0039798 0087111 0205156 0441833 0687744 0750523 1257890 1441672 1522326 1533734 1552516 1705169 1705428 1705429 3538994 0450345
 0185117 0007600 0334227 0006826 0007634 0205132 0998265 1269647 1306459 1704653 1948049 0005861 1621557 0002778 0936012 1292732 1524024 1709269
 0035696 0006141 0439064 1268990 0227843 0023884 0736268 1278929 2346688 0007600 0007634 0029463 0205132 0585442 1269647 1704653 1948049 2697383 3541899 0166027 3538873 0007634 0013138 1028876 1504613 1518422 3282337 1511726 3245479 1518422 1547282 1419425 1420299 3541315 1512977 0007634 0024660 3282337
 1880389 1883221 3541951 0007634 1292732 3282337 1414304 0034804 1414461 1521863 0032136 1265611 0349966 1337208
 0007634 3282337 3539520 0205263 0442805 0332290 0871261 1704632 1706817 2911692 1627358 2349975 1441672 1524063
 1419425 1420299 3541315 0205171 0439044 0679994 1518422 2349975 0205177 0439167 0441655 1561536 0332462 1880834 0450316 1441672 0023688 0205171 0871261 1704632 1706817 1720467 1879547 2911692
 1419425 1420299 3541315 1707455 0034804 1414461 1521863 1883559 0014939 0332307 0445392 0597357 1441672 1547052 2936882 1705535 0035820 1705810
 1151115 0205177 0439167 0441655 1561536 1414304 0034804 1414461 1521863 0332256 2700400 0026882 1704675 2362652 0033684 0450354 1706096
 1518422 1621983 0205263 0857127 3539520 1705535 1514873 0031843 0542341 0700205 1705273
 1274040 1546471 2825142 0349966 1337208
 1547282 1151115 0205177 0439167 0441655 1561536 0205263 3539520 0007634 3282337 0034804 1414461 1521863 0014939 0456148 0597357 2936882 0947630 0684224 0700287 3273238 2827421 1512498 0205342
 0007634 3282337 0034804 1414461 1521863 0014939 0456148 0597357 2936882 1419425 1420299 3541315 1518422 1441672 0026882 1880389 1883221 3541951 1511545
 0449911 0333052 2607870 0557702 1272706 1704674 0557702 1272706 1704674 0349966 1337208
 0740116 2827735 2981700
 1280500 0596988 1880274

 0007634 3282337 0086045 1151115 0205177 0439167 0441655 1561536 0332293 1522326 3539520 0520510 1552738 0025663 0025664 0449851
 1274040 1546471 2825142 0681814 0039798 0087111 0441833 0687744 1257890 1522326 1533734 1552516 1705169 1705428 1705429 3538994 0237881 0750502 1546944 0369773 2603361 1444656 2945706
 2347469
 0007634 3282337 0332293 1522326 0441833 1999270 3537156 0332300 1273517
 1274040 1546471 2825142 0681814 0039798 0087111 0441833 0687744 1257890 1522326 1533734 1552516 1705169 1705428 1705429 3538994 1518422 1441672

 0007634 3282337 0332293 1522326 0441833 1999270 3537156 0332300 1273517
 1274040 1546471 2825142 0681814 0039798 0087111 0441833 0687744 1257890 1522326 1533734 1552516 1705169 1705428 1705429 3538994 1518422 1441672
 0016327 0439133 1553038 1419425 1420299 3541315
 0021467 0021469 1628982 3463820 0030956 0030956 0332256 2700400 0179400 1533124 1511662 0012940 0812382 1514535 1414855 1148673 0033618 0058610 0162808 0242210 0872306 1514562 0012854 0033684 0036025 0043392 0043393 0243122 0699952 0717551 1145667 1167622 1416832 1880389 1883221 3541951 0009013 0086022 0442335 1705099 1552738
 0947630 1547282 0030956 0034804 1414461 1521863 0014939 0018882 0229304 0597357 1145667 1167622 1704821 1705682 2936882 1274040 1546471 2825142
 1547282 0032136 0392756 0547047 0034804 1414461 1521863 0014939 0597357 2936882 3158809 0040624
 3539520 0205263 1151115 0205177 0439167 0441655 1561536 0332462 1880834 0311403 0871261 1704632 1706817 2911692
 0007634 3282337 0032136 0040624 0205216 0392756 0442797 0032136
 1274040 1546471 2825142
 0439086 2827736 2981702 2347469 1547282 0030956 1555029 1705535 0018882 0023688 0229304 0556030 0851827 1701901 1704821 1705682 2949735 3244310 1517892 1704666 0033684
 1511726 3245479 0805874 0870077 1446409 0439787 0849355 0162735 0332281 0026882 1552961 2347617 1414304 0034804 1414461 1521863 0456148 0034804 1414461 1521863
 0449911 0333052 2607870 0557702 1272706 1704674 0557702 1272706 1704674 0349966 1337208
 0439086 2827736 2981702
 0681814
 1280500 1879547
 0007634 3282337 0205171 0439044 0679994 0205195 1947911 1419425 1420299 3541315 1265611
 0007634 3282337 0332293 1522326 3539520 1512335 1151115 0024075 0205177 0439167 0441655 1561536 0005507 0243073 1510438 0520510 1552738 0025663 0025664 0449851
 2347469 1280500 2348382 1879547
 0007634 3282337 0205171 0439044 0679994 0205195 1947911 1419425 1420299 3541315 1265611 1444656
 0007634 3282337 0332293 1522326 3539520 1512335 1151115 0024075 0205177 0439167 0441655 1561536 0005507 0243073 1510438 0520510 1552738 0025663 0025664 0449851
 1274040 1546471 2825142 0441833 0449450 1999270 3537156 2347469 0681814 0369773 2603361 0086439 0205177 0439167 0441655 1561536 0206588 0206473 0030956 0179400 0205263 0521447 0597357 1533124 1444656 2945706
 0016327 0439133 1553038 1419425 1420299 3541315
 1883559 0332307 0445392 1547052 0596988 0947630 1419425 1420299 3541315 1883559 3158809 0040624 1879547 0450382
 1704675 0851827 1701901 3244310 0851827 1701901 3244310 0332257 0001128 0002520 0002520
 1880389 1883221 3541951 0034804 1414461 1521863 0014939 0597357 1514873 2936882 0007634 3282337 0034804 1414461 1521863 0014939 0597357 2936882 0032136 1883559 0332307 0445392 1547052 0032136 0450373 1553636
 1274040 1546471 2825142 1444656 1707271 0205088 1705314 1705315 0205088 1705314 1705315 0017446 0205147 0034804 1414461 1521863 0014939 0597357 1514873 2936882 0205549 1442161 1511760 1515981 1880274 2348044 2827421 0002520 0392760 1314939 1880274 0205177 0439167 0441655 1561536
 1979874 0017446 0205147 0034786 1447749 3158809 0002844 0040624 0597357 0851827 1514873 1627358 1701901 2349975 3244310 3536949 0450382
 0449774 0034786 1447749 0002844 0597357 3536949 2348205 1880389 1883221 3541951
 1420426 1427539 2987047 0034804 1414461 1521863 0014939 0597357 2936882 0034786 1447749 0002844 0597357 3536949 1424969 1425604 1518422 0019929 1367453 0019932 0597357
 1979874 1419425 1420299 3541315 1883559 1518422 0086860 0376702 0007634 3282337 0450382 1419425 1420299 3541315 1883559 0015127 1524003 1627358 2349975 3158809 0040624 0349966
 0449911 0333052 2607870 0557702 1272706 1704674 0557702 1272706 1704674 0349966 1337208

 0017446 0205147 1514873 0007634 3282337
 1883559 0332307 0445392 1547052 2827421
 0007634 3282337 1442161 1511760 1880274 2827421 0332293 1522326 3539520 1151115 0205177 0439167 0441655 1561536 0520510 1552738 0025663 0025664 0449851
 0596988 1419425 1420299 3541315
 1419425 1420299 3541315
 1419425 1420299 3541315
 1274040 1546471 2825142 0681814 0237881 0750502 1546944 0369773 2603361 1444656 2945706
 0020985 0002778 0936012 1524024 0205419 1444656 0428479 0441889 1511726 3245479 1518422 1547282
 2347469 1704675 0034804 1414461 1521863 0014939 0597357 2827421 2936882 0752172 0599647 0005507 0020205 0024660 0205448 0243073 1510438
 0007634 3282337 0206414 1334435 0017337 0024075 0335038 1522485 1705915 1709908 1419425 1420299 3541315 1880274 0162735 0026882 1552961 2347617 1444656 1151115 0205177 0439167 0441655 1561536 0520510 1552738 0025663 0025664 0449851
 1274040 1546471 2825142 0024075 0439148 1519795 1882115 0681814 0007634 3282337 0332293 1522326 0012403 1707156 3274014 3541345 3539520 1707156 3274014 3541345 0237881 0750502 1546944 0369773 2603361 1704675 1444656 2945706
 1280500 1704675 0034804 1414461 1521863 0014939 0597357 2936882
 0007634 3282337 0441833 1552738 1999270 3537156 0332293 1522326 3539520 1444656
 1274040 1546471 2825142 0681814 0237881 0750502 1546944 0369773 2603361 1704675 1444656 2945706
 0073187 1704675 1880274
 0007634 3282337 0206414 1334435 0017337 0024075 0335038 1522485 1705915 1709908 1414304 0878311 0456148
 0007634 3282337 0332293 1522326 1707156 3274014 3541345 3539520 1707156 3274014 3541345
 1274040 1546471 2825142 3176809 0205177 0205202 0439167 0441655 1561536 1706907 2827421 0034804 1414461 1521863 0014939 0597357 2936882 0205447 1704489 2931783 1274040 1546471 2825142 0205263 0857127 1419425 1420299 3541315 1441094 2827421 0392148 0332197 1689985
 0205091 1444656 1552822
 1274040 1546471 2825142 0681814 0237881 0750502 1546944 0369773 2603361 1704675 1444656 2945706
 0016327 0439133 1553038 1419425 1420299 3541315
 1704675 1883559 0332307 0445392 1547052 1419425 1420299 3541315 1372999 1704675 1880389 1883221 3541951 0752172 0599647 0005507 0020205 0024660 0205448 0243073 1510438 0007634 3282337 1524063 0034804 1414461 1521863 0014939 0597357 2936882 0012940 0812382 0242210 0059672 0597357 0162768 0033684 0332466 1293131 0058595 0600508 0013879 0871261 1704632 1706817 2911692 0206414 0314613 1334435 0017337 0024075 0335038 1522485 1705915 1709908 1517892 1704666 0332466 1293131 1883540 1419425 1420299 3541315
 1372999 1704675 0596988 0851827 1701901 3244310 0023688 0332197 1515981 1689985 0683317 0441889 1441672
 0007634 3282337 0034804 1414461 1521863 0014939 0597357 2936882 0733688 0205171 0439044 0679994 0086022 0442335 1705099 1880497 3539520 0205263 0442805 0450375
 0205177 0439167 0441655 1561536 1706907 1148776 0034804 0678226 1414461 1521863 1152633 0014939 0040649 0205102 0205177 0439167 0439674 0441655 0597357 1561536 2936882 3146286
 0871261 1704632 1706817 2911692 2349975 0332462 1880834 0007634 3282337 1419425 1420299 1883540 3541315
 0474395 0205177 0439167 0441655 1561536 1274040 1546471 2825142 0034804 1414461 1521863 0014939 0597357 2936882 1419425 1420299 3541315 1879547 1880389 1883221 3541951 1514583 0086860
 0040624 0005507 0243073 1441672 1510438 0205448
 1442161 1511760 1880274 0026882 1705285 1880389 1883221 3541951 1419425 1420299 3541315 0034804 1414461 1521863 0014939 0597357 1419425 1420299 1517945 1704675 2936882 3541315 1274040 1546471 2825142 0441472 3266814 1524063 0450373 1553636
 1979874 0596988 0034804 1414461 1521863 0014939 0205245 0542341 0597357 1517945 2700217 2936882 1274040 1546471 2825142 0450373 1553636 1518422 0001721 0243122 1145667 1167622 1419425 1420299 3541315 0034804 1414461 1521863 0014939 0597357 2936882 1705535 0035820 1705810 0034804 1414461 1521863 0014939 0597357 2936882 1419425 1420299 3541315
 1704675 0034804 1414461 1521863 0014939 0597357 2936882 0752172 0599647 0005507 0020205 0024660 0205448 0243073 1292732 1510438 0007634 3282337 1524063 1419425 1420299 3541315 1823884 0012940 1514535 0034804 1414461 1521863 0014939 0597357 2936882
 1704675 0851827 1701901 3244310 1419425 1420299 3541315 1518422 0034804 1414461 1521863 0014939 0597357 2936882 0392148 1123005 0014930 0752229 0349966 1337208
 0450376
 0059672 0597357 0162768 0033684 0332466 1293131 0205177 0439167 0441655 1561536 1706907 0242210 1419425 1420299 3541315 0205263 0332462 0857127 1880834 0205177 0439167 0441655 1561536 1707455 0086022 0442335 0733688 1441672 1880497 0450377 2986754 0205263 0857127 0033684 1518422
 0872079 0033684 1704675 0034804 1414461 1521863 0014939 0597357 1441672 2936882 1518422 1514873 1704675 1961118 0752172 0599647 0020205 0036025 0043392 0043393 0205448 0717551 0005507 0243073 1510438 1547282 0243122 1145667 1167622 0017446 0205147 0034804 1414461 1521863 0014939 0597357 2936882 0034786 1447749 0002844 0597357 3536949 0034833 1366500 0033308 0597357 2757070
 1419425 1420299 3541315 1518422 0034804 1414461 1521863 0014939 0597357 0878311 1880389 1883221 2936882 3541951 0450377 2986754
 0681841 0206588 0021400 0179400 0220843 0521447 0597357 1511726 1533124 3245479 1705535 0349966 1337208 1704675
 1419425 1420299 1883540 3541315 0878311 1511662 0034804 1414461 1521863 0014939 0597357 1414304 1518422 2936882 0456148 0034804 1414461 1521863 0878311 1511662 0332256 2700400 0026882 1704675 0033684
 0034804 1414461 1521863 0014939 0597357 2936882 0034804 1414461 1521863 0014939 0456148 0597357 2936882 1414304 1880389 1883221 3541951
 2963144 0878311 1518422 1947931 1145667 1167622 1419425 1420299 3541315 0004793 0162326 0162327 1519249 1880389 1883221 3541951 2349975 1323333 1511662 1148673 0683454 0021966 0221138 1707455 0456148 0034804 1414461 1521863
 1704675 1705535 1419425 1420299 3541315 1145667 1167622 1880389 1883221 3541951
 0205177 0007634 3282337
 1372999 1704675 1419425 1420299 3541315 0007634 1292732 3282337 1328856 0008546 0021069 1325550 0005507 0243073 1510438 0349966 1337208
 0034805 0003241 0005574 1273517 1883351 0301871 0178576 0332220 2828360 1517892 1704666 0008546 1325550 0007427 1332805 0033413 0314621 0007428 0017337 0017446 0086860 0205147 0205227
 1419425 1420299 3541315 0034804 1414461 1521863 0014939 0597357 2936882 0003241 0301871 0033413 0017446 0086860 0205147 0007634 3282337 0040223 3541383 0001758 0039798 0087111 1515981 1522326 1533734 1705169 3538994 3539520 0349966 1337208 1419425 1420299 3541315 0034804 1414461 1521863 0014939 0597357 2936882 0332281 0086860
 0332297 1145667 1167622 1689898 2349209 1705535 0039798 0087111 1522326 1533734 1705169 3538994 0205263 0301641 0392747 0443172 0521447 1521761 2827422 0150108 0150112 1555580 0003316
 1274040 1546471 2825142 0034804 1414461 1521863 0034805 0003241 0014939 0597357 1301820 2936882 0235923 0021069 0017446 0205147 0017337 0007427 1332805 0007634 3282337 0349966 1337208
 0003241 0301871 0314621 0086860 0332293 1522326 3539520
 0033413 0017446 0205147 0015295 1518422 0332256 2700400 0684162 0034804 0005456 0008546 1325550 0332256 2700400 0004793 0162326 0162327 1519249 1518422 0034804 1414461 1521863 0034805 0003241 0014939 0597357 2936882 0441833 1999270 3537156 1553033
 0034804 1414461 1521863 0014939 0597357 2936882 0003241 1292732 0872079 1704675 0032520 0677874 0936012 0521093 0002778 0750484 0936012 1524024 1710133
 1274040 1546471 2825142 1547282 0034804 1414461 1521863 0014939 0597357 2936882 1419425 1420299 3541315 1518422 0015295
 1524063 0449445 0442726 0596610 1704675 1511726 3245479 1518422 1547282
 0034805 0003241 1518422 0301871 0086860 0439582 0700308 0033727 0369286 0441932 0564385 0205370 0750540 1518422 0301871 0086860 0007427 1332805 1511726 3245479 1518422 1547282
 0449911 0333052 2607870 0557702 1272706 1704674 0557702 1272706 1704674 0349966 1337208
 0439084 0728893
 1328856 0005507 0008546 0021069 0243073 1325550 1510438 0034804 1414461 1521863 0014939 0597357 2936882 1148673 0012854 0243122 1145667 1167622
 0007634 3282337 0332293 1522326 3539520 1149369 0597358 0243122 1145667 1167622 1419425 1420299 3541315 2347469 1553033 0033413 0017446 0205147 1328856 0005507 0008546 0021069 0243073 1325550 1510438 0520510 1552738 0025663 0025664 0449851
 0681814 1706386 1882932 0007634 3282337
 0005507 0243073 1510438 0205173 0596890 0007634 3282337 1274040 1546471 2825142 2348205 0600436 0002055 0178499 1709450 1880279
 0582519
 0449911 0333052 2607870 0557702 1272706 1704674 0557702 1272706 1704674 0349966 1337208

 1419425 1420299 3541315 0144555 0242210 0033684 0243122 1145667 1167622
 1704675
 0007634 3282337 1265611
 0039798 0087111 1522326 1533734 1705169 3538994 3539520 1151115 0205177 0439167 0441655 1561536 0205177 0439167 0441655 1561536 0520510 1552738 0025663 0025664 0449851
 2347469 0872079 1704675
 0007634 3282337 1265611 0032136 0144555
 0039798 0087111 1522326 1533734 1705169 3538994 3539520 1151115 0205177 0439167 0441655 1561536 0520510 1552738 0025663 0025664 0449851
 1514761 0021467 0021469 1628982 3463820
 0007634 3282337 0332293 1522326 1552738 1524063 1265611 0144555 0242210 0033684 0243122 1145667 1167622 0032136
 0073187 0872079 1704675 1883559 0332307 0445392 1547052 0348078 0376315
 0007634 3282337 0332293 1522326 1552738 1524063 0205171 0439044 0679994 0205195 1947911 1883559 0332307 0445392 1547052 0032136
 1274040 1546471 2825142 0681814 0237881 0750502 1546944 0369773 2603361 1553638 1514761 0021467 0021469 1628982 3463820 1444656 2945706
 0073187 0237881 0750502 1546944 0369773 2603361 1883559 0332307 0445392 1547052 0032136 1444656 2945706
 0872079 1704675 1883559 0332307 0445392 1547052 0032136 1444656
 1704675 1419425 1420299 3541315 0851827 1701901 3244310 0556030 0034804 1414461 1521863 0014939 0597357 0745777 2936882 2827421 0332256 2700400 0026882
 1274040 1546471 2825142 1705535 0033684 2349975 2949735 1704675 0034840 0038317 0597357 0597357 0297981 1335623 0033684 0073187 1333336 1530358 1705458 1292732
 1274040 1546471 2825142 1547282 1419425 1420299 3541315 3158809 0040624 0007634 3282337 0453882 1265611 0384189 1947971 0871261 0439092 0442796 0547044 1550602 0205250 1299351 2700149 1419425 1420299 1441672 3541315 0205171 0439044 0679994 1553638
 1274040 1546471 2825142 1301820 1524063 1265611 0663204 1334868 0597357 0297981 1335623 0033684 0073187 1333336 1530358 1705458 1705535 1518422 0086597 0127400 1314939 1419425 1420299 3541315
 0947630 0684224 0700287 3273238 1419425 1420299 3541315 0144555 0242210 0021135 1533691 2827718 0144555 0242210 0033684 0243122 1145667 1167622 0034804 1414461 1521863 0014939 0597357 2936882 0040624
 1292732 0144555 0242210 0033684 0243122 1145667 1167622
 1274040 1546471 2825142 1547282 0040669 3158809 0040624 1419425 1420299 3541315 0032136 1947971 0439093 0443228 1704243
 0144555 0242210 0033684 0243122 1145667 1167622 0205171 0439044 0679994 0144555 0242210 0033684 0243122 1145667 1167622 0205216 0392756 0442797 0030956 0034804 1414461 1521863 0014939 0597357 1441672 2936882 1419425 1420299 3541315 0205171 0439044 0679994
 0144555 0242210 0033684 0243122 1145667 1167622 1145667 1167622 1880389 1883221 3541951 1419425 1420299 3541315 0596988 1518422 2349975 3158809 0040624
 0144555 0242210 0033684 0243122 1145667 1167622 1518422 0034804 1414461 1521863 1514760 0014939 0597357 2936882 1419425 1420299 3541315 0034804 1414461 1521863 0014939 0597357 2936882 0012854 1419425 1420299 3541315 0012854 0034804 1414461 1521863 0014939 0597357 2936882 1705535 1419425 1420299 3541315 0144555 0851827 1701901 3244310 1145667 1167622 0144555 0242210 0033684 0243122 1145667 1167622 0034804 1414461 1521863 0014939 0597357 2936882 0012854
 0520510 0557061 2584313 1514811 1706462
 0205435 1279901 0684224 0700287 3496591 1704675 0947630 0205396 1550043 1551388 0237753 0449788 2349975 0040624 2240043
 0947630 1547282 0384189 1333336 1530358 1705458 0390904 1366462 0332281 1333336 1521761 1530358 1705458 2827422 3539643 0205171 1518422 1720467 2349975 0441472 3266814 0206588 0015272 1151928 1151922 0205177 0439167 0441655 1561536 0062773 0332290 0007382 1156200 0001038 1521754 0444454 1554204 0013879 0205342
 0549178 0947630 1547282 0028589 0015272 0441655 0332257 1552866 2700399 1419025 0449432 1705248
 1335841 1335843 0851827 1701901 3244310 0008546 1325550 1521761 2827422
 1419425 1420299 3541315 1313794 0038164 0033684 0450382
 1421293 2700100 0077678 1256818 1307637 1418270 1442769 0023689
 0949597 0019800 0019796 0019534 0598996 0033684 0205250 0425245 0441833 0449580 0687744 1257890 1299351 1552516 1705428 1705429 2700149
 1335223 1709407 1825810 0040648 0040649 1521761 2827422
 1413963 1427199 1539553 3273424 3539665 3541312 0084378 0920283
 0769198 1428067 0052336 0025831 0439083 0439087
 0297418 0906566 1823488 0033640 0031727 0033684
 0887901 0033684 1519315 0037083 0567416 3537152
 1417374 1420394 0912792 0034840 0035668 0038317 0597357
 1274040 1546471 2825142 1705535 0206588 0205172 0205447 0456387 1705943 0439855 1704241 0332281 0439064 1704259 1705987 0332290 0040300 1547928 0205369 0441472 1552740 3266814
 0017446 0205147 0752172 0599647 0020205 0205448 1273517 0005507 0205549 2348044 0332257 1552866 2700399 1999216 0033684 1419425 1420299 3541315 1313794 0033684
 1419425 1420299 3541315 0446537 0034786 0080347 1447749 0002844 0016129 0017446 0043481 0205147 0597357 1281584 2348288 3536949 0034804 1414461 1521863 0014939 0597357 2936882 0034833 1366500 0033308 0597357 2757070 1515981 0034786 1447749 0002844 0557651 0597357 0947630 2603343 3536949 0376702 0454802 0007634 3282337
 1419425 1420299 3541315 2349975 0205112 1148774 1152633 0205177 0439167 0441655 1561536 1274040 1546471 2825142 1441672 1524063 0449913 1553451 1704459 0450382
 1524063 1442161 1511760 1880274 0596988 2963144 1705241 1705242 0034804 1414461 1521863 0014939 0597357 2936882
 0034786 1447749 0002844 0597357 3536949 0017446 0205088 0205147 0205231 1419425 1420299 1705314 1705315 3541315 0002520 0450382 0752172 0599647 0005507 0020205 0024660 0205448 0243073 1510438 1880274 0026882 1880389 1883221 3541951 0034804 1372999 1414461 1521863 0014939 0597357 1419425 1420299 1517945 2936882 3541315 1274040 1546471 1704675 2825142 0007634 3282337 0450375
 1979874 1419425 1420299 3541315 1514873 2827421 0205177
 1274040 1546471 2825142 1705535 0205171 1518422 1720467 0439851 1947931 1149369 0034804 0597358 1414461 1521863 0014939 0243122 0597357 1145667 1167622 2936882 1880389 1883221 3541951 1518422 1145667 1167622 0034804 1414461 1521863 0014939 0597357 2936882 0521447 1521761 2827422
 1419425 1420299 3541315 1883559 1280500 0007634 3282337 1419425 1420299 3541315 0015127 1524003 1627358 2349975 1707919 0007634 3282337 0034804 1414461 1521863 0014939 0597357 2936882 0349966 0740116 2827735 2981700
 1705241 1705242 0678226 1280500 2348382 2987476 3146286 3463820 0034804 0332281 1414461 1521863 0014939 0597357 1414304 1880389 1883221 2936882 3541951 1419425 1420299 3541315 1518422 1947931 1414304 0752172 0599647 0020205 0024660 0205448 0005507 0243073 1510438 0450377 2986754
 1979874 0040649 0086860 2349975 0230398 1521759 0016129 0205171 0521164 0596988 1260969 1281584 1419425 1420299 1420426 1427539 1705184 1720467 2987047 3541315 1883559 0332307 0445392 1419425 1420299 1518422 1547052 3541315
 1274040 1546471 2825142 0947630 0349966 0183683 1521721 0441712 1706376
 0332185 1547282 0017446 0205088 0205147 1705314 1705315 0937925 0002520 1148673 0012854 0205370 0243122 0750540 1145667 1167622 1514873 1442161 1511760 1880274 0034804 1414461 1521863 0014939 0597357 1517945 2936882 1274040 1546471 2825142 0450373 1553636
 0034804 1414461 1521863 0014939 0597357 2936882 1149369 0034804 0597358 0678226 1414461 1521863 0014939 0243122 0332453 0597357 1145667 1167622 1419425 1420299 1518422 2936882 3146286 3541315 0450375 1705535 1704675
 1274040 1546471 2825142 0521093 0750484 1456348 1419425 1420299 3541315 0034804 1414461 1521863 0014939 0597357 2936882 1145667 1167622 1553637 1704675 0086860 0332155 0040223 3541383 0007634 3282337 0332290 1419425 1420299 3541315 0086860 0332297 1145667 1167622 1689898 2349209 1704675 0034804 1414461 1521863 0014939 0597357 2936882 0349966 1337208
 0035171 2985227 0947630 1547282 0596988 1518422 0034804 1414461 1521863 0014939 0597357 2936882 0205254 0349966 1337208 2347469
 0596988 0034804 1414461 1521863 0014939 0597357 2936882 1518422 0015272 0205177 0439167 0441655 1561536 1705535 1372999 1704675 0205410
 0449911 0333052 2607870 0557702 1272706 1704674 0557702 1272706 1704674 0349966 1337208

 1419425 1420299 3541315 0205265 0332281 0012854
 1372999 1704675 0851827 1701901 3244310 1158950 2949735 2362652 0072393 1418948 0033684
 1704675 0521447 1521761 2827422 1704259 1705987 1880177
 1419425 1420299 3541315 0851827 1701901 3244310 1441672 3539520 1123005 0014930 0752229 1518422 0349966 1337208
 0450376
 1419425 1420299 3541315 2349975 3158809 0040624 0034804 1414461 1521863 0014939 0597357 2936882 0450344 1553633 0007634 1518422 3282337 0034804 1414461 1521863 0014939 0596988 0597357 2936882 0032136 0332256 2700400 0162735 0026882 1552961 2347617 0349966 1337208 2347469 1553033
 1514562 0034804 1414461 1521863 0014939 0018882 0229304 0597357 0878311 1704821 1705682 2936882 1280500 0034804 1414461 1521863 0014939 0597357 2936882 0349966 1337208 1517331 0521093 0750484 1456348 1184743 1522240 2348042 2826345 1280500
 1274040 1546471 2825142 1705535 3161035 0556030 0082530 0521447 1521761 2827422 0079613 1419425 1420299 3541315 0349966 1337208
 0679729 1372999 1704675 1314939 0205448 0684224 0700287 3496591
 0052336 0025831 0769198 1428067 0025831 2349975 0441472 3266814 0439073 0439082
 0851827 1701901 3244310 0769198 1428067
 0557651 2603343 1547282 0384189 3539643 1514873 1334043
 0684224 0700287 0384189 0015272 2348205 1372999 1704675
 1442824 0034786 1447749 0002844 0597357 3536949 2349975 2949735 0205177 0439167 0441655 1561536
 1704675 0205369 1552740 0034786 1447749 0002844 0597357 3536949 0005456
 0596890 0007634 3282337 0384189 1417374 1420394 1413957 1418458 2349975 0085177 1421986 1826636 0242210 0033684 0034804 1414461 1521863 0014939 0597357 1414304 2936882
 0449774 1627358 2349975 1705535 1372999 1704675
 1704675 0033684 0332257 0384189 0663204 1334868 0755397 1335237 1333336 1530358 1705458 0007634 1292732 3282337
 1704675 0547040 1524031 2945599 0439092 0442796 0547044 1550602 1511726 3245479 1518422 1547282 2949735 1518422 0034804 1414461 1521863 3158809 0014939 0040624 0086597 0127400 0597357 0679729 1314939 1627358 2349975 2936882 1419425 1420299 3541315

 1292732 0162493 1514758 1879547 0144555 0242210 0033684 0243122 1145667 1167622 1524063 0086860
 0144555 0242210 0033684 0243122 1145667 1167622 1145667 1167622 1414304 0878311 0040624 0947630 1515981
 0144555 0242210 0033684 0243122 1145667 1167622 2349975 0205177 0439167 0441655 1561536
 1979874 0597357 0034804 1414461 1521863 0014939 2936882 0040624 1704675 1518422 1441672 1524063 0026882 0031843 0542341 0700205 1705273
 1274040 1546471 2825142 2348205 0144555 0242210 1419425 1420299 3541315 1145667 1167622 0144555 0242210 0033684 0243122 1145667 1167622 1517331 1292732 0872079 1704675 1514758 1879547 0034804 1414461 1521863 0086860 0007634 3282337
 3158809 0040624 1704675 0851827 1701901 3244310 1514873 1704675 0144555 0242210 0033684 0243122 1145667 1167622 0034804 1414461 1521863 0014939 0597357 2936882 0012854 0349966 1337208
 1280500 0521093 0750484 0018882 0229304 1704821 1705682 0034804 1414461 1521863 0014939 0597357 0679729 0851827 1419425 1420299 1514873 1701901 2936882 3244310 3541315 0872079 1704675 0034804 1414461 1521863 0014939 0597357 2936882
 3161035 0349966 1337208 0872079 1704675 0058610 0004793 0162326 0162327 1519249 0332257 1552866 2700399 1517880 0023688 0243122 1145667 1167622 0018882 0229304 0556030 1704821 1705682 1158950 2949735 1419425 1420299 3541315 0348078 0376315 1522492 0439855 1704241 0033684 0450382
 1274040 1546471 2825142 0441712 1706376 0144555 0242210 1518422 0033684 2349975 3158809 0040624
 1704259 1705987 0349966 1337208
 1518422 0332196 2828389 0035820 1705810 0521116 1292732 0441712 0034804 1414461 1521863 0679823
 2825232 0043227 0449719 1521721 1709471 0027468 0039711 0681814 1515981 1706386 1883167
 0010186 0220812 0449719 1709471 0220808 0680264 0007961
 1706852 0522501 1706089 0949214

 0599518
 0282413 0376649 1442065 0031330 1524059 0039711 0041740 0369637 0441923 0557806 1883167 0254343 0796520 3272379

 0085205 1549619 1880669
 0013849 1705961 0024492 1538057 1547565 0059804
 0034037 1704324 0030351 0000723 0000723 1273517 0206588 0521447 0597357 0206588 0521447 0597357
 0034804 1414461 1521863 0014939 0597357 2936882 0034804 1414461 1521863 0014939 0597357 2936882 0034804 1414461 1521863 0014939 0597357 2936882
 0013879 0205342 1705248
 1321099 0031843 0542341 0700205 1705273
 1511662 1511662 1148673 0012854 0243122 1145667 1167622 1880389 1883221 3541951
 0751783 0682969 1517880 0023688 0243122 1145667 1167622 1880389 1883221 3541951
 0034786 1447749 0002844 0597357 3536949 0034786 1447749 0002844 0597357 3536949
 0034840 0038317 0597357
 3539643 1149372 0033618 0056695 3158668
 0297981 1335623 0597357 0033684 0676893 0297981 1335623 0597357 0033684 0108082 0919430
 3539520 0014912
 0034833 1366500 0033308 0597357 2757070 0034833 1366500 0033308 0597357 2757070
 0144555 0242210 0033684 0243122 1145667 1167622 0144555 0242210 0033684 0243122 1145667 1167622
 0010825
 0016955
 2700323 1883559 0332307 0445392 1547052
 1883540 0332466 1293131
 1514811 1706462 0520510 0557061 2584313 1514811 1706462 2827734 2981698
 0369637 0441923
 0439114 2347469


 2347961

 0025141 0740116 2827735 2981700
 0369773 2603361 0439267
 0007634 1269647 1704653 1948049 0025141 0439086 2827736 2981702

 1553033 0369773 2603361 0439267 0597277 1708601 2347469 0369773 2603361 0522501 0369773 2603361 0205090 0684010 2603358
 0369637 0441923
 0007634 1269647 1704653 1948049 0025141


 0027960 0324740 0439189 1456781 1824986

 0025141 0439084 0728893
 2603360 0205090 0684010 2603358
 0369637 0441923
 2347379
 0007634 0439083 0439087 1269647 1704653 1948049
 2603362

 2603360
 0369637 0441923
 0036397
 2347469
 0033727 0369286 0441932 0564385
 0475209 1706378

 0205090 0684010 2603358
 0369637 0441923


 2603362
 2603362
 0443013 2603362
 0678579 0369773 2603361
 0439267
 2347469
 0369773 2603361 2603360


 0369637 0441923
 1418943

 0268596 2700624
 3642273
 0041703

 2603362
 0443030
 2603360 0439394 1706495 3642217
 3476816 0369637 0441923
 0443013 2603362

 2347469
 2347469 2603360
 0205090 0684010 2603358
 0033727 0369286 0441932 0564385 2603360
 0369637 0441923
 0007634 1269647 1704653 1948049 0025141
 1532717 1881335 0678579 1553033
 2347469
 1418943

 0268596 2700624
 3642273
 0041703

 0033727 0369286 0441932 0564385 0439394 1706495 3642217 0439394 1706495 3642217 2347469
 0230467 0741204


 0025141
 2347469 0205090 0684010 2603358
 0369637 0441923


 0439267 0597277 1708601 0205090 0684010 2603358 0033727 0369286 0441932 0564385 0369773 2603361
 1418943

 0268596 2700624
 3642273
 0041703

 2347469
 0021966 0221138 0033727 0369286 0441932 0564385
 0999213 0205090 0684010 2603358
 0443030

 0349590 1262865 0025141
 2603360 2603360 0021966 0221138 0443030 0597277 1708601 0369637 0441923
 0027960 0324740 0439189 1456781 1824986
 0007634 1269647 1704653 1948049


 0369773 2603361 0021966 0221138 2603360 0369637 0441923
 0027960 0324740 0439189 1456781 1824986
 0007634 1269647 1704653 1948049


 0443030 0439394 1706495 3642217
 2347469 0562547
 0443013 2603362
 0205090 0684010 2603358
 0597277 1708601 2603360
 0439267
 2347469 2347469 1553033 2603362
 0439267 2603360

 0439394 1706495 3642217 2603362



 0201682

 0021966 0221138 0369773 2603361
 0439267 0443030

 0027960 0324740 0439189 1456781 1824986
 0007634 1269647 1704653 1948049



 2347469 0443058
 0369637 0441923
 2347469

 0369773 2603361
 0205090 0684010 2603358
 0369637 0441923
 0349590 1262865 0025141
 0205090 0684010 2603358

 0025141
 0443037 2603360 0033727 0369286 0441932 0564385 2603360 0369637 0441923


 2347379

 0025141
 0597277 1708601 1825319 0439267


 1315013


 0450348
 0439267
 2347469 0369718 0441922 1553036
 0439267 1551090
 0369718 0441922 1553036
 0016327 0439133 1553038
 0027960 0324740 0439189 1456781 1824986


 0597277 1708601
 2347469 2603360


 0597277 1708601 0439267
 0330603 0439394 1706495 3642217
 0027960 0324740 0439189 1456781 1824986

 0000857 0600678 1552863
 0017596 1947936
 0597277 1708601 0035853 0995005
 0369637 0441923
 0439267



 0025141

 0369773 2603361


 0450382 0025141
 0369718 0441922 1553036
 2603362
 0369637 0441923
 0439114 2347469



 0027960 0324740 0439189 1456781 1824986

 0450388 0442761 0439086 2827736 2981702 0025141

 0369773 2603361
 0027960 0324740 0439189 1456781 1824986


 0440283 0475657 0939864 1122959 2347469
 0439394 1706495 3642217
 0369773 2603361


 0325074

 0025141

 0369637 0441923
 0038317 0450385 0025141 0450355
 0440283 0475657 0939864 1122959 2347469 0205090 0684010 2603358



 0439269 1960952 2346927
 0349590 1262865 0025141

 0035853 0995005
 2603362
 0885014 0936216 2603360
 0205090 0684010 2603358
 2603360 0369718 0441922 1553036 0369637 0441923
 0017596 1947936
 0597277 1708601 0369637 0441923
 0439267


 2347469
 0205090 0684010 2603358

 0369637 0441923
 0205090 0684010 2603358 0369773 2603361

 0205090 0684010 2603358
 0450955 0597277 1708601
 0205090 0684010 2603358


 1416988 1538267 0033727 0369286 0441932 0564385
 0369773 2603361
 0369637 0441923
 0439267
 0027960 0324740 0439189 1456781 1824986
 0007634 1269647 1704653 1948049



 0441039 1705854 3540815 0369637 0441923
 0205090 0684010 2603358
 0369773 2603361


 0201682

 0369773 2603361 0369773 2603361 1553033 0369637 0441923
 0369773 2603361 0999213 2603362
 2347469
 0369637 0441923
 0205090 0684010 2603358 0369773 2603361

 0027960 0324740 0439189 1456781 1824986



 0205090 0684010 2603358
 2347469
 0033727 0369286 0441932 0564385
 0007634 1269647 1704653 1948049 0025141
 0018173 1548284 0369773 2603361
 0439394 1706495 3642217 2750737 0331964 2603362

 0205090 0684010 2603358 0205090 0684010 2603358 1551730 2603360
 0016327 0439133 1553038 2603362
 0439394 1706495 3642217
 0439394 1706495 3642217

 0000857 0600678 1552863 0439509
 2945617

 0004684 1412800 2986890
 0349590 1262865 0025141
 2603360
 0439267 0369637 0441923


 0369718 0441922 1553036
 2603362
 2603362
 0369637 0441923
 0439114 2347469

 0349590 1262865 0025141
 1553033 1305702 1547134 2355574
 0369773 2603361 0033727 0369286 0441932 0564385 0369773 2603361 0439394 1706495 3642217
 0369773 2603361


 0038817 0376223 0033727 0369286 0441932 0564385 0369773 2603361 1708639
 0027960 0324740 0439189 1456781 1824986
 0007634 1269647 1704653 1948049 0025141

 0369773 2603361 0033727 0369286 0441932 0564385 0369773 2603361
 0205090 0684010 2603358
 1553033 0205090 0684010 2603358

 1418943

 0268596 2700624
 3642273
 0041703

 0027496
 0369773 2603361
 0442982 1551833 0205090 0684010 2603358
 0349590 1262865 0025141
 1415618

 0016360 1424823 0812297 1705148 0205090 0684010 2603358
 0439267
 0027960 0324740 0439189 1456781 1824986
 0007634 1269647 1704653 1948049 0025141
 1553033 0440283 0475657 0939864 1122959 2347469
 0016995 0027496
 0033727 0369286 0441932 0564385 0369773 2603361 0439394 1706495 3642217
 0369773 2603361
 0349590 1262865 0025141
 2603360
 0439267 0369637 0441923
 0205090 0684010 2603358
 0369773 2603361

 0349590 1262865 0025141
 0376586 1553033 0337694 1998092 1412430 0369637 0441923

 0597277 1708601


 0201682

 1553033 0016995
 0369773 2603361 0439267
 2347469 0369637 0441923
 0439394 1706495 3642217
 0369773 2603361
 0027960 0324740 0439189 1456781 1824986
 0007634 1269647 1704653 1948049



 1553033 0005005 0439394 1706495 3642217
 0369773 2603361


 0201682


 2347469 0439394 1706495 3642217 0439394 1706495 3642217
 0369773 2603361 0369637 0441923



 0369637 0441923
 0678579 0369637 0441923
 0007634 1269647 1704653 1948049 0025141

 0033727 0369286 0441932 0564385 0439114


 0027960 0324740 0439189 1456781 1824986
 0007634 1269647 1704653 1948049

 0450382
 0033727 0369286 0441932 0564385 0369773 2603361 0033727 0369286 0441932 0564385 0439114




 0201682

 0439267 3495095

 0033727 0369286 0441932 0564385 0205090 0684010 2603358 0205090 0684010 2603358

 0027960 0324740 0439189 1456781 1824986


 0597277 1708601 0369637 0441923
 0027960 0324740 0439189 1456781 1824986

 0439084 0728893 0000857 0600678 1552863
 0597277 1708601 0369773 2603361 0439267
 0439267 0369773 2603361
 2603360
 2603362
 0036397
 0369773 2603361 0439267
 0205090 0684010 2603358
 0369773 2603361

 0027960 0324740 0439189 1456781 1824986

 0000857 0600678 1552863
 0005135 0982158 3495134 2346751 0369637 0441923 0369773 2603361
 1418943

 0268596 2700624
 3642273
 0041703
 0000857 0600678 1552863
 0524901 0205090 0684010 2603358
 2347379 0028606
 0000857 0600678 1552863
 2347469 0402671 2244327 1431628 0016327 0439133 1553038 2603360
 0005477 0025141

 0016327 0439133 1553038 1553033 0439267

 0000857 0600678 1552863
 0369773 2603361 0033727 0369286 0441932 0564385
 1418943

 0268596 2700624
 3642273
 0041703
 0439083 0439087 0000857 0600678 1552863 0450385
 0442999 1621797 0033727 0369286 0441932 0564385
 0027960 0324740 0439189 1456781 1824986

 0439086 2827736 2981702 0000857 0600678 1552863
 2603360
 0205090 0684010 2603358 0597277 1708601
 0369773 2603361 1431628
 0016327 0439133 1553038
 2347379
 0000857 0600678 1552863



 0201682
 0450387
 0402671 2244327 0016327 0439133 1553038 0205090 0684010 2603358
 0027960 0324740 0439189 1456781 1824986

 0000857 0600678 1552863 0450388
 0402671 2244327 2347469
 0027960 0324740 0439189 1456781 1824986


 0016327 0439133 1553038 0205090 0684010 2603358
 2347379 0028606
 0450389
 0439394 1706495 3642217 2347469
 0027960 0324740 0439189 1456781 1824986


 0205090 0684010 2603358
 0014137
 0038817 0376223 0439267 0402671 2244327
 0027960 0324740 0439189 1456781 1824986


 0812297 1705148 1553033 0369773 2603361
 0014137
 0205090 0684010 2603358 0402671 2244327
 0014137
 0439394 1706495 3642217 0016327 0439133 1553038
 1553033


 0201682

 0205090 0684010 2603358 0999213 0021966 0221138 0021966 0221138
 0014137
 0021966 0221138 1553033 0016327 0439133 1553038 0999213 0021966 0221138 0205090 0684010 2603358 0205090 0684010 2603358
 0014137
 2347469 0016327 0439133 1553038 2603360 0439267


 0201682

 1553033
 0033727 0369286 0441932 0564385 0439394 1706495 3642217
 0369773 2603361
 2603360

 0369773 2603361
 0027960 0324740 0439189 1456781 1824986
 0007634 1269647 1704653 1948049


 0369773 2603361 0439267
 0369773 2603361
 0369637 0441923
 0439267 0369773 2603361

 0027960 0324740 0439189 1456781 1824986
 0007634 1269647 1704653 1948049

 0000857 0600678 1552863
 0439267 0033727 0369286 0441932 0564385 1553033 0678579 0369637 0441923
 0036397 0025141
 1553033 0369637 0441923

 0439090 1423767 2347469 0033727 0369286 0441932 0564385 0369773 2603361 0205090 0684010 2603358

 0000857 0600678 1552863
 0033727 0369286 0441932 0564385
 0369773 2603361 0205090 0684010 2603358
 0017337 0025141
 0205090 0684010 2603358 0678579 0369637 0441923
 0027960 0324740 0439189 1456781 1824986
 0007634 1269647 1704653 1948049



 0554249
 2603362
 0369637 0441923
 0439114 2347469

 0027960 0324740 0439189 1456781 1824986
 0007634 1269647 1704653 1948049




 0369773 2603361
 0038317 0025141
 2603362
 0369637 0441923
 0205090 0684010 2603358
 0027960 0324740 0439189 1456781 1824986
 0007634 1269647 1704653 1948049


 0033727 0369286 0441932 0564385 0597277 1708601 0033727 0369286 0441932 0564385 0721226 1551914 2603362
 0027960 0324740 0439189 1456781 1824986
 0007634 1269647 1704653 1948049

 0439083 0439087
 0999213 0033727 0369286 0441932 0564385 0033727 0369286 0441932 0564385 0071767 2603362
 2603362
 2347469
 2603360
 0369637 0441923
 0205090 0684010 2603358
 0036397
 1553033 2347469
 0205090 0684010 2603358
 0439267 0369637 0441923
 0369773 2603361


 0201682

 0205090 0684010 2603358
 2347469 0369718 0441922 1553036
 2603362
 2603362
 0369637 0441923
 0439114 2347469

 0007634 0439073 0439082 1269647 1704653 1948049 0025141
 0369718 0441922 1553036 0439114
 0439114

 0027960 0324740 0439189 1456781 1824986


 0302595 1537110 3275241 2603362
 0033727 0369286 0441932 0564385 0597277 1708601
 0439267 0439267 0369773 2603361 0597277 1708601 1556084 0016327 0439133 1553038
 2603362
 0027960 0324740 0439189 1456781 1824986


 0439114




 0201682

 0999213
 0439267 2603362
 0369637 0441923
 0205090 0684010 2603358


 0201682
 0439073 0439082
 0071767 2603362
 0999213
 0439267
 0033727 0369286 0441932 0564385 0369637 0441923
 0205090 0684010 2603358


 0201682

 0369637 0441923
 0021966 0221138 0542318
 0369637 0441923


 0201682

 0033727 0369286 0441932 0564385 0597277 1708601 0443037 2603360 0033727 0369286 0441932 0564385 0721226 1551914 2603362

 0009993 0037455 0596070 1552856 0005477 0026376 0005532 1521991