 0020792 0205396 0103839 0016248 0375741
 0443048

 0022877 3244292 0035168 0242481 0000876 0038995 1704729 0086345 0017398 0017399 1521991 1704729 0439148 1519795 1704753 1880519 0001895 0041740 1551894 2825084 0001895 1551894 2825084 0034036 0034037 1514756 1704324 0348078 0376315 1515981 1522492 1527075 0557061 2584313 1514811 1706462 0441471 0035280 0333117 1753315 0162864 1256463 0005847 0677535 1511228
 0205396 1550043 1551388 0205145 1515974 2825164 1709915 1882936 0205666 0004793 0162326 0162327 1519249 0023823 0023820 0178587 0205251 1299352 1550472 1547282 1510827 1517892 1704666 0033692 0507850
 0205666 1862593 0023820 1563937 0205088 0205666 0596260 1705314 1705315 1862593 2825407 0332197 2699517
 1621789 0243122 1145667 1167622 1563937 0023820 0033692 1145667 1167622 0005456 1621789 0205088 1705314 1705315 0003593
 0681828 0947630 0205396 1550043 1551388 1555715 1704332 0103839 1145667 1167622 0017973
 1883351 2945843 0205145 0205245 0542341 2700217 0936012 1325353 2266866 0020115 1325382 0205177 0439167 0441655 1561536 0007634 0023903 2239176 3282337 0677626
 0525038 1555721 1706204 0301714 0002520 0001128 0205145 1515974 1527178 2825164 2266866 1325382 0205177 0439167 0441655 1561536
 0332297 1145667 1167622 1689898 2349209 0053574 1412792 0205666 1862593 0103839
 1705285 1510827 0103839
 1511726 3245479 0183683 1521721 1512571 0596260 0024861 1538279 1845191 3154958 0005456 0682969 1621789 0205145 0243122 1145667 1167622 1515974 2825164 0205145 1515974 2825164 0003593 0332157 0348078 0376315 0596260
 0392148 0017446 0205088 0205147 1705314 1705315 0003593 0103839 0023820 1563937
 0557061 2584313 1514811 1706462 0441889 0023823 0023820 0178587 0205251 1299352 1550472 2827734 2981698 0023820 0332256 2700400 0003591 0004153 1521991 0441712 0023175 1442948 1522538 2348269 3275067 0205169 0162340
 0332120 0178566 1708698 0035280 0333117 1753315 0441471 2827734 2981698 0740116 2827735 2981700
 0205549 2348044 0520510 0023175 0181586 0205369 1442948 1521991 1522538 1552740 2348269 3275067 0007613 1325880 1184743 1522240 0033414 0220781 0439634 1522492 2827734 2981698
 0205396 1550043 1551388 0205145 1515974 2825164 1709915 1882936 0205666 1862593 0004793 0162326 0162327 1519249 0439086 2827736 2981702 0449450 0332120 1510827 1517892 1704666 0033692 0507850 0740116 2827735 2981700
 0025914 0025929 0026809 0023823 0023820 0178587 0205251 1299352 1550472 0004153 1883559 0332307 0445392 1547052 0243148 1550141 1882979 2587213 3274648 0023823 0023820 0178587 0205251 1299352 1550472 0740116 2827735 2981700
 0205088 0205666 0596260 1705314 1705315 1862593 2825407 0332197 2699517
 0037088 0243095 2825141 0449450 0947630 0011155 1636779 0003595 0523511 1412481 0025914 0025929 0026809 0004153
 0439092 0547044 0003062 0332256 2700400 0023820 0332307 1547052 0015127 1314792 1524003 0004153
 1883712 1522133 0201950 0428466 0008377 0441889 0025914 0025929 0026809 0103839 0205666 1862593 0441889 0449286 0542560 1561545 2348088
 1621789 0243122 1145667 1167622 1563937 0023820 0033692 1145667 1167622 0005456 1621789 0205088 1705314 1705315 0567416
 0103839 0019134 0770546 1704675 1518422 0220825
 0557651 2603343 0936012 1704675 0033692 0507850 0205396 1550043 1551388 0005456 0682969 1621789 2945843 0205145 0243122 1145667 1167622 1515974 2825164 0205145 1515974 2825164 0205300
 0557061 2584313 1514811 1706462 0520510 0812225 1150635 1705212 1705213 3273202 0043194 0258432 1421478 1555265 0206415 0045143 1548556

 0043193
 0119053
 0009458 0205224 0439536 0547040 1524031 1705217 2945599 3244283 0043194 0258432 1421478 0004950 0009458 0205224 0439536 0547040 1524031 1705217 2945599 3244283 0043194 0258432 1421478
 0025646
 0028928 0028929 0001128 0202406 0031493 0016327 0036774 0036773 0728877 0001924 0007452 0229671 1140701 1546774 1550100 0040900 0001128 0202406 0057252 1413930 0053574 1412792 1719918
 0015965 0229671 0230445 0521457 1305418 1546774 1550100 0043194 0205132 0258432 1421478 1550648 1552960 0011318
 0003641 0043194 0258432 1421478 0017480
 0220806 0600209 1273517 1704732
 0312586 0368582 0003241 0021027 0005456 0682969 0043194 0205145 0243122 0258432 1145667 1167622 1421478 1515974 2825164
 0014441 0043194 0258432 1421478
 0079411 3146294 1547699 2700640 1521827 0012906 0205349 0010813 0014230 0392747 0443288 0596311 1269765 1330957 1419240 3539698 1552738
 0332255 1708096 0332256 2700400 0026882 1705285 0439086 2827736 2981702 1481598 0032136 0205666 1862593 0439086 2827736 2981702 1524063 0011516 0011516 1552738 0439086 2827736 2981702 0032136 0441587 0332256 2700400 0242611 0009221 1095825 0683454 0021966 0221138
 0439086 2827736 2981702
 0205666 1862593 0301715 0002520
 0332255 1708096 0032136 1524063 0011516 0011516 0439086 2827736 2981702 0445167 1481598 0032136 1880274 0439086 2827736 2981702
 0032136 2700640 1705285
 0079411 3146294 1547699 2700640 0103839 0103839 0103839 0599155 0026882 1555721 1705285 1706204 3146294 0205145 1515974 2825164 0205666 1862593 0439086 2827736 2981702 0242611 0009221 1095825 1157567 0039872 0162872
 0026882 1705285 0220781 0439634 1522492 0205431 0441712 0868955 1706376 1517914 0023884 0736268 1278929 2346688
 0032136 0079870 0079866 0205145 1515974 2825164 3146302 0439851 0681850 1550501 1706203 1947931 2349001 2697811 0812225 1150635 1705212 1705213 3273202
 0026882 1705285 0332255 0441587 1708096 1524063
 0439158 2945843 0010813 0205145 0332268 0596311 1330957 1515974 2825164 0220908 1305399 1705053
 0449445 1273517 1883351 0005456 1148607 0205145 0243122 1145667 1167622 1705285 0103839 0740116 2827735 2981700
 0205666 1862593 0205396 0205666 1550043 1551388 1862593 1705285
 0079866 3146302 0003593 0332255 1708096 0086022 0441587 0442335 1705099 1883351 1552738
 1883708 0079870 0079866 0205145 1515974 2825164 3146302 0439851 0681850 1550501 1706203 1947931 2349001 2697811
 0028953 1273517 1883351 1510863 0003765 0301714 0024337 0036720 0301715 0017797 0439084 0728893
 0439084 0728893
 0439084 0728893
 0205449 1705285 2827421 0086418 0086022 0442335 1705099
 0441513 1706214 0025936 0003069 0025914 0025929 0026809 3146294 0021622 1272753 0038995 0025991 0012854 0043544 0013710
 0025936 0003069 0025914 0025929 0026809 0003593 0020980 0021060 0086418 0205369 0205396 1550043 1551388 1552740 1524063
 0263541 0006159 1707391 0002778 0936012 1524024
 0040669 0010453 0220814 0430400 2242979 1552738
 0332173 0439228 0439505 0007634 3282337 0005971 0205170 0205452 1139930 3146287 3537155 0036563 1705192 1882540 2346495 2347578 0007634 0205170 3146287 3282337
 2827421 1883559 1524063 0456603 1547037
 0439228 0119053 0439526 0010454 0009458 0010453 0220814 0430400 0439536 1524062 1705217 2242979 3244283
 0439158 1707391 0003593 0086418 0185117 0220908 1305399 1705053 0005863 0949466 1705493 0312586 0003241 0021027 0003593
 1706853 1879748 0036536 0036537 0205448 0009013 1522642 2827421 1708632 0025646 1552738
 0003593 0003593 0021069 0521108 0312586 0003242 0003241 0021027
 0036679 0237868 1881713 0013855 0071500 0017243 0071499 1382104 0332256 2700400 0003593 0004400 0234621
 0033268 0086045 1446561 0009013 1522642 0009013 1522642 0010453 0220814 0430400 2242979 0009013 1522642 0009458 0439536 1705217 3244283
 0009458 0439536 1705217 3244283 1516695 1516698 0031493 0016327 0003641 1524062
 0009458 0439536 1705217 3244283 0179834 0007634 0041612 1269647 1619829 1704653 1880165 1883417 1948049 0025255 0596901 1706182 0026385 0005910 0043100 1305866 1521991 1705104
 1550101 0041609 0205409 1548221 1548958 1705294 0037494 1959973 0013618 2678549 1882074 0020283 0450407 0450408 0450409 0003593 0003595 0523511 1412481 0596751 0008550 0849355 0439086 2827736 2981702
 0041609 0439526 0521108 0008559 0008565 0008550 0015663 0016107 0017243 0086972 0302908 0443299 0456962 0597198 0687118 1304698 1382104 1546699 1561501 1882330 0180799 1185738 1706132
 1510844 1185738 1706132 1720154 0991865 0006353 0031603 0031701 0036082 0086972 0443299 0687118 1601799 2678549 1882074 0020283 0450407 0450408 0450409 2826285 0806140 0871208 1521828 0702093
 1264633 0456389 1709595 2349200 0681850 0243122 0947630 1145667 1167622
 0204727 0205409 0220862 0023823 0023820 0178587 0205251 1299352 1550472 0439267 0439526 0041609 0205409 1548221 1548958 1705294 0037494 1959973 0013618 0003595 0523511 1412481 0003595 0523511 1412481 0003593 0596751 0008550 0849355 1979003 0312586 0003241 0439086 2827736 2981702
 0679932 0003595 0523511 1412481 0023820 0439267 0439526 0025936 0003069 0025914 0025929 0026809 0205409 1548221 0439086 2827736 2981702 0003595 0026367 0332462 0392747 0523511 1412481 1439852 1880834 1979886 0023825 0023823 0442811 0023820 0178587 0205251 0442824 1299352 1550472 1552738 0740116 2827735 2981700
 0041609 0439526 0521108 0008559 0008565 0008550 0015663 0016107 0017243 0086972 0302908 0443299 0456962 0597198 0687118 1304698 1382104 1546699 1561501 1882330 1185738 1706132 0003595 0523511 1412481
 1264633 0456389 1709595 2349200 0681850 0243122 0947630 1145667 1167622
 0884358 1518422 0003595 0523511 1412481 0596751 0008550 0849355
 0005507 0243073 1510438 0053574 1412792 0057252 1413930 0053574 1412792 1522408 0057252 1413930 0439526 0019215 0037494 1959973 2678549 1882074 0020283 0450407 0450408 0450409 2348236 0005903 0039476 0439583 1547703 0006353 0019043 0028778 0332206 2983591 0036774 0036773 0728877 0001924 0007452 0229671 1140701 1546774 1550100 1442450 2348236 0005903 0039476 1547703
 0370003 2347026 0024472 1524062 0205170 1439852 1442450 2348236 0005903 0039476 1547703
 1139930 1883708 0006353 0445247 1439852 0011155 0023820 0229671 1546774 1550100 1636779 0242295 1947943 2348609 1720119 1948037 2827734 2981698
 0205170 3146287 0003593 0005456 0682969 0205145 0243122 1145667 1167622 1515974 2825164
 1720119 1948037 2827734 2981698 0006353 0019043 0036774 0036773 0728877 0001924 0007452 0229671 1140701 1546774 1550100 0041415 1524062 2348236 0005903 0039476 1439852 1547703 1979835 1442467
 1710236 1524062 1439852
 0443286 1114821 0205163 0449468 1272691 1549782 1690016 1705102 2700258 3171718 0444706 3541902 0183400
 0557061 2584313 1514811 1706462 1621789 1149323 0243122 1145667 1167622 1883351 0023820 0332256 2700400 0103839 0507850 0003842 0033692 0226004 0677535 1145667 1167622 0884358 0947630 0025914 0025929 0026809
 0034606 0441633 0443289 1264633 1554103 0332256 2700400 0439093 0443228 1704243
 0947630 0443289 0023823 0023820 0178587 0205251 1299352 1550472 0053574 1145667 1167622 1412792 0349966 1337208
 1883351 1711411 1149323 0243122 1145667 1167622 0033692 0086597 0103839 0127400 0443602 0023779 0023820 1518422 0332293 1522326 0023820 0000986 0003030 0981805 1518422 1547282 1883351 0392747 0003765 0024337
 0392747 1554963 0023823 0023820 0178587 0205251 1299352 1550472 0085732 0053574 1412792 0349966 1337208
 1274040 1546471 2825142 0243122 0681814 1145667 1167622 1711411 0057252 1413930 0805525 1264633 1554103 1518422 1547282
 0005456 0682969 1621789 0205145 0243122 1145667 1167622 1515974 2825164 0023823 0544701 0023820 0178587 0205251 0205307 0439166 1299352 1550472 2347086 2603362 0332157
 0449911 0333052 2607870 0557702 1272706 1704674 0557702 1272706 1704674 0349966 1337208
 2827734 2981698
 0005507 0243073 1510438 0053574 1412792
 0085732 1412481 1417166 1332838 0003595 0017337 0025914 0025929 0026809 0205409 0523511 1521840 1548221 1145667 1167622 0053574 1412792
 0023823 0023820 0178587 0205251 1299352 1550472 0023823 0023820 0178587 0205251 1299352 1550472 0332257 0681814 1706386 3538986 0439178 1446409 1514241 2825490 1639518 1947986 0205160 1513916 2825415 2825491 0243148 1550141 1882979 2587213 3274648
 0023820 0205409 0441833 0687744 1257890 1548221 1552516 1705428 1705429
 1274040 1546471 2825142 1882932 0042295 0444504 2347634 2348143 2603362 0884358 0205409 1548221 0023823 0023820 0178587 0205251 1299352 1550472 0681814 1706386
 0079411 3146294 0947630 0021135 1533691 2827718 0205666 0557651 0947630 1862593 2603343 1555715 1704332 0023823 0023820 0178587 0205251 1299352 1550472 0017973 1145667 1167622 1706211 0021966 0221138
 0205447 0445385 0023823 0023820 0178587 0205148 0205251 0205666 0332157 1299352 1550472 1862593
 2945843 0205145 0205451 0150312 0449450
 1883351 2347795 0035820 1705810 0243122 1145667 1167622 0033692 0023823 0023820 0178587 0205251 1299352 1550472 3146294 0025936 0003069 0025914 0025929 0026809 0103839 1883559 0103839 0348078 0376315 1522492 0301714 0002520 0001128 1527178 0301715 0002520 0003765 0024337 0349966 1337208
 0205088 1705314 1705315 1880389 1883221 3541951 0205666 1862593 0220781 0439634 1522492 0023825 0023823 0442811 0023820 0178587 0205251 0442824 1299352 1550472 1518422 1513776 3154959 0005456 1148608 0205145 0243122 1145667 1167622 0314604 1412471 0017337
 0449911 0039224 1706073 1706074 0557702 1272706 1704674 0557702 1272706 1704674 0002518 1148572 0002520 2917660 0001128 0162326 0202406 0024337 0003765 0301715 0002520
 0449911 0333052 2607870 0557702 1272706 1704674 0557702 1272706 1704674 0349966 1337208
 0740116 2827735 2981700
 0733755 0103839 0205666 1862593
 0205145 0079870 0079866 0205145 1515974 2825164 3146302 0439851 0681850 1550501 1706203 1947931 2349001 2697811 0103839 0332256 2700400 0023823 0023820 0178587 0205251 1299352 1550472 0205666 1862593 0332256 2700400 0023823 0023820 0178587 0205251 1299352 1550472 0522501 1706089
 0005507 0243073 1510438 0053574 1412792 1883351 0085732 0033692 0023823 0023820 0178587 0205251 1299352 1550472 0023823 0023820 0178587 0205251 1299352 1550472 0205666 1862593 0243148 1550141 1882979 2587213 3274648 0023823 0023820 0178587 0205251 1299352 1550472 0023823 0023820 0178587 0205251 1299352 1550472 0025936 0003069 0025914 0025929 0026809 0205409 1548221 0740116 2827735 2981700 0439086 2827736 2981702
 0205666 1862593 0332256 2700400 0023823 0023820 0178587 0205251 1299352 1550472 0301714 3154958 0002518 0002520 1148572 0001128 1527178 1621473 0021966 0221138 0301715 0002520 0740116 2827735 2981700 0349966 1337208
 1547282 0205666 1862593 0332256 2700400 0023823 0023820 0178587 0205251 1299352 1550472 1518422 0507850 0003842 0033692 0226004 0677535 0740116 2827735 2981700
 1704675 0033684 0033692 0035280 0333117 1753315 0015350 0521119 1704640 1706515 0507850 0677535 0700364 1883351 0243122 1145667 1167622 0003595 0523511 1412481 2827734 2981698
 1550032 1880497 1996907 0023820
 0205172 0003595 0359583 0523511 1412481 0023823 0023820 0178587 0205251 1299352 1550472
 0596751 0008550 0849355 0003595 0444868 0523511 1412481 3539085 0023823 0023820 0178587 0205251 1299352 1550472 0003595 0205171 0523511 1412481 1720467 0023823 0023820 0178587 0205251 1299352 1550472
 1439852 0023823 0023820 0178587 0205251 1299352 1550472 0065058 0125953 1096202 0003595 0523511 1412481 0023825 0023823 0442811 0023820 0086418 0178587 0205251 0205409 0442824 1299352 1548221 1550472 1554078 1518422 0033692 0740116 2827735 2981700
 0003593 0596751 0008550 0849355 0439086 2827736 2981702
 0009932 0243148 0681814 1550141 1882979 2587213 3274648 1547282 0679932 1518422 0001721 0085732 0017973 1518422 1547282
 0023823 0023820 0178587 0205251 1299352 1550472 0332256 2700400 0103839 0205666 1862593 0033684 1518422 1547282 0205208 0205390 0302909 1378566 0005507 0243073 0681850 1510438 1550501 1706203 2349001 2697811 0033692 0507850
 0681814 0023823 0023820 0178587 0205251 1299352 1550472 0023823 0023820 0178587 0205251 1299352 1550472 0332297 1145667 1167622 1689898 2349209 0053574 1412792 0023823 0023820 0178587 0205251 1299352 1550472 0870432 0205082 0221099 0684336 0053574 0243122 1145667 1167622 1412792 0349966 1337208
 0543488 0023823 0023820 0178587 0205251 1299352 1550472 0053574 1412792 0349966 1337208
 1274040 1546471 2825142 0243122 0681814 1145667 1167622 1711411 0057252 1413930 0805525 1264633 1554103 1518422 1547282
 1274040 1546471 2825142 0205447 1148607 0017973 0238767 0243122 1145667 1167622 1706086 3536869 0004793 0162326 0162327 1519249 1518422 0023823 0023820 0103839 0178587 0205251 1299352 1550472 1705285 0205145 0021966 0221138 2347469 2347469 0332157 0205245 0542341 2700217
 1511726 3245479 0205145 1515974 2825164 0205300
 0449911 0333052 2607870 0557702 1272706 1704674 0557702 1272706 1704674 0349966 1337208
 0439086 2827736 2981702
 0243122 1145667 1167622 0023823 0023820 0178587 0205251 1299352 1550472
 1149323 0243122 1145667 1167622 0023823 0023820 0178587 0205251 1299352 1550472 0023823 0023820 0178587 0205251 1299352 1550472 0023823 0023820 0178587 0205251 1299352 1550472 0053574 1412792 1547282
 0003595 0523511 1412481 0025664 0449851 0849355 0205666 1862593 0332256 2700400 0023823 0023820 0178587 0205251 1299352 1550472 0003595 0086418 0392747 0523511 0559956 1299987 1412481 0103839 0332256 2700400 0023823 0023820 0178587 0205251 1299352 1550472
 0003593 0023820 0849355 0596751 0008550
 1274040 1546471 2825142 1882932 0042295 0444504 2347634 2348143 2603362 0884358 0205409 1548221 0023823 0023820 0178587 0205251 1299352 1550472 0681814 1706386
 0026344 3161035 0021966 0221138 2347469 0332272 2347469 0162340 0205145 0021966 0221138 2347469 2347469 0023820 0884358 0600115 0003593
 0314644 0205276 1947913 0017446 0205147 0065069 0003593 0205396 0325983 1550043 1551388 1709697 2728259 3484370
 0314644 0205276 1947913 0017446 0205147 3641799 0003593 0086418 0205396 0205435 1279901 1550043 1551388 1883708 1273517 1883351 0004793 0162326 0162327 1519249 1709697 2728259 3484370 0450348
 0026344 3161035 1521991 1706214 1709697 2728259 3484370 1709956 3541837 0349966 1337208 1547282

 3161035 1547282 0205145 1515974 2825164 0021966 0221138 2347469 0205448 0332529 0443299 1880389 1883221 3541951 0205145 1947960 2347469 1709915 1882936 0021966 0221138 1947960 2347469 0348078 0376315 1522492 1880389 1883221 3541951
 0444930 2746065
 0449911 0333052 2607870 0557702 1272706 1704674 0557702 1272706 1704674 0349966 1337208

 0450429 1515974 0026344 3161035
 1947960 1880389 1883221 3541951 0332583 0037949 1267072
 2347469 1709915 1882936 3273494 1513371 1705738 1883067 2347637 2348146 1708059 1882932 0009393 1550604 1705245 0009219 0805701 0332283 1719822 1260957 1527178
 0332575 1260956 0001128
 0332583 1709915 1882936
 0439792 0424215 2003939 3161035
 2348205 1555721 1706204
 0042295 2348205 1709908 0684224 0700287 3496591

 0042295
 0185117 0007634 3282337 1883351 0004793 0162326 0162327 1519249 0301714 0002520 0001128 1527178 2347469 0301715 0002520 0003765 0024337
 0007634 3282337 3146294
 0002778 0936012 1524024 1880109 2827421 1547282 0007634 1327616 3282337 0349966 1337208
 0007634 3282337 1518422 1327616 0349966 1337208
 0449911 0333052 2607870 0557702 1272706 1704674 0557702 1272706 1704674 0349966 1337208
 0439084 0728893
 0005572 0220781 0036536 0036537 0007634 3282337
 0007634 3282337 1708632 0025646
 0003593 0007634 0521108 3282337 0007585 0007634 0010454 0009458 0010453 0220814 0430400 0439536 1269647 1704653 1705217 1948049 2242979 3244283 0312586 0003242 0003241 0021027
 0036679 0237868 1881713 0013855 0071500 0017243 0071499 1382104 0332256 2700400 0003593 0004400 0234621
 0005507 0243073 1510438 0053574 1412792 1883351 1704675 0033692 0507850 0023823 0023820 0178587 0205251 1299352 1550472 0023823 0023820 0178587 0205251 1299352 1550472 0007585 0010454 0007634 0009458 0010453 0205409 0220814 0430400 0439536 1269647 1548221 1704653 1705217 1948049 2242979 3244283 0041609 0008559 1148476 0008550 0456389 0680251 2828389
 0003593 0034693 0034721 0205227 0332232 0003595 0523511 1412481 0596751 0008550 0025664 0449851 0849355
 0023823 0023820 0178587 0205251 1299352 1550472 0025936 0003069 0025914 0025929 0026809 0205409 1548221 0023823 0023820 0178587 0205251 1299352 1550472 0007634 0149566 0205409 1548221 3282337 0332256 2700400 0003595 0523511 1412481
 0442822 1265611 0023823 0023820 0178587 0205251 0442726 1299352 1511790 1550472 1998793 0596751 0008550 1518422 1547282
 0681814 0332297 1145667 1167622 1689898 2349209 0053574 1412792 0870432 0205082 0221099 0684336 0053574 0243122 1145667 1167622 1412792 0349966 1337208
 1274040 1546471 2825142 0205132 0205448 1301820 1705242 2827421 0243122 0681814 1145667 1167622 1711411 0057252 1413930 0805525 1264633 1554103 1518422 1547282
 1511726 3245479 0033692
 0449911 0333052 2607870 0557702 1272706 1704674 0557702 1272706 1704674 0349966 1337208

 0243122 1145667 1167622 0332256 2700400 0023823 0023820 0178587 0205251 1299352 1550472 0332256 2700400 0023823 0023820 0178587 0205251 1299352 1550472
 0007585 0010454 0007634 0009458 0010453 0205409 0220814 0430400 0439536 1269647 1548221 1704653 1705217 1948049 2242979 3244283 0041609 0439526 0008559 1148476 0008550 0456389 0680251 2828389
 0085732 0009013 1522642 0009013 1522642 1883351 0053574 1412792
 0003593 0003595 0523511 1412481 0025664 0449851 0849355
 1274040 1546471 2825142 1882932 0042295 0444504 2347634 2348143 2603362 0884358 0205409 1548221 0023823 0023820 0178587 0205251 1299352 1550472 0681814 1706386
 0079411 3146294 0205435 0205666 1279901 1862593 2612459 0597177 0205088 0596260 1705314 1705315 0010366 0150097 2828360 0452227 1706101 0039259 0002520 2917660 0001128 0202406 0587267 0349966 1337208

 0003316 0003250 0003241 0746619 0450389 1709915 1882936 1709915 1882936 0442824 0587267 1704458
 0205145 1515974 2825164 1709915 1882936
 1883351 0022885 0039593 0392366 1512571 0596260 0024861 1538279 1845191 0205145 1515974 2825164 3146294 0025936 0003069 0025914 0025929 0026809 1705285
 0023823 0023820 0178587 0205251 1299352 1550472 0332256 2700400 0205666 1862593 0103839 0205409 1548221 0003593 0025664 0449851 0849355
 0003595 0523511 1412481 0205666 0849355 1862593 0023820 0003595 0086418 0392747 0523511 0559956 1299987 1412481 0023823 0023820 0178587 0205251 1299352 1550472
 0449911 0333052 2607870 0557702 1272706 1704674 0557702 1272706 1704674 0349966 1337208

 3161035 0103839 0033692
 0205435 0205666 1279901 1862593 2612459 0597177 0205088 0596260 1705314 1705315 0010366 0150097 2828360 0452227 1706101 0039259 0002520 2917660 0001128 0202406 0587267 1709915 1882936
 0003316 0003250 0003241 0746619 0450389 1709915 1882936 1709915 1882936 0442824 0587267 1704458
 0596260 0024861 1538279 1845191 3154958 0005456 0682969 1621789 0205145 0243122 1145667 1167622 1515974 2825164 0205145 1515974 2825164 0003593 0332157 0348078 0376315 0596260
 0457083 0205088 1705314 1705315 1149341 0005456 1621789 0205145 0243122 1145667 1167622 0033692 1145667 1167622
 1705285 0042153 0457083 1947944 3154958 0005456 0682969 1621789 0205145 0243122 1145667 1167622 1515974 2825164 0870432 1705417 1510827 0103839
 0681814 0332297 1145667 1167622 1689898 2349209 0053574 1412792 0057252 1413930 1518422 1547282 1510827 0205666 1862593 0349966 1337208
 1705285 1510827 0103839 0349966 1337208
 1511726 3245479 0183683 1521721 1512571 0596260 0024861 1538279 1845191 0205145 1515974 2825164 0003593 0332157 0348078 0376315 0596260
 0033692 1145667 1167622 1524063 0205088 1705314 1705315 0205088 0596260 1705314 1705315 0445385 0005456 1621789
 1705285 3154958 0005456 0682969 1621789 0033692 0205088 0205145 0205171 0243122 1145667 1167622 1515974 1705314 1705315 1720467 2825164 0870432 1705417 1510827 0033692 0507850
 0449911 0333052 2607870 0557702 1272706 1704674 0557702 1272706 1704674 0349966 1337208

 0243122 1145667 1167622 0205666 1862593
 0085732 0023823 0023820 0178587 0205251 1299352 1550472 0023823 0023820 0178587 0205251 1299352 1550472 1883351 0053574 1145667 1167622 1412792
 0003595 0523511 1412481 0205666 0849355 1862593 0332256 2700400 0023823 0023820 0178587 0205251 1299352 1550472 0003595 0086418 0392747 0523511 0559956 1299987 1412481 0103839 0332256 2700400 0023823 0023820 0178587 0205251 1299352 1550472
 0003593 0023820 0849355 0596751 0008550
 0023823 0023820 0178587 0205251 1299352 1550472 1639518 1947986 0205160 0243148 0332257 1513916 1550141 1882979 2587213 2825415 2825491 3274648 3538986
 0023820 0205409 0441833 0687744 1257890 1548221 1552516 1705428 1705429
 1274040 1546471 2825142 1882932 0042295 0444504 2347634 2348143 2603362 0884358 0205409 1548221 0023823 0023820 0178587 0205251 1299352 1550472 0681814 1706386
 2985663 0557651 1514811 1706462 2603343 1292732 0441712 1706376 1704675 0033692 0507850
 1555721 1706204 1704675
 1274040 1546471 2825142 0205396 1550043 1551388 0205145 1515974 2825164 1709915 1882936 0005456 0682969 1621789 0205145 0243122 1145667 1167622 1515974 2825164 0103839
 0205145 1515974 2825164 0444930 2746065 2347469 0348078 0376315 1522492 1880389 1883221 3541951
 0332148 0439092 0547044 0750492 0079613 0205145 1947960 2347469 0033692
 0332149 1705910 2362652 1518422 0392366 0237886 0243125 0699900 0700314 1947906 1518422 1327616
 0185026 0205224 1514535 0162808 0003593 0205396 1550043 1551388 0450355
 1880389 1883221 3541951 0003593 1709915 1882936 1709915 1882936 0450355
 0525038 1555721 1706204 0301714 0002520 1880389 1883221 3541951 0003593 0332454 0872079 1704675 0003593
 0036536 0036537
 0020792 0205396 0005456 0682969 1621789 0205145 0243122 1145667 1167622 1515974 2825164 0103839 0680240 1274040 1546471 2825142 1709908 0684224 0700287 3496591

 0035173 0936012 1704675 0033692 0150312 0962077 0003593 0205088 1705314 1705315 0205410 0017973
 1518422 2963144 0005456 1148607 2945843 0017973 0205145 0243122 1145667 1167622 1552551 3272371 3536869 0003593 0150312 0332255 0449450 1708096 2612459 0205148 0332157 0597177 0205447 0205396 0205666 1550043 1551388 1862593 0205245 0542341 2700217
 0031843 0542341 0678594 0700205 0947630 1705273 0023823 0023820 0178587 0205251 0302891 0884358 1299352 1550472
 0237881 0750502 0598783 1517898 0023779 0025519 0025520 1563937
 0086418 0023820 0003595 0359583 0523511 1412481 0054878 1332127 0242210 1148608 0033684 0243122 1145667 1167622
 1704675 0017973 0332149 1705910 2362652 0243122 1145667 1167622 0003595 0086597 0127400 0523511 1412481

 1512571 0023820 1660228 0033684 1301808 1442792 1512571 0003595 0523511 1412481 0033414 0004153
 0332185 1547282 0003595 0523511 1412481 1621789 0033692 0205666 0243122 0332452 0348078 0376315 0596988 1145667 1167622 1862593 0740116 2827735 2981700 0150312 0023823 0023820 0178587 0205251 1299352 1550472 1145667 1167622 0033692 0023823 0023820 0178587 0205251 1299352 1550472 1518422 1547282
 1511726 3245479 0003595 0523511 1412481 0079613 0243122 1145667 1167622 0033692
 0037088 0243095 2825141 0103839 1412481 1417166 1332838 0003595 0017337 0025914 0025929 0026809 0205409 0523511 1521840 1548221 1145667 1167622 0033692 0332290
 0332120 1563937 0332268 1883351 0016884 0947630 0376649
 1441414 1553874 1578820 0039259 1709060 0392747 1510827 0439086 2827736 2981702 1704675 0205224
 0023823 0023820 0178587 0205251 1299352 1550472 0332256 2700400 0597358 0243122 1145667 1167622
 1979874 0023823 0023820 0178587 0205251 1299352 1550472 0332256 2700400 1145667 1167622
 1705417 1510827 0057252 1413930 1518422 1547282
 1518422 0441712 1706376 1510827 0033692
 1705535 3161035 0205666 1862593 0023820 1563937
 0205666 1862593 3154958 0005456 0682969 1621789 0205145 0243122 1145667 1167622 1515974 2825164 0150108 0150112 0596260 1555580 0003593 0348078 0376315 0596260 0332157
 0457083 0205088 1705314 1705315 1149341 0005456 1621789 0205145 0243122 1145667 1167622 0033692
 0457083 3154958 0005456 0682969 1621789 0205145 0243122 1145667 1167622 1515974 2825164 0870432 1705417 1510827 0103839 0349966 1337208
 1552616 1706244 0023823 0023820 0178587 0205251 1299352 1550472 1441414 1553874 1578820 3161035 0205145 1515974 2825164 0150108 0150112 1555580 0205300
 0392148 0017446 0205088 0205147 1705314 1705315 0003593 0332290 0103839 0023820 1563937
 2986676
 2825232 0043227 0035176 0035168 0242481 1521721 1551807 1710263 0016617 2986512 0225704 0016617
 0010186 0220812 0449719 1709471 0220808 0680264 0007961
 1706852 0522501 1706089 0949214

 0221193 1880177 0043227 0750591 0221193
 0282413 0376649 1442065 0022877 3244292 0020028 0019994 0041740 1510665 0038995
 0254343 0796520 3272379
 0450355
 0085205 1549619 1880669 0450355
 0013849 1705961 0024492 1538057 1547565
 0034037 1704324 0030351 0000723 0000723 1273517 0023823 0023820 0178587 0205251 1299352 1550472
 0003591 0003591
 0005456 1148607 1705285

 0003595 0523511 1412481 0011155 1636779
 1514811 1706462 0557061 2584313 1514811 1706462 2827734 2981698
 0597277 1708601
 0021966 0221138




 0740116 2827735 2981700
 0597277 1708601
 0597277 1708601 0439394 1706495 3642217
 0439114 2603360
 0439394 1706495 3642217
 0349590 1262865 0025141 0439086 2827736 2981702
 0004897 0021966 0221138 0597277 1708601 2603360
 0439394 1706495 3642217

 1315013



 0554249
 2603360 0597277 1708601
 0439267 0252873
 1511325
 0439394 1706495 3642217
 0007634 0450389 1269647 1704653 1948049 0025141 0439084 0728893
 2603362
 0033727 0369286 0441932 0564385 0205090 0684010 2603358

 0369718 0441922 1553036
 0036397 0025141


 1511325
 0439394 1706495 3642217 0331968 2699100 0205090 0684010 2603358


 0000857 0600678 1552863
 0369637 0441923


 0205090 0684010 2603358
 0439394 1706495 3642217
 0439267

 1315013


 0597277 1708601
 0033727 0369286 0441932 0564385 2603362
 1708595 3280986


 0201682

 0021966 0221138

 1413561 0439394 1706495 3642217 1077662 0439394 1706495 3642217 0439394 1706495 3642217
 0597277 1708601
 0439267
 0332239
 0033727 0369286 0441932 0564385 2603362


 0201682

 0369637 0441923
 0016327 0439133 1553038 0205090 0684010 2603358
 1708595 3280986 0439267 0018210
 0008114 1284862 0369773 2603361 0181107 0205090 0684010 2603358
 0033727 0369286 0441932 0564385
 0033727 0369286 0441932 0564385
 0439267

 1315013

 0025141
 0004897 0021966 0221138 0369637 0441923
 0252873
 2603360
 0439394 1706495 3642217
 2347379
 0000857 0600678 1552863
 2347469

 0016327 0439133 1553038 2603362
 0597277 1708601
 2347469



 0201682

 0369718 0441922 1553036
 2603360 0369637 0441923
 0205090 0684010 2603358
 0439394 1706495 3642217 1015220

 0005477 0025141
 0439267 2603362
 0439114 0016327 0439133 1553038 0369773 2603361 0439267
 0003850 0000857 0600678 1552863
 0597277 1708601 0004897 0205090 0684010 2603358 0205090 0684010 2603358
 0597277 1708601 0597277 1708601


 0201682

 0205090 0684010 2603358
 0205090 0684010 2603358 1708595 3280986 0205090 0684010 2603358
 2347469
 0439394 1706495 3642217
 0003850 0450348 0000857 0600678 1552863
 0004897 0439114


 0201682

 0004897 0597277 1708601 0021966 0221138 2603360
 0369718 0441922 1553036 2603360
 0439394 1706495 3642217

 1315013


 0439114 0597277 1708601
 0597277 1708601

 0597277 1708601 2603360
 0369718 0441922 1553036
 0005775 1516559

 0205090 0684010 2603358
 0369637 0441923
 2603360
 0439394 1706495 3642217 0205090 0684010 2603358



 0201682

 0439267
 2603362
 0016327 0439133 1553038

 0033684 0025141

 2603362
 0016327 0439133 1553038 0369637 0441923


 0016327 0439133 1553038

 0036397 0025141 0450348
 2603360
 0439394 1706495 3642217

 0027960 0324740 0439189 1456781 1824986

 0025141
 1551667 0369637 0441923

 1858559


 0443013 0332239 0004897 2603360 0369718 0441922 1553036

 2347379
 0439086 2827736 2981702

 2603360
 0034754 1705179 2603362
 0439267
 2347469 0369773 2603361
 0369773 2603361 0016327 0439133 1553038
 2347469 0205090 0684010 2603358

 0439267 0439394 1706495 3642217
 0037004


 0027960 0324740 0439189 1456781 1824986

 0025141

 0439267 2603362
 0439394 1706495 3642217
 0597277 1708601
 1553033
 0439394 1706495 3642217
 1418943

 0268596 2700624
 3642273
 0041703
 0000857 0600678 1552863

 0439267 2603362
 2603360

 2347379
 0000857 0600678 1552863
 0999213 0016327 0369773 0439133 1553038 2603361
 2945617
 1708595 3280986 0205090 0684010 2603358
 0326937
 2603360 0439394 1706495 3642217



 0000857 0600678 1552863

 0369637 0441923
 0439394 1706495 3642217
 0597277 1708601 0205090 0684010 2603358 1553033
 0369718 0441922 1553036

 2347379
 0000857 0600678 1552863 0450355
 0369773 2603361
 2603360
 2603362

 0369773 2603361
 0439267
 2347469
 0439267 0439394 1706495 3642217
 0037004



 0201682

 0369637 0441923
 0369718 0441922 1553036 0439267
 2603362


 0201682

 0004897 2347469 0369773 2603361 2603360
 0439394 1706495 3642217


 0201682

 2603362
 0369773 2603361 2346601 0597277 1708601
 2603362

 0369773 2603361 0181107 0205090 0684010 2603358

 0439267


 0201682
 0009993 0037455 0596070 1552856 0005477 0026376 0005532 1521991