 1412058 0441729 0021966 0221138 1709060 0005854 1305865 0005767 0005768 0006104 0229664 1269537 1706912 1180238 0225336 0006904 0596208 0006104 0006901 0007634 0014257 0039005 0935624 1135183 1269537 1280521 3282337 0026376 0005532 1521991 0004348 0034036 0034037 1514756 1704324 0348078 0376315 1515981 1522492 1527075 0557061 2584313 1514811 1706462 2985627 0018017 1571702 1883351 1292732 1314939 0008377 1555029 1159709 0005528 1317949 3495449 0005854
 0205396 1550043 1551388 1413218 3537338 3540050 1180238 0596208 0225336 0006104 0006901 0007634 0014257 0935624 1269537 1280521 3282337 0006904 1412058 0035696 0085201 0033684
 0947630 1612060 1421546 0023884 0597357 0736268 1278929 2346688 2987634 0008377 0443289 0185117 0851827 1701901 3244310 0085201 1442460 2246761
 0596208 1180238 0225336 0006104 0006901 0007634 0014257 0935624 1269537 1280521 3282337 0006904 0023821 0023820 0178587 0205250 1299351 2700149 0445604 1858114 2612461 2697537 0851827 1701901 3244310 1442460 2246761 2986417 0039798 0087111 1522326 1533734 1705169 3538994 2349975 0332462 1880834 1514559 1180238 0596208 0225336 0006104 0006901 0007634 0014257 0935624 1269537 1280521 3282337 0006904
 1442460 0008377 0442799 1412058 1413218 3537338 3540050 0185117 1707520
 0598102 0596208 1180238 0225336 0006104 0006901 0007634 0014257 0935624 1269537 1280521 3282337 0006904 0025255 0180860 0596901 1706182 0010453 0220814 0430400 0683607 0444454 1554204 1185625 2986730
 1883712 1185625 2986730 1274040 1546471 2825142 0558295 1549513 1442460 2246761
 1858114 2612461 2697537 0086860 1442460 2246761
 1550147 2709094 3539075 3539076 0008377 2349975 2246761 0205263 0857127 1412058 0596156 0025255 0596901 1706182
 0036536 0036537 1709305 1185625 2986730 0680220 0023821 0023820 0178587 0205250 0521108 1299351 2700149 1514721 2348147 3542016
 1979874 1442460 0008377 0185112 0578718 0021135 1533691 2827718 0005854 0205111 1185625 2986730 1858114 2612461 2697537 0023823 0023820 0178587 0205251 1299352 1550472 0229671 1546774 1550100
 1274040 1546471 2825142 1705535 0015252 0728940 0235032 0008377
 1707478 1412058 0085201 1704259 1705987 0443264 0185112 0300926
 0557061 2584313 0332120 0439234 1444637 1514811 1706462 0524851 1522560 0012634 0023779 1948027 1158917 0025519 0025520
 0040223 3541383 1272684 1548435 0062708 0023821 0023820 0178587 0205250 1299351 2700149 0004153 0524851 0012634 2362652 2348693
 1550608 1457869 1861101 0599896 0220756 0268242 0028064 0236642 0457464 0012634 0332307 1441672 1547052 1707391 1826583 2827734 2981698
 0947630 0884358 0007585 0010453 0220814 0430400 2242979 0599779 0003062 3161035 0004398 0580205 0848632 0440470 0086418 0520510 0687676 1515981 1704687 0008377 1521761 0392760 1314939 0521117 0439793 2983285 0011560 1705760 0333562 0282443 1425988 1709940
 0543472 1274040 0392756 0547047 0011265 0497327 0332293 0360714 1522326 0003277 0243077 0439086 2827736 2981702
 0151718 0023822 0587184 1522133 0065055 0008377 0036806 0085201 0003592 0003591 0021966 0221138 0085201 0003592 0003591 0021966 0221138 0086045 0002395 1521724 0521117 0012634 0439793 2983285 0439084 0728893
 0449560 0030705 1441672 0683278 0039292 1412058 0012634 0012634 0011155 0162429 0205082 1623416 1880022 0332197 1689985 1517331 0031843 0542341 0700205 1705273 0927232 1269563 0027763 0422837 1269560
 0039292 1412058 0012634 0026882 0015127 1524003 0242738 1148932 1148923 0243122 0450240 0596902 1145667 1167622 1706210 0017337 0332197 1689985 0544462 0008377 0332452 1706853 1879748 0031676 0282443 1425988 1709940
 0205447 1156530 0025519 0025520 0006104 1269537 0031227 0243127 0443331 0000938 0031227 0243127 0443331 1441672
 0005854 1305865 0005767 0005768 0006104 0229664 1269537 1706912 0005854 0443288 0032113 0032134 0023820 0032105 0678640 1550098 0006104 1269537 0180153 1707529 1999244 1292711 0449719 1709471 0220781 1883254 1515568
 1883712 0205266 0872403 1947912 1326960 2244223 0007634 0008377 0019868 0178539 0725813
 1705241 1705242 0679199 1327616 0008377
 0015252 0728940 0006104 1269537 1551359 2741673 2981730 0439836 0205172 0813983 0870883 0008377 0008377 0020364 0036536 0036537 0221102 0023884 0736268 1278929 2346688
 0332290 0008377 0815011 1704259 1705987 0201950 0428466 0008377 0441889 0007806 0007807 0005889 0030705 0205250 0302908 0444611 1704353 3163633 0032105 1515981 1550098 0011265 0439793 0497327 2983285 3494652 0686907 3276464 0008377 0031227 0205217 0243127 0442805 0443331 0750492
 0205108 0441712 1159708 1550030 0005528 0038323 1317949 1880177 3495449 0019868 0005854 1515981
 1979874 0040300 1261552 0309872 1184743 1522240 1515273 1705313 2826302 2248593 1159709 0005528 0008377 1317949 1555029 3495449
 1412058 0205225 0205396 0402606 0439631 1052868 1550043 1551388 0008377 0086597 0040671 1705822 0031676 0202177
 0085201 0003592 0003591 0021966 0221138 0023821 0023820 0178587 0205250 0205286 0332501 1299351 2700149 0014895 0008377 0023194 1416804 0858034 0008380 0001390 0008377 0031617 0885520 2612461 0597177 0023821 1522240 0008387 0014898 0205195 0441472 0070882 0596690 1416867 2262011 0023764 0205054 1515981
 1413218 3537338 3540050 0205250 0227525 0682552 0736268 0007634 0023884 1278929 2346688 3282337 0008387 0014898 1515187 0683454 0021966 0221138 0014139 2984285 2612461 0008377 0870255 0005388 1688651
 0008377 0086045 0439182 0812409 1446561 0725813 1413218 3537338 3540050 0033414 2246761 0023821 0023820 0178587 0205250 1299351 2700149 0085201 0003592 0023767 1101522 0003591 0021966 0023779 0221138 0332296 1518422 1880497 1996904
 0282637 1881379 0085732 1299581 0237753 0449788 0015272 0542341 2699074
 0332185 1709908 0441833 0684224 0687744 0700287 1257890 1552516 1705428 1705429 3496591 1180238 0596208 0225336 0006104 0006901 0007634 0014257 0935624 1269537 1280521 3282337 0006904 1180238 0596208 0225336 0006104 0006901 0007634 0014257 0935624 1269537 1280521 3282337 0006904 1413218 3537338 3540050 1413218 3537338 3540050 0023821 0851043 0443602 0023779 0023820 0178587 0205250 0243144 0332281 0347980 1299351 1880177 2700149 0007634 3282337
 1883712 0596208 0225336 0006104 0007634 0014257 1269537 3282337 0684224 0700287 3496591 1883351 0085201 0003592 0003591 0021966 0221138 0450348 0085201 0003592 0003591 0021966 0221138 0927232 1269563 0027763 0422837 1269560 0027769 0150312 0205099 0449450 0449913 0599851 1553451 1704459 1879652 0005854 0005528 1317949 3495449
 0150312 0449450 0557651 2603343 1947946 2948600 3540471 3540472 1883351 0441712 0008377 1159709 0005528 1317949 3495449 0557651 2603343 0542341 0851285 1327622 2248593 1159709 0005528 0008377 1317949 1555029 3495449 1180238 0225336 0596208 0006104 0006901 0007634 0014257 0039005 0205225 0439631 0935624 1135183 1269537 1280521 3282337 0006904 0683454 0021966 0221138
 1413218 3537338 3540050 0085201 0003592 0003591 0021966 0221138 1412058 1425988 0450348 0557651 2603343
 1292732 0851285 1327622 2246761 0008377 1882932 1621296 0023688 0185117 1612060 1421546 0023884 0597357 0736268 1278929 2346688 1425988
 0557651 2603343 1825598 0023821 0008377 1515981 0008377
 1883351 1711411 1274040 1546471 2825142 1180238 0225336 0596208 0006104 0006901 0007634 0014257 0039005 0205225 0439631 0872351 0935624 1135183 1269537 1280521 1301820 3282337 0006904 1292732 2348693 0851285 1327622 0008377 1524063 1515654 3161035
 0557061 2584313 1514811 1706462 0520510 0117953 0016327 0325564 0392747 0439133 1551720 1553038 2827734 2981698 2827734 2981698 0009458 0439536 1705217 3244283 0560268 2349105 0038425 0017436 0546866 0017797 0041236 1301820 0005125 0017480
 0033417 0058468 0869011 1719918
 0229671 1546774 1550100 0022877 0043194 0258432 1051729 1421478 1619828 0004348
 0813036 0025255 0596901 1706182 0456389 1325742 1140299 0004348
 1442460 0008377 0439190 0005526 0036397 0043194 0258432 0376558 1421478
 1442460 0008377 0439190 0043194 0258432 1421478 3272349 0017480 0008377 0043194 0258432 1421478 3540513
 0439962 0043194 0258432 1421478 0004348
 1185738 1706132 0206415 1301820
 0812225 1150635 1705212 1705213 3273202 0043194 0258432 1421478 0004348
 0206415 0017480
 0003241 0005574 1413218 3537338 3540050 0005574 1412058 0030561 0331677 1824032 0016674 0011900 0348026
 0085201 0003592 0003591 0021966 0221138 0017480
 0037638 1697819 0869011 1719918 0470187 0220806 0331965 1521991 0205474
 0204727 0205409 0220862 1449562 0007585 0010453 0220814 0430400 2242979 1180238 0596208 0225336 0006104 0006901 0007634 0014257 0935624 1269537 1280521 3282337 0006904 0012238 0205409 1548221 1548958 1705294 2349986 1261552
 1552738 1880022
 1180238 0596208 0225336 0006104 0006901 0007634 0014257 0935624 1269537 1280521 3282337 0006904 0006104 1269537 0009325 0439479 0555206 0872171 1167364 1522408 0010453 0220814 0430400 0332256 2700400 0229671 1546774 1550100 0017436 0546866 0038425 0017797 0560268 2349105
 0007634 3282337 0009325 1167364 1522408 0005971 0205170 3146287 0020498 0439479 0555206
 0010453 0162535 1547024 0013790 0014257 0237834 0442828 1514892 2826298 0725813 0439479 0555206 0205263 0857127 2753904 0220781 0439634 1522492 0242358 2984287 0009458 0439536 1705217 3244283 0332256 2700400 0020268 0038425 0017797 0560268 2349105
 1442449 0439228 0205263 0857127 0020498 0681814 1273517
 0204727 0205409 0220862 0085201 0003592 0021966 0221138 1515981 1858114 2612461 2697537 0023823 0023820 0178587 0205251 1299352 1550472 0007704 0032105 0041609 0178587 0439182 0812409 1550098 1521827 0020155 0042960 0086418 1301820 0348000 0004348
 0023820 0220787 0349707 0439851 0521108 0700198 1947931 2827071 0008559 1148476 0008550 0456389 0680251 2828389 1185738 1706132 1882508 0600209 0020792 0033684 0205396 0332281 0521093 0750484 1704732
 0085201 0003592 0021966 0221138 0205409 1548221 1552738
 0600209 1704732 0020985 0600209 1704732 0011740 0185115 0884358 3541890 0146951 0133689 0242759 0041175 0077281 0814229 1882074 0020283 0450407 0450408 0450409 0037494 1959973 0037508 1366571 1705592 0013714 0086123 0444499 0031493 0016327 0033684 0086972 0443299 0687118 1412058 1413218 3537338 3540050 0085201 0003592 0003591 0021966 0221138 0600209 1704732
 1883351 1327616 0036536 0036537 1550101 0179834 1883351 0849355 1883720 3244314 0440266
 0033684 0040900 0001128 0202406 0332060 1882443 1550101 0450376 0007703 0441436 0993610 1998480
 0993610 0001002 1548982 0006353 0370003 2347026 0020283 0450407 0450408 0450409 0017861 0025402 1439852 0185125 1947919 2347934 3539080 0017243
 0005863 0033684 0348011 0025255 0450376 1412058 1413218 3537338 3540050 0085201 0003592 0003591 0021966 0221138
 1511790 0884358 1524063 0020960 1707271 0071642 0030956 0205088 0442818 1705314 1705315 2827734 2981698 1413218 3537338 3540050 2827734 2981698 0370188 0085201 0432616 0003592 0003591 0021966 0221138 2827734 2981698 0018019 0086418 1265549 1510458 2754943
 0175723 0234621 1524063 0027021 0031179 1318719 0018019 1265549 1510458 0034493 2827734 2981698 0051979 0018019 1265549 1510458 2827734 2981698 0243107 0678723 1527148
 0175723 1524063 0179533 1654607 1706254 0183115 1710020 0037585 0017480
 0525026 0449604 0021069 0598102 0596208 1180238 0225336 0006104 0006901 0007634 0014257 0935624 1269537 1280521 3282337 0006904 0439165 1549488 1561533 0936012 1552738
 0084682 0053654 0005575 2700256 0439526 1524062 0205111 1720725 1948050 0935616 0010453 0220814 0430400 2242979 1439852 0450376
 0443286 1114821 1299987 0037633 0525069
 0180860 1883708 1548982 0033684 0041175 0006353 0036082 0077281 0185115 0814229 3541890 0332256 2700400 0146951 0133689 0242759 0036774 0036773 0728877 0001924 0007452 0229671 1140701 1546774 1550100 0033607
 1882443 0229671 1546774 1550100 1412058 0020960 0034493 0086418 1412058 0301871 0439583 0450376
 1412058 1524063 0019941 0243107 0678723 1527148
 0137714 0035668 1180238 0596208 0225336 0006104 0006901 0007634 0014257 0935624 1269537 1280521 3282337 0006904 0178708 0596208 0225336 1882598 0006104 0007634 0014257 0034693 0034721 1269537 3282337 0036243 1539696 1825840 1999230 3539736 0016674 3179121 0427861 0041637 0221313 0225336 1280193 0007634 0014257 0041638 0042449 0086418 1179027 1278960 3282337 0031831 0205090 0684010 1707664 1999230 2348314 2603358 3540849 0017480 1518174 0014597 1273342 3179121 0007634 3282337 0016327 0031831 0439133 1553038 1707664 1999230 2348314 3540849 0004348 0205409 0442711 0680240 1507394 1522729 1548221 2348563
 0439267 0011519 0332293 1148702 0035541 0011522 0014241 0021966 0035542 0221138 0332296 1522326 1880497 1996904 0728990 1273517 1514575 1705542 0220781 1883254 0205430 1421951 1720722 0332256 2700400 0206415 0012789 0205435 1279901 1704972 1704973 0006353
 0035380 0040649 1555029 0884358 1442450 1272691
 0032520 0677874 0332256 2700400 0206415 0006353
 0205430 1421951 1720722 0018837 1517480 1521871 1705759 0206243 0699809 0439787 0849355 0301642 0227073 0227073
 0206415 1524063 1273517 1412058 1517480 1521871 1705759 0332283 1719822 0017480
 0332255 1708096 1301820
 0006556 1524063 0206415
 0206415 0085201 0003592 1524063 0003591 0021966 0221138 1273517 1517480 1521871 1705759 0332283 1719822 0017480
 0332255 1708096 1301820
 1514468 1706746 0017243 0036681 0086972 0443299 0687118
 0008377 0947630 0936012 1552738
 0038323 1180238 0225336 0596208 0006904 0006104 0006901 0007634 0014257 0039005 0205225 0337051 0439631 0872351 0935624 1135183 1269537 1280521 1509144 2349200 3282337 1708632 0229671 1546774 1550100 1442460 0008377 0439526 1442460 0008377
 0009458 0439536 1705217 3244283 1883708 0036774 0036773 0728877 0560267 0008377 1442450 1708632 0008377
 1444656 0008377 1442446 0281666 0022265 0109872 0040845 0001128 0202406 1504308 1442446 1524062
 0007634 3282337 1548982 0991865 0006353 0031603 0031701 0036082 1601799 1720725 1948050
 0000901 0003592 0003591 1858114 2612461 2697537 0023823 0023820 0178587 0205251 1299352 1550472 0229671 1546774 1550100 0001924 0009458 0229671 0332296 0439536 1524062 1546774 1550100 1705217 1880497 1996904 3244283 0086045
 0040223 1632851 1510844 1516695 1516698 0179834 1883351 0849355 1883720 3244314 0440266 0034553 0034551 0036406 0302908 0678573 1304698 1546699 1561501 0750480 1705566
 0872351 1548982 0456963 0991865 0006353 0009264 0009443 0020746 0031603 0031701 0036082 0234192 1601799 1720725 1948050 0024348 0332060 1292425 0450376 1510844 1883708 1273517 1883351 0750480 1705566 0034553 1883351 0033684 0423896 0456205 1524063 0025663 0449851 0871511
 0450355
 1705175 1705176 1705177 1705178 1882348 0181496 2827499 0038323 1180238 0225336 0596208 0006904 0598102 0006104 0006901 0007634 0014257 0039005 0205225 0337051 0439631 0935624 1135183 1269537 1280521 1509144 2349200 3282337 0180860 1522485 1185625 1524062 2986730 0935616 1882932 0441987 0449238 2926735 0439531 1948053 1444656
 0000901 0205111 1185625 1524062 2986730 0935616 1882932 0441987 1439852 0439531 1948053
 0009458 0162867 1254021 0179874 1516695 1516698 0332293 1522326
 0007634 3282337 0024348 0332060 0450376 0034553 0007634 0033684 1269647 1704653 1948049
 0009458 0439165 0439175 0439536 0439810 0444686 1441506 1443182 1515051 1549488 1561533 1705217 3244283 0702093
 2246761 0057911 0311403 0031843 0542341 0700205 1705273 0139121 0311403
 1160185 1510800 1514152 0282188 0086022 0442335 1705099 0086022 0442335 1999230 0557806 0006556 0015024 0039021
 0001490 0001483 0001486 1552907 0042776 0319157 1998793 1552738
 1180238 0596208 0225336 0006104 0006901 0007634 0014257 0935624 1269537 1280521 3282337 0006904 0010453 0205170 0220814 0430400 2242979 3146287 0020498 0178587 0439479 0555206 0001483 1514798 0009450 0449822 2945590 0439526 1552738
 3244092 0185117 0441889 0949466 0220825 0936012 1261322 1705493
 0871424 0002778 0936012 1524024 0027361 0237401 1444656 2729544 1511726 3245479 1547282 1882932 0680730
 0022885 0038492 0392366 1551041 1552573 1710497 0002780 0002778 0936012 1524024 0884358 1524063 0037585
 0557061 2584313 1514811 1706462 0185117 0085201 0003592 0021966 0221138 1412058 0085201 0003592 0003591 0021966 0221138 1882932 0205265 0936012 0185117
 0449475 0599161 0032520 0677874 1292732 1180238 0596208 0225336 0006104 0006901 0007634 0014257 0935624 1269537 1280521 3282337 0006904 0015272 1710082 0332283 0020204 0007634 3282337 0035696 0007634 0442726 1511790 3282337 0450344 1553633
 0185117 0225336 0007634 0014257 3282337 0684224 0700287 3496591 1279919 0450348 1511726 3245479 0521093 0750484 1180238 0596208 0225336 0006104 0006901 0007634 0014257 0935624 1269537 1280521 3282337 0006904 1327616 1265611 0010454 0009458 0010453 0220814 0430400 0439536 1705217 2242979 3244283 0205171 1720467 0442822 1524031 1883002 1881488 0450345
 0020792 0205396 0007634 3282337 1705535 0085201 0003592 1292711 0003591 0021966 0221138 0449719 1327616 1709471 0005572 0205227 0220781 1441547 3245521
 0449911 0333052 2607870 0557702 1272706 1704674 0557702 1272706 1704674 0349966 1337208
 2827734 2981698
 0185117 0085201 0003592 0003591 0021966 0221138
 1515670 0185117 0599161 0032520 0677874 0025664 0184661 1517586 1552738 2700391 0007634 3282337 1708639 1708639 1708639 1180238 0596208 0225336 0006104 0006901 0007634 0014257 0935624 1269537 1280521 3282337 0006904 1708639 1442989 2828392 0010453 0012634 0220814 0348080 0430400 1705253 2242979
 1442989 2828392
 2347469 0036536 0036537 1180238 0596208 0225336 0006104 0006901 0007634 0014257 0935624 1269537 1280521 3282337 0006904 0085201 0003592 0003591 0021966 0221138 0040900 0001128 0020985 0033684 0202406 1882443 0007634 0178539 1301820 1550101 1881488 0033727 0369286 0441932 0564385 1516695 1516698 0009458 0229671 0332296 0439536 1546774 1550100 1705217 1880497 1996904 3244283
 0085201 0003592 0003591 0021966 0221138
 1515670 0185117 0599161 0032520 0677874 0025664 0184661 1517586 1552738 2700391
 1708639 1180238 0596208 0225336 0006104 0006901 0007634 0014257 0935624 1269537 1280521 3282337 0006904
 1708639 1639518 1947986 0205160 0243148 1513916 1550141 1882979 2587213 2825415 2825491 3274648 0206415
 0023688 0008377 0205263 2246761 0185117 1412058 1412058 0086597 0040671 1705822 1101522 0085201 0023767 0003592 0003591 0021966 0221138
 0332257 0008377 0023688 0206588 0521447 0597357 0376525 0140283 0140278 1421546 0035339 0597357 3536891 0205263 0040649 0007634 3282337 0282443 1425988 1709940
 2246761 0872351 1280500 2348382 2755857 0916204 1171362 0033684 0185117 0851285 1327622 1412058 1515981 0349966 1337208
 0449911 0333052 2607870 0557702 1272706 1704674 0557702 1272706 1704674 0349966 1337208
 0740116 2827735 2981700
 2246761 0086597 0127400 1412058 0023688 0851285 0008377
 1442460 2246761 0392148 0086045 0085201 0003592 0003591 0021966 0221138 1292428 0039798 0087111 1522326 1533734 1705169 3538994 0332197 1689985 0205112 0392148 0281666 0022265 0109872 0040845 0001128 0202406 1504308 0008377 0025664 0184661 1517586 1552738 2700391
 2945706 0042295 1705242 1710497 0002780 0002778 0205448 0936012 1516048 1524024 1711260 2348152 0369773 2603361 0369773 2603361
 2347469 1171362 0185117 1532717 1532717 0039798 0087111 1522326 1533734 1705169 3538994 0086045 0008377 0020985 0033684 1881488 0007634 0444667 1269647 1704653 1948049
 1180238 0596208 0225336 0006104 0006901 0007634 0014257 0935624 1269537 1280521 3282337 0006904 0332197 1439852 1689985 0392148 0008377 1442446 0007634 0178539 1442460 2246761 1883708 0444953 0033727 0369286 0441932 0564385 0392148 0085201 0003592 0003591 0021966 0221138 0439526 0086045 0444499 0369773 2603361 0369773 2603361 0369773 2603361
 0349966 1337208 1547282
 0007634 0178539 1442460 0008377
 2246761 0332462 1880834 2349975 0086045 0010454 0009458 0010453 0220814 0430400 0439536 1705217 2242979 3244283 0871261 1704632 1706817 2911692 0086045 0008377
 0281666 0022265 0109872 0040845 0001128 0202406 1504308 0015272 0205171 1720467 1280500 2348382 1883712 0015272 0205163 0439185 0008377 0205171 0439044 0679994
 1316572 1317574 1369612 2246761 0683454 0021966 0221138 0332197 1689985 0085201 0003592 0003591 0021966 0221138 1180238 0596208 0225336 0006104 0006901 0007634 0014257 0935624 1269537 1280521 3282337 0006904 0205250 1299351 2700149 0007634 1707455 3282337 0439083 0439087 0740116 2827735 2981700 1180238 0225336 0596208 0006104 0006901 0007634 0014257 0039005 0205225 0439083 0439087 0439631 0935624 1135183 1269537 1280521 3282337 0006904 1511726 3245479 1518422 1547282
 1711239 1180238 0596208 0225336 0006104 0006901 0007634 0014257 0935624 1269537 1280521 3282337 0006904 1518422 1327616 0085201 0003592 0003591 0021966 0221138 0020985 1511726 3245479 1518422 1547282 0036536 0036537 0008377 0015252 0728940 1880177 1180238 0596208 0225336 0006104 0006901 0007634 0014257 0935624 1269537 1280521 3282337 0006904 0012634 0348080 1705253
 2246761 3276464 1101522 0085201 0023767 0003592 0003591 0021966 0221138 1550147 2709094 3539075 3539076 0008377 0205263 1171362 0185117 0332462 1880834 1442446 1516077 0008377 1515981 0332462 1880834 1442446 1516077 0008377 0220825 1261322 0020985 0450354 1706096
 1883351 0183683 1521721 1412058 1273518 0392366 1280500 2348382 0178602 0869039 1114758 0311403 0205112 0021467 0021469 1628982 3463820 0205263 0021467 0021469 1628982 3463820 1442460 2246761
 1316572 1317574 1369612 0057911 0018790 0237477 0392351 0521111 2246761 0815011 1704259 1705987 0205177
 1979874 0139121 0231175 1883351 0018790 0237477 0392351 0521111 1442460 2246761 1511726 3245479 1518422 1547282 0521093 0750484 0069906 1518422 1314939
 1274040 1546471 2825142 0332290 1412058 2246761 1180238 0596208 0225336 0006104 0006901 0007634 0014257 0935624 1269537 1280521 3282337 0006904 1184743 1522240 0851285 0008377
 2246761 1413218 3537338 3540050 0163712 1412058 0085201 0003592 0003591 0021966 0221138 1413218 3537338 3540050 0032214 0600138 0035820 1705810
 1413218 3537338 3540050 0086597 0243144 0347980 0086597 2246761 0023779 0220806 0439182 0812409 3245505 3272558 0725813 0699040 0205148 0597177
 0185117 0085732 0086597 0243144 0347980 1180238 0596208 0225336 0006104 0006901 0007634 0014257 0935624 1269537 1280521 3282337 0006904 0332185 1709908 0441833 0684224 0687744 0700287 1257890 1552516 1705428 1705429 3496591
 0936012 2246761 0150312 0178602 0869039 0871261 1114758 1704632 1706817 2911692 1518422 0086045 0522534 1446561 1522410 1705188 1858114 2612461 2697537 1273517 0225336 0449475 0585733
 2246761 1550147 2709094 3539075 3539076 0008377 1518422 0001721 2246761 0018668 1171362 0185117 0054954 0205216 0392756 0442797
 0449911 0333052 2607870 0557702 1272706 1704674 0557702 1272706 1704674 0349966 1337208
 0439086 2827736 2981702
 2246761 2986417 0039798 0087111 1522326 1533734 1705169 3538994 1413218 3537338 3540050 1514559 2349975
 1442460 2246761 0086045 1858114 2612461 2697537 1292428 0039798 0087111 1522326 1533734 1705169 3538994 0332197 1689985 0205112 0392148 0008377 1442446
 1171362 0185117 0007634 3282337 1881488 0033727 0369286 0441932 0444930 0564385 2746065 1512335 0020985 0025664 0184661 1517586 1552738 2700391
 2347469 1442460 0008377 0392148 0439526 1883559 0016955 0332307 0445392 1547052 1707455 0562577 0007634 3282337 0025664 0184661 2700391
 1171362 0185117 0020985 0033684 1881488 0007634 3282337 0001483 0040669 1512335 0369773 2603361
 1705175 1705176 1705177 1705178 1882348 0220825 0035820 1705810 0015252 0728940 0023822 1522133 1180238 0596208 0225336 0006104 0006901 0007634 0014257 0935624 1269537 1280521 3282337 0006904 1413218 3537338 3540050 1514559 1524063 0449445
 0040669 0042776 0319157 0332256 2700400 0314604 0206414 0017337 0043194 0237881 0258432 0750502 1280500 1421478 1546944 2348382 2246761 0018668 0450365 1706097 0040669 0332462 1627358 1880834 2349975 1274040 1546471 2825142 1518422 1707455 0007634 3282337 0450365 1706097
 0220825 1261322 0443289 0185117 1413218 3537338 3540050 0205217 0442805 0332462 1880834 2246761 1413218 3537338 3540050 0086597 0127400
 1442460 0008377 0011008 2348077 0023882 0700321 2700395 0205309 0441712 1706376 1159709 0005528 1317949 3495449 0008377
 0679213 0681814 0681814 0884358 1524063 1708632 0008377
 0205265 0000901 0040223 1516048 3541383 0947630 0349966 1337208
 2246761 0008377 0150312 0085201 0003592 0003591 0021966 0205171 0221138 0750482 1720467 0033414 1442460 1522133 0008377 0185112 0578718 0000901 0332197 1689985 0243148 1550141 1882979 2587213 3274648 0034553 0439175 0439810 1442460 0450373 1553636
 1883712 1517331 1708698 0040223 3541383 0442805 0034553 0439175 0439810 1623737 3539687 0439175 0439526 0439810 1858114 2612461 2697537 0450373 1553636
 0871161 1292721 1518422 1547282 0700364 1883351 2987476 0442799 1858114 2612461 2697537 1442460 2246761 1442460 0242972 0748025 0033684 0023823 1441403 0023820 0178587 0205251 0439175 0439526 0439810 1299352 1550472
 1979874 0036774 0036773 0728877 0001924 0007452 0229671 1140701 1546774 1550100 1518422 1547282 2584321 1516240 0086045 0683454 0021966 0221138 0439526
 0700364 0230704 0023779 0423896 0456205 0000901 1516240 0008377
 0205447 0086418 0229671 1546774 1550100 0560268 2349105 0849355 0456693 1442458 0702093 1518422 1547282
 0449911 0333052 2607870 0557702 1272706 1704674 0557702 1272706 1704674 0349966 1337208

 0008377 1180238 0225336 0596208 0006104 0006901 0007634 0014257 0039005 0205225 0439631 0849355 0935624 1135183 1269537 1280521 3282337 0006904 1858114 2612461 2697537 1413218 3537338 3540050
 0872351 1708632 1442460 0008377 0439526 0456696 1442770 1442450 0007634 0040223 0178539 0851827 1701901 3244310 3541383 1442460 2246761 1442450 0332197 1689985 0243148 1550141 1882979 2587213 3274648 0392148
 2347469 1442460 2246761 0700308 0033727 0369286 0441932 0564385 0936012 0332197 1689985 0243148 1550141 1882979 2587213 3274648 1707156 3274014 3541345 0392148 1707156 3274014 3541345 1883559 0332307 0445392 1547052 1707455 1883559 0332307 0445392 1547052 0016955 0016955 0007634 3282337 0025664 0184661 1517586 1552738 2700391 0369773 2603361 0369773 2603361
 1180238 0596208 0225336 0006104 0006901 0007634 0014257 0935624 1269537 1280521 3282337 0006904 1413218 3537338 3540050 1273517 1883351 1292732 0035820 1705810 0851827 1701901 1858114 2612461 2697537 3244310 0015252 0728940 0450375
 0040669 0042776 0319157 0043194 0205164 0258432 1280500 1421478 2348382 0243148 1550141 1882979 2587213 3274648 1858114 2612461 2697537 0086597 0127400 2246761 2349975 0332462 1880834 1413218 3537338 3540050
 0243148 1550141 1882979 2587213 3274648 1413218 3537338 3540050 0007634 0205217 0442805 3282337 0332462 1880834 0441994 1548802 2003888 0009458 0332256 0439536 1705217 1707455 1858114 2612461 2697537 2700400 3244283 0000901
 0700364 0450365 1706097 0008377 1413218 3244092 3537338 3540050 0185117 0441889 0456079 0725813 1547707 2946261
 1515654 3161035 1511726 3245479 0449450 1282910 1552828 0035820 1413218 3537338 3540050 0085201 0003592 0003591 0021966 0221138 0015252 0728940 0872351
 1883712 1547282 0008377 0849355 0205101 0205228 0205250 1858114 2612461 2697537 0023823 0023820 0178587 0205251 1299352 1550472 0001924 0229671 1546774 1550100
 1705175 1705176 1705177 1705178 1882348 0035820 2348693 0449913 1553451 1704459 0010453 0220814 0430400 2242979
 1883351 0557651 2603343 0185112 0300926 0007634 3282337 0180860 0441987 1708632 1442460 0008377 0025664 0184661 1517586 1552738 2700391
 0871208 1521828 0011744 0033727 0369286 0441932 0564385 0009458 0439536 1705217 3244283 0205171 0439044 0679994 0243148 1550141 1882979 2587213 3274648 0085201 0003592 0003591 0021966 0221138 1858114 2612461 2697537 0681814 0872351 1301820 1553637
 1550147 2709094 3539075 3539076 0008377 0185125 1185625 2986730 1518422 0205171 0750482 1720467 2349975 2246761 0205419 0027361 0237401 0681814 1441672
 1265611 1185625 2986730 0205250 1299351 2700149 1707455 1709707 0185112 0205111 0578718 1185625 2986730 0085201 0003592 0003591 0021966 0221138 0205111 0740116 2827735 2981700 0085201 0003592 0003591 0021966 0221138 1550147 2709094 3539075 3539076 0205111 0442759 0439086 2827736 2981702 1858114 2612461 2697537 0205111 0740116 2827735 2981700 0150312 0449450 1185625 2986730
 1883712 1550147 2709094 3539075 3539076 0008377 0332462 1627358 1880834 2349975 1274040 1546471 2825142 2246761
 0000901 0185112 0578718 0008377 0008377 0205263 0185112 0300926
 0449911 0333052 2607870 0557702 1272706 1704674 0557702 1272706 1704674 0349966 1337208
 0439084 0728893
 0000901 0185112 0578718 1442460 0008377 0010453 0220814 0430400 2242979 1185625 2986730 0185112 0578718 1442460 0008377 0205111 0220853 0442824 1185625 2986730
 1180238 0596208 0225336 0006104 0006901 0007634 0014257 0935624 1269537 1280521 3282337 0006904 0180860 0010453 0220814 0430400 1708632 1442460 0008377 0439526 0456696 1442770
 0205263 0001924 0008377 1442446 1524062 1444656
 2246761 0011744 0033727 0369286 0441932 0564385 0009458 0439536 1705217 3244283 1883712 0243148 1550141 1882979 2587213 3274648 0085201 0003592 0003591 0021966 0221138 0439526 1858114 2612461 2697537
 1510844 0179874 1516695 1516698 0750480 1705566
 1511726 3245479 1547282 1882932 0205449 0205174 0884358
 2347469 1180238 0596208 0225336 0006104 0006901 0007634 0014257 0935624 1269537 1280521 3282337 0006904 0180860 0010453 0220814 0430400 0439526 1708632 1442460 0008377 1552738 0679213 0681814 0349966 1337208 0010453 1883708 1442450 0009458 0439536 1705217 3244283 0332256 2700400 0001924
 0085201 0003592 0021966 0221138 0439526 1858114 2612461 2697537 0439526 0023823 0023820 0178587 0205251 1299352 1550472 0439526 0229671 1546774 1550100 2827734 2981698 0560268 2349105 0001924 0439526 0205111 0935616 1524062 2246761 1442467 1552738
 1511726 3245479 1547282 1882932 0205449 0205174 0884358
 0679213 2246761 1553637 1292732 1442460 0185112 0300926
 1858114 2612461 2697537 0023823 0023820 0178587 0205251 1299352 1550472 0229671 1546774 1550100 0015684 0001128 0001924 0202406 0332296 1880497 1996904 0033414 1185625 2986730
 1442460 2246761
 1979874 0205171 1720467 1551359 2741673 2981730 1518422 1705242 0012634 0348080 1705253
 1511726 3245479 0521093 0750484 1456348 0008377 0008377 0185112 0578718 0205111 1185625 2986730 0000901
 1280500 2348382 0008377 0598102 0596208 1180238 0225336 0006104 0006901 0007634 0014257 0935624 1269537 1280521 3282337 0006904 1274040 1546471 2825142 0872351 1301820 1449562 0007585 0010453 1553637 0008377 0015252 0728940 1180238 0596208 0225336 0006104 0006901 0007634 0014257 0935624 1269537 1280521 3282337 0006904
 0205263 0857127 0683454 0021966 0221138 0012634 0348080 1705253 1882932 0015349 0504084 0005889 0302908 0444611 0521119 1704353 0008377 0205431 2349975 2246761 0085201 0003592 0003591 0021966 0221138 0150312 0449450 1553637
 1292732 0035820 1705810 2246761
 0057911 0179874 1524062 0681814 0085201 0003592 0003591 0021966 0221138 0000901 1553638
 0681814 0872351 1441672 1883712 0008377 0237881 0442805 0750502 1546944 1708698 0185112 0300926 0205111 0332462 1880834 0450316 1185625 2986730 0332462 1880834
 1883712 0008377 0185112 0237881 0300926 0301630 0392756 0441610 0750502 1546944 1708698 0205111 1185625 2986730 0012634 0348080 1705253
 1280500 2348382 0205172 0596208 1180238 0225336 0006104 0006901 0007634 0014257 0935624 1269537 1280521 3282337 0006904 0021467 0021469 1628982 3463820 0205111 1185625 2986730
 1280500 2348382 1441672 0139121 1442446 1273517 1999216 0057911 0139121 0311403 2246761 1858114 2612461 2697537 0000901 0205111 1524062 1511726 3245479 1518422 1547282
 0449911 0333052 2607870 0557702 1272706 1704674 0557702 1272706 1704674 0349966 1337208

 1280500 2348382 0039798 0087111 1522326 1533734 1705169 3538994 0057911 0311403 0916204 1171362 0033684 0185117 0205263 0857127 1412058
 1180238 0596208 0225336 0006104 0006901 0007634 0014257 0935624 1269537 1280521 3282337 0006904 0180860 0010453 0220814 0430400 1708632 1442460 0008377 0332197 1689985 0010453 0220814 0430400 2242979 0392148 0008377 1442446 0349966 1337208 1552738
 1553637
 2246761 0935616 0041119 0033727 0369286 0441932 0564385 0392148 0085201 0003592 0003591 0021966 0221138 0439526 0057911 1185625 1382196 1524062 1444656
 0369773 2603361
 1539794 0520511 1704711 0598102 0596208 1180238 0225336 0006104 0006901 0007634 0014257 0935624 1269537 1280521 3282337 0006904 0205111 0596156 0025255 0596901 1706182 0332197 1689985 0392148 0008377 1442446
 0007634 3282337 0180860 0010453 0220814 0430400 0596119 0025255 0596901 1706182 1412058 0439175 0439810 0596156 0025255 1883708 0301871 1524063 0019941
 0336721 1412058
 0681814 1707689 2983265 1883351 0557651 2603343 0520511 1704711 0598102 0596208 1180238 0225336 0006104 0006901 0007634 0014257 0935624 1269537 1280521 3282337 0006904
 1412058 0205111 0596156 0025255 0332290 1441672
 1265611 0596156 0025255 0234621 0596901 1706182 0021069 1511790 0332462 1880834 0205263 0008377 1442446 0332290 0007634 0008377 0178539 1441672
 1979874 3244092 0185117 0441889 0205263 0439792 0547044 0332462 1880834 0450316 0039798 0087111 1522326 1533734 1705169 3538994
 1883727 1883357 1511726 3245479 0008377 0205263 1412058 2246761 0021467 0021469 1628982 3463820 0057911 2246761
 0036536 0036537 2246761 0008377 1880177 0349966 1337208 1547282
 2827734 2981698 1180238 0596208 0225336 0006104 0006901 0007634 0014257 0935624 1269537 1280521 3282337 0006904 0872351 1327616 1265611 0205227 0220781 1883254
 1554077 2828389 0085201 0003592 0003591 0021966 0221138 1883727 0036806 0023821 0023820 0178587 0205250 1299351 2700149 1707719 0009458 0439536 1705217 3244283 0162518 1883708 1180238 0225336 0596208 0006104 0006901 0007634 0014257 0039005 0205225 0439631 0935624 1135183 1269537 1280521 1327616 2986904 3282337 0006904
 0441712 1706376 3152857 0332148 0750492 0036536 0036537 2246761
 0036536 0036537 0010453 0936012
 1705175 1705176 1705177 1705178 1882348 2986669 0085201 0003592 0003591 0021966 0221138 0150312 0449450 0348078 0376315 1522492 0009458 0162867 1254021 1185625 1382196 0456696 1442770 1516695 1516698 0041609 0681850 1550501 1706203 2349001 2697811 0178587 0812409
 1264633 2827734 2981698 2827734 2981698 0439267 0439526 1516695 1516698 0033684 1882443 0020985 0681850 1550501 1706203 2349001 2697811

 0009458 0439536 1705217 3244283 0332256 2700400 1265611 0680220 0442726 1185625 1511790 2986730
 0085201 0003592 0003591 0021966 0221138 0442726 1511790 1264633 1554103 1300565 0439526 0392148
 1979874 0085201 0003592 0003591 0021966 0221138 0442726 1511790 1264633 1554103 1300565 0439526 0023821 0023820 0032105 0178587 0205250 0439175 0439810 1299351 1514721 1550098 2348147 2700149 3542016 1441403
 1709707 0150312 0449450
 1511726 3245479 0183683 1521721 0035820 1705810 0023822 0023821 1522133 0065055 0023820 0178587 0205250 1299351 2700149
 0449911 0333052 2607870 0557702 1272706 1704674 0557702 1272706 1704674 0349966 1337208

 0598102 0596208 1180238 0225336 0006104 0006901 0007634 0014257 0935624 1269537 1280521 3282337 0006904 1327616 0085201 0003592 0003591 0021966 0221138 0023821 0023820 0178587 0205250 1299351 1514721 2348147 2700149 3542016
 1449562 0007585 0010453 0009458 0229671 0332296 0439536 1439852 1546774 1550100 1705217 1880497 1996904 3244283 0456696 1442770
 0009458 0162867 1254021 0179874 1516695 1516698 1264633 2827734 2981698 1708639 2827734 2981698 1708639 2827734 2981698 1708639 0439267 0439526 0205409 1548221 0025664 0184661 1517586 1552738 2700391
 0033684 0040900 0001128 0202406 1882443 0600209 0086972 0443299 0687118 1704732 0085201 0003592 0003591 0021966 0221138 0336721 0020985 0442726 1511790
 1514811 1706462 0205474 1156530 0025519 0025520 0002395 1521724 0012634 0439086 2827736 2981702 0439084 0728893
 0871157 1883351 0557651 2603343 0441712 0005854
 0185112 0300926 0185117 0547043 0851285 0871261 1282911 1704632 1706817 2911692 0008377 2246761 0449265 0008377 0085201 0003592 0003591 0021966 0221138 0450345 0740116 2827735 2981700
 2348205 0684224 0700287 3496591 1279919
 0008377 0023688 0086045 0205250 1299351 2700149 0439509
 2607943 2926606 3539655 0185117 2246761 0205263 0669372 0008377 0369637 0441923 0683454 0021966 0221138 0441889 1425988 1705535 0035820 1705810 0023688 0005854
 2607943 2926606 3539655 2246761 0392148 0057911 0183683 1521721 1412058 0085201 0003592 0619865 0003591 0008377 0021966 0185112 0221138 0243148 0300926 0851827 1550141 1701901 1882979 2587213 3244310 3274648 1180238 0596208 0225336 0006104 0006901 0007634 0014257 0935624 1269537 1280521 3282337 0006904
 1413218 3537338 3540050 0062151 0386684 0599283 0065059 0597357 1948023 0040671 1705822 0023821 0023820 0178587 0205250 1299351 2700149 0007634 3282337
 1274040 1546471 2825142 0150312 0449450 0557651 1301820 2603343 0443289 1413218 3537338 3540050 0086597 2246761 0349966 1337208 0871208 1521828 2246761
 0040300 0201950 0428466 0008377 0441889 1547282 1883351 0185117 1413218 3537338 3540050 0005456
 0302523 0700325 3244290 1441672 1157723 0013081 0851285 1327622 0392148 0008377
 0205447 0005854 0234112 0040577 0282575
 2674115 0497552 0000768 0000769 0025914 0025929 0026809 0684224 0700287 3496591 0011155 1636779
 1880177 1704259 1705987 0000901 0392148 0597177 0725813 0470187 0008377
 0085201 0003592 0021966 0221138 1883254 1180238 0225336 0596208 0006104 0006901 0007634 0014257 0039005 0205225 0439631 0935624 1135183 1269537 1280521 1327616 3282337 0006904 0349966 1337208 2347469 0450348 1553033 1881534 0005854 0332148 0750492
 0008377 0547043 0851285 1282911 0185117 1180238 0596208 0225336 0006104 0006901 0007634 0014257 0935624 1269537 1280521 3282337 0006904 2246761 0007634 0008377 0178539 1274040 1546471 2349975 2825142 0085201 0003592 0003591 0021966 0221138
 0008377 0547043 1282911 0057911 0423866 2626739 2246761 1704259 1705987 0205177 1157478 0220781 0439634 1522492 0005854
 0185112 0300926 0010453 0220814 0430400 2242979 0205447 1180238 0225336 0596208 0598102 0006104 0006901 0007634 0014257 0039005 0205225 0439631 0935624 1135183 1269537 1280521 3282337 0006904 0000901 0185112 0578718 2246761 1553638
 0441712
 1548161 1274040 1546471 2825142 0443289 0185117 1705535 1314939 2246761 0008377 0205111 1274040 1546471 2825142 1547282 1858114 2612461 2697537 2828360 0005854 0033414 2246761 0023821 0023820 0178587 0205250 1299351 2700149 1413218 3537338 3540050 1184743 1522240 1159709 1550030 0005528 0008377 0332152 1317949 1522538 3495449 0227525
 1704259 1705987 0205177 0521116 1261322 1552578
 0542559 1318139 0443289 0185117 0871261 1704632 1706817 2911692 0039798 0087111 1522326 1533734 1705169 3538994 0309049 1880177 2246761
 1274040 1546471 2825142 0016976 1269001 0221908 0814997 0007634 3282337
 0449913 1553451 1704459 0220781 1883254 0085201 0597601 0085201 0700364 1883351 2246761 0008377 1880177 0392360
 0021966 0221138 0392148 0085201 0003592 0003591 0021966 0221138 1264633 1554103 1185625 2986730 0085201 0003592 0003591 0021966 0221138 1511726 3245479 1518422 1547282
 1705535 0597601 0332148 0750492 1709305 2745955
 0085201 0003592 0003591 0021966 0221138 0597601 1314939 0005854 1425525 2247769 0085201 2247768 0087044 0003592 0242210 0003591 0021966 0033684 0221138 0243122 1145667 1167622
 0443252 0456696 1442770 0229671 1546774 1550100 0009458 0439536 1705217 3244283 1180238 0596208 0225336 0006104 0006901 0007634 0014257 0935624 1269537 1280521 3282337 0006904 0180860 1327616 1265611 1185625 2986730 0349966 1337208 1705535 0033268 0085201
 0680220 0150312 0449450 1705535 0220781 0439634 1522492
 0597177 1706853
 0332149 1705910 2362652 1704259 1705987 0750492 2348205 0677626 0007634 0023903 0684224 0700287 2239176 3282337 3496591 0450382
 2246761 0010453 0015252 0728940 0006104 1269537 0439836 0205172 0813983 0870883 0008377 0039869 1883351 1882932 0815011 1704259 1705987
 1274040 1546471 2825142 2246761 0349966 0332290 0008377 0750490 1706221 0023821 0023820 0178587 0205250 1299351 2700149 0023823 0023820 0178587 0205251 1299352 1550472
 0552617 0302523 0700325 3244290 0150312 0205132 0332285 1550648 1552960 0086418 0229671 1546774 1550100 0185112 0578718 0680220 0008377 0391871 1283071 1522485
 0456603 1547037 0684224 0700287 3496591 1883351 0023821 0205250 1299351 2700149 1264633 0023821 0023820 0178587 0205250 1299351 2700149 0007294 0560175 1706209 3273162
 0851827 1701901 1858114 2612461 2697537 3244310 2246761 0871261 1704632 1706817 2349975 2911692 1514559 1413218 3537338 3540050 0183683 1521721 1707478
 1552616 1706244 1274040 1546471 2825142 1704259 1705987 0359589 1999230 0013153 0449444 1879941 0185112 0300926 0205111 0032105 1550098 1185625 2986730
 1511726 3245479 1705535 2348693 1184743 1522240 0015252 0728940 0008377 0309872 0086045
 1979874 0008377 0808303 0449738 1521805 0005528 1317949 3495449 1704259 1705987 2349975 2987634 0008377
 0567416 0085201 0003592 0003591 0021966 0221138 0425710 0005775 0205100 1516559 0205227 0220781 1883254 1706853 1879748 0597177 0441987 0005854
 1704259 1705987 2246761 0449738 3242339 1883351 0023821 0023820 0178587 0205250 1299351 2700149 0597177 0005889 0302908 0444611 1704353
 0597177 1880177 1883351 1555029 1159709 1550030 0005528 1317949 3495449
 1413218 3537338 3540050 0075115 0183683 1521721 0008377 0000901 1880177 1883351 1555029 1159708 0005528 1317949 3495449
 2986676 0031831 1707664 2348314 3540849
 0587488 1704729 0004348 0544357 0032105 0086418 1550098
 2986676 2347469
 0004348 0018896 0449851
 2825232 0043227 0018173 0337795 0442598 0872261 1521721 3245503
 0369637 0441923
 0016617 0018173
 0010186 0220812 0449719 1709471 0220808 0680264 0007961
 1706852 0522501 1706089 0949214

 0282413 0376649 1442065 0021622 1272753 0026376 0005532 1521991 0004348
 0254343 0796520 3272379

 0085205 1549619 1880669
 0013849 1705961 0024492 1538057 1547565 1412573 2350443 3539770
 0034037 1704324 0030351


 0302523 0700325 3244290
 0000723 0000723 1273517 0023821 0023820 0178587 0205250 1299351 2700149 0023821 0023820 0178587 0205250 1299351 2700149
 1412058 0242738 1148932 1148923 0243122 0450240 0596902 1145667 1167622 1706210
 0085201 0003592 0003591 0021966 0221138 0085201 0003592 0003591 0021966 0221138
 0005854 0005854 1305865 0005767 0005768 0006104 0229664 1269537 1706912
 0057911 0001128 0202406
 0023823 0023820 0178587 0205251 1299352 1550472 0023823 0023820 0178587 0205251 1299352 1550472
 1612060 1421546 0023884 0597357 0736268 1278929 2346688
 1180238 0596208 0225336 0006104 0006901 0007634 0014257 0935624 1269537 1280521 3282337 0006904 1180238 0596208 0225336 0006104 0006901 0006904 0007634 0014257 0935624 1269537 1280521 3282337
 0991865 0006353 0031603 0031701 0036082 1601799 0991865 0006353 0031603 0031701 0036082 1601799
 2248593 1159709 0005528 0008377 1317949 1555029 3495449 2248593 1159709 0005528 0008377 1317949 1555029 3495449
 0140283 0140278 1421546 0035339 0597357 3536891 0140283 0140278 1421546 0035339 0597357 3536891
 1413218 3537338 3540050 0441729 0021966 0221138
 0019941 0019941 0027021 0031179 0330510 0939835 1110641 1318719
 3179121 0427861 0041637 0221313 0225336 1280193 0007634 0014257 0041638 0042449 0086418 1179027 1278960 3282337
 0035379 0040646 1555029 2257077
 1514811 1706462 0557061 2584313 1514811 1706462 2827734 2981698
 1553033 2603362

 0369637 0441923
 1418943

 0268596 2700624
 3642273
 0041703
 0740116 2827735 2981700
 1883069
 2603360
 0439806
 0205090 0684010 2603358
 1547548 0439070 1705160
 2347379
 1826596
 0025141 0439086 2827736 2981702
 2347469
 1418943

 0268596 2700624
 3642273
 0041703

 0033727 0369286 0441932 0564385 0439267
 2603362


 0777169 0025141 0439084 0728893

 0439267

 0001811 0025141
 0439267 2603360



 0025141

 2603360
 2347469 0402217 0033727 0369286 0441932 0564385
 2347469 1708595 3280986

 2347379


 2603362




 0025141
 2603362
 0006434
 0597277 1708601
 0369637 0441923





 0439267
 1979971

 1418943

 0268596 2700624
 3642273
 0041703

 0021966 0221138 0439267 0439394 1706495 3642217


 0201682

 0016327 0439133 1553038 0205090 0684010 2603358 0021966 0221138 0597277 1708601 0205090 0684010 2603358


 2347379
 0025141
 0021966 0221138 0205090 0684010 2603358
 0016327 0439133 1553038 1412430 0369637 0441923
 0597277 1708601 0205090 0684010 2603358

 2347379

 2603360 1553033
 0033727 0369286 0441932 0564385
 0597277 1708601 0439267 1553033 0597277 1708601
 0439267

 0325074
 0025141
 0205090 0684010 2603358

 0369773 2603361 0369637 0441923
 0205090 0684010 2603358 0597277 1708601 0402671 2244327
 0439267


 0016327 0439133 1553038

 1315013

 1549840 0025141
 2603362
 0439394 1706495 3642217
 0033727 0369286 0441932 0564385 0597277 1708601 1006780 0439394 1706495 3642217 0402217 1553033
 0033727 0369286 0441932 0564385
 0439114 0439114 2347469
 0016327 0439133 1553038 0597277 1708601 0597277 1708601

 1265234 0332319 0582521 0597277 1708601 2347469
 0369637 0441923
 0205090 0684010 2603358

 0325074
 0025141
 0331809
 0331809 0369773 2603361


 2347379
 0000857 0600678 1552863
 0369637 0441923

 2347961

 0450387 0025141
 2347469 0369718 0441922 1553036 0038817 0376223 2303040 0369637 0441923
 0369637 0441923
 0439267
 0033727 0369286 0441932 0564385
 2347469 0023493 1961099
 0205090 0684010 2603358


 0201682

 0439267 2303040 0369637 0441923
 0439267 0008532 0344346
 0369637 0441923
 0369773 2603361
 0439394 1706495 3642217 0439267
 0033727 0369286 0441932 0564385
 0005477 0025141
 0181107 2700230 0033727 0369286 0441932 0564385



 0025141
 0557775 1511780
 0205090 0684010 2603358


 0025141 0450348
 2347469 0033727 0369286 0441932 0564385 0205090 0684010 2603358 2347469 0033727 0369286 0441932 0564385 0033727 0369286 0441932 0564385
 0439267


 0025141
 0024171 0024176 2697939 2603360
 2603360




 0201682

 0033727 0369286 0441932 0564385 0205090 0684010 2603358


 0201682

 2347469 0033727 0369286 0441932 0564385 2603360 2700230
 0005528 1317949 3495449 0005854 1305865 0005767 0005768 0006104 0229664 1269537 1706912 0021135 1533691 2827718 0025664 0449851 1515655 0439267
 0439073 0439082 1709767
 0205090 0684010 2603358

 0025141
 1553033 0597277 1708601 0016327 0439133 1553038 0033727 0369286 0441932 0564385



 0025141
 1553033
 0010819 0005532 0596654 3538926 0449468 0560268 1690016

 1826357
 0439394 1706495 3642217 0035984 0086964 0684317 0597277 1708601
 0205090 0684010 2603358


 0201682
 0450355
 0439114
 0033727 0369286 0441932 0564385 0369718 0441922 1553036
 1441583
 0439394 1706495 3642217 0205090 0684010 2603358



 0201682

 0439114 0205090 0684010 2603358
 0021966 0221138


 0201682

 0439394 1706495 3642217 0439267 0439394 1706495 3642217
 0439114 2347469
 2603360 2603360
 0205090 0684010 2603358

 0369637 0441923


 0439086 2827736 2981702 0025141
 0597277 1708601 0443058 1553033 0369773 2603361 0033727 0369286 0441932 0564385 2603360 0597277 1708601 0597277 1708601 2603360
 1418943

 0268596 2700624
 3642273
 0041703

 0369773 2603361 0337841 0369718 0441922 1553036 0023493 1961099
 0205090 0684010 2603358


 0201682


 2603362

 2767010 3495095 0439394 1706495 3642217 0597277 1708601 2347469 0205090 0684010 2603358



 0036397
 0597277 1708601 0205090 0684010 2603358

 0369773 2603361


 2347379

 0025141
 2347469
 2603362
 2347469 1416988 1538267 0369773 2603361

 0369773 2603361
 0369773 2603361
 1418943

 0268596 2700624
 3642273
 0041703
 0439073 0439082
 2347469
 0369637 0441923
 0443013 2603362
 0439267
 2347469 2603362



 1418943

 0268596 2700624
 3642273
 0041703
 0439509
 0439114 0439267 0021966 0221138 0021966 0221138
 1418943

 0268596 2700624
 3642273
 0041703

 0033727 0369286 0441932 0564385 1412430 0369637 0441923
 0439394 1706495 3642217



 0369718 0441922 1553036 1511325
 0439394 1706495 3642217 0023493 1961099
 0205090 0684010 2603358


 0201682

 0038817 0376223 0369718 0441922 1553036 0023493 1961099
 0205090 0684010 2603358

 2347379
 0439509
 0439267 0442999 1621797
 0597277 1708601 0597277 1708601
 0205090 0684010 2603358
 0597277 1708601
 0439394 1706495 3642217 0033727 0369286 0441932 0564385
 0033727 0369286 0441932 0564385


 0201682

 2347469



 0025141
 0021966 0221138
 0205090 0684010 2603358

 1553033 3623712 0369773 2603361
 0597277 1708601
 0205090 0684010 2603358

 2347379

 0033727 0369286 0441932 0564385 0678579 2347469

 3623712 0369773 2603361
 0597277 1708601
 0205090 0684010 2603358


 0201682

 0369773 2603361 0369773 2603361 0016327 0439133 1553038 0034435 1823184 0439394 1706495 3642217



 2347469
 0033727 0369286 0441932 0564385 0439482 0369637 0441923
 1418943

 0268596 2700624
 3642273
 0041703

 0037125 0947651 1305285 1318876
 0369718 0441922 1553036 0023493 1961099
 0205090 0684010 2603358


 0201682


 0016327 0439133 1553038 2603362
 0369773 2603361 0205090 0684010 2603358


 0025141
 0004897 2603362
 0369718 0441922 1553036 0440042 1521738 2346620 2349184 3539073 0016327 0439133 1553038


 2347379

 2603360 0597277 1708601 0205090 0684010 2603358 0597277 1708601 0597277 1708601 1553033 0369718 0441922 1553036 0033727 0369286 0441932 0564385 0597277 1708601


 2347379

 0025141
 1553033 2603362
 0439267
 0033727 0369286 0441932 0564385 0439267 0439267
 0887950 0025141 0450382


 0205090 0684010 2603358 0439267
 0562547
 2603362

 2347379




 0025141 0009993 0037455 0596070 1552856 0005477 0026376 0005532 1521991