 0010054 0151744 1313980 0035439 0018799 0003873 0012634 0018787 0475224 1281570

 0740116 2827735 2981700 0369718 0441922 1553036
 0587479 1704729 0441833 0687744 1257890 1552516 1705428 1705429 0587479 1704729 1293097 2919030 2919031 0009450 0036378 0036375 0041740 0003873 2697391 0003864 0348078 0376315 1522492
 0015127 1314792 1524003 0231170 0015264 0332298 0683368 1457887 1880165 2587213 0010957 0022417 0392905 1269611 1706309 1883709 0031843 0542341 0700205 1705273
 0205309 0439234 0003873 2697391 0003864 0332281 0026565 0026566 0205217 0442805 0740116 2827735 2981700 0439086 2827736 2981702
 0003873 2697391 0003864 0205164 1707455 1336644 1705132 0856738 0010054 0010068 0018799 0012634 0018787 1281570 0024299 0439084 0728893
 0725066 0039798 0087111 0150312 0332285 1522326 1533734 1705169 3538994 0026565 0026566 1518422 0700364 1883351 0205449 0392747 0443172
 0243148 1550141 1882979 2587213 3274648 0004268 0301630 0392756 0441610 0231170
 1521840 2986546 0301630 0392756 0441610 0011065 1306577 1551359 2741673 2825407 2981730 0003873 2697391 0003864 0740116 2827735 2981700 0439086 2827736 2981702
 1706852 0349590 1262865 0237881 0750502 0332120 0035820 1705810 0850624 0035648 1553898 1521761 2827422 1292748 0205132 1999230 0002055 0178499 1880279
 1554961 1705847 0947630 0043227 1705535 0026565 0026566 0003873 2697391 0003864 0205217 0442805 1710186 0026565 0026566 0456603 1610540 2827734 2981698 0439084 0728893
 1514721 2348147 3542016 0558058 0012655 0220898 1264642 1547045 0557651 2603343 0017296 0314603 1705241 1705242 0600585 0237607 0003873 2697391 0003864 0007222 0007226 0012634 0035171 2983265 2986888 0557651 2603343 1707689 0599755
 0681841 0003873 2697391 0003864 0007222 0007226 0012634 0033105 0220900 0003873 2697391 0003864 0030705 0205172 0683971
 0007222 0007226 0012634 0003873 2697391 0003864 0009488 1551359 2741673 2981730
 0035439 0003873 0018799 0012634 0018787 1281570 0205214 1522138 3245511 0004398 0522498 0686907
 0750558 1710571 0003873 2697391 0003864 0007226 0015127 0026565 0026566 0205217 0442805 1524003
 0332120 0181909 0449878 0007465 0804771 0015127 1524003 0003873 2697391 0003864 0010054 0151744 1313980 0018799 0012634 0018787 0475224 1281570
 0947630 1521721 1547282 0021149 0220856 0033105 0220900 0027051 0428953 2926063 0021308 0027061 1522564 0018802 0018801 0018787 0231174 0680095 0742742 1281570 0011065 1306577 0003873 2697391 0003864 0205217 0442805 1707455 0243148 1550141 1882979 2587213 3274648
 1524063 0430471 0040399 2986746 0040398 0040405 1552357 0034606 0037179 0040395 0086805 0087136 0205171 0233929 0441633 1441526 1880157 2349995 2826292 0449421 0038435 1547282 0033105 0220900 0003873 2697391 0003864 1720725 1948050 0150103 1708943 0243148 1550141 1882979 2587213 3274648
 0003873 2697391 0003864 2698872 3258257 0032659 1257890 0557651 2603343 0450355
 2825407 0010054 0151744 1313980 0018799 0012634 0018787 0475224 1281570 0012634 1316572 1317574 1369612 1524063 0013801
 0557651 2603343 0150312 0205439 0443318 0948089 0018787 0039082 0205178 0002965 0002962 0443343 1883468 0429089 1305738 0678544 1421479 0542269 3537181 0027051 0428953 0429089 1305738 2926063 0021308 0027061 0678544 1421479 1518422 1522564 1518422 0008031 2926613 0456148 0549184 1707455 0243148 1550141 1882979 2587213 3274648
 0205214 1522138 3245511 1709305 1279919 0332281 0011065 1306577 0030705 0003873 2697391 0872128 0150103 1708943 0243148 1550141 1882979 2587213 3274648
 0332120 1705535 0007465 0804771 0015127 0205164 1524003 0003873 2697391 0003864 0010054 0151744 1313980 0018799 0012634 0018787 0475224 1281570 0030664 0010054 0151744 1313980 0018799 0012634 0018787 0475224 1281570 0205214 1522138 3245511 0205172 0332148 0750492 0011065 0023175 1306577 1442948 1522538 2348269 3275067 0003873 2697391 0003864 0683971 0032659 1257890
 0441468 0441469 0011860 2984301
 1301700 0026538 0220880 0332257 0010054 0151744 1313980 0018799 0012634 0018787 0475224 1281570 0026565 0026566 0011860 2984301 0449286 1551058 1704240 2348205 1948052 0003873 2697391 0003864
 0011849 0011847 0003873 2697391 0003864 0700364 1883351 0850664 1113667 0035648 0679238 1281905 0035647 1521761 2827422
 0033105 0220900 0443202 1518422 0027362 0003873 2697391 0003864 0011849 0011847 0015780 0086287 2827734 2981698 2827734 2981698
 0024554 0086582 2827734 2981698 0450355 0086792 0009452
 0449255 0542559 0199176 1706420 2700409 0011900 1704338 1704656 0039798 0087111 1363945 0686907 0003873 2697391 0003864 2348205 2987476 0011860 2984301 1320657 0011849 0441730 0011847 0332307 1547052
 0683971 0032659 1257890 1314792 0015127 1524003 0010054 0010068 0018799 0012634 0018787 0333482 1281570
 0439603 0205212 0205435 1279901 0011065 1306577 0220781 0439634 0521110 1522492 1527178 1874451 1444783 0683971 0032659 0205246 1257890 1553889 1707455
 0332120
 0043227 1960466 1960467 0007272 0003842 0009458 0162864 0162867 0226004 0741968 1254021 1256463 1280412 1880165
 0683971 0032659 1257890 1960467 0009458 0162864 0162867 1254021 1256463 1280412 0005516 0441471 3541888
 0947630 1705535 1960467 0009458 0162864 0162867 1254021 1256463 1280412 0205217 0442805 1707455 0243148 1550141 1882979 2587213 3274648 1849618 0577631 0004153 0439509
 0009491 0439792 1521970 0030705 0003873 2697391 0243148 1550141 1882979 2587213 3274648
 0205132 0683579
 0015127 1314792 1552961 2347617 3245505 0205146 0332257 1552866 2700399 0392148 0003873 2697391 0003864 0332120 0443211 0021376 0021368 0205191 0004153 0439070 1705160 0004083 0439849 0596306 0699792 1320716 0007226 0441471 3541888 0011065 1306577
 0681876 1835368 1277690 0850664 1113667 0035648 1553898 0679238 1281905 0035647 1521761 2827422
 0332257 1552866 2700399 1521761 2827422 0037369 0453996 1881674 0011847 0011849 0020538 1963138 0439175 0439810 0023823 0023820 0178587 0205251 1299352 1550472 0023822 0023824 0860920 0023823 0023821 1522133 0065055 0008377 0023820 0178587 0205250 1299351 2700149 1521761 2827422 0001779 0024554 0009253 0036864 0079399 1314687 1522384
 1882509 1883357 1521761 2827422 0010054 0010068 0018799 0012634 0018787 0441471 1281570 1551359 2741673 2825407 2981730 3541888 0683971 0032659 1257890
 0028754 1963185 1532253 0023676
 1521761 2827422 1552738 0441471 1551359 2741673 2981730 3541888 0035648 1553898 0035647 0392148 0439858 0443177 1521761 2827422
 0332257 1552866 2700399 1955473 3495426 1521761 2827422 0005516 0006560 1879974 0033684 0205332 0002723 0002716 0011560 0229671 0611285 1546774 1550100
 0037369 0453996 1881674 0035648 0035448 0050325 0201660 0960756 0035647 1521761 2827422 0332281 0439793 2983285
 0037369 0453996 1881674 1518422 0150312 1883351 2698872 0011065 1306577 1521840 2986546 0032659 1257890 0003873 2697391
 0033105 0220900 1518422 0003873 2697391 0003864 0205217 0442805 0021655 2700570 0021641 0237834 1514892 1533581 1579433 0039869 1883351 0033414 0004153 0003873 2697391 0003864 0684224 0700287 3496591 0442893 1290884 0012634 0205373 0333348
 0020538 1963138 0205214 1522138 3245511 1518422 2963144 0243148 1550141 1882979 2587213 3274648
 0150312 2825407 0030705 0003873 2697391 0009488 0332257 0020538 1963138 0488055 0871470 1306620 0005823 1271104 1272641 0005767 0005768 0033095 0039155 0229664 0460139 1306345 0205250 1299351 2700149 0205214 1522138 3245511
 0035173 0150312 0277889 0428883 1305849 0020538 2926615 0005823 1271104 1272641 0005767 0005768 0012000 0033095 0229664 0460139 1306345 0009462 0243148 1550141 1882979 2587213 3274648 0450382
 0002783 0014507 0947630 1547282 0004083 0439849 0596306 0699792 0020538 1963138 0008976 1096775 0205210 1947946 2948600 3540471 3540472 0439849 1705630 1706279 3540605 2607943 2926606 3539655
 0920317 0521093 0750484 1456348 3536840 0015127 1524003 0497247 0677038 1881187 0442805 0030705 1514756 0585941 0039798 0087111 1363945
 0442805 0547044 0700321
 1257954 2757001 0085387 2756982 1257954 1280500 2348205
 0389003 1335271 0033551 1565860 0387583 1367485 1565860 0033551 0389003 1514845 0022646 0040300 1547928
 0233660 0332206 1514503 0033268 0232804 3640044 0022646 0023175 0031843 0392756 0542341 0700205 1442948 1522538 1705273 2348269 3275067 0268000 0005889 0035280 0302908 0333117 0444611 1704353 1753315 0436331 0020538 1963138
 0442805 0428883 1305849 0005823 1271104 1272641 0005767 0005768 0012000 0033095 0229664 0460139 1306345 0442805 0035647 0441471 3541888
 0020538 1963138 0035648 0960756 0035647 1521761 1521840 2827422 0030705 0003873 2697391 0003864
 0281991 1524063 0242510 0042153 0457083 1947944 3536840 1257954 0030705 1514756 0013227 1753303 3163616 0005825 0026426 0005823 1271104 1272641 0019080 0553700 0182377 0005767 0005768 0033095 0229664 0243148 0460139 1306345 1517945 1550141 1882979 2587213 3274648 0030695 0150369 0181904 0596972 1521743 1704646 0585941 0039798 0087111 1363945 0456081
 0008300 1707391 0009488 2922974
 0013162 0205195 1947911 0003015 0022709 2757044 1707959 0001792 1514118 1999167
 0683971 0032659 1257890 0035647 0004083 0439849 0596306 0699792 0023824 0202117 0008377 1708567 0004083 0439849 0596306 0699792
 0242339 0205170 1301725 1609436 3146287 0700364 1883351 0001349 0332281 0439557 0205178 0205390 0871261 1704632 1706817 2911692
 0003873 2697391 0003864 0439175 0439810 0023824 0202117 0008377 0205250 3163633 0392756 0023821 0023820 0178587 0205250 1299351 2700149 0392756 0023779 0332152 1522538 1979963 2003903 3640815
 0920467 1706449 0243148 1550141 1882979 2587213 3274648 0013227 1524063 0239159 0042153 0457083 1947944 0450387 0428255 0428460
 0033213 1706387 0582205 0027552 0686904 1883351 0033522 0035648 1553898 0018787 0023981 0035647 0549177 0947630 1514893 1522601 2699488 0205369 1552740
 0886296 1273869 2979881 3542921 1881534 0036658
 0947630 0024131 0024138 0409974 0011847 0011849 1705535 0003374 0441889 0023824 0202117 0008377 0442805 0023821 0023820 0178587 0205250 1299351 2700149 0332294 0023779 0678226 1979963 2003903
 0034869 1280500 0205195 1273517 1947911 0003191 0012634 0013227 0392747 0242708 1705535 0003374 1518601 1550456
 0282402 0279025 0279033 0019932 0035139 0039798 0087111 0559956 1363945 1555302 1280500 0450387 1548787 0033107 0199176
 0557651 2603343 1547282 1277690 1113667 1281905 0035647 0205217 0442805 0277564 0043210
 0220825 1261322 1524063 0042153 0457083 1947944
 0360714 1280500 2348382 1320716 0007226 0441471 3541888 0201950 0428466 0008377 0441889
 0003209 1515999 0333348 1280500 2347946 0030664 0205469 0677042 1280500 0035647
 0023779 0020538 1963138 0028754 0163712 1963185 1532253 0023676 1948052 0750591 1277690 1113667 0850664 0035648 1281905 1553898 0679238 0035647 1521761 2827422
 0043096 0301630 0392756 0441610 0442805 1999230 0814225
 0392747 1554963 0332218 0023175 0439064 0814225 1442948 1522538 2348269 3275067 0332257 1137094 0301630 0392756 0441610
 3495426 1277690 0850664 1113667 0679238 0035648 1281905 0035647 1521761 2827422 0439064 1280500 2362652 0225336 0007634 0014257 3282337 0030011 0019116 0740166
 0025677 0178638 0442805 0919676 0019878 0019879 0441889
 0919676 0441889 0003873 2697391 0003864 1552738 0030705 0332257 1514756 0025677 0025677 0036078

 0557651 2603343 1547282 0442805 3542017 0007222 0007226 0012634 0332293 0025677 1522326 0242708 1707455
 1979874 0557651 2603343 0684224 0700287 3496591 0026565 0026566 0332293 0025677 1522326 0021368 0243148 0750492 1282910 1550141 1882979 2587213 3274648 0242708 1707455
 0035168 0242481 2986669
 0040223 3541383 1881534 0036658 1883351 0218063 0030705 1514756 0556110 0242297
 0025677 0332149 1705910 2362652 0039798 0087111 1522326 1533734 1705169 3538994 0003873 2697391 0003864 0030705 3542017 0007222 0007226 0012634
 0333423 0021368 1280500
 1880177 0521117 0439793 2983285 1274040
 0016006 1167394 2587184 0035648 1553898 0035647 1521761 2827422 0032143 1367601 0032144 0032140 0040300 1367553 1547928 0596448 0042971 1336938 0042974 1521761 2827422 0205250 3163633 0450382 1320716 0007226 0441471 0750490 1706221 3541888 0003873 2697391 0003864
 0439064 0443302 0003873 2697391 0003864 1273517 0001721 0439828 0392747 0443172 0027552 0686904 1280500
 0003374 0871161 1292721 0027552 0686904 0521093 0750484
 3536840 0027396 0004057 1280500 0684224 0700287 3496591 1883351 0441471 3541888 0004153 0026565 0026566 0004057
 0332120 0449911
 3536840 0020740 0700364 1883351 0021467 0021469 1628982 3463820 1955473 0012091 1518422
 1257954 1518422 0004057 0521102 1280500 2348382 1280500 0005847 0033268 0033567 0442797 0750492 1558950 1801960 2825061
 1320716 0861064 0007226 0023175 0181586 0205217 0441471 0442805 1442948 1522538 2348269 3275067 3541888
 0332120 1548788 3537135 3542467 0004057 1514756 0007226 1545588 1518422 1514756 3536840 1257954
 0001554 1533734 0030705 1514756 0004057 0027552 0686904 1883351
 0004153 0003873 2697391 0003864 0012634 0348080 1705253 0449432 1705248
 0947630 1441616 1705535 2348205 1273518 0010957 1883709 0079411 3146294 1881712 3203359
 0332257 1552866 2700399 1692321 0332448 0185117 0007578 0016693 0302912 0332296 0439807 1880497 1996904 0030685 0391871 0439180 0680255 1283071 1963578 0439086 2827736 2981702
 1517331 0043227 1521721 0599779 0003062 3161035 0043227 1547282 0005516 0007226 0750490 1706221 1274040
 0006560 1879974 0033684 0205332 0441889 0456079 1547707 2946261 2698872 0948008 3272363 0038454 0475224 1518422 3542017 0007222 0007226 0012634
 0439673 0006560 1879974 0033684 0205332 0558058 0441712 1280500 1314939 0225336 0007634 0014257 3282337 0024432 1546706 1550652
 0333423 0021368 1849618 0004153 0521110 1517892 1704666 0010054 0151744 1313980 0018799 0012634 0018787 0475224 1281570 0011065 1306577
 0332283 1719822 2828008 0332281 1320716 0007226 0441471 3541888 0011065 1306577 0243148 1550141 1882979 2587213 3274648 0332281 0332272 1274040
 0332120 0439852 0700364 1883351 0183683 1521721
 0205177 0439167 0441655 1561536 0086250 1176468 1619634 0005833 0014792 0597428 0871208 1384604 1516048 1521828 0152031 0013604 0038999 0449820 1547282 1883351 0332281 1320716 0007226 0441471 3541888 0011065 1306577 0026565 0026566
 1518681 1280500 0003873 2697391 0003864 0439092 0547044 1704788 3539106 0242708 1518422 0700364 1883351 0442805 0026565 0026566
 1979874 1706449 0243148 1550141 1882979 2587213 3274648 0700364 1883351 0814225 1883351 0456369 0868928 1533148 0678226 0007226 0184511 0332272 1561611 3146286 1274040
 0543488 1883351 0042789 1947903 1280500 0016884
 0150312 0449450 0205252
 0162643 0235828 1547544 0039798 0087111 1522326 1533734 1705169 3538994 0003392 0040616 0450442 1254351 1521826 0041368 1323304 1456820 1527178 1874451 1514559 0332281 0205160 1280500 1513916 2825415 2825491 0242698 0242973 0225897 1269892 0018827 0031847 0205091 0277785 1522565 1552822 0878544 0034063 0013604 0024109 1717255 2707265 2709248
 0008976 0018802 0018801 0018787 0231174 0680095 0742742 1281570 1705535 0018802 0018801 0018787 0023175 0231174 0332271 0680095 0742742 1281570 1442948 1457868 1522538 1546960 2348269 3275067 0019993 0011065 1306577 2986411
 0015127 1524003 0026565 0026566 0332148 0750492 1837655
 0035168 0242481 0027552 0686904 1883351 0015127 1524003 1516050 0037640 0886296 1273869 2979881 3542921
 0798503 0805586 3274764 0683971 0032659 0205246 1257890 1553889 0023185 0043227 0012634 0348080 1705253
 0013113 2348042 2826345 0011860 1320657 0441730 0011847 0011849 0332307 1547052
 0743140 1171304 0007226 0035647 0039869 1883351 0163712 0020456 0439851 1280500 1947931 0001688 0879626 0035648 1553898 0035647 1521761 2827422
 0243148 1550141 1882979 2587213 3274648 0005802 1547282 0814225 1518422 0700364 1883351 0001721 0012634
 0162791 0220845 0282423 1999230 0301630 0392756 0441610 0011849 0011847 0684030 0441833 0687744 1257890 1552516 1552839 1705428 1705429 0332167 3272283
 0332283 1719822 0449445 1883351 2986669 0035820 1705810 0003873 2697391 0003864 0243095 1260953 2945640 0005839
 0030705 0003873 2697391 0684030 0441833 0687744 1257890 1552516 1705428 1705429 0332167 3272283 1292734 1522326 0850624 0035648 1553898 1521761 2827422 0205225 0439631 0542559 1318139 3494402
 1316572 1317574 1369612 0282413 0439267

 0587479 1704729 0441833 0687744 1257890 1552516 1705428 1705429 0019994 1510665 0442650
 0013849 1705961 0024492 1538057 1547565 0439267 1514811 1706462 0016327 0439133 1553038
 0023980 1444754 1706316 0007465 0804771 0015127 1524003 0003873 2697391 0003864
 0369718 0441922 1414400 1553036
 0010054 0010068 1956346 0205042 0852949 1269008 0003842 0012634 0018787 0226004 0003873 2697391 0003864
 0025141 0439267
 1849618 0004153
 1521970 1706388 2346469 2348519
 0003864 0035431 0025141 1416933 2986618
 0022885 0392366 0429271 2598165 0021400 0220843 0237897 0808080 1705922 0080331 0040223 3541383 0022885 0039593 0392366 0453985 0034394 1706422 1301746 1547673 0026538 0220880 0026565 0026566
 0025141 1416933 2986618
 0026565 0026566 0005516 0086996 0449438 0748878 0009488
 0025141 3540510
 0026565 0026566 1881534 1825598
 0025141
 2986411 0030705 0003873 2697391 0003864 1274040 0035171 2983265 2986888 0557651 2603343 1707689
 0003864 0035431 0025141 3541314 0230613
 0026565 0026566 0038952 0220921 0033522 1709709 3258203 0023981 0557651 2603343
 0035431 0451119 1444662 0000857 0600678 1552863
 0014507 0014508 0699910 0026183 0021150 0557651 2603343 0033105 0220900 0026565 0026566
 0000857 0600678 1552863 0597277 1708601
 0026565 0026566 0277793 0332162 0681757
 0035431 0451119 1444662
 0026565 0026566 0332293 1522326 0030705
 0025141 1718783
 0026565 0026566 0003873 2697391 0003864 0439234 0589120 1522577 1704685 3274571 0332283 1719822 0277793 0332162
 0035431 0451119 1444662 0006100 1537501
 0026565 0026566 0003873 2697391 0003864 0205217 0442805 0033522 1709709 0023981 0557651 2603343
 1315013 0025141
 0026565 0026566
 0451119 1444662 0025141
 0026565 0026566 0003873 2697391 0003864 0003873 2697391 0003864 1518422 0011065 0439234 0439508 0700364 1306577 0016441 0589120 1522577 1704685 3274571 0332283 1719822
 0025141 1512024 1634619 3642216 0205090 0684010 2603358
 0007465 0804771 0015127 1524003 0003873 2697391 0003864
 1704648 0450348 0025141 0369637 0441923
 0026565 0026566 0007465 0804771 0011065 0015127 1306577 1314792 1524003 0030705 0003873 2697391 0003864
 1704648 0025141 0369637 0441923 0033727 0369286 0441932 0564385 0597277 1708601
 0026565 0026566 0003873 2697391 0003864
 0007189 1555719 0025141 0033371 0013123 2825512
 0003873 2697391 0003864 0026565 0026566 0023981 0205127 0557651 2603343
 0003864 0035431 0025141 0205090 0684010 2603358 0597277 1708601 0033727 0369286 0441932 0564385 0033727 0369286 0441932 0564385
 0026565 0026566 0003873 2697391 0003864
 0025141
 0033105 0220900 0026565 0026566
 0003864 0035431 0439509 0439526
 1301700 0026538 0220880 0026565 0026566 0409651 0003873 2697391 0003864 0038995
 0025141 1512024 1634619 3642216
 1547647 1274040 0003873 2697391 0003864 0549178 1883351
 0025141 1512024 1634619
 0026565 0026566 0003873 2697391 0003864 0332283
 0025141 0027971 0027971
 0026565 0026566 0439234 1692871 0162323 0333348 0000857 0600678 1552863
 0035452 0334889 0439509
 2827734 2981698 0450389
 0022718 0439209
 0009488
 1709269 0025141
 0009488 0003873 2697391 0003864 0557651 0678257 2603343
 0025141 0439254 3541314
 1314939
 1315013 2827734 2981698
 3540510
 0009488
 0025141 0021966 0221138 0597277 1708601 0018229 1423073 1427674
 0021149 0220856 0599755 0003873 2697391 1518422 0035648 1553898 0018787 0035647 0443324 1522601 1548559 1521761 2827422
 0003864 0035431 0025141 0369637 0441923 3541314
 0003873 2697391 0003864 0850664 1113667 0035648 0679238 1281905 0035647 1521761 2827422 0000857 0600678 1552863
 0003864 0035431

 0369637 0441923 0021966 0221138
 2607943 2926606 3539655 0013801 0030695 0180580 0003873 2697391 0003864 0243161 0918012 1552854 1637833 1522609 0872146 0449238 2926735
 1315013 0025141 0439254
 0948089 0039082 1558916 0150312 0449450 0034897 0003873 2697391 0003864 0205172 0332183 0150103 1708943 0243148 1550141 1882979 2587213 3274648 0000857 0600678 1552863
 0003864 0035431
 0036154 0597277 1708601 0369637 0441923
 0681679 0026565 0026566 0681850 1550501 1706203 2349001 2697811 0011860 1320657 0441730 0011847 0011849 0332307 1547052 1515981 0681850 1550501 1706203 2349001 2697811 0027051 0428953 2926063 0021308 0027061 0332152 1515981 1522564 2826257
 0369718 0441922 1414400 1553036 1235746 1882141 0376406
 0014507 0014508 0699910 0242485
 1315013
 0369637 0441923
 0011847 0011849 0027051 0428953 2926063 0021308 0027061 1522564
 1315013
 0021966 0221138 0021966 0221138
 0010054 0151744 0474715 0340291 0022116
 0011847 0011849 0237607 1315013 2347379 3245512 0025141 0027971 1832586
 0011849 0011847
 0007222 0007226 0012634 1281905 0035647 0026565 0026566

 0033105 0220900 0007222 0277562 0007226 0012634 0012634 0557651 2603343
 0011847 0011849 1947933 1420193 1832169 3538902
 0033105 0220900 0030705 0003873 2697391 0003864
 0025141 0369637 0441923
 0206076 0035150 0748342 1521761 2827422 0037369 0453996 1881674 0035647
 0014507 0014508 0699910 2827734 2981698 0025141 0369637 0441923 0597277 1708601
 0037369 0453996 1881674 0035647
 0025141 1416933 2986618 2827664 1708595 3280986
 0037369 0453996 1881674 0028754 1963185 0001948 0001962 0001975 0009830 1947907 0035647
 0014507 0014508 0699910 0439084 0728893 0025141 0230613 0021966 0221138 0230613
 0239059 0700219 0037369 0453996 1881674 0442805 0035647 0683954 1274040 1546471 2825142
 0003864 0035431 0025141 1512024 1634619 0201975 3539604
 0005841 0455012 0005767 0005768 0199960 0229664 1879316 0037369 0453996 1881674 0299583 0028754 1963185 0243107 0678723 1527148 0003873 2697391 0003864 0683954 1274040 1546471 2825142 0454866 0014282
 0003864 0035431 0439509 0025141 0220928
 0453996 0037369 1881674 0681344 0013621 0013622 0013658 0039401 0035647
 0025141 0205090 0684010 2603358
 0239059 0700219 0037369 0453996 1881674 0003873 0332281 2697391 0003864 0003873 2697391 0003864 0030705 0241889 1705495 0015576 0019664 0019665 0262512 0262926 1704727 1705255 2004062 0003873 2697391 0003864
 0035431 0451119 1444662 0022718 0439209 1708595 3280986 0597277 1708601 0018387
 0239059 0700219 0037369 0453996 1881674 0439793 2983285
 0035431 0451119 1444662 0016327 0439133 1553038
 1280500 2348382 0022877 3244292 0449438
 0025141
 0037369 0453996 1881674 0021017 0035448 0201660 0439793 2983285
 0035452 0334889 0033727 0369286 0441932 0564385 0439526
 0439792 0007222 0007226 0012634 0026565 0026566 2985505 0009247 0035363 0557651 0599755 1514923 2603343
 0025141 0546866
 0376683 0035820 1705810 0012634
 0011847 0011849 0000857 0600678 1552863 1366480 1416656 0439267 0205090 0684010 2603358
 0003873 2697391 0003864 0439849 1705630 1706279 3540605 0019932
 0025519 0025520 0025141 0439267 0439267
 0332120 0030705 0009782 0009780 0012634 0040300 1547928
 0025519 0025520 0439509 0025141
 0850624 0035648 1553898 1521761 2827422 0332257 0439828 0032659 1257890 0003873 2697391 0003864
 0035452 0334889 0439509 0454673 1550752 3539739 3542920
 0282458 0920317 0002778 0936012 1042496 1524024 3536840 0005823 1271104 1272641 0005767 0005768 0033095 0229664 0460139 1306345
 0230467 0741204 1144859 0000857 0600678 1552863 0035826 1413096 2987048
 3536840 0001721 0005823 1271104 1272641 0005767 0005768 0033095 0229664 0460139 1306345
 0282458 0920317 0002778 0936012 1042496 1524024
 1144859 1552154
 0680243
 0025141 0205090 0684010 2603358 0205090 0684010 2603358
 0005823 1271104 1272641 0005767 0005768 0033095 0229664 0460139 1306345 0038454 0010054 0010068 0018799 0012634 0018787 1281570
 0449719 1709471 0301630 0441610 0814812 0449255 0542559
 0777169 0025141 0369637 0441923 0439453
 0599918 0033080 1521941 0003015 2757044 0003211
 0205090 0684010 2603358
 0242339 0003873 2697391 0003864
 0035431 0451119 1444662 1366480 1416656 0033727 0369286 0441932 0564385 0205090 0684010 2603358 0021966 0221138
 0003873 2697391 0003864 0263680 0003864
 0021966 0221138

 0230467 0741204 1144859 0000857 0600678 1552863 0021966 0221138
 1441420 0439175 0439810 0023821 0023820 0178587 0205250 1299351 2700149 0023824 0202117 0008377 0428475 0041004 0441889 0003873 2697391 0003864
 1315013 0025141 0021966 0221138 0006413 1552663 2827109 0043193
 0598784
 0003864 0035431 0025141 0439267
 0065058 0125953 1096202 0023820 0023779 0023820 0003873 2697391 0003864
 0035431 0451119 1444662 0000857 0600678 1552863 0600091 0018370
 0065058 0125953 1096202 0023820 0023779 0003873 2697391 0003864
 1315013 0025141 1366480 1416656 0033727 0369286 0441932 0564385 0205090 0684010 2603358
 0003873 2697391 0003864 0263680 0003864

 1515999 1516019 1280500 0039798 0087111 1522326 1533734 1705169 3538994
 0230467 0741204 1144859 0000857 0600678 1552863 0001905 1412243 0270853
 0392747 0443172 0282443 1552617 0428462 1287373 0428460 0023779 0229671 0441889 1546774 1550100
 0678800 0013227 0036043 1254351 1705187 0025141 0012836 3541314
 1280500 2348382 0030705 0035435 0012634 0443290 0023779
 0025141 1420098 0016327 0439133 1553038 0016703 1551081 0020283 0450407 0450408 0450409 0035493 2699077 2699078
 1280500 0242339 0011860 2697407 0011854 0011849 0011847 0021641 0851827 1518422 1533581 1579433 1701901 3244310
 0025519 0025520 0025141 0369637 0441923
 1280500 2348382 0020336 0024141 2984317 0409974 0024131 0024138 0205373 0010992 0002778 0936012 1511726 1524024 3245479
 0025141 0369637 0441923
 0042153 0457083 1947944 1280500 0017725 0040053
 0024131 0024138 0409974 0439084 0728893
 2827734 2981698 0025141 0205090 0684010 2603358
 0205090 0684010 2603358
 1280500 2348382 1979963 2003903 0030705 0003873 2697391 0003864
 0035431 0451119 1444662 3538867
 1280500 2348382 0430044 1979963 2003903 0024141 2984317 0409974 0024131 0024138 0205373
 0025141 1708595 3280986 0205090 0684010 2603358
 0039798 0087111 1522326 1533734 1705169 3538994 0025677 0020336 0025677 0036078 1516710 0205195 1947911 1274040 1546471 2825142 0013072 0150108 0205173 0456909 0525065 1705764 1705765 0008976 1706408
 0003864 0035431 0025141 0242543 0441833 0687744 1257890 1552516 1705428 1705429
 0035647 0014939 0033306 0332287 0814225 2936882 3536710 0043210 0232970 1274040 1546471 2825142
 0036154
 1456555 0679698 0199176 1706420 2700409 0085542 0025266 0020443 1522133
 1705493
 0369718 0441922 1414400 1553036 1708595 3280986 0369637 0441923
 0033144 0199176 1706420 2700409 0024027 0025266 0043210 1274040 1546471 2825142
 1706420 0199176 0557651 2603343 2700409
 2347167 0027971
 1265611 0301630 0392756 0441610 1113667 3275105 1281905 3272281 3538919 0035647 0441994 1548802 2003888
 1704648 1545588 0557651 2603343 0441833 0687744 1257890 1552516 1705428 1705429
 0489835 0557651 2603343 0074554 0027361 0237401 0008976
 0777169 0025141 1418867 1518860 1552158
 1550024 1704783 0021701
 0369718 0441922 1414400 1553036 0016327 0439133 1553038 0016327 0439133 1553038
 0360714
 0025141 3539879
 0360714 0001349 0871261 1704632 1706817 2911692 0439557
 0369718 0441922 1414400 1553036
 1518681 1280500 2348382 0201657 0428528 0006560 1879974 0428479 0033684 0205332 0441889 0220825 1261322 0008976 0009247 0557651 0599755 2603343
 0035173
 0021368 0085542 0035647 0027051 0428953 2926063 0021308 0027061 1522564 0030705 0201950 0428466 0008377 0441889
 0005775 1516559
 3539879 3538933 3538933
 2244990 0021467 0021469 1628982 3463820 0085542
 0777169 0025141 0439267 0439269 1960952 2346927
 0442796 1280500 1550602 1280500 0023824 0202117 0008377 0030705
 1315013 0025141 0439254 3537453
 0042153 0457083 1947944 0005938 0177804 0026162 0178587 0262950 0391978 1266908 1266909 0035647
 0557651 2603343
 0230467 0741204 1144859 0013715 1705651
 0010054 0010068 0018799 0679698 1456555 0012634 0018787 1281570
 0369718 0441922 1414400 1553036
 0028754 1963185 1521840 2986546
 0025141
 0005910 0043100 1305866 1705104
 1704648 3538705
 0015259 1522704
 1709269 0025141
 0018684 0679924 2698884 0181090 0302614 1706050 1883351 0015259 1522704 0033080 1521941 0003864 0282443 1552617
 0003864 1947933 2347379 3463897 2983605 0282379 0332281
 1280500 2348382 0030705 0003873 2697391 0003864 0206034 0008976 1096775 0205210
 0035431 0451119 1444662 0205090 0684010 2603358
 0598608 3495426 0850664 0035648 0078057 0679238 1281905 0035647 1521761 2827422
 0369718 0441922 1414400 1553036 0000857 0600678 1552863 0036243 1539696 1825840 3539736
 1261322 1516048 0035648 0035647 1521761 2827422 0042373
 0814225
 0000857 0600678 1552863 0205090 0684010 2603358
 1327009 0025519 0025520
 0003864 0035431 0439509 0025141 0454673 1550752
 0556110 0242297 0016410 0309872 1292733 0427417 0005767 0005768 0178638 0229664 0441889 0598608 3495426 0445550 1708745 0872310 0025677 0039798 0087111 0178602 0205251 0869039 1114758 1299352 1363945 1550472
 0025141
 0019878 0019879 0025787 3272966 0001128 0202406 0003873 2697391 0003864
 0025141
 0920051 1278165 0205198 1706082
 1315013 0025141
 0021399 0025677 0205195 1947911 0683150 0086045 0030705 0003873 2697391 0003864
 0035431 0451119 1444662
 0019878 0019879 0449437 0449438 0003873 2697391 0003864
 0035452 0334889 2983605
 1280500 0003873 2697391 0003864 0009488
 0777169 0025141 0019907 2681927 2987742 1549972 0022337 0016327 0439133 1553038
 0025677 0026565 0026566 0003873 2697391 0003864 0033522 1709709 0023981 0557651 2603343
 0777169 0025141
 0443264 0556110 0242297 0030705
 0035452 0334889 0439509 0597277 1708601
 0016006 1167394 2587184 0282458 0920317
 1144859 0230613 0439214 2348814
 0015982 0596448 0019116 0019120 1521761 2827422 0085096 1704436 0852949 0003842 0012634 0205100 0221464
 0025141 0369637 0441923
 0019116 0019120 1521761 2827422 0003873 2697391 0003864 0016441 0589120 1522577 1704685 3274571 0332283 0557651 1719822 2603343
 0450389 0025141 0012836 0369637 0441923
 2347946 0040053 0020443 1522133 0079189 1524094
 0024131 0024138 0409974 0740116 2827735 2981700
 2827734 2981698 0025141 0012836
 1273410 3272281 3538919 0035647 0441994 1548802 2003888 0027396 0030705 0003873 2697391 0003864
 0230467 0741204 1144859 0033727 0369286 0441932 0564385
 0000894 1157323 0220781 0439634 1522492 0206745 0025914 0025929 0026809 0034821 1366529
 0041703 0268596 1418943 2700624 3642273 1416746 1862225 0001905 1412243 0439254 0262500 1512358 3538713
 0003211
 0018787 1281570 0025141 0043038 1690540 3484384
 0004057 0425087 1313915
 0018787 1281570 0025141 0016327 0439133 1553038
 0085387 2756982 0004057 1280500
 0369718 0441922 1414400 1553036 1420098
 1280500 0871261 0010072 0040053 0151942
 0005775 1516559
 1710575 0033213 1706387 0031845 1184743 1522240 0012634
 0230467 0741204 1144859
 0596271 0031330 1524059 1257954 0518609
 0025141 0441833 0557651 0687744 1257890 1552516 1705428 1705429 2603343
 1707455 0027396 0003873 2697391 0003864
 0369718 0441922 1414400 1553036 1416870 1823249
 1273410 0035647 1257954 2757001 0332281 0387583 1367485 1565860 0085387 2756982
 0205090 0684010 2603358
 1290884 0012634
 0369718 0441922 1414400 1553036
 0004153
 0035431 0451119 1444662 0015024

 0004153 0003873 2697391 0003864
 0005775 1516559 0439267
 0332453 0030705 0002965 0002962 0443343 1883468
 0005775 1516559 0439267 2945617
 1155046 0596290 0334094 1514485 1444783
 0005775 1516559
 0439254 3541314
 1849618 0004153 0003873 2697391 0003864
 0543483 0699748 2827734 2981698

 0301630 0392756 0441610 0025914 0025929 0026809 0021467 0021469 1628982 3463820 3537152
 0349590 1262865 0025141 0439267
 0039798 0087111 1522326 1533734 1705169 3538994 0004153
 1315013 0205090 0684010 2603358
 0040671 1705822 0039194 0007634 3282337 0436331 0004153
 0005775 1516559 0439267 0439267
 1817959 0205263 0857127 0023820 0004153
 0027960 0324740 0439189 1456781 1824986 0025141 0012836
 1519104 0005516
 0369718 0441922 1414400 1553036
 0018799 0012634 0018787 1281570 1155266 0871261 1704632 1706817 2911692
 1704648
 0021368 1282907 0010054 0010068 0018799 0012634 0018787 1281570 0033522 1709709 0023981 0557651 2603343 0920317
 1704648
 0006560 1879974 0033684 0205332 0021368 0035647
 1709269 0025141
 0152031 0013604 0038999 0007222 0007226 0012634 0681876 0032659 0557651 1257890 2603343 1551488 1524069
 0003864 0035431 0025141
 0026565 0026566 0080103 0869014 0079809 1879489
 0035452 0334889 0439509 0011849 0011847 0242397 2826182 0012836
 0038952 0220921 0033325 0007465 0804771 0011065 0015127 1306577 1314792 1524003 0003873 2697391 0003864
 0003864 0035431 0025141 0597277 1708601 0033727 0369286 0441932 0564385
 0413372 2985391 0039798 0087111 1363945 0332281 0038952 0205166 0220921 1706317 0030705 0003873 2697391 0003864
 0025141 0439267 0205090 0684010 2603358
 1623145 0521982 0871261 1704632 1706817 2911692 0332281 0026565 0026566 0392756 0030705 0003873 2697391 0003864
 0003864 0035431 0025141 1416870 1823249
 1563937
 0025141 1419366 0033727 0369286 0441932 0564385 0441833 0687744 1257890 1552516 1705428 1705429
 3640263 0850664 0035648 1553898 0679238 1281905 0035647 1521761 2827422 0011860 2697407 0011854 0011849 0011847 0021641 0851827 1518422 1533581 1579433 1701901 3244310 0033522 1709709 0011847 0011849 0023981 0557651 2603343 0450348
 1704648 0034866 0237607 3245512 1552616 1706244
 0018787 0037455 0596227 1522601 0004083 0439849 0596306 0699792 0037455 0004083 0439849 0596306 0699792
 1704648