 1136395 0185125 1880016 0022877 3244292 0562547 3160718 0454844 0041700 1514756 1708611 0166872
 1272684 1548435 0000857 0600678 1552863 0683154 0871261 1704632 1706817 2911692 0220806 0017431 1548673
 0030705 0013227 0205170 3146287 1955473 1518422 0814225
 0027361 0237401 0237607 0596545 0443286 1114821 0002092 0802014
 1328887 1553778 1561491 0020792 0205396 1527178 1874451 0871261 1704632 1706817 2911692 0599787 0017446 0205146 1883351 0205309 1136395
 1706852 0185125
 2827666 0600436 0002055 0178499 1709450 1880279 0012854 2700400 0017429 0017428 2338314 0004793 0162326 0162327 1519249 1548673 0027361 0237401
 1533716 0017428 0449719 0679058 0700321 2338314 2700640 1280500
 1707959 0012634 0205397 0439660 0596611 1515926 1855073 0011065 0205252 1274040 1306577 1546471 2825142 0205082 0231170
 0442808 0332120 0012655 0220898 1264642 1547045 1518422 0750591 1883351 2316203 2924406 0006826 0998265 1306459 0449432
 1998591 0001721 0524637 0871261 0686907 0012655 0220898 1264642 1547045
 2346843 0085732 1299581 0332325 0237834 1514892 3245505 1883351 0086930 3539808 0242444 2987720 0035647 1261322 1516048 0087130 0027552 0686904 0332149 1705910 2362652 1705241 1705242 1148554 0242492 0035647 0080103 0205345 1547039 0027361 0237401 0402883 0681850 1550501 1706203 2349001 2697811 0035853
 2827666 0017429 0017428 2338314 0752046 0028630 0032529 0037179 0087136 0205171 0348078 0376315 1522492
 0034036 0034037 1704324 1513822 1880171 1882932 0002778 0936012 1524024
 1513822 1880171 0150312 0752046 0028630 0032529 0037179 0087136 0205171 1709305 2745955 1510992 2825518
 0205172 0443304 1280500 0237881 0750502 0680240 0733755 0017428 2338314
 0039224 1706073 1706074 0332256 2700400 0282111 2945843 2349146 0205145 0282111 0376649 1442065 0332256 2700400 1533716 1283195
 0449911 0039224 1706073 1706074 0557702 1272706 1704674 0557702 1272706 1704674 0035201 0332256 2700400 1533716 0032529 0001721 0031845 0005532 0031843 0205460 0542341 0700205 1705273 0349966 1337208
 0752046 0028630 0032529 0037179 0087136 0205171 0079941 0009219 0017337 0017446 0085639 0205147 0238715 1947971 0525038 1555721 1706204 0002520 2917660 0678227 0392747 0443172 1705241 0475264 1744691 0205360 2347098
 1707959 0752046 0028630 0032529 0037179 0087136 0205171 1332830 0017337 0057223 1709305 2745955
 0032529 0205263 0333051 0597295 0023175 0033684 0220781 1442948 1522538 1883254 2348269 3275067 0002518 0002520 2917660 0001128 0004793 0162326 0162327 0202406 1519249 0205177 0439167 0441655 1561536 1707959 0042789 1947903
 0596611 1515926 1825598
 0032529 0392747 0443172 1705241 0851285 1327622 0428479 3244092 0441889 0456079 1547707 2946261 0085639 0238715 0015127 1524003 1515926
 0032529 1314939 0441635 0332257 1552866 2700399 0017260 0017259 0439836 0017261
 0449911 0333052 2607870 0557702 1272706 1704674 0557702 1272706 1704674 0349966 1337208
 2827734 2981698
 1280500 0815043 1527118 0031843 0542341 0700205 1705273
 0032529 0079941 0009219 0017337 0017446 0085639 0205147 0238715 0392747 1537044 0205177 0439167 0441655 1561536 0033268 1514568 1706395
 0032529 1314939 0441635 0332257 1552866 2700399 0017260 1442161 0017337 1511760 1880274 2347469 0017261 1705960 0017337 0332597 1553033 1274040 1546471 2825142 1517945 1537044 0205177 0439167 0441655 1561536 0474395 1537044 0205177 0439167 0441655 1561536
 0376658 0686907 0185125 1947919 2347934 3539080 0020792 0205396 0332281 0439660 0599883 1427926
 0752046 1527094 0085639 1999230 1533716 0012634 0752046 1527094 0023746 0023745 0281825 0394006 0002085 0012655 0220898 1273517 1883351 0027361 0237401
 1947946 2948600 3540471 3540472 1883351 0032529 0332281 0035853 0332257 1552866 2700399 0599883 1427926 0012655 0220898 1264642 1547045 0332325 0237834 1514892
 0032529 1269815 0020792 0205396 0013227 0814225 1254351 0237607 0596545 0001688
 0557651 2603343 0017431 0205177 0439167 0441655 1561536 0031325 0562547 3160718 0035853
 0205419 0012655 0220898 1264642 1547045 0041755 0001688 0879626 0728866
 0679199 0039421 1273517 1883351 1705241 1705242 0332325 0237834 1514892 0274281 0332157 1709305 2745955
 0871261 1704632 1706817 2911692 0750729 0008976 1096775 0205210 0013227 1880371
 0013227 1254351 0039796 0302350 0814225 2987476 0030705 0035647 0001688 0879626
 1515021 1518422 0013227 0814225 1254351 1955473 0237607 0596545 1280500 0562547 3160718
 1705241 1705242 0013227 0039798 0087111 1254351 1522326 1533734 1705169 3538994 0678226 0032529 3146286 0017337 1547699 2700640 0033684 1705911 0449381
 1707959 0032529 0015127 1524003 1515926 0683154 0871261 1704632 1706817 2911692 0332257 0012010 0562547 3160718 0042789 1947903
 0231174 0680095 0013227 1254351 1457869 1861101 0014442 0205421 0449297 1274040 1382187 1546471 2825073 2825142 3272602 0001688
 0231174 0680095 1515877 1879547 0033262 0013227 0033382 1254351 2987124 1274040 1280519 1517945 1546471 1707887 2825142
 0013227 0220908 1305399 1705053 1524063 1882417 0439171 0348078 0376315 0014442 0014445 0243107 0678723 1527148
 1533716 0008976 1096775 1516615 0001554 0205210 0376636 1273870 3273539 0683607 0949543 0036576 0332148 0750492 1280519 1527178 1705938 1707887 2346843 0012655 0220898 1264642 1547045
 0032529 0871261 0683140 0025519 0025520 0220806 0206243 0699809 0439787 0849355 0015576 1704727 0014442 0014445 1979971
 0302523 0700325 1964257 0010762 1149063 0314604 0010798 0017337 0086418 0439064 0534137 0747726 1325304 0150312 0449450 1882417 0359589 1999230 0392360 2699007 0871261 0043335
 0678951 0032529 0557651 2603343
 0014442 0017337 0679058 2700640 0025519 0025520 1514873 0013227 1709707
 0032529 0015127 1524003 1515926 0205177 0439167 0441655 1561536
 1709707 0007457 0043157 0850310 3154893 2985437 0002085 0686907 1515981 1299582 0013227 0001688 0332294
 0031437 1285572 0033268 0205254 0015127 1524003 0033684 0017260 1442161 0017337 0678226 1511760 1880274 0017259 0017337 0439836 0026882
 0032529 0033268 0033684 0057223 0205419 1274040 1332830 1546471 2825142 0086439 0205177 0439167 0441655 1561536 0332152 1522538 1515926
 0205423 1704787 0032529 0014440 1287349 0014442 0057223 0205217 0441889 0442805 1274040 1332830 1546471 2825142 0017256 1705759 0017337 1517480 1521871 0027361 0237401 0017337 1948062
 0030705 0031437 1285572 0237607 0596545 0871261 2963144 0013227 1637379 0441889 1521840 2986546 1518422 0178602 0205307 0439166 2347086
 0032529 1705241 1705242 0003280 0848112 3536711 0043031
 0205419 0030705 0043031 1265611 1881534 0542559 1318139 0178602 0441889
 0947630 0023693 1306462 1881376
 0014442 0599473 3539649 0043031
 0678951 0032529 2700640 0525038 1555721 1706204 0002520 2917660 0014442 0014445 1274040 1546471 2825142 0085732 0043031 0027361 0237401 0024501 0043031
 0025519 0025520 0449297 1382187 2825073 1704970 0043031 0229671 0441889 1546774 1550100
 0428212 1261153 0441889 0206243 0002085 0015127 1524003 0001688 0879626 1280500 0562547 3160718
 0030705 1285573 0002085 0206243 0699809 1273517 1883351 0036849 1442518 1705195 0678766 0178602 0869039 1114758 2698651 0030705
 0162340 1527178 1874451 0871261 1704632 1706817 2911692 0013227 0870444 0683607 0542559 1318139 0402883 2348205
 0678951 0032529 0001721 0871261
 0220806 1524026 1704259 1705987 1160466
 0010762 0014442 0014445 1149063 0021966 0025519 0025520 0205390 0221138
 0205419 2825097 0001721 0683154 0871261 1704632 1706817 2911692 0220806
 0032529 0332148 0750492 0001721 0871261 1704632 1706817 2911692 0332257 3538986 0013227 0596902 1254351 0007603 0025255 0032105 0596901 1550098 1706182 0206588 0521447 0597357 0022009 0439799 1706095
 0678951 0032529 1302584 0011008 0684224 0700287 2348077 3496591 0332148 0750492 0042333 0205419 2987476
 0017337 0808135 0012655 0220898 1264642 1547045 0020792 0205396 0017337 0012655 0220898 1264642 1547045 0041755 0559546 0013227 1254351 0443286 1114821 0457083 0557351 0002778 0936012 1524024 1656250 0009015
 1947946 2948600 3540471 3540472 0205435 1279901 1883351 1953345 0008633 0017446 0205147 1883351 1883708 0042153 0457083 1947944 1283195 1332838 0017337
 1274040 1546471 2825142 0034036 0034037 1704324 0024779 1706473 2987476 1883351 0025663 0025664 0449851
 0332149 1705910 1948052 2362652 0919453 0008630 0678951 0017337 0150312 0449450 0599883 0543488
 0020792 0205396 1273518 0032863 1273517 0681797 1314939
 0002085 1547699 2700640 0052201 0003591 1547282 1883351 0442805 1281905 0035647 0035853
 0443021 1883351 1283195 1273517 1883351 1332838 0919453 0017337
 0752046 0028630 0032529 0037179 0087136 0205171 1953345 0008633 0017446 0205147 0549177 0814036 0024779 1706473 1445865 0017337 0017337 0205396 1550043 1551388 0035648 0960756 0035647 1521761 2827422 0002395 0012634
 0376249 0439603 0871396 1561548 1705502 0752046 1527094 0803113 0807727 2827628 0017446 0205147 0543488 1709305 0030705 0444706 3541902 0002395 0012634 0032662 0920467 0001779 0012634 0032659 0150103 0243148 0332296 1257890 1515981 1550141 1708943 1880497 1882979 1996904 2587213 3274648
 0871424 0002778 0936012 1524024 1883708 0557351 1883351 0752046 0028630 0032529 0037179 0087136 0205171 0017428 0030705 1707455 0243148 1550141 1882979 2587213 3274648
 1280500 2348382 0002778 0936012 1524024 0443289 0017446 0205147 0441635 0543488 2348205 0002395 0012634
 0017428 1883351 0441835 2826346 0441833 0687744 1257890 1552516 1705428 1705429 0017446 0205147 1555715 1704332 0332256 2700400 0017337 0052201 0003591 1412475
 0521093 0750484 0020792 0205396 0035648 0035647 1521761 2827422 0002395 0012634 0032863 0020792 0205396 0919453 0017337
 0449445 1273517 0332185 0392752 0017337 0012655 0220898 1264642 1547045 0017446 0205147 1711300 2700613 0017258 1555715 1704332
 0449445 1273517 0569921 0178499 1626935
 0282519 0035379 0040646 1555029 1999216 2257077 0019693 0019682 0042769 0682458 0318356 1524063 0009450 0021051 0039798 0042776 0086418 0087111 0319157 1273517 1522326 1533734 1705169 3538994
 0041755 0559546 0443286 1114821 0030705 0332232 1709305 2745955
 0683368 1457887 0332257 1552866 2700399 0015967 0015230 1659989 1546466
 1512571 0013126 0449445 1273517 1883351 1707689 2983265 0679560 0796344 0002778 0936012 1524024 1527178 1705938 2346843 0559546 0443286 1114821 0543483 0699748
 1274040 1546471 2825142 0004268 0032529 0205234 1285542 1707391 1332838 0017337 0205309 1883351 0032214 0600138 0035820 1327458 0851285 1327622
 1274040 1546471 2825142 0443289 0678951 0032529 0017337 1515981 0024518 1753349 0019627 0205164 0439855 1704241 0332281 0559546 0443286 0013227 1254351
 0597535 1705535 1512571 0013126 0449445 1292724 1273517 0569921 0178499 1626935 0043335
 0557651 1283195 2603343 1518422 1272703 0470187 0679991 0441835 0332324 0441833 0549177 0687744 1257890 1518422 1550474 1552516 1705428 1705429 1548671 0681850 1550501 1706203 2349001 2697811
 0030705 0015272 0728866 0041755
 0332183 0041755 0559546 0745213 0443286 1114821 1441672 0205171 0237753 0442824 0449788 0700321 1720467 0027361 0237401
 0868928 1533148 0679560 0796344 0002778 0936012 1524024 0332268 0814897 0032863
 1707959 0441889 0449286 0542560 1561545 2348088 0376554 0017428 0017446 0205147 0887950 0012655 0220898 1264642 1547045
 0024779 1706473 1881534 0013126 0919453 0008630 0012655 0017337 0220898 1264642 1283195 1547045 0332149 1705910 2362652
 0871935 1283195 0027361 0237401 0017428 0439751 0444667 2338314 0004927 1947971 0449911
 0449851 0013556 0013557
 0022752 0376554 0521116 1527178 1705938 1705970 0752046 0028630 0032529 0037179 0087136 0205171 1883351 0017428 0205197 0725685 0936012 1551362 1999244 2338314 0035853
 0015264 0336809 1551058 1552514 0547044 0700321 0036849 1442518 1705195 0752046 0028630 0032529 0037179 0087136 0205171 0936012 0013556 1524063 0005507 0243073 1510438
 1527178 1874451 0449445 1292724 0439659 1883351 1527178 1874451 0012655 0220898 1264642 1547045 0599787
 0752046 1298180 0028630 0032529 0037179 0087136 0205171 0041368 1323304 1456820 0333516 0027540 0027651 1334928 1521761 1578706 2827422 3273930 0017337 1708431 1334205 0017337 0021755 1522428 1555715 1704332 0392747 1515670 3244092 0185117 0441889 1290886 0332281 0008679 1290884 0243083 0012634 0205191 0333348
 0557651 2603343 0443289 0439849 1705630 1706279 3540605 0012655 0220898 1264642 1547045 0341671 0009131 0240346 0332157 0037098 0444626
 0240346 0037116 0240346 0557651 2603343
 0392148 0205419 0332281 0037116 0205082 1416402 1704264 3536785 0231491 0063710 1416395 0041368 1323304 1456820 0333516 0027540 0027651 1334928 1521761 1578706 2827422 3273930 0205419 0205250 3163633 0681850 1550501 1706203 2349001 2697811 2945599 0348078 0376315
 1707959 0032529 1999230 0012655 0220898 1264642 1547045 0012634
 0002111 0020517 0489531 1314973 3539909 1704788 3539106 0001688 0879626 2255932 0683201 0301872 2267003 0205369 0439662 0871261 1274040 1292856 1546471 1552740 1948023 2825142
 2347946 1512677 0871261 0033684 0162579 0545082 1512346 1947978 0014406 0205246 1553889
 0332120 0020517 1314973 0162820 0011615 0011616 0011603 0332158 0337611 0700624 1705415 0205170 0443211 1272684 3146287 0242538 0728826 0870868 0020517 0086597 0127400 0243107 0678723 0700624 0871261 1527148 0033684
 0441468 0441469 0231242 0392707 3539705 0012655 0220898 1264642 1547045 1516998
 1883712 0332120 0032529 0543483 0699748
 1707959 1883351 1552961 2347617
 0205447 0557651 2603343 0032529
 0150312 0449438 0878587 0001068 0001390 0242538 0728826 1548384 1609990 0312593 0016470 0332281 1548335 2754973 0002111 0003241 0016452 0020517 0021027 0021149 0086597 0127400 0220856 0489531 1314973 3539909 0205250
 1707959 0085295 1334098 1522550 2983956 0021764 1527200 1999230 0079189 0301872 0439662 0871261
 1261322
 1705535 0032529 0700364 1518422 0012655 0220898 1264642 1547045 0004083 0439849 0596306 0699792 0229671 0441889 1546774 1550100 0237753 0449788 0681850 1550501 1706203 2349001 2697811
 1136395 1136394 1999230 1533716 0185125 1136395 1444648 0332183 0075804 1555307 1136394
 0449255 0542559 0557061 2584313 2347946 0013113
 0017398 0017399 0557651 2603343 1705241 1705242 0004793 0017428 0162326 0162327 1519249 2338314 0031437 1285572 0887950 1883351 0557651 2603343 0017262 0017337 0185117 0332281 0005532 0205460 0871261
 1136395 0518609 1515926 0085732 1299581 0012655 0220898 1264642 1547045 0441833 0687744 1257890 1552516 1705428 1705429 0001688 0879626 0274281 0332157 1274040 1546471 2825142 0016542 0520510
 1136394 0018563 1281583 1552914 1880945 0002778 0936012 1524024 0005532 0205263 0205460 0449913 1553451 1704459 0274281 0332157 0043335 1441583 0238198 2931518 0079382
 0237070 1517892 1704666
 0032529 0392747 0031845 0005532 0031843 0205460 0542341 0700205 1705273 0392747 0443172 1705241 1883073 2827424 0851285 0871261 1704632 1706817 2911692 0599787
 1705241 1705242 0205419
 0016884 1511726 3245479 1511726 3245479 0750591 0020792 0205396 1704259 1705987 0012655 0220898 1264642 1547045
 0205447 0020792 0205396 0752046 0028630 0032529 0037179 0087136 0205171 0681890 0013227 0220806 0001688 0332281 0879626
 0150312 0237607 0332285 3245512 0185125 1947919 2347934 3539080 0086264 0033213 1706387 1524063 0017296 0042153 0314603 0457083 1533716 1947944 0163712 0205396 1550043 1551388 0870392
 1516698 1704814 0242578 0337174 1698986 1753314 0680243 0004268
 0027361 0237401 0012655 0220898 0392366 0019247 2924406
 0037640 0949571 0444454 1533716 1554204
 0021675 1274022 0949571 0444454 1554204
 0205447 0002085 0012655 0220898 1264642 1547045 0028811 0237607 0596545 0537670 0700287 1552002 0679199
 0033213 1706387 0036397 0870392 0009462
 1705535 1546466 0752046 0028630 0032529 0037179 0087136 0205171 1707391 0031325 1551058 1522609 0019247 0035853
 0679133 1136395 1257940 0023185 0036397 1555908 0600368 0016126 0017296 0314603 0042153 0457083 1947944 3172256 0237753 0449788
 0282411 0947611 1705247 2963144 0725066 0871261 0220806 0185125 0020792 0205396 0086930 3539808 0035647 1261322 1516048 0205172 0018684 0043335 0162340 0686907 1704675 1880177 0005532 0205460 0449913 1553451 1704459
 0814225 0332257 1552866 2700399 2717881 1880355 0332281 0040539 0600688 2347469 0020792 0205396 0681842 0559546 0443286 1114821 0013227 1553033 1550452 1704788 3539107 0598333 1280519 1707887 1880022 0441889 0456079 1547707 2946261 1705241 1705242 0012655 0220898 1264642 1547045 0001688 0879626 1273517 1527178 1874451 0243107 0678723 1527148 0205172 0007589 0205615 0086930
 0015726 0441635 0700381 1318228 1524109 2697664 0013126 0376649 1442065 1705175 1705176 1705177 1705178 1882348 2983310 3245505 0814225 1883351
 0086264 0033213 1706387 1516698 1704814 0163712 0242578 0337174 1698986 1753314 0750591 0218063 1511726 3245479 1273517
 1316572 1317574 1369612 0282413 2827734 2981698 0376649 1442065
 0013849 1705961 0024492 1538057 1547565 1514811 1706462

 0016327 0439133 1553038
 1553033
 0185125 1947919 2347934 3539080 0020792 0205396 0040541 1548006 0013175 0220825 1261322 0678800
 2347379
 0439267 0332173 0439228 0439505 1553033 0369773 2603361

 0004083 0439849 0596306 0699792 0010762 1149063 1514873 0366686 0035647
 0777169 0025141 2347469 0205090 0684010 2603358 0331964 0597277 1708601 0043016 0369773 2603361

 0026376 0010819 0005532 1521991 3538926
 0034037 0027976 0205314
 2347469 0332583
 0205090 0684010 2603358


 0002778 0936012 1524024 0022877 3244292 0024763 0175674 1283195 0017428 2338314 0205549 2348044 0449468 0560268 1690016
 0475311 0027976 1879958
 0369773 2603361
 2347469

 1883220 0010762 1149063 0005477 0015219 0683140 0013227 0025519 0025520 1254351


 0439086 2827736 2981702 0025141 1441583 0205090 0684010 2603358
 2603360
 0282443 1552617 0017262 0017337 0185117 0040541 0185125 1548006

 3642273
 0238198 2931518 2603360


 0040539 0600688 0030664 0205469 0677042 0023175 1442948 1522538 2348269 3275067 0027651
 0040833 1521798
 3642273
 0450348 0025141 2347469 0439267 2603360

 0017431 0796518 1261253 0001068 0001390 0369718 0441922 1553036 0032529 1882417 0016470 1548335 0002111 0016452 0020517 0489531 1314973 3539909

 0450388 0887950

 0016327 0439133 1553038 0439267
 0033727 0369286 0441932 0564385

 1527178 1874451 3538926

 1551730
 0205090 0684010 2603358 2347294 0238749 0597277 1708601
 0443021 0597277 1708601


 0042333 0205419 0020517 0520946 0443286 1114821
 0777169 0025141 1553033 0597277 1708601

 0376658 0752046 0028630 0032529 0037179 0087136 0205171 1336799 0017337 1417145


 0325074
 0025141 0205090 0684010 2603358


 0010762 0014442 0014445
 0040833 1521798
 3642273
 0025141 0021966 0221138 0439394 1706495 3642217 0206461 0369637 0441923
 0016327 0439133 1553038 0369637 0441923

 0017256 1705759 1517480 1521871 1708726 0015127 1524003 0025519 0025520 0011082
 1418943

 0268596 2700624
 3642273
 0041703
 0439083 0439087 0000857 0600678 1552863 0369637 0441923
 0033727 0369286 0441932 0564385 2603360 0369637 0441923

 0678951 0032529 1882417 0200638 0332281 0750879 0014467 0750480 1705566 0020846 0021027 1621846
 1315013
 1417055
 0002111 0020517 0489531 1314973 3539909 0025141 0205090 0684010 2603358

 0021966 0221138
 0439267

 1527178 1874451 3538926
 0282448
 0041740
 0369773 2603361 0861352 0369773 2603361
 2347469 2603362
 2603362


 1880371 1880022

 0325074
 0025141 0443021 0021966 0221138 0035853

 0024779 1706473 0003595 0523511 1412481
 0887950 0025141 1553033 0439267
 0443030 1553033 1553033 1551087

 0004083 0439849 0596306 0699792 0019780 0062866 0020517 0520946
 0777169 0025141 0369718 0441922 1553036
 1553033

 0016327 0439133 1553038

 0678951 0032529 1882417 0032659 1257890 1880022 0002085 0439603 0015219
 0031325 0025141


 0031325 1138555 1882354 2347946
 1315013
 0325074
 0025141
 1979971



 0777169 0025141
 0205090 0684010 2603358

 0010762 1149063 0010798 0534137 1325304 0021228
 0230467 0741204


 0025141
 0016327 0439133 1553038
 1553033


 1709016 0040541 1548006
 0027960 0324740 0439189 1456781 1824986

 0025141 0439267
 0439267
 0021966 0221138

 1136394 0871935 0518609
 3639709
 0040541 0600688 1847320

 0562547 3160718 2347469
 0597277 1708601 0369637 0441923

 1136395


 0025141

 0439267

 0021966 0221138

 0237607 3245512 0185125

 3642273
 0562547 3160718 2347469
 0597277 1708601

 0728866 0041755 0001688 0879626


 0025141
 0369637 0441923
 0369637 0441923
 0597277 1708601 0033727 0369286 0441932 0564385 2603360 0597277 1708601 0402830 0597277 1708601

 0042333 0205419 0012655 0220898 1264642 1547045

 0325074
 0025141 0035853


 0002085 0002395 0012634

 2347961

 0025141 0035853


 0031325 0237607 3245512
 0349590 1262865 0025141 0035853


 0031325 0013185 0683966 0021267

 2347961

 2827734 2981698 0025141 2603360
 0033727 0369286 0441932 0564385
 0369718 0441922 1553036

 1138555 1882354 0851285 1327622 0037080 0013227 0014442 0014445 1254351


 0439086 2827736 2981702 0025141 0205090 0684010 2603358 2603362

 0439394 1706495 3642217
 0439267 0452259
 2347469



 0024779 1706473 0332256 2700400 0752046 0028630 0032529 0037179 0087136 0205171
 0349590 1262865 0025141 0205090 0684010 2603358
 0369637 0441923



 0015576 1704727

 2347379
 0025141 2603360

 1832728 2608079 0036667 0312418 0427965 1511883 1522640 2346484 2349185 0035647 0030705 0023977 0039798 0087111 1522326 1533734 1705169 3538994 0443252
 0005767 0005768 0229664 0205090 0684010 2603358 0079382 2603362
 0033727 0369286 0441932 0564385

 1136394 0920472 1880355 0683887 0039421 0018896 1552861 0013227

 2347961
 0180459 1556138 1705229 2348299
 2827734 2981698 0025141 0325001
 0205090 0684010 2603358 0554249 0439267 0554249 0205090 0684010 2603358
 0439394 1706495 3642217

 0036397 0013227 0025118 0016884 0031325
 1704648


 2347469
 0369773 2603361 1444775 1539835
 0439267
 0205090 0684010 2603358 0369773 2603361 0369637 0441923
 0021966 0221138

 0004083 0439849 0596306 0699792 0678951 0032529

 3538722

 0025141