 0597360 0017262 0185117 0392756 0547047 1327616 1819802 0036536 0036537 0038817 0376223 0205090 0684010 2603358
 0023493 1961099 1704729 0035172 0021622 1272753 0002395 1521724 0012634 0006104 1269537 0587487 1704729 0557806 0582175 0041740 1551442 3245499 0027976 0205314 0027976 0205314 0034036 0034037 1514756 1704324 0450348 0348078 0376315 1515981 1522492 1527075
 0520510 0557061 2584313 1514811 1706462 0011560 1705760 0333562
 0039869 1883351 0085151 3538722 0033665 1456454 0002716 0011560 0033684 0205431 0611285 1709634 1167250 0336849 0151718 0333668 0392756 0547047 0220781 0439634 1522492
 1612060 1421546 0023884 0597357 0736268 1278929 2346688 0032214 0600138 0035820 1705810 0017337 0243148 1550141 1882979 2587213 3274648 2246761 0486616 1555710 0927232 1269563 0027882 0027763 0422837 1269560 0007634 0027769 0205099 0449913 0599851 1553451 1704459 1879652 3282337
 1547282 0039798 0087111 1522326 1533734 1705169 3538994 1612060 0220781 0439634 1522492
 1514758 1879547 1612060 0242738 1148932 1148923 0205217 0243122 0441889 0442805 0450240 0596902 1145667 1167622 1706210 1412058 0038233 1419846 0075202 0599871 0017262 0185117
 0185117 1708698 0205216 0392756 0442797 0010813 0596311 1330957 1514468 1704444 0030956 0392756 0010813 0596311 1330957
 1280500 0033666 1709694 0085151 3538722 1456454 0332291 0007634 0023779 0085862 0178539 1299583
 1612060 1421546 0023884 0597357 0736268 1278929 2346688 0392747 0443172 0086739 1280500 1705535 0449445
 0520510 0557061 2584313 1514811 1706462 0011560 1705760 0333562
 0079411 3146294 0597304 0010813 0596311 1330957 0085151 3538722 1456454 0033665 0002716 0011560 0033684 0611285 1709634 0171484
 0171484 0085151 3538722 1456454 0033665 0002716 0011560 0033684 0611285 1709634 1707271 0205088 0332255 1705314 1705315 1708096 0025255 0332297 0596901 1145667 1167622 1689898 1706182 2349209
 0171484 0086597 0010813 0596311 1330957 0030956 0282443 1552617 0042789 1947903 0140145 1332102 1425988 0740116 2827735 2981700
 0597304 0010813 0596311 1330957 0171484 0332282 0220781 0439634 1522492
 0443058 0439086 2827736 2981702 1441414 1553874 1578820 0597304 0010813 0596311 1330957 0171484 0007603 0858034 0008377 0025255 0032105 0302908 0596901 0699759 1304698 1546699 1550098 1561501 1705176 1705178 1706182 1709305 2745955 1880389 1883221 3541951 0205309 0336849
 1527178 1874451 0037088 0243095 2825141 0151718 0333668 0039798 0087111 1522326 1533734 1705169 3538994 0392756 0547047 0220781 0439634 1522492 0522501 0220781 0439634 1522492
 0872078 0171484 0008377 0150312 0699759 0439084 0728893
 2244223 2262744 0019868 0242210 0332298 2246292 0040648 0040649 1521761 2827422 0008377 1704259 1705987 0596562 1612060 1421546 0023884 0597357 0736268 1278929 1515981 2346688 0069838 0206588 0521447 0597357 0205263 0337088 0542351 0007634 0023779 0178539 1314939 0005528 1317949 3495449
 0348078 0376315 0006104 1269537
 1612060 1421546 0023884 0597357 0736268 1278929 2346688 0006104 1269537 0150312 0449450 0027836 0007634 3282337
 0947630 1547282 0035820 1705810 0006104 0678594 1269537 0232741 0920644 0031843 0542341 0700205 1705273 0007637 0230704 1512693 0000768 0000769 0185003 1521802
 0030664 0205469 0677042 1705242 1612060 1421546 0023884 0597357 0736268 1278929 2346688 0035820 1705810 0242656 0750729
 1521840 2986546 0242738 1148932 1148923 0243122 0450240 0596902 1145667 1167622 1706210 1412058
 1412058 0567416 0019247 0086597 2247163 0008377 0332257 0085201 0003592 0003591 0021966 0221138 0003595 0523511 1412481 0150312 0449450
 0039798 0087111 1522326 1533734 1705169 3538994 0243192 2987634 1612060 1612060 1421546 0597360 0023884 0185117 0205217 0442805 0597357 0736268 1278929 2346688 1274040 1546471 2825142 1521840 2986546 0017337 1412058 1514758 1879547 1612060 0205263
 0302523 0700325 3244290 1708698 1883351 1514758 1879547 0027882 0205263 1412058 0332294 2246761 0008377 0678226 0036536 0036537
 0520510 0520510 0557061 2584313 1514811 1706462 0007634 3282337 1552738
 0007634 3282337 0009458 0325564 0392747 0439536 1551720 1705217 3244283 0007452 0015965 0229671 0521457 1140701 1546774 1550100 0242295 1947943 2348609 0021178
 0034760 0040284
 0040704 0205374 0040669 1312445 0253711 0884358
 0020339 0869011 1719918
 0281666 0022265 0109872 0040845 0001128 0202406 1504308 0043194 0258432 1421478 0085201 0003592 0003591 0021966 0221138 0043194 0258432 1421478 0597298
 0007634 3282337 0006353 0024348 0041175 0077281 0814229 1882074 0020283 0450407 0450408 0450409 0037494 1959973 0146951 0133689 0242759 0068941 0068940 0439509 0013618 0033607 3536890 0030946 0439962 1947941 1999216 0242295 1947943 2348609 0681834 0036397 0185125
 1881488 1516695 1516698 1415347 1823107 0524983 0007634 3282337 0702093
 1881488 0600209 0013862 0071500 0596607 0025255 0348011 0369637 0441923 0600190
 0312586 0003242 0003241 0021027 0172493 0869011
 0369998 0003250 0003242 1718641 0001271 0003241 0021027 0869011 1719918
 0312586 1624602 0034493 0442818
 0085151 3538722 1456454 0033665 0002716 0011560 0033684 0611285 1709634 0003250 0003241 0021027 0442726 0746619 1511790
 1511790 1514758 1879547 1612060 0007634 3282337 0205435 1279901 0205263 0033727 0369286 0441932 0564385 0011155 0023820 0229671 1546774 1550100 1636779
 0007634 3282337 1883708 0009458 0439536 0443224 1439852 1705217 2827486 3244283 0033727 0369286 0441932 0564385 0242485
 0681814 0040669 0033727 0369286 0441932 0564385 0007634 3282337 1439852 0011155 0023820 0229671 1546774 1550100 1636779 0003591 0033727 0369286 0441932 0564385 0242485
 0087111 0162518 0009458 0439536 1705217 3244283 0020746 1516695 1516698 0439267 0179834 0456692 0702093 0849355 1883720 3244314 0440266
 0021069 0003250 0003241 0021027 0746619 0884358 0036681
 1883708 0006353 0185115 0370003 2347026 3541890 0053809 0017243 0041175 0077281 0556985 0814229 1382104 1979893 2247301 3540495
 0033684 1883708 0071710 0025255 0348011 0596901 1706182 0003250 0003241 0021027 0746619 0242301 1546559
 0020985 1524063 0449913 1553451 1704459 0441633 1709793 0596957
 1709793 0884358 1524063 0680536 3272563 0014441
 0681814 0884358 1552738
 0007634 3282337 2348025 0439526 1708632 1442460 0008377 0005526 0036397 0376558 0332256 2700400 0010558 0008377 1301862 0702093 2827734 2981698
 0441648 0007634 3282337 0036774 0036773 0728877 1883708 0681814 1273517
 0007634 3282337 1300565 1998793 0085201 0003592 0003591 0021966 0221138 0011155 0023820 0229671 1546774 1550100 1636779 0009458 0439536 1705217 3244283 1516695 1516698 0439267 0179834 0456692 0702093 0849355 1883720 3244314 0440266 1261104 2699192 0427896 0444626 1378554 1533132 2699477
 0007634 3282337 0037517 0597484 0024348 0037473 0220853 0369637 0441923 0034553 0036406 0302908 0678573 1304698 1546699 1561501 0750480 1705566
 0034553 0439165 1549488 1561533 0080103 0205345 1547039 0034553 0007634 3282337 0009458 0439536 1705217 3244283
 0237881 1709380 0750502 0441833 0687744 1257890 1552516 1552839 1705428 1705429 0456984 0024914 0557061 2584313 1514811 1706462 1883351 0220825 1280500 0033666 1709694 0085151 3538722 1456454 0557351 0007634 3282337 0086418 0332256 2700400 0026882 1705285 0442805 0220781 0439634 1522492 0026882 1705285
 0007634 3282337 0332293 3494280 1612060 0023884 0178602 0442808 0597357 0736268 1278929 1421546 1522326 1883254 2346688 0036536 0036537 0021069 0444706 3541902 0005863 0450344 1553633
 0443289 0392756 0547047
 1265611 3538722 0009458 0150312 0332285 0439536 1705217 3244283 1518422 1612060 1421546 0001554 0023884 0392747 0443172 0597357 0736268 1278929 1533734 2346688 1518422 1547282
 1612060 1421546 0023884 0597357 0736268 1278929 2346688 0079613 0439855 1704241 0140283 0140278 1421546 0035339 0597357 3536891 0871261 1704632 1706817 2911692 1612060 0140283 1421546 0140278 0035339 0205217 0392148 0442805 0597357 3536891 0281666 0022265 0109872 0040845 0001128 0202406 1504308
 0007634 3282337 0332293 1522326 0281666 0022265 0109872 0040845 0001128 0202406 1504308 0301630 0392756 0441610 0243148 1550141 1882979 2587213 3274648 0450345
 0220781 0439634 1522492 0392756 0007634 3282337 0332293 1612060 1421546 0023884 0205296 0597357 0736268 1278929 1522326 2346688 0008377 0281666 0022265 0109872 0040845 0001128 0202406 1504308
 1514758 1879547 0205216 0392756 0442797 0036536 0036537 0085151 3538722 0033665 1456454 0002716 0011560 0033684 0205227 0205431 0611285 1709634 0007634 3282337 1511726 3245479 1518422 1547282 1280500 0851827 1701901 3244310
 0449911 0333052 2607870 0557702 1272706 1704674 0557702 1272706 1704674 0349966 1337208
 2827734 2981698
 1514758 1879547 1612060 1327616 0036536 0036537
 0007634 3282337 1612060 0332293 1421546 0023884 0597357 0736268 1278929 1522326 2346688 0020339 0868928 1515981 1533148 0140283 0140278 0281666 0022265 0109872 0040845 0001128 0202406 1504308
 1327616 0442726 1511790 0009458 0150312 0332285 0439536 1705217 3244283 0020985
 0428479 0441889 1881488 0007634 0020985 0444706 1269647 1704653 1948049 3541902
 0949466 0441633 1709793
 0681493 1547282 1548228 1274040 1546471 2825142 1704970 0681814
 0007634 3282337 0332293 0442808 1265611 1522326
 2347469 0007634 3282337 0332293 0040669 0562577 1522326 0243148 1550141 1882979 2587213 3274648 0281666 0022265 0109872 0040845 0001128 0202406 1504308
 0007634 3282337 0332293 0040669 0562577 1522326 0369637 0439084 0441923 0728893 0020339 0281666 0022265 0109872 0040845 0001128 0202406 1504308
 0369773 2603361 0243148 1550141 1707455 1882979 2587213 3274648
 0369773 2603361 0243148 1550141 1707455 1882979 2587213 3274648
 0348078 0376315 1327616 1705242
 0002520 1705920 0002520 0026193 0205165 0348078 0376315 1522492
 0205431 0014239 0035295 0018042 0007603 0025255 0032105 0596901 1550098 1706182 1881534 1185625 1382196 0018042
 0242485 0007634 0009458 0348078 0376315 0439536 1522492 1705217 3244283 3282337 0014441 2717977 0005507 0014442 0021075 0243073 1510438 1517892 1704666 0443289 1514758 1879547 0281666 0022265 0109872 0040845 0001128 0202406 1504308 0205216 0392756 0442797 0036536 0036537 0205172 1881878 0392756 0349966 1337208
 0086045 1446561 0009458 0150312 0332285 0439536 1705217 3244283 0332462 1880834 0392756 0547047 0349966 1337208
 2827734 2981698 0558058 0301630 0392756 0441610
 0449911 0333052 2607870 0557702 1272706 1704674 0557702 1272706 1704674 0349966 1337208
 0740116 2827735 2981700
 1514758 1879547 0009458 0150312 0332285 0439536 1705217 3244283 0014441 2717977 0005507 0014442 0021075 0243073 1510438 1517892 1704666
 0007634 3282337 0332293 1522326 1552738 2729544 0349966 1337208
 0450345
 0243148 1550141 1882979 2587213 3274648
 0332293 0369637 0441923 1522326 0281666 0022265 0109872 0040845 0001128 0202406 1504308
 1511726 3245479 1704970 1882115 0243148 1522609 1550141 1882979 2587213 3274648 0243148 1522609 1550141 1882979 2587213 3274648 2827734 2981698 0369718 0441922 1553036
 0369773 2603361 0243148 1550141 1707455 1882979 2587213 3274648
 0369773 2603361 0243148 1550141 1707455 1882979 2587213 3274648
 0007634 3282337 0140283 0332293 1612060 1421546 0140278 0023884 0035339 0597357 0736268 1278929 1522326 2346688 3536891 0281666 0022265 0109872 0040845 0001128 0202406 1504308 1547282 0205263 0857127
 1883351 0205263 0857127 1273518 0007634 3282337 1412058 1439852 0085201 0003592 0003591 0021966 0221138
 0040669 0916204 0428479 0033684 0441889 1412058 0140283 1612060 1421546 0140278 0023884 0035339 0205263 0597357 0736268 1278929 2346688 3536891
 0185117 0205216 0392756 0442797 1327111 0597295 1523936 0220781 0439634 1522492 0450365 1706097
 1280500 2348382 0085201 0003592 0000901 0003591 0021966 0221138 0521119 1441672 1883712 0205171 1720467 0392756 0547047 0085201 0003592 0003591 0021966 0221138 0009458 0439536 1524062 1705217 3244283 0450365 1706097
 0201950 0242485 1547282 0700321 0442805 0201950 0543421 1442946 0007634 0008377 0178539 0439175 0439810 2827734 2981698 0185117 1412058 1883712
 0442805 0369610 0007634 0008405 0023779 0178539 0439175 0439810 1708632 2827734 2981698
 0185117 0205171 0439044 0679994 1518422 0442805 0008377 2247163 1707455 0243148 1550141 1882979 2587213 3274648
 0444706 3541902 0577559 1306372 3152252
 1517586 0012634 0348080 1705253 0008387 0014898 0185117 1412058
 0449911 0333052 2607870 0557702 1272706 1704674 0557702 1272706 1704674 0349966 1337208
 0439086 2827736 2981702
 1514559 0018790 0237477 0392351 0521111 0036536 0036537
 0916204 0033684 1514758 1879547 1612060 0441833 1999270 3537156 0040669 0441833 1999270 3537156 1547282 3244092 0185117 0441889 0080103 0205345 1547039
 2347469 0030956 0009458 0150312 0332285 0439536 1705217 3244283 0021069 0020985
 0085151 3538722 1456454 0033665 0002716 0011560 0033684 0611285 1709634 3538722 1881488 0007634 0020985 1269647 1704653 1948049
 0681493 1547282 1511726 3245479 0681814
 0369773 2603361 0243148 0562577 1550141 1707455 1882979 2587213 3274648
 2347469 0007634 3282337 0032136 0243148 0562577 1550141 1882979 2587213 3274648 0006556
 0085201 0003592 0021966 0221138 0444953 0033727 0369286 0441932 0564385 1524062 1444656
 0007634 3282337 0086022 0442335 1705099 1880497 0243148 1550141 1882979 2587213 3274648 0006556 1412058 1148923 0243122 0450240 1145667 1167622 1706210 0026882 1705285
 0003591 1524062
 0085201 0003592 0003591 0021966 0221138 1524062
 0243148 1550141 1882979 2587213 3274648 1280500 0185117 0445356 1704623 0007634 3282337 0596988
 0596988 0205170 3146287 0205254 0023779 0238767 1706086 2247769 2247768 0243122 1145667 1167622
 0441889 2348205 0596988 0231175 1883351 0392747 1327616 0036536 0036537 0450366 1280500 1152949 0205177 0439167 0439849 0441655 0445223 0596902 1561536 1518422
 0003595 0523511 1412481 0003592 0003591 0597298 0332281 0648082 0035647 0205217 0442805 0332128 1280500 0220781 0439634 1522492
 0185117 1883712 0003595 0523511 1412481 0392756 0439808 0547047 1274040 1546471 2825142 0220781 0439634 1522492 0349966 1337208
 1280500 2348382 0596130 0205171 0439044 0679994
 1883712 0700321 1274040 1546471 2825142 0392756 0547047 0052199 0052201 2984964 1518422 0301630 0441610
 1883712 0185117 1518422 0001721 0036536 0036537 1518422 1547282
 0449911 0333052 2607870 0557702 1272706 1704674 0557702 1272706 1704674 0349966 1337208

 1280500 2348382 0036536 0036537
 0007634 3282337 0086022 0442335 1705099 1880497 0243148 1550141 1882979 2587213 3274648 0086022 0442335 1705099 0597298 0444953 0033727 0369286 0441932 0564385 0681814 1524062 1706386
 1511726 3245479 1704970 0681814 0205173 3539942 0004927 0205174
 0369773 2603361 0562577 1707455
 0369773 2603361 1412058 1707455 0003591
 0597304 0010813 0596311 1330957 0079411 1514873 3146294
 0205117 0332282 1883708 0206243 0699809 0439787 0849355 0205549 2348044 1261552 1704379 1705117 2825408 0392760 1314939 1412058 1514559
 1883351 0079809 0242485 0010813 0596311 1330957 0301871 0010813 0596311 1330957 1514468 1704444 1881488
 0392756 0547047 0007634 3282337 1412058 0243148 0562577 1550141 1707455 1882979 2587213 3274648 1553637
 0171484 0086597 1261552 1704379 1705117 2825408 0079411 3146294 2827734 2981698
 1883351 1516048 1280500 0085151 3538722 1456454 0033665 0002716 0011560 0033684 0611285 1709634 0007634 3282337 2827421 1547699 2700640 1335533 0332255 0486805 0332256 2700400 0037293 0181496 1710492
 0185117 0150312 1883351 0392756 0547047 0010813 0596311 1330957 1709694
 1883712 1518422 1999230 0392756 0547047 1518422 1547282
 0449911 0333052 2607870 0557702 1272706 1704674 0557702 1272706 1704674 0349966 1337208
 0439084 0728893
 0010813 0596311 1330957 0010813 0596311 1330957 0085151 3538722 1456454 0033665 0002716 0011560 0033684 0611285 1709634
 0007634 3282337 0086022 0442335 1705099 1880497 0006556
 1881488 0007634 0021069 0442726 1269647 1511790 1704653 1948049 0332283 0020985
 0085151 3538722 1456454 0033665 0002716 0011560 0033684 0611285 1709634 0441889 0456079 1547707 2946261 1881488 0007634 0020985 0444706 1269647 1704653 1948049 3541902
 1511726 3245479 1704970 0681814
 0369773 2603361 0562577 1707455 0562577
 2347469 0007634 3282337 0086022 0442335 1705099 0332256 2700400 0205171 0439044 0679994
 0442726 1511790 0349966 1337208
 0439086 2827736 2981702
 0021069 0442726 1511790 0003242 0003241 0021027 0005863 0332283 0949466 1705493
 1511726 3245479 0205449 0443299 0681814 1547282 0205173 3539942 0004927
 0369773 2603361 1707455 0205171 0439044 0679994
 1332838 0017337 2246761 0007634 0008377 0178539 1314939 0005528 1317949 3495449 1612060 1421546 0023884 0597357 0736268 1278929 2346688 1515877 1879547 2263126 0596562 0220781 1883254
 1612060 1421546 0023884 0597357 0736268 1278929 2346688 1521840 2986546 0017337 0439836 0442805 0423896 0456205
 0332185 1547282 0205177 0439167 0441655 1561536 0392756 0547047 1265611 0007603 0025255 0032105 0596901 1550098 1706182
 0348078 0376315 1612060 1421546 0023884 0597357 0736268 1278929 2346688 1521840 2986546 0243102 1264638 1547012 0205177 0439167 0441655 1561536 1280500
 1524063 0003241 0021027 0348078 0376315 1522492 1547282 0039798 0087111 1522326 1533734 1705169 3538994 1612060 0332462 0442805 1880834 1274040 1546471 2825142 0033684 1553638
 0040669 0007634 3282337 0392756 0547047 1274040 1546471 2825142 0036536 0036537 0009458 0439536 1705217 3244283
 0007634 3282337 0683317 0441889 0206243 0699809 0681814 0441994 1548802 2003888 0185117
 1514559 0442805 1274040 1546471 2825142 0220781 0439634 1522492 1518422 1547282 0392756 0547047 1571602 0332281 0010813 0030956 0171484 0392756 0522501 0547047 0596311 1330957 1706089
 0449911 0333052 2607870 0557702 1272706 1704674 0557702 1272706 1704674 0349966 1337208

 1514559 0018790 0237477 0392351 0521111 1327616 0036536 0036537
 0033684 1612060 1421546 1514758 0023884 0597357 0736268 1278929 1515981 1879547 2346688 0005863 1524063 0003241 0021027 0348078 0376315 1419846 1522492 3540808
 2347469 0007634 3282337 0085151 3538722 0033665 1883559 1456454 0002716 0011560 0033684 0332307 0445392 0611285 1547052 1709634 0085151 3538722 0033665 1171362 1456454 0002716 0011560 0033684 0611285 1709634
 0036536 0036537 0033727 0369286 0441932 0444706 0564385 3541902
 1511726 3245479 0205449 0443299 0681814 1547282 0205173 3539942 0004927
 0369773 2603361 0085151 3538722 0033665 1456454 0002716 0011560 0033684 0611285 1707455 1709634 0205171 0439044 0679994
 0449911 0333052 2607870 0557702 1272706 1704674 0557702 1272706 1704674 0349966 1337208

 1514559 0018790 0237477 0392351 0521111 1159339 0036536 0036537
 0007634 3282337 0085151 3538722 0033665 1456454 0002716 0011560 0033684 0611285 1709634 1883559 0332307 0445392 1547052 0085151 3538722 0033665 1456454 0002716 0011560 0033684 0611285 1709634
 2347469 0007634 3282337
 0036536 0036537 0033727 0369286 0441932 0444706 0564385 3541902
 0369773 2603361 1707455 0205171 0439044 0679994
 0520510 0557061 2584313 1514811 1706462 1512612 0392747 0443172 0033666 1709694 0085151 3538722 1456454 0004268 0450348
 0151718 0333668 0039798 0087111 1522326 1527178 1533734 1705169 1705938 3538994 0010558 0360714 1167250 0336849 0597304 0010813 0596311 1330957 0010813 0596311 1330957 0332152 1522538 1883351 0036536 0036537
 0681841 0205216 0392756 0442797 0085151 3538722 0033665 0599895 1159772 1456454 0002716 0011560 0033684 0599896 0611285 1709634 1880389 1883221 3541951 0014442 2982691 0450348
 1979874 0185117 1441672 1883351 0392756 0547047 1327616 0036536 0036537 1518422 0010813 0392747 0443172 0596311 1330957 0086597 0127400 0449719 1709471 0010813 0596311 1330957 0030956 1707271 0085151 3538722 1456454 0033665 0002716 0011560 0033684 0611285 1709634
 1274040 1546471 2825142 1705535 0040715 2987521 0010813 0023175 0171484 0181586 0392756 0547047 0596311 1330957 1442948 1522538 2348269 3275067
 1705535 0596897 0205177 0439167 0441655 1561536 0392747 0599896 0010813 0596311 1330957 2945843 1882932 0441712 1706376 1517892 1704666 0541642 1515926 0033268
 0947630 0237913 0022885 0039593 0392366 1512571 1514758 1879547 1612060 0442805 0392756 0547047 0079411 3146294
 1612060 0205216 0392756 0442797 0220781 0439634 1522492 0349966 1337208 1883712 0003595 0205449 0523511 0597298 1412481 1552551 3272371 0026193 0205165 0205171 0392747 0443172 1517331 1720467 0349966
 1519269 1280500 0185117 0439849 0445223 1412058 0596988 0231175 1883351 0392756 0547047 0220781 0439634 1522492 0450366
 2607943 2926606 3539655 0392756 0547047 0007634 0178539 0205102 0205177 0439167 0439674 0439849 0441655 0445223 1412058 1561536
 1412058 0023767 0023779 0079613 0582119 0007603 0025255 0032105 0596901 1550098 1706182 0015127 1314792 1524003 0007603 1260954 0025255 0032105 0332437 0392747 0443172 0543482 0596901 0700329 0700619 1550098 1705241 1706182
 0332185 1547282 0185117 0442805 1880389 1883221 3541951 0332620 1167331 0025255 0205101 0596901 1706182 0000901
 0205216 0392756 0442797 0220781 0439634 1522492 0008377 0025255 0205263 0332620 0596901 1274040 1412058 1546471 1706182 2825142 0007603 0025255 0032105 0596901 1550098 1706182 0018042 1185625 1382196
 2247790 0040715 2987521 0001721 0029237 0029246 0220885 1300196 1522486 0750558 1710571 0544958 0541642 1515926 1551359 2607943 2741673 2926606 2981730 3539655
 1412058 0700364 1883351 0392752 1883351 0205263 2246761 0185117 1518422 0392747 0520511 1704711 1265611 0007634 3282337 1979874 0205177 0439167 0441655 1561536 0392756 0547047 0017446 0205147 0085151 3538722 0368670 0033665 0332281 0597304 1456454 0002716 0010813 0011560 0033684 0205217 0442805 0596311 0611285 1330957 1709634 2348205 0428479 0033684 0392747 0441889 0443172 1705241 0007634 3282337 0750558 1710571 1292711 1268123 0023884 0205164 0449719 0597357 0736268 1278929 1280500 1551359 1709471 2346688 2348382 2741673 2981730 1421546 1612060
 1412058 0185117 0332281 0010813 0171484 0392756 0547047 0596311 1330957 1707271 0002520 0085151 3538722 1456454 0033665 0002716 0011560 0033684 0611285 1709634
 0868928 1706255 1706256 1412058 0205216 0392756 0442797 0010813 0596311 1330957 1553637 0392756 0547047 0205171 1720467 0450365 1706097
 1705535 0010813 0596311 1330957 0012634 0348080 1705253 1261552 1704379 1705117 2825408 0036536 0036537
 2607943 2926606 3539655 1705535 0014442 0332324 0439822 1550474 2362652 0558058 0171484 0086597 0597304 0010813 0596311 1330957
 0541642 1515926 2247790 0023779 0040715 2987521 0015127 1524003 0423896 0456205 0023175 0171484 0205177 0392756 0439167 0441655 0547047 1442948 1522538 1561536 2348269 3275067
 0205177 0439167 0441655 1561536 0205197 1518422 0162340 2827734 2981698 0684224 0700287 1705535 0220781 0439634 1522492 1185625 1382196 1709305 2745955 0171484 0332257 0872078 1547282 1883351 0150312 0449450 0450355
 0459471 3173575 1621983 0205263 0857127 0007634 0178539 0392747 1274040 1546471 2825142 0085151 3538722 0033665 0599895 1159772 1456454 0002716 0011560 0033684 0599896 0611285 1709634 1707271 0033621 1168438 1335533 1418943 3540567 0205088 0332255 1705314 1705315 1708096 1999230 1710236
 0037088 0243095 2825141 0151718 0333668 0023175 0181586 1442948 1522538 2348269 3275067 1883351 0036536 0036537 0344349 1512612 0360714 1524063
 0002783 0014507 0947630 1705535 0039798 0087111 1363945 0101466 0332281 0033105 0205216 0220900 0392756 0442797
 0008377 0205276 0220781 1441547 1883254 3245521 0023823 0023820 0032105 0178587 0205251 1299352 1518422 1550098 1550472 0360714 1883351 0150312 0449450 0441889 0392747 0598783 1517898 0023779 0025519 0025520
 0178693 0947630 1547282 0004083 0439849 0596306 0699792 0033105 0220900 0004083 0558058 0814287 0700364 1883351 0868928 1706255 1706256 0005940 0012634 0262950 0391978 1266908 1266909
 0008976 0001792 1999167 0231175 1883351 1547282 2986411
 0021467 0021469 1628982 3463820 0003277 1532411 1658753 0243077 0008380 1420304 1441414 1553874 1578820 1883351 0001721 0085151 3538722 0033665 0033666 1456454 0002716 0011560 0033684 0611285 1709634 1709694
 0008387 0014898 0037628 0039869 1883351 0150312 0449450 0230704 0750558 1710571 1280500 0008387 0014898 0439849 0445223
 0332149 1705910 2362652 0947630 0021467 0021469 1628982 3463820 0008380 1420304 0007634 0023175 0038323 0178539 0181586 0332296 1442948 1522538 1880497 1996904 2348269 3275067 0439836 0014442 0014445 0020364
 0008387 0014898 1518422 0007634 3282337 1265611 0012634 0348080 1705253 0681814 2612890 0008380 1420304 2612891 1151921 0001390 1151895 0050692 0001374 0007634 0008377 0040676 0178539 0205177 0392747 0439167 0441655 0443172 1561536 1705241 0750558 1710571 1551359 2607943 2741673 2926606 2981730 3539655
 2607943 2926606 3539655 0684224 0700287 3273238 1705535 0004153 0039798 0087111 1522326 1533734 1705169 3538994 2348767 1280519 1707887
 1280500 2348382
 0039869 1883351 0027882 1327616 0348078 0376315 0333463 2936349 0002716 0011560 0150312 0611285 0740116 2827735 2981700
 0332298 2587213 0036536 0036537
 1274040 1546471 2825142 0684224 0700287 3273238 0442805 0442739 1548568 0392747 0443172 1705241 0007634 0150312 3282337 0332293 1522326 0281666 0022265 0109872 0040845 0001128 0202406 1504308
 0392360 1518422 2963144
 2607943 2926606 3539655 0684224 0700287 3273238 3641827 0700364 0030351 1547566 0043194 0258432 0282443 1421478 1552617
 1274040 1546471 2825142 0231448 0439792 0947630 1412058 0185117 0392756 0547047 0220781 0439634 1522492 1280500 0023779 1441672 0007634 3282337 0010813 0596311 1330957
 0449445 0021467 0021469 1628982 3463820 1514758 1879547 1612060 1947931 0017337 0443264 0486616 1555710 0007603 0006104 0678594
 0030705 0039292 1412058 1518422 0011265 0205252 0497327 0684224 0700287 3496591 1705535 1412058 1518422 0035820 1705810
 1518422 0805874 0870077 1446409 0439787 0849355 0185117 0035820 1705810 0004153 1272751 2828361 0439509
 2825232 0043227 0027468 0018173 0018684 0021622 1521721 3245503 0232024 1074110 1955974 0027468 0597277 1708601
 0010186 0220812 0449719 1709471 0220808 0680264 0007961
 1706852 0522501 1706089 0949214
 0205155 1293097 1522472 1552923 1705191
 0684017
 0282413 0376649 1442065
 0254343 0796520 3272379

 0085205 1549619 1880669
 0013849 1705961 0024492 1538057 1547565 0059804 1335209 1412562 1551442 3245499 0000723 1273517 0002716 0011560 0030956 0611285
 0002395 1521724 0012634
 0085151 3538722 1456454 0033665 0002716 0011560 0033684 0611285 1709634 0085151 3538722 1456454 0033665 0002716 0011560 0033684 0611285 1709634
 1612060 1421546 0023884 0597357 0736268 1278929 2346688 1612060 1421546 0023884 0597357 0736268 1278929 2346688
 1412058 0242738 1148932 1148923 0243122 0450240 0596902 1145667 1167622 1706210
 0003591
 0038233 1419846 0075202 0599871
 0140283 0140278 1421546 0035339 0597357 3536891 0140283 0140278 1421546 0035339 0597357 3536891
 1707271 0033621 1168438 1335533 1418943 3540567 0205088 0332255 1705314 1705315 1708096
 0281666 0022265 0109872 0040845 0001128 0202406 1504308 0109872 0001128 0202406

 0009458 0325564 0392747 0439536 1551720 1705217 3244283

 0038817 0376223


 0205090 0684010 2603358
 0023493 1961099 1511726 3245479
 2986676 0031831 1707664 2348314 3540849
 2347469
 2827421 0031831 1707664 2348314 3540849
 0439267

 1514811 1706462 0520510 0557061 2584313 1514811 1706462
 0369773 2603361 0369637 0441923
 2603362
 0036397

 0036397 0443058 0597277 1708601 0205090 0684010 2603358

 1315013

 0443058 0369773 2603361 2347469 0597277 1708601
 0439267 0443058 0597277 1708601
 1418943

 0268596 2700624
 3642273

 2603362

 1418270 2983549
 2603360 0021966 0221138
 0033727 0369286 0441932 0564385
 0369718 0441922 1553036
 0369637 0441923


 0025141

 0439394 1706495 3642217 0678579 0369637 0441923
 2603362

 1315013

 0023493 1961099
 0205090 0684010 2603358 0369773 2603361 0337841


 0025141 0439394 1706495 3642217 0439267
 0597277 1708601
 1418943

 0268596 2700624
 3642273

 2603362

 0369773 2603361 0337841 0369718 0441922 1553036 0023493 1961099
 0205090 0684010 2603358


 0201682

 2603360
 2603362

 2347469
 2603360
 0439267 2603360

 0369773 2603361 0369718 0441922 1553036
 0402217 0033727 0369286 0441932 0564385
 2347469 1708595 3280986


 2347379

 0025141 0597277 1708601
 3476816 0369637 0441923


 0439267 0006736 2603360
 0369637 0441923
 2603360
 0597277 1708601
 0439267
 2603362

 0027960 0324740 0439189 1456781 1824986

 0439267
 2347469 0205090 0684010 2603358 2347469 2603362
 2603362


 0201682
 0038817 0376223 1324275 0337841
 0369773 2603361 0037125 0947651 1305285 1318876
 1553033 0016327 0439133 1553038
 0205090 0684010 2603358 0023493 1961099
 0205090 0684010 2603358


 0201682
 1553033
 0759909 1135895 0369773 2603361 0439394 1706495 3642217



 2827734 2981698 0025141
 2347469




 0325074

 0025141 2603360 2603362
 2347469 0369773 2603361
 0020789 0063555 2275731 0369718 0441922 1553036 0331964 0439267
 0444649

 0439267 0597277 1708601 0597277 1708601

 0025141
 0369773 2603361 0439267
 0597277 1708601 2347469 0439267 0016327 0439133 1553038 2603362
 0369773 2603361 0033727 0369286 0441932 0564385
 1418943

 0268596 2700624
 3642273

 2603362

 0369718 0441922 1553036 0037125 0947651 1305285 1318876
 1553033 0023493 1961099
 0205090 0684010 2603358


 0201682

 0033727 0369286 0441932 0564385


 0369773 2603361
 0439267
 0035853

 0439394 1706495 3642217 0369637 0441923

 0036397 0025141


 2347469

 2603362
 0033727 0369286 0441932 0564385 0369637 0441923
 0035853

 1418943

 0268596 2700624
 3642273

 2603362

 0439083 0439087 0000857 0600678 1552863
 0439267
 0021966 0221138 2347469 0678579 0369637 0441923

 0439394 1706495 3642217



 0369637 0441923

 2347379
 0439509 2347469
 1418943

 0268596 2700624
 3642273

 2603362

 0439267 0016327 0439133 1553038
 1418943

 0268596 2700624
 3642273

 2603362

 0205090 0684010 2603358 0369773 2603361 1553033 1553033 0443058 0597277 1708601


 1553033 0439114 0369637 0441923
 0016327 0439133 1553038 0016327 0439133 1553038
 0369773 2603361
 0016327 0439133 1553038 0439267


 0740116 2827735 2981700 0025141 0369718 0441922 1553036 0037125 0947651 1305285 1318876
 0369773 2603361 0023493 1961099
 0205090 0684010 2603358


 0201682


 0016327 0439133 1553038

 2347379
 0861352 0439267
 0369773 2603361 0205090 0684010 2603358

 0016327 0439133 1553038


 0201682
 0205090 0684010 2603358
 0439267
 2347469
 0999213 0439267
 2347469
 0033727 0369286 0441932 0564385


 0201682
 1553033 0033727 0369286 0441932 0564385


 2347469 0369773 2603361 0439267
 0439267 0439267
 0230467 0741204

 0033727 0369286 0441932 0564385 0439267
 2603362


 0777169 0025141



 0554210 0439267
 0369637 0441923
 2347469
 2347469
 2603362
 0021966 0221138

 0369773 2603361


 0021966 0221138

 0270811 2347469
 1553033 0205090 0684010 2603358
 0439267
 0777169 0025141 0439394 1706495 3642217 0439267 0439394 1706495 3642217
 0439114 2347469
 2603360 2603360
 0205090 0684010 2603358

 0369637 0441923


 0439086 2827736 2981702 0025141 0439114 0439267 0021966 0221138 0021966 0221138
 1418943

 0268596 2700624
 3642273

 2603362

 0205090 0684010 2603358
 0369773 2603361 0021966 0221138
 0369637 0441923
 0369773 2603361
 0021966 0221138 2347469
 2603362
 2603360
 2603362


 0201682
 0033727 0369286 0441932 0564385 1549988 0369637 0441923
 0369637 0441923
 0439394 1706495 3642217 0439267



 0201682
 0205090 0684010 2603358
 0205090 0684010 2603358 1553033 0439267
 0205090 0684010 2603358 0369718 0441922 1553036 2603362
 0369718 0441922 1553036

 2347469
 2347469 0369637 0441923
 0205090 0684010 2603358

 1315013

