 0162443 0449468 1690016 1705102 2700258 0237753 0449788 0006303 0024432 0162388 0443318 0851827 1701901 3244310 0205099 0282413 0205099 0868928 1706255 1706256 0591239 0016674
 1515258 1705541
 0085205 1549619 1880669
 0013849 1705961 0520510 0557061 2584313 1514811 1706462 0006303 0449411 0450442 1254351 1521826 0043528 0001721 0024660 0332257 0086418
 0205224 0085732 0310255 0205173 0205341 1883725 0441712 0349590 1262865
 0302363 2242472 0006304 0029443 0000781 0006303 0009450 0024432 0026809 0262950 0391978 0591833 1266908 1266909 1281512 1546706 1547282 1550652 2004086 3161035 1264633 1554103 0310255 0024432 0162388 1883351 0205173 0205341 1185625 1883725 2986730 1704259 1705987
 0678723 0870861 1254042 1704675 0332466 1293131 1706214 3244320 1185625 2986730 0871161 1292721
 1706701 0006303 0887888
 0596988 1299582 0443318 2732140 1704675 0699952 1414861 1708111 0162388 0332466 1293131 0024369
 0006303 0024432 0162388 0443318 0851827 1701901 3244310 0014239 0035295 0598268
 1516050 0031843 0542341 0700205 1705273 1180473 0205087 0441471 0678723 0870861 1254042 1514873 3541888
 1705313 0036536 0036537 0599896 0520510 0557061 2584313 1514811 1706462 0004611 1510439 2347473 0679199 0520990 0011142 0441712 1880266 1706214 3244320 1167395
 0024660 0449432 0031307 0162388 0679924 2698884
 1550608 0450254 1704259 1705987 1704970 0282443 1552617 0042789 1947903 1514811 1706462 0441712 0162340
 0439064 0443302 1079230 1515021 1167395 0332257 0004611 1510439 2347473
 1955473 0332257 1552866 2700399 0085472 0001830 0085474 0035475 1424276 1424276
 0740116 2827735 2981700
 0006303 0449411 0450442 1254351 1521826 0043528 0001721 1514721 2348147 3542016 0332257 2936506 0086418 0439086 2827736 2981702
 0006309 0205191 0012634 0206277 1274040 0439086 2827736 2981702
 0006303 0750591 0450254 0310255 0205173 0205341 1883725 1819995 0007634 3282337
 0038952 0220921 0598312 1883725 0042765 0220936 0006303 1521970 1706388 2346469 2348519 0596988 0332452 0439084 0728893
 1167395 0006303 0035287 0040300 0229603 0449913 1553451 1704459 2982691 0310255 0024432 1546706 1550652 1521970 1706388 2346469 2348519 0205224 0243107 0678723 1527148 0008679 0547045
 0441712 0024432 1546706 1550652
 1441414 1553874 1578820 0038952 0220921 0021467 0021469 0332466 1274040 1293131 1546471 1628982 2825142 3463820 0042219 0024369 1515926 0006303 0042219 0332256 0332285 0678723 0870861 1254042 2700400 1704259 1705987
 0349590 1262865 0024432 1546706 1550652 0680243
 1705535 0006303 1167159 0205173 0205341 1883725 1521970 1551391 1184743 1522240 0006303 0021467 0021469 0042219 0332256 0332466 1293131 1628982 2700400 3463820 0024369
 0018873 0007634 3282337 0006304 0000781 0006303 1281512 2004086 0006305 0006303 0309872 0332466 1293131 1704259 1705987 1166848 0034850
 0042219 0205103 1301827 1550465 2827755 1521970 1706388 2346469 2348519 0205173 0205341 1185625 1883725 2986730 0014239 0035295 0392148 1880022 0005516
 0302523 0700325 3244290 0041178 1547282 0428056 0428058 0392148 0014239 0035295 0598268
 1516084 1521761 0006303 0042765 0220936 1314939 0020792 0205396 1708698 1708726 0439084 0728893
 0017446 0205147 1334043 2700640 2981168 0441732 0036536 0036537 0332307 0449913 1547052 1553451 1704459
 0337076 0036536 0036537 0699789 0033684 0004611 0450254 1510439 2347473 3242339 0006017 0006013 0043167 0079488 0085508 0034196 0023238 0023237
 0596988 0439084 0728893 1180473 0449913 1553451 1704459 0443211 1514873 0024501 1264606 0009450 0205322 0439084 0728893
 1708726 0038952 0175996 0178719 0220921 1514873 0024432 1546706 1550652 0018873 0007634 3282337
 0332120 1705535 0449913 1553451 1704459 0332298 1314939 2587213 0678723 0870861 1254042 0029219 0031166 1521846
 1512571 0086597 0282583 0040715 2987521 1819995 0007634 1167395 1269647 1704653 1948049 2603362 0243148 1550141 1882979 2587213 3274648 0006303
 0011008 0205396 1550043 1551388 2348077 0205390 1300072 1306673 0006303 0042219 0332256 0678723 0870861 1254042 2603362 2700400 0332298 2587213 1514893 2699488
 0884358 0002778 0936012 1524024 0024432 1546706 1550652 0349590 1262865 0162340 0005495 0220781 1185625 2986730
 1883712 1517331 1704788 3539106 0035820 1705810 0006303 0042219 0150312 0332256 0332285 0678723 0870861 1254042 2700400 0024432 1546706 1550652
 1274040 1546471 2825142 0443211 0006303 0035820 0042219 0205224 0332256 1705810 2700400 1704675 0014239 0035295 0598268 0038952 0220921
 0520510 0520510 0557061 2584313 1514811 1706462 0080194 0456178
 0080194 0456178 0869040 0557651 1273517 2603343 0000781 0080194 0205357 0456178 1281512 1518614 1520022 2004086 2987481 0678941 0596988
 0243072 1881534 0080194 0456178 1518614 1527240 2987481 0314621 0524628 0017337
 0004611 1510439 2347473 0147083 0037733 2756587 0333118 0016701 0677542
 0009450 0037179 0087136 0205171 0439158 0521009 1947989 2987620 0005971 1139930 3537155 2348532 2611014 0205390 0439835 0439164 1268822 0178587 0042789 2707266 0740116 2827735 2981700
 0012634 0348080 1705253 2981168 0441732 0036536 0036537 0332307 0449913 1547052 1553451 1704459 1511726 3245479
 0003241 0034760
 0003241 1273517 1334189 0065684 0597357 1334090 1334189 1416952 1708415
 1826758
 0025248 0017968 0025255 0332281 0596901 1706182 3540818 0392223 1705111 3539922
 0007427 1332805 0007428
 0108187 1413107 0005574
 0054543 1413096
 1425414
 0442598 0872261 1513896 0027468 0008071 0680063 0008078 0020119 0008059 0018684 0021622 0086418 0243107 0678723 1272753 1527148 3245503 0027468 0018684 0021622 3245503 0022037 0041740 1555231
 0018019 1265549 1510458 0005574
 0000781 0007452 1140701 1281512 2004086
 0003241 1273517 0018019 1265549 1510458 0026381 0182400
 0324145 0022877 1619828
 0066746 0016321 0066746 0181496 1185625 1273517 1382196 2827499 0007634 3282337 0066746 0010454 0009458 0010453 0220814 0430400 0439536 1705217 2242979 3244283 0456693 1442458 0702093 1709694 0016318 0079603
 0541232 0439267 0557775 1511780 1999230 0041740 0039021 0007634 0439663 1273517 3282337 0086045 1446561 0312860 0444499 0040223 3541383
 0054036 0304089 0006409 1549951 1300565
 0010453 0220814 0430400 2242979 0009450
 0005955 0222677 0005953 1521751 0025921 0015780 0015811 0025914 0025929 0026809 0043210 0086287 0205409 0332174 0439230 0580836 1548221 1705497 1705498 0007589 0024432 0205615 1546706 1550652 1552738 0450348
 0009450 0009450 0449822 0884358 0004611 1510439 2347473 2827734 2981698 0179834 0024432 1546706 1550652 0439267 0456692 0702093 0450376 1883708 1439852 0007634 3282337 0004178 0678214
 0024432 1546706 1550652 1548982 0849355 1883720 3244314 0004611 1510439 2347473 0439083 0439087 0702093 1439852 1524062 0009458 0150312 0332285 0439536 1705217 3244283 1300565 0080194 0456178 1518614 2987481 0038425 1883351 0162388 0681205 1550555 0004611 1510439 2347473
 0086045 1300565
 2348792 0040223 1552961 2347617 3541383 0370003 2347026 1548982 0040223 1632851 1709694
 1883351 0030695 0150369 0181904 0596972 1521743 1704646 0038952 0220921 0007634 3282337 0024348 0146951 0133689 0242759 0441648 0031082 0079240 1637379 0001771 0005971 1139930 3537155 0005971 1139930 3537155 1883351 0314596
 0079604 0016318 0026018 0079603
 0024432 1546706 1550652 0070066 0231441 0443218 2827483 2678549 1882074 0020283 0450407 0450408 0450409 0456692 0702093 1883708 0016318 0079603 0487602 1522240 1704680 1552738
 0370003 1441672 0181839 1706379 0002778 0392762 0936012 1524024 1626420 0023089 0034606 0181839 0441633 0458142 1023865 1706315 1706379
 1704254 1704922 3542466 0439661 3245488 1706853 1524063
 0678118 0026019 2984656 0013852 0026018 0040722 0242781 1521797 3463986
 0024432 1546706 1550652 1522240 1552738 0450348
 1658011 2265875 1511790 0026019 1550369 2984656 0010741 0013852 0026018 0884358 3463986 1552738 0392747 1554963
 0007634 3282337 1550720 0017814 1882074 0020283 0450407 0450408 0450409 0332256 2700400 0439084 0728893 0038636 1161331 0020746 1548982 0040223 1632851 0071109 1882074 0020283 0450407 0450408 0450409 0332256 2700400 0038636 1161331 0041175 0006353 0077281 0220874 0369637 0441923 0814229 1883708 0020283 0450407 0450408 0450409
 0007634 3282337 0061418 0017761 0017725 0031603 0031701 0369637 0441923 1439852 1601799 0064719 0023175 0028125 0699857 1442948 1522538 2348269 3275067 0449468 0560268 1690016 0020283 0450407 0450408 0450409 0011744 0033727 0369286 0441932 0564385
 0441648 0041175 0006353 0702093 0441648 1882074 0020283 0450407 0450408 0450409 0332256 2700400 0038636 1161331 0024472 0007634 3282337 0017814 0700308 0033727 0369286 0441932 0564385 0450376 1883708 0006353 0700308 0033727 0369286 0441932 0564385 2348236 0005903 0039476 1547703
 0370003 2347026 1517331 1883708 1522240 1552738 0450348
 1274040 1546471 2825142 0520510 0557061 2584313 1514811 1706462 0038952 0220921 0598312 1883725 0024432 1546706 1550652
 0205435 1279901 0030695 0150369 0181904 0596972 1521743 1704646 0038952 0220921 0598312 1883725 1883559 0332307 0445392 1547052 0080194 0456178 0237753 0449788 0010453 0024432 0026809 0205225 0262950 0391978 0439631 0439663 0591833 1266908 1266909 1546706 1550652 0040223 1632851 0009450
 0024432 1546706 1550652 1883559 0080194 0332307 0439663 0445392 0456178 1518614 1547052 2987481 0004611 0232478 0439083 0439087 1510439 2347473 1637379 0024432 0162388 1546706 1550652 0392756 0547047 0237753 0449788 0006303 0009450 0033727 0205435 0369286 0441932 0564385 1279901 1709305
 1883559 0006303 0205392 0332307 0445392 1547052 3540770 0310255 2698977 0442805 1444656 0237753 0449788 0004611 1510439 2347473 0033727 0369286 0441932 0564385 0009450
 1539479 0392756 0547047 0033727 0369286 0441932 0564385 1441672 0009450 1180473 0449913 1553451 1704459 1518422 0443303 0006303 0038952 0220921 1282927 1514873 1515273 1705313 1806781 2350002 2826302 0024432 1546706 1550652
 2348792 0040223 3541383 1552961 2347617 0237753 0449788 0205216 0392756 0442797
 0080194 0456178 1518614 2987481 1518422 0205173 0205341 1883725 0162388
 0332272 1883351 0449247 0040223 0750729 3541383 0030695 0150369 0181904 0596972 1521743 1704646 0441889 0449820 1552081 0237753 0449788 0024432 1546706 1550652
 0011744 0033727 0369286 0441932 0564385 0080194 0456178 1518614 2987481 0680220 0332256 2700400 0439092 0004611 0205451 0547044 1510439 2347473 0441889 2348205
 0033727 0369286 0441932 0564385 0009450 0080194 0456178 1518614 2987481 0439165 1549488 1561533 0439092 0547044 0004611 1510439 2347473 0205216 0392756 0442797 0237753 0449788 0205217 0442805
 0033727 0369286 0441932 0564385 0009450 0024432 1546706 1550652 0521097 0006303 0332290
 0033727 0369286 0441932 0564385 0009450 0024432 0262950 0391978 0439663 1266908 1266909 1546706 1550652 0332256 2700400 0004611 1510439 2347473 0598312 1883725 1709305 0024432 0205171 0237753 0439801 0449788 1546706 1550652 1720467 3542948
 1979874 0598312 1883725 0004611 1441672 1510439 2347473
 0680220 0033727 0369286 0441932 0564385 0009450 0009450 0549178 0006303 0162388 0175996 0178719 0033727 0369286 0441932 0564385 0009450 0521093 0750484 1456348 0016318 0079603 0936012 0441471 3541888 0024369 0007427 1332805 0007428
 0033727 0369286 0441932 0564385 0009450 0439165 1549488 1561533 0042219 0007427 1332805 0007428 0332466 1293131 0031310 2363430 0009450
 1274040 1546471 2825142 0332290 1441672 0332168 0872291 0040223 0080089 0080194 0180979 0456178 1518614 1705858 2987481 3541383
 0033727 0369286 0441932 0564385 0009450 0205420 0439165 1549488 1561533 0205216 0392756 0442797
 1979874 0439165 1549488 1561533 0040223 0205217 0442805 3541383 0332290 0162388 1516048 0750480 1705566
 0680220 1518422 0007427 1332805 0007428 0033727 0369286 0441932 0564385 0009450 0042219 0205393 0332256 2700400 0007427 1332805 0007428
 0596988 0243125 0699900 0024369
 1883727 1883357 1274040 1546471 2825142 1547282 1264633 1554103 0310255 0024432 0162388 0598312 1883725 0332466 1293131 0024369
 0449911 0333052 2607870 0557702 1272706 1704674 0557702 1272706 1704674
 0038952 0220921 0598312 1883725 0024432 0080194 0262950 0391978 0456178 1266908 1266909 1518614 1546706 1550652 2987481
 0024432 1546706 1550652 0439663 1883559 0332307 0445392 1547052 0006303 0040223 0080194 0440102 0456178 1518614 1632851 2987481
 0314596 0024348 1536403 1707927 0370003 2347026 0231441 0443218 2827483 0016318 0079603 1522240
 0018270 0220844 1621966 2911660 0205134 0024432 0080194 0262950 0391978 0456178 1266908 1266909 1518614 1546706 1550652 2987481
 1709793 0024432 1546706 1550652 0332256 2700400 0004611 1510439 2347473 1707156 3274014 3541345 0439092 0004611 0205451 0547044 1510439 2347473 1707156 3274014 3541345 0439084 0728893 0004611 1510439 2347473 1707156 3274014 3541345 0004611 1510439 2347473 1707156 3274014 3541345 1516077 0033727 0369286 0441932 0564385
 1511726 3245479
 1709793 0050178
 1511726 3245479
 1704254 1704922 3542466 1547282 0007427 1332805 0007428 0024432 1546706 1550652 0439663 1883559 0332307 0445392 1547052 0006303 0033727 0080194 0369286 0441932 0456178 0564385 1518614 2987481
 0336721 1080898 1547282 0050178 0007427 1332805
 0687760 1551065 0369637 0441923
 0050178 1518422 0205087 1185625 1382196
 0205117 0332282 1883708 0205234 1285542 0349590 1262865 0024432 1546706 1550652
 0681814 1441672 0205447 0009450 0205437 0205448 0033727 0369286 0441932 0564385 0009450 0006303 0442726 1511790 1171362 0185117 0120285 1518422 0006303 0020960 0205369 0440102 1552740 1708632 1511726 3245479 1705535 0205148 0006303 0175996 0178719 0392747 0443172 1705241 0598312 1709305 1883725 2745955
 1883351 2983310 0487602 1704680 0218063 0680220 1273517 0080194 0456178
 1171362 0185117 0120285 1707520 0004611 0205170 0205266 1510439 1554187 2347473 3146287 0205171 1720467 1264633 1554103 0033727 0369286 0441932 0564385 0009450 0033727 0369286 0441932 0564385 0009450 0120285 0033684 0175996 0178719 0303920 0332583 0025255 1511726 3245479
 0332128 0042219 0024432 0262950 0391978 0599896 1266908 1266909 1546706 1550652 0016318 0079603
 0702093 0006303 0150312 0439178 1185625 1382196 1446409 1514241 2825490 0298073 1414266 0003320 1279919 0887883 0034850 0050178 0887883 0034850 1279919
 1704675 0040704 0205374 0023882 0700321 2700395 0456693 1442458 0442726 0702093 1511790 0009450
 0205420 1706701 1441672 0680220 3540818 0392223 1705111 3539922 0033727 0369286 0441932 0564385 0009450
 0023882 0700321 2700395 0018296 1334090 1334189 1416952 1708415 0007427 1332805 0007428 2348792 0040223 0442726 0445247 1511790 3541383 1552961 2347617 1705535 3540818 0392223 1705111 3539922 0150312 0050178 1518422 1704675 1166848 0034850
 0040223 1632851 0205087 0009450 0439165 1549488 1561533 0205216 0392756 0442797 0033727 0369286 0441932 0564385 0009450 0349966 1337208 2347469 1553033 1826758 1334090 1334189 1416952 1708415 0007427 1332805 0007428 0442726 1511790 0349966 1337208 2347469 1553033
 1883727 1883357 1274040 1546471 2825142 0006303 1279919 1185625 1382196 0024432 1546706 1550652 0332196 2828389 0349590 1262865
 0449911 0333052 2607870 0557702 1272706 1704674 0557702 1272706 1704674
 0006303 1279919 1185625 1382196
 0024432 1546706 1550652 0439663 0120285 1883559 0006303 0033684 0080194 0303920 0332307 0332583 0445392 0456178 1518614 1547052 2987481 0040223 1632851
 0370003 2347026 0231441 0443218 2827483 0016318 0079603 1522240
 1704254 1704922 3542466 1709793 1706701
 1080898 1547282 0006303 0042219 3540818
 1511726 3245479
 1704254 1704922 3542466 0033727 0369286 0441932 0564385 0009450
 0006303 1518422 1334090 1334189 1416952 1708415 3540818 0392223 1705111 3539922 0007427 1332805 0007428
 1709793 1826758 1334090 1334189 1416952 1708415 1706701 0678723 0870861 1254042
 1511726 3245479
 1709793 0050178
 1511726 3245479
 1707156 3274014 3541345 0369637 0441923 0369637 0441923
 0050178 1518422 1185625 1382196 0024432 1546706 1550652
 0014597 1273342 0007634 0221908 3282337 1704259 1705987 0006303 0205103 0205396 1550043 1550465 1551388 2827755 0175996 0178719 0599896
 1979874 0439178 1446409 1514241 2825490 0066746 0024432 1546706 1550652 2348792 0040223 1441672 1552961 2347617 3541383 0332128
 0050178 0449820 0806909 1552615 2826546 0456693 1442458 0702093 0009450 1532515 0004611 1510439 2347473 0004627 1518422 0332148 0750492 1881707
 0006303 1518422 1883351 1185625 1382196 0024432 1546706 1550652 0007634 0024432 1552738 3282337
 0050178 1706701 0005516 0029219
 1442162 1550718 3244317 1704675 0014239 0035295 0598268 0014597 1273342 0007585 0007634 0221908 3282337 0041178 1883351 1704675 0024432 0262950 0391978 1266908 1266909 1546706 1550652 1709305
 0936012 0392148 0050178 2348792 0040223 3541383 1552961 2347617 0009450 1524063 0079604 0016318 0026018 0079603
 0237753 0449788 0806909 1552615 2826546 0702093 0009450 0014239 0035295 0678594 1282914 1279919 0456692 0702093 1705654 1552738 0524642 0023115 0031308 0332185 0991566 1692890 0450254
 0237753 0449788 0205216 0392756 0442797 1883708 0205217 0442805 0033727 0369286 0441932 0564385 0009450 0050178 0439178 1446409 1514241 2825490 0349966 1337208 2347469 1705535 1704675
 2348792 0040223 3541383 1552961 2347617 0033727 0369286 0441932 0564385 0009450 0006303 0108187 1167624 1282914 1413107 1947902 2827499 0449774 1442103 1547049 1705242 1705535 0487602 1704680
 0033727 0369286 0441932 0564385 0009450 0050178 0439178 1446409 1514241 2825490 0349966 1337208 2347469
 0449774 1301820 0442726 0054543 1413096 1425414 1518422
 1704675 1441672 1705535 1279919 0050178 0441471 3541888
 1274040 1546471 2825142 0050178 0014239 0035295 0678723 0870861 1254042 1706701 0005516
 0449911 0333052 2607870 0557702 1272706 1704674 0557702 1272706 1704674
 0050178 1706701 0005516
 0024432 1546706 1550652 0439663 0120285 1883559 0006303 0033684 0080194 0303920 0332307 0332583 0445392 0456178 1518614 1547052 2987481 0040223 1632851
 0370003 2347026 0231441 0443218 2827483 0016318 0079603 1522240
 1704254 1704922 3542466 0678594 0014239
 1080898 0050178
 0004083 0006303 0042219 0332256 0439849 0596306 0699792 1709793 2347469 2700400 1706701 0678594
 1511726 3245479
 1704254 1704922 3542466 0120285 0006303 0033684 0303920 0332583 0439663 0033727 0369286 0441932 0564385
 0014239 0035295 0598268 1708632 1524063 0332283 3272928 0003241 0018019 0235665 1071616 1265549 1510458
 0336721 0024432 1546706 1550652 0014239 0035295 0598268 0050178
 1707156 3274014 3541345 0369637 0441923 0369637 0441923 0369637 0441923
 1883351 0022885 0039593 0392366 0230770 0025255 1167041 0678723 0870861 1254042 0332128 0678594 0033727 0369286 0441932 0564385 0009450 0598312 1883725 1709305
 0024432 1546706 1550652 1707455 0007634 3282337 1547282 0680829 0017446 0205146 0521009 0598312 1707494 1883725
 0678594 1441672 0007634 0439663 3282337
 1705535 0598312 1883725 0014239 0035295 0333038 1517892 1704666 0230770 0014239 0025255 0035295 0596901 1706182 1706701 0006303 0042219 0332256 0347984 0678723 0870861 1254042 1706551 2700400
 0475311 3540818 0392223 1705111 3539922 0005516 0014239
 1442162 1550718 3244317 0392148 0050178 0349966 1337208 0205117 0332282 1883708 1516048 0050178 3540818 1706701 0005516 0392148 0042219 0242842 0026018
 0033727 0369286 0441932 0564385 0009450 0680220 3540818 0205171 0392223 0439178 1446409 1514241 1705111 1720467 2825490 3539922
 0032659 1257890 0205216 0392756 0442797 0205171 1720467 0050178 0033727 0369286 0441932 0564385 0009450 3540818 0006303 0032659 0042219 0332256 0392223 1080058 1257890 1705111 2700400 3539922 0205322 0042219 0205286 1185625 1382196 1706701 0005516 0014239
 0050178 0033727 0205435 0369286 0441932 0442726 0564385 1279901 1511790 0009450 0444505 0740116 2827735 2981700 0033727 0369286 0441932 0564385 0009450
 0205437 0205447 0050178 0475311 3540818 0392223 1705111 3539922 0108187 1413107 0033727 0369286 0441932 0564385 0009450 0032659 1257890 0014239 0035295
 0050178 0439178 1446409 1514241 2825490 0033727 0369286 0441932 0564385
 0050178 0033727 0369286 0441932 0442726 0564385 1511790 0009450 3540818 0392223 1705111 3539922 1705535 0050178 3540818 0042219 0392223 1705111 3539922
 0040223 1632851 0205087 0009450 0439165 1549488 1561533 0205216 0392756 0442797 0108187 1413107 0050178 0205217 0442805 0044222 0067456 0033727 0369286 0441932 0564385 0009450 0011744 0044222 0120551 0033727 0369286 0441932 0564385 0009450 0349966 1337208 2347469
 1883727 1883357 1274040 1546471 2825142 0243132 1554210 2745955 0050178 0233426 0700364
 0006303 0332120 0032659 0042219 0205103 0521009 1257890 1550465 2827755 0205286 0680251 2828389 3540818 0392223 1705111 3539922 3540818 0025255 0282114 0392223 1705111 2362652 3539922 0014239 0035295
 0449911 0333052 2607870 0557702 1272706 1704674 0557702 1272706 1704674
 0475311 3540818 0392223 1705111 3539922 0108187 1413107
 0024432 1546706 1550652 0120285 1883559 0006303 0033684 0303920 0332307 0332583 0439663 0445392 1547052 0040223 1632851
 0370003 2347026 0231441 0443218 2827483 0016318 0079603 1522240
 0108187 1413107 0442726 1511790 1524063 0332283 3272928 0003241 0018019 0235665 1071616 1265549 1510458
 3540818 0392223 1705111 3539922 0442726 1511790 1524063 0003250 0003241 0021027 0746619 0332283 0003241 0324145
 1709793 3540818 0392223 1705111 3539922 3540818 0392223 1705111 3539922 3540818 0392223 1705111 3539922 0050178
 0050178 3540818 0392223 0449820 1705111 3539922 0392148 0242842 0026018 1301820
 2347469 0037179 0087136 0205171 1522508 1561567 1704254 1704922 3542466 0205155 1293097 1522472 1552923 1705191 1547282 0050178 0009450
 0486588 3272888 1704254 1704922 3542466 1883351 1547282 0004611 1510439 2347473 3540818 0392223 1705111 3539922 0108187 1413107
 0050178 0740116 2827735 2981700 0033727 0369286 0441932 0564385 0475311 0005516 1080898 0205087 0033727 0369286 0441932 0564385 0050178 0033727 0369286 0441932 0564385 0205171 1720467 0108187 1413107 2986582 0453107 1080898
 0687760 1551065 0369637 0441923
 0050178 0014239 0035295 0678640 0025255
 1883351 0376649 1442065 1706701 0050178 0884358 0002778 0936012 1524024 0026019 2984656 0013852 0026018 3463986
 0050178 0150312 0014239 0332281 0035295 0678594 1279919 0033727 0369286 0441932 0564385 0009450
 0033727 0369286 0441932 0564385 0009450 0205173 0050178 0014239 0035295 1282914 0004083 0439849 0596306 0699792
 0543488 0042219 1517927 0035553 1336592 1336594 1704998 1552961 2347617 0014239 0035295 0598268 0442726 1511790 0349966 1337208
 1705535 0243132 1554210 2745955 0050178 0014239 0035295 0598268
 1883351 0521093 0750484 1456348 0332128 0392148 0050178 0005516
 2348792 0040223 3541383 1552961 2347617 0456693 1442458 0702093 0017755 0031678 1149880 0442726 1511790 0587267 0050178
 0011744 0033727 0369286 0441932 0564385 0009450 0006303 0205172 0033727 0369286 0441932 0564385 1997416 0009450 0349966 1337208 0016327 0439133 1553038 0439267
 0017755 0031678 1149880 0442726 1511790 0050178 1306673 1547282 0441471 3541888 0014239 0035295 0598268 1709305
 1979874 0033727 0369286 0441932 0564385 0009450 0050178 0017755 0031678 1149880 0033727 0369286 0441932 0564385 0150312 0014239 0035295 0699952 0021966 0221138
 1274040 1546471 2825142 0449778 0449774 0050178 0016318 0079603 1441672 1279919 0040223 1632851 0441471 3541888 0014239 0035295 0598268
 1274040 1546471 2825142 0050178 0014239 0035295 0598268 0678723 0870861 1254042 0699952 1414861 1708111 1706701 0230770 0025255
 0449911 0333052 2607870 0557702 1272706 1704674 0557702 1272706 1704674
 0050178 1706701 1156298 0230770 0025246 0025255 0014239 0035295 0598268
 0024432 1546706 1550652 1883559 0006303 0080194 0332307 0439663 0445392 0456178 1518614 1547052 2987481 0040223 1632851
 0370003 2347026 0026019 2984656 0013852 0026018 0439858 1522240 3463986 0010741 1414370 2348481
 0050178 0009450 1547282 0332158 0337611 1705415 0336721
 0050178 0009450 0014239 0035295 1282914 0336721
 0449911 0035553 1336592 1336594 1704998 0025255 0596901 1706182 1080898
 0449911 0014239 0035295 0598268 0035553 0453107 1080898
 0050178 0009450 1547282 1704675
 0011744 0033727 0369286 0441932 0564385 0332158 0337611 1705415 0014239 0035295 0598268 0017755 1080898
 0050178 0009450 0332158 0337611 1705415 1185625 1382196 1080898
 0050178 0033727 0369286 0441932 0564385 0009450 1080898 1547282 0017725 0443286 1114821 1514468 1704444
 0050178 0009450
 0042219 0014239 0035295 0699952 0336721
 1707156 3274014 3541345 0369637 0441923 2347469 0369637 0441923 0444499 1414370 2348481
 0050178 0029219
 1883351 0050178 0475311 0871161 1292721 0392360 0050902 0014239 0035295 0598268 0001721 0050178 0439661 3245488 0871161 1292721
 0024432 1546706 1550652 0120285 0006303 0033684 0303920 0332583 0439663 0033727 0369286 0441932 0564385 0205091 1552822 0332155 0332293 0444499 0312860 0541232 1522326 0456693 1442458 0702093 1709694 0016318 0079603
 0024432 1546706 1550652 0006303 0120285 0017446 0205147 0439742 1185625 1382196
 1979874 0039798 0087111 1522326 1533734 1705169 3538994 0015127 1524003 0680829 0017547 0042219 0108187 1413107
 0006303 0205173 0205341 1883725 0024432 1546706 1550652 1280500 2348382 1285553 0032930 1444748 0332466 1293131
 1883351 0521093 0750484 1456348 0030695 0150369 0181904 0596972 1521743 1704646 0441472 3266814 0039798 0087111 1522326 1533734 1705169 3538994 1524063 0026019 2984656 0013852 0026018 3463986
 0456692 0702093 0007634 3282337 0013604 0038999 1441672 0336721 0050178 0150312 1883351 0014239 0035295 0699952 1414861 1708111 0453107 1080898
 0456693 1442458 0702093 0050178 0699952 1883357 0035553 0439844 1999244 0678594 0014239 0205166 1706317 0442726 1511790 0039798 0087111 1522326 1533734 1705169 3538994 0015127 1524003 0332466 1293131 0014239 0035295 1515981
 1274040 1546471 2825142 1547282 0050178 0205171 1518422 1720467 0475311 0005516 0014239 1705417 0871161 1292721 0006303 0205173 0205341 1883725 0024432 1546706 1550652
 0449911 0333052 2607870 0557702 1272706 1704674 0557702 1272706 1704674
 0050178 0475311 0871161 1292721
 0024432 1546706 1550652 0120285 1883559 0006303 0033684 0303920 0332307 0332583 0439663 0445392 1547052 0033727 0369286 0441932 0564385 1883708 0332293 0444499 0312860 0541232 1522326 0562577 0332293 1522326 0456693 1442458 0702093 0016318 0079603 2347469 0026019 2984656 0013852 0026018 3463986 2827664
 0449302 1704254 1704922 3542466 0205173 0006303 0120285 0007610 0439742 0042219 0332575 1260956
 1547282 0004611 1510439 2347473
 1704254 1704922 3542466 1547282 2699029 0042219
 1547282 0004611 1510439 2347473 0042219 0108187 0205380 0549177 1413107
 0441468 0441469 0042219
 0441468 0441469 0332293 0541232 1522326 0456692 0702093
 0013604 0038999 0205379 0336721 0050178 0439659 1883351 0014239 0035295 0699952 1414861 1708111 0453107 1080898
 0441468 0441469 0332293 0541232 1522326 0456693 1442458 0702093
 0050178 0699952 1883357 1080898 1185625 2986730 0035553 0439844 1999244 0336721
 1707156 3274014 3541345 0369637 0441923 2347469 0740116 2827735 2981700 2347469 0369637 0441923 1512018 0369637 0441923
 1156126 0005495 0220781 1518422 1326393 1325417 0005528 1317949 3495449
 0023238 0024432 0205173 0205341 1546706 1550652 1883725 0029219
 0332185 1547282 0005495 0220781 0887888 0598312 1883725 0311403 0024432 1546706 1550652 0006409 1549951
 1883351 0598312 1883725 0021467 0021469 0392760 1314939 1628982 3463820 1326393 1325417 0005528 1317949 3495449 0024432 1546706 1550652 0332293 1522326 0040223 0440102 1632851 0009450 0006409 1549951 1707927 1412113 1516077 0033727 0369286 0441932 0564385
 0087111 1518422 0041119 0033727 0369286 0441932 0564385 0596402
 1550147 2709094 3539075 3539076 1518422 0243144 0347980 0700308 0004611 0033727 0175996 0178719 0237753 0369286 0441932 0449788 0564385 1510439 2347473 0009450
 0023237 0456693 1442458 0702093 1518422 0001721 0598312 1883725 0087111 0740116 2827735 2981700 0439084 0728893 0033727 0369286 0441932 0564385
 1883351 0332196 2828389 0006409 1549951 0028778 0332206 2983591 1156126 0005495 0220781 0678723 0870861 1254042 0041119 0006409 0033727 0087111 0369286 0441932 0564385 1549951 1707455 0442805 0332155 0024432 1546706 1550652
 0332155 1707455 0243148 1550141 1882979 2587213 3274648 0039798 0087111 1522326 1533734 1705169 3538994 1518422 0001721 0871208 1521828 0050178 0456693 1442458 0702093 0033727 0369286 0441932 0564385 0009450 0033727 0369286 0441932 0564385 0009450 0033727 0369286 0441932 0564385 0009450 0349966 1337208
 1156126 0005495 0220781 1518422 1326393 1325417 0005528 1317949 3495449 0441712 0006303 0024432 1546706 1550652 1705242
 0449911 0333052 2607870 0557702 1272706 1704674 0557702 1272706 1704674
 0598312 1883725 1518422 1326393 1325417 0005528 1317949 3495449
 0024432 1546706 1550652 1883559 0006303 0080194 0332307 0439663 0445392 0456178 1518614 1547052 2987481 0205091 1552822 0332155 2827893 0009450 0456693 1442458 0702093 0740116 2827735 2981700 0439084 0728893 0033727 0369286 0441932 0564385 0439531 1948053
 0039798 0087111 1522326 1533734 1705169 3538994 0314596 1707927 0033727 0369286 0441932 0564385
 1511726 3245479 0681814 1551058 1706386 1882932 0681814
 0024432 1546706 1550652 1883559 0006303 0332307 0439663 0445392 1547052 0080194 0456178 1518614 2987481 0120285 0033684 0303920 0332583 0205091 1552822 0332155 0332293 1300565 0456693 1442458 0702093 0033727 0369286 0441932 0564385 0009450 2347469 0033727 0369286 0441932 0564385 1553033 0033727 0369286 0441932 0564385
 0370003 2347026 0016318 0079603 0487602 1522240 1704680 0050178 0449820
 1511726 3245479
 0678723 0870861 1254042 0029219 1180473 0205245 0449913 0542341 0725813 1553451 1704459 2700217
 1274040 1546471 2825142 0349966 1337208 1705535 0035820 1705810 0006303 0042219 0150312 0205087 0332256 0332285 0441471 0678723 0870861 1254042 2700400 3541888 1539479 0006303 0033727 0369286 0441932 0564385 0009450
 1883351 0035820 1705810 0006303 0042219 0150312 0332256 0332285 0678723 0870861 1254042 2700400 0024432 1546706 1550652 0332128 1660003 3156904 0678723 0870861 1254042 1707455 1704675 0120285 1883559 0033684 0303920 0332307 0332583 0445392 1547052
 1524063 3540818 0392223 1705111 3539922 1441672 0680220 0332256 2700400 0080194 0456178 1518614 2987481 3540818 0392223 1705111 3539922 0033727 0369286 0441932 0564385 0009450 0349966 1337208 2347469 0439165 1549488 1561533 0033727 0205216 0369286 0392756 0441932 0442797 0564385 0009450 0042219 0332256 2700400 0439178 1446409 1514241 2825490 0349966 1337208 2347469 0014597 1273342 0007634 0221908 1552738 3282337
 0596988 0011155 1636779 0024432 1546706 1550652 0033727 0369286 0441932 0564385 0009450
 0449911 0333052 2607870 0557702 1272706 1704674 0557702 1272706 1704674
 0042219 0231175 1883351 0443318 2732140 1704675
 0024432 1546706 1550652 0439663 0006303 1883559 0080194 0456178 1518614 2987481 0120285 0033684 0303920 0332583
 0370003 2347026 0016318 0079603 1522240 0487602 1704680 0013715 1705651
 1704254 1704922 3542466 1547282 1706701 0042219 0033727 0369286 0441932 0564385
 1709793 0042219
 1511726 3245479
 1704254 1704922 3542466 1547282 0004083 0439849 0596306 0699792 1706701 0678594 0042219 0033727 0369286 0441932 0564385
 1709793 0678594 0042219
 1511726 3245479
 0487602 1704680 0033727 0369286 0441932 0564385 0009450
 0453107 1080898 1547282 0004083 0439849 0596306 0699792 0014239 0035295 0598268
 0487602 1704680 0024432 1546706 1550652 0033727 0369286 0441932 0564385 0009450
 0042219 0014239 0035295 1282914 1080898
 0487602 1704680 0024432 1546706 1550652 0033727 0369286 0441932 0564385 1080898 1547282 0014239 0035295 0598268 0205166 1706317
 0017725 0443286 1114821 1514468 1704444 0017755
 1707156 3274014 3541345 0369637 0441923 1418485 1553033 1553033 0444499 0013715 1705651
 1707455 1704675 0678594 0014239 1524063 1425414
 0033727 0369286 0441932 0564385 0009450 1883559 0332307 0445392 1547052 0596988 0678594 1282914 1425414 0349966 1337208
 0042219 0332256 2700400 0596988 0150312 0332158 0337611 0699756 1705415 2584308 0014239 0035295 0598268 0349966 1337208 0016327 0439133 1553038 0050178 1883559 0349966 1337208 0016327 0439133 1553038 0439267
 0332197 1689985 1518422 0309872 0006303 0332158 0014239 0035295 0598268
 0033727 0369286 0441932 0564385 0439165 1549488 1561533 0549178 1883351 0442805 0439178 1446409 1514241 2825490 0009450 0349966 1337208 0042219 1883708 0205216 0392756 0442797 0332168 0872291 0040223 0080089 0180979 1705858 3541383 0349966 1337208
 0026019 2984656 0013852 0026018 3463986 0042219 0332256 2700400 0004611 1510439 2347473 0033727 0369286 0441932 0564385 1441672 0009450 0205166 1706317 0014239 0332281 0035295 0332466 1293131 1441672 0017755 0017725 0031678 0042219 0332268 0487602 0521009 1149880 1516048 1704680 0439267
 0596988 1299582 0243148 1550141 1882979 2587213 3274648 1706701
 0686907 1185625 2986730 0205286 0024369 0699952 1414861 1708111 0349966 1337208
 1883727 1883357 1274040 1546471 2825142 2981168 0441732 0036536 0036537 0332307 0449913 1547052 1553451 1704459 0042219 0205087 0441471 0678723 0870861 1254042 1514873 3541888 0332466 1293131
 0520510 0557061 2584313 0681460 0043227 1514811 1706462 1273517 3161035 0205396 1550043 1551388 0220921 1547011 1879746 0598312 1883725
 1547282 0598312 1883725 0004611 0037179 0087136 0205171 0332256 1185625 1382196 1709305 2700400 2745955 1704259 1705987 0850310 3154893 0871161 1292721 0349966 1337208 0005495 0220781 0443318 1274040 1546471 2825142 1704675 0332466 1293131 2981168 0441732 0544458 1180473 0036536 0036537 0205245 0332307 0449913 0542341 0725813 1547052 1553451 1704459 2700217
 0449911 0333052 2607870 0557702 1272706 1704674 0557702 1272706 1704674
 3161035 0162388
 1705654 0006303 0042219 2982691 0042219 0887883 0034850 1279919
 0050178 1705987 1704675 1706701 3540818 0392223 1705111 3539922 0150312 1282914 0332158 0337611 0587267 1705415 0014239 0035295 0009450
 1704675 0040223 0443318 3541383 0023175 0332466 0439801 0441471 1293131 1442948 1522538 2348269 3275067 3541888 3542948 2347469 0029219 1553033
 0042219 0332256 2700400 0596988 0231175 1883351 0443318 2732140 1704675 0024369 0699952 1414861 1708111
 0017446 0205146 0441471 3541888 0043227 1552738
 1706701 0035553 0392148 0392752
 1442162 1550718 3244317 1265611 0450348 0237753 0449788 0024432 1546706 1550652 3161035 0006303 0332197 1689985 0332466 1293131 0024369 0678226 0029219 1518422 3146286
 0680220 1637379 0024432 0262950 0391978 1266908 1266909 1546706 1550652 1881707
 0004611 1510439 2347473 0310255 0205265 1279901 1555582 1705685 0162388 0441471 0205173 0205341 1883725
 0596988 0205265 0162388 0439792 0445247 1883559 0080194 0332307 0445392 0456178 1518614 1547052 2987481 0038952 0220921 0332291 0085862 1299583 0349966 1337208
 1274040 1546471 2825142 0026473 0086418 0684224 0700287 3496591 1524063 0596988 0450355
 0332185
 1547282 0449913 1553451 1704459 1518422 0669372 1417760 1533698 0132555 0028128 0030015 0205263 1314939 2986642 0162388 1515655 0680240 1274040 1546471 2825142
 0449913 1553451 1704459 0205171 1720467 0006303 0042219 0332256 2700400 0599896 0441471 3541888 0033727 0369286 0441932 0564385 1709305 2745955 0009450 0441471 3541888 0443252 0038952 0205166 0220921 1514873 1515273 1705313 1706317 2826302 0598312 1883725 0349966 1337208
 0332290 0007634 3282337
 0596988 0243148 1550141 1882979 2587213 3274648 0006303 0014239 0035295 0598268 0205103 0205252 1185625 1550465 2827755 2986730 0024369 0699952 1414861 1708111
 0678723 0870861 1254042 1185625 2986730 0205224 0683607 0441513 1706214
 1274040 1546471 2825142 0349966 0332196 2828389 0349590 1262865 0024432 1546706 1550652
 0050178 1279919 1185625 1382196 0175996 0178719 0599896
 1706701 1705535 0050178 3540818 0392223 1185625 1382196 1705111 3539922 1515021 0007427 1332805 0007428
 0332197 1689985 0243148 1550141 1882979 2587213 3274648 1326277 0332466 1293131 0332196 2828389 0006303 1185625 1382196
 0006303 0175996 0178719 0007634 0599896 3282337 0332291 0085862 1299583 1826758
 0349590 1262865 0035820 1705810 0006303 0175996 0178719 0599896 1883351
 0042219 0205286 1264633 1554103 2698977 0014239 0035295 0598268
 0750591 1883357 1274040 1546471 2825142 0024432 0262950 0391978 0599896 1266908 1266909 1546706 1550652 0871247 0014597 1273342 0007634 0221908 1552738 3282337 1705535 0006303 0042153 0457083 1947944 0441712 0243148 1550141 1882979 2587213 3274648 0038952 0220921 0007590 0598312 1883725
 0205173 0029219 0024432 1546706 1550652 0006303 0870432 1705417 1539479 2348205
 0005495 0220781 0205378 0439831 0528008 0725813 0851827 1701901 1866052 3244310 2754074 0014239 0449669 0035295 0205145 0337094 0599896 1550550 1184743 1522240 0006409 0028778 0332206 1549951 2983591
 1979874 0006409 1549951 1518422 1280500 2348382 0001721 0871208 1521828 0050178 1705241 1705242
 1518422 0442726 0035553 0442632 1522290 2984240 0205132 0026029 0333262 0868928 1706255 1706256 0050178 1547282 1883351 0014239 0035295 0330386 0442632 2348792 0040223 3541383 1552961 2347617
 0598312 1883725 0205197 2949735 0050178
 1704675 0439590 0521009 0598312 1883725 1704675 0006303 0038952 0175996 0178719 0220921 1551058 0024432 1546706 1550652
 1274040 1546471 2825142 0441712 0014239 0035295 0007634 3282337 0459471 0349590 1262865 0007634 3282337
 0014239 0035295 1883351
 2755584 1166756 0025246 1621975 1167317 1326277 1326474 1519624 0025255 0332466 0596901 1293131 1706182 1184743 1522240 0332849 0205407 1704675 1185625 2986730 0577538 2347469 0699756 2584308 0332158 0337611 1705415 0442632 1522290 0025246 0023175 0025255 0181586 0332466 0596901 1293131 1442948 1522538 1706182 2348269 3275067
 0577538 0567416 0752065 0018296 0205410
 0442632 1522290 0441471 3541888 0300824 1335532 0033684
 1547282 0050178 0332158 0337611 1705415 0014239 0035295 0598268 0085862 0678594 1299583 1704675 0851827 1701901 3244310
 0332149 1705910 2362652 0332158 0337611 1705415 0006303 0042219 0332256 0332529 0577538 2700400 0014239 0035295 0598268 0205410
 1704675 0442632 1522290 0441471 3541888 2981168 0441732 0036536 0036537 0086597 0127400 0332307 0441472 0449913 1547052 1553451 1704459 3266814
 0442632 1522290 0441471 3541888 0332298 0521009 2587213 1819995 0007634 1167395 1269647 1704653 1948049 1167041 0025255 0042219 0596901 1706182
 1707478 3161035 0014239 0035295 0598268 0349966 1337208
 1637379 1705654 0006303 0870509 1880554 1704259 1705987 0205103 1185625 1550465 2827755 2986730 0085732 1299581 0014239 0035295 0441655 0577538 2362652
 0678723 0870861 1254042 0332466 0332529 0443318 1293131 1704675 0014239 0035295 0598268 0230770 0014239 0023175 0025255 0035295 0333038 0596901 1442948 1522538 1706182 2348269 3275067 0050178 0205390 1300072 1306673 1706701 0871161 1292721
 0029219 0183683 1521721 0598312 1883725 0333038 1999230 1708517 0427944 0018270 0220844 0521009 1514873 1621966 2911660 1293097 2919030 2919031
 0947630 1947946 2948600 3540471 3540472 0521009 1521761 2827422 1819995 1314939 1184743 1522240
 1423524 3273411 3273412 1883351 2986676

 0557775 1511780 0031831 1707664 2348314 3540849
 0596988 0032136 0120285
 0043227 0018173 1521721 0016674 0035168 0242481 0332522 1705564 3540513 0015179 0009462 0010182 1515981
 1515023 1527075 1272684 1548435 0000723 0030351 1273517 1547566 0042219 0042219
 0006409 1549951 0054036 0304089
 0024432 1546706 1550652 0024432 1546706 1550652
 1334090 1334189 1416952 1708415 1334090 1334189 0065684 0597357
 0026019 2984656 0013852 0026018 3463986 0026019 2984656 0013852 0026018 3463986
 0017755 0031678 1149880 0017755 0031678 1149880
 0120285 0033684 0303920 0332583 0120285 0033684 0303920 0332583
 3540818 0392223 1705111 3539922 3539735 0230812 0025248 0017968 0025255 0332281 0521450 0596901 1706182
 0066746 0066746

 0376649 1442065 0030561 0331677 1824032 0016674
 1514811 1706462 0520510 0557061 2584313 1514811 1706462



 0024195

 2347961
 0027960 0324740 0439189 1456781 1824986

 0740116 2827735 2981700 0025141
 0369637 0441923

 0369637 0441923
 0033727 0369286 0441932 0564385


 1829692 3537372 0035701 0023767 0023779 0443289 0439849 1705630 1706279 3540605 0751985


 0025141 0021966 0221138


 0006303
 0686817
 0369637 0441923
 2603362

 1979969 0033727 0369286 0441932 0564385

 1707883
 0027976 0205314



 0376558 1269955 2699153 0598312 1883725
 0242856

 0439083 0439087 0025141 0369773 2603361 0694746 0369637 0441923
 0193959 2603360


 0020792 0205396 0006304 0000781 0006303 0205191 0546816 1281512 1514873 2004086 0332217 0025914 0025929 0026809
 0439663

 0450387 0369773 2603361 0694746 0369637 0441923
 0021966 0221138

 2347469
 0369773 2603361


 0369637 0441923



 0020792 0205396 1880022
 0027960 0324740 0439189 1456781 1824986

 0025141 0086903 2827790

 0439394 1706495 3642217


 0175996 0178719 0006304 0000781 0006303 0599896 1281512 2004086 0024432 1546706 1550652
 0439663

 0450387 0369718 0441922 1553036
 2603362

 0016327 0439133 1553038


 0524637 0024369 0392747 1554963
 0439663

 0450388 2603362
 0205090 0439267 0684010 2603358
 0557775 1511780
 0021966 0221138




 1301827 0014239 0031307 0035295 0205173 0205341 1883725
 0439663







 0006304 0000781 0006303 1281512 2004086 0309872 1292733 0332466 1293131 0544966 1704711 1185625 1382196
 0439663

 0205090 0684010 2603358 0369637 0441923
 1875453 0369773 2603361
 0021966 0221138

 0369773 2603361






 0020792 0205396 0175996 0178719 1314939 0599896
 0007634 1269647 1704653 1948049

 0439086 2827736 2981702 0025141 2603360 0016327 0439133 1553038


 0200760 0002778 0936012 1524024 0032059
 0598312 1883725 0230779 0014239 0035295 1709305 2745955



 0000857 0600678 1552863 0439267
 0016327 0439133 1553038


 1705654 1660749 0475264 1744691 0042542 0007634 3282337 0016315 0026019 2984656 0013852 0026018 3463986
 0242856

 0000857 0600678 1552863 0439114

 0369637 0441923
 0439267

 0369773 2603361

 0369637 0441923


 1334043 2981168 0441732 0036536 0036537 0332307 1547052 0449913 1553451 1704459 0205224
 0027960 0324740 0439189 1456781 1824986

 0025141 0439267

 2603362

 0439114

 0020792 0205396 0392760 1314939 0038952 0220921 0079866 3146302
 0439663

 0450387 0205090 0684010 2603358 0073187
 1512020 0073187
 0205090 0684010 2603358


 1334043 0012854 0040671 1514873 1705822 0001830 0006304 0000781 0006303 1281512 1514873 2004086 0042765 0220936 0175996 0178719 2911648




 0036536 0036537 0441732 0040671 1705822 0449913 1553451 1704459 0336779 0439849 0445223 1160466
 0027960 0324740 0439189 1456781 1824986

 0439509 0025141 0073187
 1875453 0205090 0684010 2603358

 0205090 0684010 2603358


 0035820 1705810 0678723 0870861 1254042 0042219
 0007634 1269647 1704653 1948049

 0439086 2827736 2981702 0025141 0369637 0441923 2603362

 2603362
 0439267



 0369637 0441923

 0439114

 0029073 0205263 0024432 1546706 1550652
 1418943

 0268596 2700624
 3642273
 0041703

 0033727 0369286 0441932 0564385
 0694746 0369637 0441923
 0369637 0441923 0597277 1708601


 0086022 0009015 0442335 1705099

 0025141 0369773 2603361

 0369637 0441923
 0369718 0441922 1553036
 0369637 0441923



 0237886 0700314 1947906 1880022
 0013855
 0025141 0439114 2603362

 0033727 0369286 0441932 0564385



 1156126 0005495 0220781 0014597 1273342 0007634 0221908 3282337 1705987 1704675
 0007634 1269647 1704653 1948049

 2827734 2981698 0025141 1553033




 0443288 0018270 0220844 1621966 2911660 0026913 0005953 0024432 0086590 0262950 0376152 0391978 1266908 1266909 1546706 1546708 1550652 0025914 0025929 0026809
 0439663

 0000857 0600678 1552863 0439267 0369773 2603361
 0439267


 0012737
 0021966 0221138
 0026408 0018790 0237477 0392351 0521111 0596902 0205098 2328051 0230765 0553257 0007634 3282337 0036636 0042776 0086312 0319157 0439663


 0000857 0600678 1552863 0016327 0439133 1553038
 0033727 0369286 0441932 0564385


 0066746 0005516



 0025141 2603362


 0033727 0369286 0441932 0564385
 0439114


 0369637 0441923


 0031308 0441712 1706376 0024432 1546706 1550652
 0007634 1269647 1704653 1948049
 0025141 0439394 1706495 3642217 0369637 0441923

 0205090 0439267 0684010 2603358
 0557775 1511780

 0040549 0205431 1325742 1522492 0038164 1622508 0033684 1293132 1415351 0015127 1314792 1524003 0010840


 0722969 0205090 0684010 2603358 0439294 0439267


 0442650 0040802 1555670 0005528 1317949 3495449 0014239 0035295 0598268


 1553033 0722969 0205090 0684010 2603358


 0031310 0598981 3146232


 0025141 1553033 2603360

 0439394 1706495 3642217


 0022702 0220865 2825046 0486616 1555710 0729650 0007603 0557651 2603343



 0025141 0439267 0369637 0441923
 0016327 0439133 1553038

 2347469


 0038952 0220921 0026473 0243144 0347980 0031310
 0439663

 0450388 0038817 0376223 0033727 0369286 0441932 0564385 0205090 0684010 2603358
 0439294 0439267
 0331762 0694746 0369637 0441923


 0038952 0220921 0025914 0025929 0026809 0024432 1546706 1550652 0669372 1417760 1533698 0132555 0028128 0332291 0030015 0085862 0205245 0205263 0542341 1299583 2700217 2986642 0068355 1151146 0027303 0242417
 0439663


 2603362
 0369637 0441923






 1879547 0752065 0018296 0871786 0599896
 0007634 1269647 1704653 1948049

 0025141 0439294 0439267 0439114
 0234833 0722388
 0439267
 0443050 0722969 0205090 0684010 2603358


 0023238 0023237 0392747 0031310 2984574 0230779 0014239 0035295 0230770 0025255 0596901 1706182

 3642273
 0025141
 2603362
 0439267

 0369637 0441923



 0002778 0936012 1524024 0014406 0450254 0545082 1512346 1947978 1819995 0007634 1269647 1704653 1948049
 1418943

 0268596 2700624
 3642273
 0041703
 0205090 0684010 2603358 2603362

 1326475 1521840 0577538


 2827734 2981698 0025141 0369637 0441923

 2603362
 0369773 2603361


 0887826 0007292 0599895 1159372 1159772 1180347
 0040833 1521798
 0025141 0999213 0033727 0205090 0369286 0441932 0564385 0684010 2603358


 0025246 0025255 0332466 0596901 1293131 1706182

 2347961
 0027960 0324740 0439189 1456781 1824986

 0740116 2827735 2981700 0025141