 1514534 0002778 0936012 1524024 0597277 1708601
 0036397 0870614 0036375 0588053 1547183 0041740
 0587524 1704729 0036375
 0036397 0683758
 1704729 0870614 0036375 0588053 1547183 0041740
 0872252 0035168 0242481 0205099 0022886 0022877 0035168 0242481 1619828 0022877 1619828 0557061 2584313 1514811 1706462 1285529 0033684 0456205 1552853 0018284 0018270 0220844 1621966 2911660 1521761 2827422 0449432 1273518 0178784
 1706214 0024779 1706473 1303103 0002778 0936012 1524024 0162340 0441712 1706376 1883351 1999230 0015392 0154830 0339467 0011884 0035309 0241863 0334094 1962966
 0025663 0025664 0449851 0444266 0370003 2347026 1301820 0681850 1550501 1706203 0024441 0332240 0332574 0544726 1823381 1881060 0024441 0332574 0544726 1823381 1881060 0868928 1533148 0154830 0339467 0011884 0035309 0241863 0334094 1962966 0868928 1533148
 0033684 1705052 0086972 0205448 0443299 0687118 1705052 0740116 2827735 2981700 0013862 0071500 0596607 0013855 0017243 0071499 1382104
 0015230 0329155 0848332 1427618 1705203 1293950 0037125 0234621 0487602 0947651 1305285 1318876 1704680 0449774 0936012
 0033684 0015230 0329155 0848332 1427618 1705203 2699424 0017243 0868946 0444498 0037813 0436196 0577559 0936012 1306372 3152252
 1274040 1546471 2825142 0015230 0205172 0329155 0848332 1427618 1705203 0024441 0017243 0332574 0442726 0544726 0868928 1511790 1533148 1823381 1881060 0015230 0329155 0848332 1427618 1705203 0936012
 0015230 0329155 0848332 1427618 1705203 0030935 0054966 0030956 0033684 0332255 0486805 1335533 0332257 0213321 1418450 1519082 0014609 0031916 1441547 1521761 2827422 3245521 0072296 3541873 0033551 0132555 0033532 3541268 0123780 0035342 0242210 1148631 0033684 0243122 1145667 1167622
 1518422 0444266 0205396 0229671 1546774 1550043 1550100 1551388 0370003 2347026
 0033684 0154830 0011884 0339467 0035309 0241863 0334094 1962966 0370003 2347026 0442805 0392756 0547047 0024441 0332574 0544726 1707455 1823381 1881060 0370003 2347026
 0015230 0205172 0329155 0848332 1427618 1705203 0154830 0011884 0339467 0017243 0035309 0241863 0334094 0442726 0868928 1511790 1533148 1962966 0015230 0329155 0848332 1427618 1705203 0936012
 0015230 0329155 0848332 1427618 1705203 0030935 0030956 0033684 0332255 0486805 1335533
 0031691 0007367 1413138 0015230 0205396 0205450 0329155 0442726 0848332 1427618 1511790 1550043 1551388 1705203
 0024441 0150312 0332574 0544726 1823381 1881060 0154830 0011884 0339467 0444266 0035309 0229671 0241863 0334094 1546774 1550100 1962966 0370003 2347026
 1707478 0024779 1706473 0086418 1881534 0015392 0024441 0332574 0544726 1823381 1881060 0154830 0339467 0011884 0035309 0241863 0334094 1962966
 0015392 1171362 0185117 1441672 0678226 0031847 0043194 0258432 0277785 1421478 1706912 3146286 0033268
 0002778 0936012 1524024 1524063 0370003 2347026
 0020456 0205263 0392747 0443172 0011884 0035309 0241863 1441672 1962966 0005847 1558950 1801960 2338017 0007634 3282337 0011849 0011847
 0443161 0699900 1265875 0220781 0439634 1522492 0020456 0015127 1524003
 1184743 1522240 0392747 0443172 1709305 2745955 0015127 1524003 0031847 0277785
 0684224 0700287 1521761 2827422 0332257 0332307 0011884 0030660 0030664 0035309 0241863 1314939 1521733 1962966
 0443161 0699900 1265875 1522575 0079280 2267118 0018284 0078057 0005847 0014257 0018270 0220844 0442805 1521761 1558950 1621966 1801960 2827422 2911660 3282905 0014261 0015127 1524003 0021760 1527132 0021764 1527200 0003009 0003018 0079189 1524094 0018284 0018270 0220844 1621966 2911660 1521761 2827422
 0220781 0439634 1522492 1184743 1522240 0033684 0851285 0332257 0079189 1524094 0018284 0018270 0220844 1621966 2911660 1521761 2827422
 1521761 2827422 0380603 0919506 1522505 0016026 0018284 0016030 0018270 0220844 1521761 1527178 1621966 2827422 2911660 0021665 0202220 0037657 1753359 0018284 0018270 0021641 0220844 1521761 1533581 1579433 1621966 2827422 2911660 0062534 1442521 0018284 0018270 0220844 0227525 0669372 1521761 1621966 2827422 2911660 1955473 0205309 1883351 0015392 0040300 0042789 0205227 0233520 1299003 1314939 1547928 1184743 1522240
 0392747 0443172 2316799 0242485 0439861 1552738 0014441 0599956 0042905 0229096 0020168 0597811
 0947630 0439861 0725066 1521840 1521840 2986546 0370003 0439801 0470187 0520510 0700321 1265611 2347026 3542948
 1184743 1522240 1518422 0332128
 1883351 0035168 0242481 1883351 0243095 0872249 0242356 0993637 0015392 0027552 0686904 1883351 1301820
 0033213 1265611 0015392 0014441 1441547 3245521 0700321
 0243107 0678723 1527148 0033684 0036679 0237868 0332529 1881713 1705052 0205448 0439534 1707753 1705052 0740116 2827735 2981700 1704732 0037813 0436196 0577559 1306372 3152252 1552603 1706202 1881534 1979963 2003903 0040300 0005889 0242821 0302908 0460148 1268086 1521806
 1552738 1704732 1705052 0521116 0025663 0449851 0871511 0007634 3282337 0040300 0005889 0242821 0302908 0460148 1268086 1521806 0022171 1552961 2347617 0026385 0005910 0043100 1305866 1521991 1705104
 1441593 1321564 1517331 0184511 0332272 1561611 1514893 1706463 2699488 1514863 0683607 0441889 0456079 1547707 2946261
 1627358 2349975 1704732 1705052 0033684 0015392 0205379
 0425382 0449851 0332149 1705910 2362652 1979963 2003903 1184743 1522240 0040300 1547928
 0947630 0370003 2347026 0015392 0678226 0449851 0750492 1299586 3146286
 0684224 0700287 3273238 0150312 0449450 1979963 2003903 1883067 0015392 0154830 0339467 0011884 0035309 0241863 0334094 1962966 0154830 0339467 0011884 0035309 0241863 0334094 1962966 0220781 0439634 1522492 0024441 0332240 0332574 0544726 1823381 1881060 0443304 0017446 0205147
 1514811 1706462 0370003 2347026 0455052 1521827 1301820 0370003 2347026 0449468 1690016 1705102 2700258 0444266 0370003 2347026 0015392 0040223 3541383 0563537 0229167 0032405 0042903 1414437 0205324 0154830 0339467 0011884 0035309 0241863 0334094 1962966 0015392 0024441 0332574 0544726 1823381 1881060 0015392 0521104 1524004
 0024441 0332574 0544726 1823381 1881060 0024441 0544726 1823381 1881060 0017446 0205146
 0220781 0439634 1522492 0024441 0039869 1883351 0205234 0205359 1140999 0015127 1524003 0007776 1176472 2700441 0205250 0035298 1278894
 0011884 0035309 0241863 1962966 0392760 1314939 0580762 0003847 0006901 0935624 0042520
 0332307 1706907 0334094
 0154830 0339467 0011884 0035309 0241863 0334094 1962966 0205390 1300072 1306673 0027686 0042909 1963280 0019080
 0681850 1550501 1706203 2349001 2697811 0681832 0557651 1285529 1522154 2603343 0349590 1262865
 0444266 0370003 2347026 0175730 1516695 1516698 1547937 1704474 0442504 1704765 1882509 3496241 0020746 0205548 0702093 0179834 0443299 0456205 1552853 1698986
 0427716 1304757 0086045 1446561 0231966 0183400 0444706 3541902 0040371 0022341 1524063
 0884358 1552738
 0006353 0024348 1536403 1720119 1948037 0347982 0027960 0041942 0324740 0439189 1456781 1824986 0332529 0039958 0520515 0601906 0020283 0450407 0450408 0450409 0331955 0038995 0012789
 0370003 2347026 0185125 0011682 0063409 0205222 0439583 1321564 1512080 0331955 0020283 0450407 0450408 0450409
 0439534 0935616 0331955 1273517
 0022169 0000936 2981153 0598352 0884358 1709697 2728259 3484370 0332283 1719822 0439086 2827736 2981702 1883708
 1321564 1698986 0206243 0699809 0439787 0849355
 0600209 1704732 0017243 0050587 0439182 0812409 0884358 1524063 0449913 1553451 1704459 0331955
 0015230 0329155 0848332 1427618 1705203 1293950 0037125 0234621 0487602 0947651 1305285 1318876 1704680 0017243 0183115 0441633 1710020 0683758 0022341
 0034606 0441633 0017243 0007633 0205448 0439643 1512080 2827485
 0200765 0002778 0936012 1524024 1704254 1704922 3542466 0681314 0001554 0376636 1273870 3273539 1524063 0013194 2700580
 0884358 1552738
 0015230 0329155 0848332 1427618 1705203 1318876 0017243 0037125 0947651 1305285 1512080 2827485 2986582 0332024 1706405 0051711 1532563 0002611 0007026 0439190
 2982836 0071762 1532563 0015864 0032821 0117554 0439190 0597277 0074774 0037473 0039950 0597484 1883708 1701810 1882955 0040223 1632851 0043047 0599638 1550678 0051711 1532563 0002611 0007026 0439190 1720092 1948045
 0011175 0050456 0884358 2982836 0541749 0007457 0043157 0220938
 0042221 0179834 1512080 2827485
 2982836 1883708 2348822 0006353 0012238 0041236 0332256 2349986 2700400 0033684 0012238 2349986
 0012238 2349986 0180153 0439844 1272691 2982836 0030956 0185115 3541890 0040223 1632851 0050456
 0030956 1709595 2349200 0042221 0179834 1512080 2827485
 0596495 0037813 1516801 0436196 0577559 0596801 1306372 3152252 0020792 0205396 0030956 0016576 0885348 0001128 0202406 0001963 0022877 0028953 0045143 1185738 1706132 1708715 3244292 3166866
 0441648 1185738 1706132 0030956 0016576 0885348 0001128 0202406 0001963 0002778 0577559 0936012 1306372 1524024 3152252 0681850 1550501 1706203 2349001 2697811 1552738
 0596495 0037813 1516801 0436196 0577559 0596801 1306372 3152252 0020792 0205396 0884358 1552738
 0030956 0006901 0935624 1522408 1704413 1708715 2003858 0011318
 0006901 0935624 0441587 0449416 0806140 1553036 1704413 1705919 2003858 2348791 0183396 0040223 0183395 0577559 1306372 1555977 1710143 2347727 2610507 3152252 3541383
 0543467 3241922 1706701 0002778 0936012 1524024 1550369 0037585 0884358
 2348791 1555977 2610507 0205448 1513371 1705738 2347637 2348146 3242339 0037813 0436196 0577559 1306372 3152252 0599748
 1513371 1705738 2347637 2348146 0037813 1273517 1883351 0034606 0441633 2826292 0370003 2347026
 1513371 1705738 2347637 2348146 0599748 1273517 1883351 0332255 1708096 0030956 1301820 1706701 0002518 0002520 2917660 0001128 0004793 0162326 0162327 0202406 1519249
 0033684 0150103 0205396 1550043 1551388 1708943 0002518 0002520 2917660 1291157 0001128 0162326 0202406 0242356 1524063 0679792 1705194 0022341
 0282597 0596822 0037813 0436196 0577559 1306372 3152252 0282597 0037813 0436196 0577559 1306372 3152252 0020792 0205396 0030956 0040982 0444499 0001128 0202406 1549535 0050456
 1704640 1706515 0055753 3484433 0001128 0202406 0439962 0700307 0332529 0439269 1960952 2346927 0439962 0050456
 0439962 0005971 0333562 0370003 1139930 2347026 3537155 0037638 1697819 0849355 0001861 3536832 1883708 0439962 0005971 0333562 0370003 1139930 2347026 3537155
 0037813 0436196 0577559 1306372 3152252 0206243 0699809 0011198 0017480 0439787 0849355 3541240 1513371 1705738 2347637 2348146
 0449819 0312860 0871208 1521828 0439482
 1883073 2827424 0023089 0034107 0391850 0458142 1023865 1706315
 0006751 0030956 0205450 0884358 0006100 1537501 0003018 0016023 0178635 1551432 1551969 0033727 0369286 0441932 0564385
 0745732 3272378 0950141 0002518 0872249 0004793 0033684 0162326 0162327 0242356 0993637 1519249 1706202 1524063 2348167 0336791 2827396 0033684
 0949466 0005863 0002778 0936012 1524024 1705493 0681850 1550501 1706203 2349001 2697811 0024441 0332574 0544726 1823381 1881060 0681850 1550501 1706203 2349001 2697811 0154830 0339467 0011884 0035309 0241863 0334094 1962966 0006353 0449468 1690016 1705102 2700258 2825407 1720119 1948037 1720119 1948037
 0370003 2347026 0013855 0017243 1382104 1883708 0071710 0016327 0025255 0348011 0596901 1706182 0489786 0020898 0021764 0022271 0700308 0033727 0369286 0441932 0564385 0450316
 0025255 0700308 0028778 0033727 0332206 0369286 0441932 0564385 2983591 2348236 0005903 0039476 1547703 0026131 0349374 0444318 2825079 0041175 0006353 0036082 0077281 0814229 0041420 0700308 0033727 0369286 0441932 0564385 1439852 2348236 0005903 0039476 1547703 0003241
 0025255 1548982 1439852 0025914 0025929 0026809 0051979 0034493 0019941 0027021 0031179 0330510 0522529 0939835 1110641 1318719 0702093 2348236 0005903 0039476 1547703 1548982
 0003241 0949466 0005863 0039152 0002778 0442726 0449913 0936012 1511790 1524024 1553451 1704459 1705493 1332684 0332287
 0557061 2584313 1514811 1706462 0024441 0332240 0332574 0544726 1823381 1881060 0427716 1304757 2827768 0086045 1446561 1704732 1705052 1514721 2348147 3542016 0439267 0439394 1706495 3642217
 0015230 0329155 0848332 1427618 1705203 1510992 2825518 0015230 0329155 0848332 1427618 1705203 0349966 1337208 0015230 0329155 0848332 1427618 1705203 1510992 2825518 0015230 0329155 0848332 1427618 1705203 0349966 1337208 0037125 0442726 0947651 1305285 1318876 1511790 2986582 0042905 0017243 0370003 2347026 0015392 0024441 0332574 0544726 1823381 1881060 0022169 0000936 2981153 0884358 1524063 1138565 0020283 0439182 0450407 0450408 0450409 0812409 0015392 0450348 0015392
 1317658 0449774 0024441 0332574 0544726 1823381 1881060 0001779 0009253 0036864 0079399 1314687 1522384 0205390 1300072 1306673 0444594 0008902 0008903 0678229
 0439177 0555903 1261360 0439175 0439810 0015230 0205396 0329155 0848332 1427618 1550043 1551388 1705203
 0205393 0036825 0349966 0439086 2827736 2981702
 0015230 0329155 0848332 1427618 1705203 0442726 1511790 0370003 2347026 0024441 0332574 0544726 1823381 1881060
 0033684 0444266 0370003 2347026 0332257 3538986 0040679 1442762 0036773 0728877 0001924 0229671 1546774 1550100 0072348 1418544 0443619 0017968 0003438 0724532 0003440 0439070 1705160 0019067 1415712 0337112 1524075 0018595 0055966 1413514 2609437 0003591 0085201 0003592 0003591 1440809 1420192 0337112 0439539 1524075 0023693 0337112 1306462 1524075 1881376 0032923 1421224 0021966 0221138
 0449911 0333052 2607870 0557702 1272706 1704674 0557702 1272706 1704674 0349966 1337208
 2827734 2981698
 0037125 0947651 1305285 1318876 2986582 0042905 0017243 0370003 2347026 0015392 0024441 0332574 0544726 1823381 1881060
 0022169 0000936 2981153 0884358 1524063 1138565 0020283 0439182 0450407 0450408 0450409 0812409
 0439175 0439810 0332256 2700400 0060916 0086376 0439267 0370003 2347026 1138565 0017243 0020283 0185125 0439182 0450407 0450408 0450409 0812409 1382104
 0449911 0333052 2607870 0557702 1272706 1704674 0557702 1272706 1704674 0349966 1337208
 0740116 2827735 2981700
 0037125 0947651 1305285 1318876 2986582 0042905 0017243 0370003 2347026 0015392 0024441 0332574 0544726 1823381 1881060
 0022169 0000936 2981153 0884358 1524063 1138565 0020283 0439182 0450407 0450408 0450409 0812409
 0439175 0439810 0332256 2700400 0060916 0086376 0439267 0370003 2347026 1138565 0017243 0020283 0185125 0439182 0450407 0450408 0450409 0812409 1382104
 0449911 0333052 2607870 0557702 1272706 1704674 0557702 1272706 1704674 0349966 1337208
 0439086 2827736 2981702
 0037125 0947651 1305285 1318876 2986582 0017243 0370003 2347026 0030705 0024441 0332574 0544726 1823381 1881060
 0022169 0000936 2981153 0884358 1524063 1138565 0020283 0439182 0450407 0450408 0450409 0812409
 0439175 0439810 0332256 2700400 0060916 0086376 0439267 0444266 0370003 2347026 1138565 0017243 0020283 0185125 0439182 0450407 0450408 0450409 0812409 1382104
 0449911 0039224 1706073 1706074 0557702 1272706 1704674 0557702 1272706 1704674 0087044 0033684 0030705 0205396 1550043 1551388 0370003 2347026 0024441 0332574 0544726 1823381 1881060 1317658 0449774 0444266 0370003 2347026 0024441 0332574 0544726 1823381 1881060 2348205 0237753 0449788 1705242
 1510992 2825518 0015230 0329155 0848332 1427618 1705203 0015230 0329155 0848332 1427618 1705203 0037125 0947651 1305285 1318876 2986582 0017243 1138565 0020283 0439182 0450407 0450408 0450409 0812409
 0205393 0015230 0033684 0329155 0848332 1427618 1705203 0015230 0329155 0848332 1427618 1705203 0017243 0229671 1546774 1550100
 0015230 0329155 0848332 1427618 1705203 0042905 0017243 0442726 1511790 0370003 1518422 0444266 0017243 0205396 0229671 1546774 1550043 1550100 1551388 0370003
 0015230 0329155 0848332 1427618 1705203 0205396 1305923 1550043 1551388 0213321 1418450 1519082 0014609 0031916 0332255 0486805 1441547 1521761 1708096 2827422 3245521 0072296 3541873 0033551 0132555 0033532 3541268 1415277 0017822 1415275 0017817 0027021 0031179 1318719 0123780 0035342 0242210 1148631 0033684 0243122 1145667 1167622 0021966 0221138
 0154830 0339467 0011884 0035309 0241863 0334094 1962966 0427716 1304757 2827768 0086045 1446561 1704732 1705052 1514721 2348147 3542016 0439267 0439394 1706495 3642217
 0015230 0329155 0848332 1427618 1705203 1510992 2825518 0015230 0329155 0848332 1427618 1705203 0349966 1337208 0015230 0329155 0848332 1427618 1705203 1510992 2825518 0015230 0329155 0848332 1427618 1705203 0349966 1337208 0037125 0442726 0947651 1305285 1318876 1511790 2986582 0042905 0017243 0370003 2347026 0015392 0154830 0339467 0011884 0035309 0241863 0334094 1962966 0022169 0000936 2981153 0884358 1524063 1138565 0020283 0439182 0450407 0450408 0450409 0812409 0015392 0015392
 1317658 0449774 2348205
 0439177 0555903 1261360 0439175 0439810 0015230 0205396 0329155 0848332 1427618 1550043 1551388 1705203
 0205393 0036825
 0033684 0024441 0332574 0442726 0544726 1511790 1823381 1881060 0370003 2347026 0033684 1518422 0024441 0205396 0332574 0544726 1550043 1551388 1823381 1881060 0370003 2347026 0205214 0229671 1522138 1546774 1550100 3245511
 0033684 0332257 3538986 0024420 0017446 0205147 0017968 1979927 0007841 0373573 1151847 0003595 0003591 0009516 0009498 0033457 1824729 1305959 0009498 1521761 2827422 0110533 1442484 0016006 1305959 0009498 0021966 0221138 1521761 2827422 1440811 1420192 0337112 0439539 1524075 0017968 0021966 0221138 0017968 0086509 1537501 0052193 1412480 0003591 0007427 1332805 0007428 0033706 2828369 0349966 0439084 0728893
 1317658 0449774 0370003 2347026 0011884 0035309 0241863 1962966 1514863 0392148 0024440 0271051 0013604 0332574 1717255 0439793 2983285
 0449911 0333052 2607870 0557702 1272706 1704674 0557702 1272706 1704674 0349966 1337208

 0037125 0947651 1305285 1318876 2986582 0042905 0017243 0370003 2347026 0015392 0154830 0339467 0011884 0035309 0241863 0334094 1962966
 0022169 0000936 2981153 0884358 1524063 1138565 0020283 0439182 0450407 0450408 0450409 0812409
 0439175 0439810 0332256 2700400 0060916 0086376 0439267 0370003 2347026 1138565 0017243 0020283 0185125 0439182 0450407 0450408 0450409 0812409 1382104
 0449911 0333052 2607870 0557702 1272706 1704674 0557702 1272706 1704674 0349966 1337208
 0439084 0728893
 0037125 0947651 1305285 1318876 2986582 0042905 0017243 0370003 2347026 0015392 0154830 0339467 0011884 0035309 0241863 0334094 1962966
 0022169 0000936 2981153 0884358 1524063 1138565 0020283 0439182 0450407 0450408 0450409 0812409
 0439175 0439810 0332256 2700400 0060916 0086376 0439267 0370003 2347026 1138565 0017243 0020283 0185125 0439182 0450407 0450408 0450409 0812409 1382104
 0449911 0039224 1706073 1706074 0557702 1272706 1704674 0557702 1272706 1704674 0033684 0030705 0205396 1550043 1551388 0370003 2347026 1707455 0154830 0339467 0370003 2347026 0024441 0332574 0544726 1823381 1881060 0154830 0339467 0011884 0035309 0241863 0334094 1962966 0439177 0555903 1261360 0439175 0439810 0150312 0449450 1518422 0024441 0205396 0332574 0544726 1550043 1551388 1823381 1881060
 1883712 0449468 1690016 1705102 2700258 0017243 0370003 2347026 0154830 0339467 0011884 0035309 0241863 0334094 1962966 0205217 0442805 0015230 0205280 0329155 0848332 1427618 1705203 1707455 0017243 0370003 2347026 0024441 0332574 0544726 1823381 1881060 0349966 0740116 2827735 2981700 0439084 0728893
 0015230 0329155 0848332 1427618 1705203 0444266 0205396 0229671 1546774 1550043 1550100 1551388 0370003 2347026 0205170 3146287 0349966
 0442805 0392756 0547047 0205369 1552740 0024441 0332574 0544726 1823381 1881060 0370003 2347026 0154830 0683454 0021966 0221138
 0213321 1418450 1519082 0014609 0031916 1441547 1521761 2827422 3245521 0072296 3541873 0033551 0132555 0033532 3541268 1415277 0017822 1415275 0017817 0027021 0031179 1318719 0123780 0035342 0242210 1148631 0033684 0243122 1145667 1167622
 0015230 0329155 0848332 1427618 1705203 0024441 0205396 0332574 0544726 1550043 1551388 1823381 1881060 0370003 2347026 0154830 0011884 0339467 0035309 0241863 0333118 0334094 1962966 0370003 2347026
 0015230 0329155 0848332 1427618 1705203 1138565 0020283 0439182 0450407 0450408 0450409 0812409 3152252 0577559 1306372 1305923 0332255 0486805 1708096 2346714 0549177 1515981 1704243 1880371 1138565 0020283 0439182 0450407 0450408 0450409 0812409 0026385 0005910 0043100 1305866 1521991 1705104
 0205549 2348044 0425382 0015252 0548441 0025664 0184661 2700391 0725066 1704732 1705052 1138565 0020283 0439182 0450407 0450408 0450409 0812409 0370003 2347026 0024441 0332574 0544726 1823381 1881060 0370003 2347026 0154830 0339467 0011884 0035309 0241863 0334094 1962966 0370003 2347026
 1265611 0229671 1546774 1550100 0370003 2347026 0439583 0040822 1883023 0806140 0331955
 2346972 0007703 1882443 0439084 0728893 1883708 2963144 0302908 1304698 1546699 1561501 1516695 1516698
 2346972 1548982 0040223 1632851 0302908 1304698 1546699 1561501 1516695 1516698
 1185738 1706132 1273517 1883351 1880310 2003864 0005889 0302908 1521806
 0392747 1554963 0455052 1521827 0015230 0205451 0329155 0848332 1427618 1705203
 0015230 0329155 0848332 1427618 1705203 1518422 0024441 0150312 0332574 0544726 1823381 1881060 0154830 0011884 0339467 0444266 0035309 0229671 0241863 0334094 1546774 1550100 1962966 0370003 2347026
 0015230 0205451 0329155 0848332 1427618 1705203 0205450 0031691 0205396 1550043 1551388 0007367 1413138 0349966 1337208 1412573 2350443 3539770
 0449911 0333052 2607870 0557702 1272706 1704674 0557702 1272706 1704674 0349966 1337208

 1707455 0444266 0370003 2347026
 0037125 0947651 1305285 1318876 2986582 0042905 0017243 0015392 0154830 0339467 0011884 0035309 0241863 0334094 1962966 0849355
 0022169 0000936 2981153 0884358 1524063 1138565 0020283 0439182 0450407 0450408 0450409 0812409
 0439175 0439810 0332256 2700400 0060916 0086376 0439267 0370003 2347026 1138565 0017243 0020283 0185125 0439182 0450407 0450408 0450409 0812409 1382104
 2347469 0037125 0947651 1305285 1318876 2986582 0017243 0030705 0154830 0339467 0011884 0035309 0241863 0334094 1962966 0849355
 0022169 0000936 2981153 0884358 1524063 1138565 0020283 0439182 0450407 0450408 0450409 0812409
 0439175 0439810 0332256 2700400 0060916 0086376 0439267 0444266 0370003 2347026 1138565 0017243 0020283 0185125 0439182 0450407 0450408 0450409 0812409 1382104
 0851285 1327622 0007367 1413138 0205397
 0949466 0005863 0002778 0936012 1524024 1705493 0521093 0750484 1456348 2607943 2926606 3539655 0205369 1552740 0884358 0949466 0005863 1514534 0002778 0936012 1524024 1705493 0683454 0021966 0221138
 0213321 1418450 1519082 0014609 0031916 1441547 1521761 2827422 3245521 0072296 3541873 0033551 0132555 0033532 3541268 0031691
 0213321 1418450 1519082 0014609 0031916 1441547 1521761 2827422 3245521 1555271 0072296 3541873 0033551 0132555 1414404 1880904 0027882 0031691 0205369 1552740 0439801 3542948 2827734 2981698 0034493 0331834 1135440 1254351 0220853 0003241 0205225 0439631 1273517 0949466 0005863 0002778 0936012 1524024 1705493
 0033684 0442726 1511790 0370003 2347026 0349966 1337208 1412573 2350443 3539770 0002778 0751973 0936012 1524024 0349966 0439086 2827736 2981702
 0449911 0333052 2607870 0557702 1272706 1704674 0557702 1272706 1704674 0349966 1337208

 0949466 0005863 0002778 0936012 1524024 1705493
 1708639 0229671 1546774 1550100
 0740116 2827735 2981700 0154830 0339467 0011884 0035309 0241863 0334094 1962966
 0439086 2827736 2981702 0024441 0332574 0544726 1823381 1881060
 0024441 0332574 0544726 1823381 1881060 0003241 0021027 0034493
 0949466 0005863 0002778 0936012 1524024 1705493 0444266 0229671 1518422 1546774 1550100 0370003 2347026
 2347469 0949466 0005863 0085801 0002778 0936012 1524024 1705493 0444266 0229671 1518422 1546774 1550100 0370003 2347026
 0949466 0005863 0002778 0936012 1524024 1705493 0024441 0332574 0544726 1518422 1823381 1881060 0444266 0370003 2347026
 1514811 1706462 1514534 0002778 0936012 1524024 2707190 0002778 0025663 0449851 0751973 0871511 0884358 0936012 1524024
 0442726 1511790 0040223 3541383 0017243 1382104 0370003 2347026
 0684224 0700287 1524063 0025663 0449851 0871511 0205396 1550043 1551388 0205447 0033684 1265611 0439801 3542948 0005889 0242821 0302908 0460148 1268086 1521806 1707455 0229671 1546774 1550100 0007806 0007807 0005889 0302908 0444611 1704353 0042036 0042037 2963137
 2707190 0025663 0449851 0871511 2983310 1979963 2003903 0017243 0037179 0087136 0205171 0449450 1382104
 1511726 3245479 0150312 0449450 0947630 0033684 0012634
 0015230 0205172 0329155 0848332 1427618 1705203 0024441 0015230 0017243 0329155 0332574 0442726 0544726 0848332 1427618 1511790 1705203 1823381 1881060 0936012 0030935 0054966 0030956 0033684 0332255 0486805 1335533
 0033684 0015230 0329155 0439064 0848332 1427618 1705203 0700364 0392747 1554963 0243125 0699900
 1317658 0449774 0444266 0370003 2347026 0370003 2347026 1518422 0444266 0205396 0229671 1546774 1550043 1550100 1551388 0370003 2347026
 0030956 0332148 0750492 1335533 0332255 0486805 0750492 0015392 0040300 0042789 1299003 1547928
 0033684 0213321 1418450 1519082 0014609 0031916 0205396 1441547 1521761 1550043 1551388 2827422 3245521 0072296 3541873 0033551 0132555 0033532 3541268 1415277 0017822 1415275 0017817 0027021 0031179 1318719 0123780 0035342 0242210 1148631 0033684 0243122 1145667 1167622
 0015230 0205172 0329155 0848332 1427618 1705203 0154830 0011884 0339467 0017243 0035309 0241863 0334094 0442726 1511790 1962966 0015230 0329155 0848332 1427618 1705203 0936012 0030935 0030956 0033684 0332255 0486805 1335533
 0033684 0442726 1511790 0370003 2347026 0229671 1546774 1550100 0033684 0024441 0332574 0442726 0544726 1511790 1823381 1881060 0370003 2347026 0205217 0233535 0442805 0449468 0370003 2347026 0154830 0339467
 1883712 0036825 0444266 0205427
 0392148 0750591 1883351 1274040 1546471 2825142 0042909 1963280 0035317 0019080
 0392148 0031691 0007367 1413138 0370003 2347026 0154830 0370003 2347026 1705535 0033684 0015392 0241863 1280202 2987476 0032214 0600138 0035820 0154830 0339467 0011884 0035309 0241863 0334094 1962966
 3641272 0010957 0235272 0035298 0040300 0205082 0439849 0442824 0445223 1547928 1883709
 1301820 1706701 1511726 3245479
 0031691 0442726 1511790 0370003 2347026 0015392 0154830 0339467 0011884 0035309 0241863 0334094 1962966 0392747 1554963 0370003 2347026 0015252 0728940 1414404 1880904 0027882 0031691 0205369 1552740 0949466 0005863 0521093 0002778 0750484 0936012 1524024 1705493 1524063 1414404 1880904 0027882 0031691 0205369 1552740
 1414404 1880904 0027882 0031691 0205369 1552740 1524063 0005516 0010957 0205178 0521390 1273517 1883709 0086418 0027765 0012634
 0007785 0917798 0022116 0086418 0205263 0030685 0391871 0439180 0680255 1283071 1963578 0015350 0521119 1704640 1706515 0450348
 0347602 3263722 3263723 0030685 0391871 0439180 0680255 1283071 1963578 1414404 1880904 0027882 0031691 0205369 1552740 1720732 1959691 0005889 0302908 0442726 0444611 1511790 1704353 2699708 0599956 0229671 1546774 1550100
 0007367 1413138 0014442 0154830 0011884 0339467 0035309 0241863 0334094 0442726 1511790 1962966 0370003 2347026 2362652 0439861 1519269 0015392 1280202
 0392148 0439861 0039798 0087111 1522326 1533734 1705169 3538994 0001314 0012634 0035298 1278894
 0213321 1418450 1519082 0014609 0031916 1441547 1521761 2827422 3245521 0150312 0449450 2246566 1704640 1706515 0684224 0700287 3496591 1883351 0032214 0600138 0035820 1705810
 0557651 2603343 0015230 0329155 0848332 1427618 1705203 1883351 0442805 0392756 0547047 0370003 2347026 0154830 0339467 0011884 0035309 0241863 0334094 1962966 0024441 0332574 0544726 1823381 1881060
 0037088 0243095 2825141 1705535 0014653 0205415 0560184 0243077 0442805 0851285 0392756 0547047 1522575 0079280 0078057 0018284 0014261 0005847 0014257 0018270 0220844 1521761 1558950 1621966 1801960 2827422 2911660 0213321 1418450 1519082 0002976 0014609 0031916 1441547 1521761 2827422 3245521 0183683 1521721 0595938 1280500 2348382 0441889 0456079 1547707 2946261
 0684224 0700287 1444656 0441889 0456079 1547707 2946261 1548673 1522575 0079280 0018284 0078057 0005847 0014257 0018270 0205108 0220844 1521761 1558950 1621966 1801960 2827422 2911660 0014261 0154830 0339467 0011884 0035309 0241863 0334094 1962966 0004606 0011884 0035309 0241863 1962966 0024441 0332574 0544726 1823381 1881060
 0150312 0449450 1883351 0205197 0023621 0751608 0872147 0015392 0332218 0872252 1524063 0229096 1547957 0438734 0005889 0302908 0444611 1704353 1706214 3244320 1546466
 0684224 0700287 3496591 0001924 1551359 2741673 2981730
 0015230 0329155 0848332 1427618 1705203 0021027 1621846 0185027 1948020 0015230 0329155 0848332 1427618 1705203 0033684
 0205309 1293950 0487602 1704680 1547282 1883351 0040223 1632851 0332324 1550474 1511790 0439213 0439801 0441889 0456079 1547707 2946261 3542948 0450355 0036667 0312418 0427965 1511883 1522640 2346484 2349185 0439801 3542948 0332232 1883351 0441889 0456079 1547707 2946261
 0684224 0700287 3496591 1522575 0079280 0078057 0018284 0014261 0005847 0014257 0018270 0220844 1521761 1558950 1621966 1801960 2827422 2911660 0380603 0919506 1522505 0016026 0018284 0016030 0018270 0220844 1521761 1527178 1621966 2827422 2911660 0062534 1442521 0018284 0018270 0220844 0227525 0669372 1521761 1621966 2827422 2911660 1521761 2827422 0436331 0011884 0035309 0241863 1962966 0205390 1300072 1306673
 0442726 0033684 0030956
 0449295 1274040 1546471 2825142 1524063 1265611 0370003 2347026
 1517331 1272688 1280477 0449851 2986411 0020792 0205396 1514534 0002778 0033684 0936012 1522508 1524024 1880177 1979963 2003903 0376554 0012634
 2825232 1514756 0348078 0376315 1515981 1522492 1527075
 0034037 1704324 0030351 2348291 3540820 0000723 1273517 1522575 0079280 0078057 0018284 0014261 0005847 0014257 0018270 0220844 1521761 1558950 1621966 1801960 2827422 2911660 1522575 0079280 0078057 0018284 0014261 0005847 0014257 0018270 0220844 1521761 1558950 1621966 1801960 2827422 2911660
 0380603 0919506 1522505 0016026 0018284 0016030 0018270 0220844 1521761 1527178 1621966 2827422 2911660 0380603 0919506 1522505 0016026 0018284 0016030 0018270 0220844 1521761 1527178 1621966 2827422 2911660
 0062534 1442521 0018284 0018270 0220844 0227525 0669372 1521761 1621966 2827422 2911660 0062534 1442521 0018284 0018270 0220844 0227525 0669372 1521761 1621966 2827422 2911660
 0037813 0436196 0577559 1306372 3152252 0037813 0436196 0577559 1306372 3152252
 1138565 0020283 0439182 0450407 0450408 0450409 0812409 1138565 0020283 0439182 0450407 0450408 0450409 0812409
 0154830 0339467 0011884 0035309 0241863 0334094 1962966 0154830 0339467 0011884 0035309 0241863 0334094 1962966
 0024441 0332574 0544726 1823381 1881060 0024441 0332240 0332574 0544726 1823381 1881060
 1705052 0205448 0439534 1707753
 1516801 0596801 1516801 0596801
 0022169 0000936 2981153 0022169 0000936 2981153
 2348791 1555977 2610507 2348791 1555977 2610507
 0282597 0282597 0023089 0458142 0596801 1023865 1269765 1704640 1706315 1706515
 0037813 0436196 0577559 1306372 3152252 0037813 0436196 0577559 1306372 3152252
 0213321 1418450 1519082 0014609 0031916 1441547 1521761 2827422 3245521 0213321 1418450 1519082 0014609 0031916 1441547 1521761 2827422 3245521
 0123780 0035342 0242210 1148631 0033684 0243122 1145667 1167622 0123780 0035342 0242210 1148631 0033684 0243122 1145667 1167622
 1414404 1880904 0027882 0031691 0205369 1552740 1414404 1880904 0027882 0031691 0205369 1552740
 0043227 0596667 0596664 0260206 0035176 0018173 0018684 0035168 0036397 0242481 1521721 1548284
 0018684 0037440 0015392 1280202 0036397 0152036 1522005 0002111 0020517 0489531 1314973 3539909 0029216 0040732 0040733
 0010186 0220812 0449719 1709471 0220808 0680264 0007961
 1706852 0522501 1706089 0949214
 0205155 1293097 1522472 1552923 1705191
 0597277 1708601

 0369637 0441923 1880177 0043227
 0282413 0376649 1442065
 0587524 1704729 0036397 0870614 0036375 0588053 1547183 0041740 1532717 1881335 0022341
 0013849 1705961 0024492 1538057 1547565 1514811 1706462 0557061 2584313 1514811 1706462 1553033 0205090 0684010 2603358 1707260 0205090 0684010 2603358
 1890828 2718122 0205090 0684010 2603358
 0441889 1522575 0079280 0018284 0078057 0014261 0005847 0014257 0018270 0220844 1521761 1558950 1621966 1801960 2827422 2911660 0154830 0339467 0011884 0035309 0241863 0334094 1962966 0007328 0085973 0872128 0243148 0557651 0868928 1550141 1706255 1706256 1882979 2587213 2603343 3274648
 0011847 0011849 1947933 0033727 0369286 0441932 0564385 0033727 0369286 0441932 0564385 2603362
 0003009 0003018 1522575 0079280 0042909 0018284 0078057 0005847 0014257 0018270 0220844 1521761 1558950 1621966 1801960 2827422 2911660 0014261 0154830 0339467 0011884 0035309 0241863 0334094 1962966
 1704648


 1553033 0205090 0684010 2603358
 0439394 1706495 3642217 1890828 2718122 0205090 0684010 2603358
 0028128 0030015 2986642 0427728 0699870 1313904 0086045 0205217 0442805 1518422 0229096 1547957 0005889 0030705 0302908 0439849 0444611 0445223 1704353 0154830 0339467 0011884 0035309 0241863 0334094 1962966


 0025141 1890828 2718122 0205090 0684010 2603358 0205090 0684010 2603358

 3180941 0016006 0021966 0221138 1522575 0079280 0042909 0018284 0078057 0005847 0014257 0018270 0220844 1521761 1558950 1621966 1801960 2827422 2911660 0014261 0154830 0339467 0011884 0035309 0241863 0334094 1962966



 0025141 0597277 1708601

 0597277 1708601
 2603360
 0439267 0035853 0995005 2603362
 0205090 0684010 2603358
 2347469
 0597277 1708601
 0016904 0220780 0001128 0017011 0202406 1552644 2349976 0017789 0220839 1522575 0079280 0018284 0078057 0005847 0014257 0018270 0220844 0441889 1521761 1558950 1621966 1801960 2827422 2911660 0014261 0154830 0339467 0011884 0035309 0241863 0334094 1962966
 0230467 0741204

 0000857 0600678 1552863 2603360 0033727 0369286 0441932 0564385 0033727 0369286 0441932 0564385 0574547 2603360
 0062534 1442521 0018284 0018270 0220844 0227525 0669372 1521761 1621966 2827422 2911660 0154830 0339467 0011884 0035309 0241863 0334094 1962966 0035309 0012634
 0011847 0011849 1947933 0000857 0600678 1552863 0597277 1708601 2603360 2603360 1491778 0597277 1708601 0369637 0441923
 0205210 1521761 2827422 1522575 0079280 0018284 0078057 0005847 0014257 0018270 0220844 0439849 0441889 0445223 0599956 1521761 1558950 1621966 1801960 2827422 2911660 0014261 0062534 1442521 0018284 0018270 0220844 0227525 0669372 1521761 1621966 2827422 2911660

 2347379
 0025141
 0369637 0441923
 0369773 2603361 0033727 0369286 0441932 0564385
 0439267
 0439267
 2603360 0033727 0369286 0441932 0564385 0016327 0439133 1553038
 0441889 0017801 1415119 0017797 0023689 0021760 1527132 0021764 1527200 0030705 0035305 1963229 0035298 0541879 0595950



 0025141 0439394 1706495 3642217 0369773 2603361 1553033 2603362
 0032200 1979795 0018284 0005821 0018270 0220844 1441547 1521761 1621966 2827422 2911660 3245521 0441889 0012634
 1704648


 1553033 0439267 0018599 2347469 0205090 0684010 2603358
 3166194 3172565 1301808 1442792 3148680 1138565 0020283 0450407 0450408 0450409 0812409
 0013855 0025141 2603362
 0369637 0441923
 0185125 1524063 1138565 0020283 0450407 0450408 0450409 0812409 0449438
 0013855 0025141 0369773 2603361
 0037813 0436196 0577559 1306372 3152252 0017428 0557651 0947630 2338314 2603343 0031843 0542341 0700205 1705273



 0025141
 0205090 0684010 2603358 0205437
 1552603 1706202 1524063 1511726 3245479 0037813
 0013855 0025141 0369773 2603361
 0033727 0369286 0441932 0564385
 0678632 1705052 0201719 0013855 0205448


 0201682
 0000857 0600678 1552863 2603360 1553033

 0370003 2347026 0185125 1947919 2347934 3539080 1514893 1706463 2699488 1138565 0020283 0450407 0450408 0450409 0812409 0439534
 0013855 0025141
 0016327 0439133 1553038 1208040 0439394 1706495 3642217 0369637 0441923
 0205090 0684010 2603358
 0016327 0439133 1553038
 0184511 0332272 1561611 0185125 1947919 2347934 3539080 1524063
 0013855 0025141

 0024441 0332240 0332574 0544726 1823381 1881060 0029087 1555792 3538926

 0011884 0035309 0241863 1962966 0029087 1555792 3538926
 2347469 0597277 1708601 0597277 1708601
 0449445 1292724 2348791 1555977 2610507 2348791 0183396 0040223 0183395 0577559 1306372 1555977 1710143 2347727 2610507 3152252 3541383
 0013855 0025141 0439114 0369637 0441923
 0002518 0751971 1553778 1561491
 0003461 2939124
 0201682
 0450387 0025141 0017110 0596601

 0024441 0332574 0544726 1823381 1881060
 2363430 0543483 0699748
 0230467 0741204

 0000857 0600678 1552863 0019939 0016327 0439133 1553038
 1414404 1880904 0027882 0031691 0205369 1552740 0229671 1546774 1550100
 0038454 0557061 2584313 0016327 0439133 1553038
 0205090 0684010 2603358
 0597277 1708601 0080045
 0007457 0043157 0220938 0205090 0684010 2603358
 0016327 0439133 1553038 0439267
 2347469
 0439394 1706495 3642217
 0033727 0369286 0441932 0564385
 1414404 1880904 0027882 0031691 0205369 1552740 0442805 0005775 0205373 1516559 0332282 0022116
 2347379
 0025141

 1414404 1880904 2350331 0027882 0031691 0205369 1552740

 2347379
 0450348 0025141 0369637 0441923
 0369637 0441923
 0016327 0439133 1553038
 1545588 3263722 3263723 0038838 0038836 0007367 1413138

 1571809
 3642273
 0000857 0600678 1552863 1431628
 2603362
 0369773 2603361
 0205177 0439167 0441655 0597304 1561536 1947941 0213321 1418450 1519082 0014609 0031916 1441547 1521761 2827422 3245521 0439851 1947931 0015392



 1571809
 3642273
 0000857 0600678 1552863 1551910
 0439114
 0369773 2603361 2603362
 0033727 0369286 0441932 0564385 0369718 0441922 1553036
 0369773 2603361
 0213321 1418450 1519082 0014609 0031916 1441547 1521761 2827422 3245521 0596087 1999216
 0036397 0369718 0441922 1553036 2603360 2603360 0369637 0441923
 0213321 1418450 1720510 1519082 0014609 0031916 1441547 1521761 2827422 3245521 0205251 1299352 1550472 0205250 1299351 2700149



 0025141 0369718 0441922 1553036 2603360 0369637 0441923
 0441889 1522575 0079280 0018284 0078057 0005847 0014257 0018270 0220844 1521761 1558950 1621966 1801960 2827422 2911660 0423009 0014261 1276272 0271055 0035305 1963229 0035298 0541879 0595950 0242852 1860404 2880931 0334094



 0025141 0369718 0441922 1553036 2603360 0369637 0441923
 0441889 1522575 0079280 0018284 0078057 0005847 0014257 0018270 0220844 1521761 1558950 1621966 1801960 2827422 2911660 0014261



 0025141 0205090 0684010 2603358
 0205437 1553033
 0205090 0684010 2603358 2603362
 1318876 0038128 0030956
 0003461 2939124

 0025141 2347469 0369637 0441923
 0033684 0033666 0687676 1519614 1704687 0392747 1554963




 0025141 1527021 1554111 1705606 3541382 0333052 0332185 0441061 0179636 1824528 0239110 1706852 0239110 0687676 1704687 0239110 1705565 1947976 0687676 1704687 0557854 0013849 1705961 1706852 0282420 1706852 1138432 0239110 0162443 0205314 0033213 1706387 1706852 0597277 1708601
 1706852 0033727 0369286 0441932 0564385
 0597277 1708601
 1706852 0597277 1708601
 1706852 0033727 0369286 0441932 0564385
 0597277 1708601
 0039224 1706073 1706074 0013621 0013622 0013658 0039401