 0876956 1880945 0002778 0936012 1524024 1517673 0022646 0227665 1278978 1514845 0332282 1707476 2348662 1704729 0205155 1293097 1522472 1552923 1705191 0036375 0006037 0520510 0557061 2584313 0458342 0035168 0205132 0205314 1514811 1550648 1552960 1706462 2987583 0441712 1184743 1522240 0332281 0920394 0003018 0020538 0851827 1701901 1963138 3244310 0185125 2707190 0025663 0449851 0871511 0040649 0022646 0025914 0025929 0026809 0227665 0392747 0443172 1705241 1517673 0020538 1963138 0001554 1533734
 0025914 0025929 0026809 0598330 0029391 0311417 0003018 1547085 0439228 0488055 0871470 1306620 0005823 1271104 1272641 0005767 0005768 0033095 0039155 0229664 0460139 1306345 0032221 0039259 0441107 0444706 1550244 1706501 3541902
 0025914 0025929 0026809 0035668 0022646 0205409 0227665 1548221 1273517 1883351 2827421 0876956 1880945 0002778 0936012 1524024
 1707455 0022646 0227665 1882932 1519595 1139855 1519595 1705242 0017337 0369773 2603361 0022646 0227665 0857121 1278978 1514845
 1261322 1516048 0017337 0205314 0679622 1511790 1274040 1546471 2825142 0035820 0205314 0524637 1515981 3245505 0017337 1999230 0182400 1280500 0020538 1963138
 3178810 1517673
 1979886
 0076726 1416669 0022478 0040300 1547928
 0520510 0557061 2584313 1514811 1706462 0012634 1837655 0019409 0205403 0205102 0439674 1516998 0027361 0237401 0032659 1257890
 1518422 0035168 2987583 1517519 0017428 0034606 0441633 2338314 2826292 0023745 0947630 2607943 2926606 3539655
 0752248 1449575 0359589 1999230 1523987 0449445 0337112 1524075 0441471 3541888 0020538 0332152 1522538 1963138
 1753304 0019868 0005823 1271104 1272641 0700630 0542341 0557651 0947630 2603343 0000936 2981153 1704259 0205447 0205474 0449432 1705987 0031842 0031843 0150312 0162340 0449450 1527178 1705938 0332183 0332218 1515655 0205238 0205463
 1979874 1979963 2003903 0040300 1547928 0178784 0359589 1999230 0024779 1706473 0558058 0871261 1704632 1706817 2911692 0012634 0348080 1705253
 1273517 0449851 0876956 1880945 0002778 0936012 1524024 1883351 0182400 1704681 2347609 3536729 0040649 0025914 0025929 0026809 0392747 0443172 1705241 0920394 0020538 1963138
 0086907 0035096 2984247 1115104 0002006 0003018 0035094 0035100 0449913 1419338 1553451 1704459 0557651 2603343 0719214 0439509
 0003018 0015264 0232370 0178784 1521840 2986546 0332257 0005847 0022646 0227665 1278978 1514845 0018787 1281570 0542341 0005823 1271104 1272641 0005767 0005768 0033095 0229664 0460139 1306345 0005889 0302908 0444611 1704353 2255937 0019868
 0599779 0003062 3161035 0001554 1533734 1280500 2348382 0005823 1271104 1272641 0005767 0005768 0033095 0229664 0460139 1306345 0205309 1883351 0015127 1524003 0003842 0221464 0221198 0018790 0237477 0392351 0521111 0016017 1305868 0220781 0439634 1522492 0450388 0205263 0162638
 1979886 0032214 0600138 0035820 1705810 0018802 0018801 0018787 0231174 0680095 0742742 1281570 0010054 0151744 1313980 0018799 0012634 0018787 0475224 1281570
 0035820 1705810 0205463 1184743 1522240 0439064 0449913 0557651 1553451 1704459 2603343 1261322 1516048 0439659 0205171 0332185 1720467
 0876956 1880945 0002778 0936012 1524024 1706385 2911685 0025663 0449851 0871511
 1449575 0039421 1709016 0876956 1880945 0002778 0936012 1524024 1273517 1883351 0220825 0871261 1704632 1706817 2911692 0040300 1547928 0178784
 1709016 0876956 1880945 0002778 0936012 1524024 1518422 0017337 0376554 0725813 1882932 0449851
 0684224 0700287 3273238 0150312 0449450 1274040 1546471 2825142 0022646 0227665 0025914 0025929 0026809 1547085 0439228 0001554 1533734
 0520510 0520510 0557061 2584313 1514811 1706462 0003062
 0003062 0003062 0020056 0681814 0162791 0220845 0282423 0004927 1947933 1524063 0042153 0457083 1947944 0424934 0006037 0013227 0025118 0036375 0041740 0205540
 0017296 0314603 1706907 0869040 0557651 1273517 2603343 1520440 0013754 0560132 1704677 0080194 0456178
 1305866 0439267 0869040 0557651 1273517 2603343
 0025914 0025929 0026809 1514756 0444889 0574032 1827465 0439267 0033727 0369286 0441932 0564385 3161035 0331769
 0036082
 0002903 0002930 0021102 0700349 0030883 0037473 0597484 0003062 0683607 2983655 0439531 1948053 0001554 1533734 0036082 1548602 1704686 0332173 0439228 0439505
 0488055 0871470 1306620 0005823 1271104 1272641 0005767 0005768 0033095 0039155 0229664 0460139 1306345 0018810 0201785 0018787 0242485 0871208 1281570 1521828 1301820 0025914 0025929 0026809 0234421 0332173 1524063 0449913 1553451 1704459 0005823 1271104 1272641 0005767 0005768 0033095 0229664 0460139 1306345 3161035 0449913 1553451 1704459 1552738 0450348
 0332173 0439228 0439505 0001554 1533734 0005823 1271104 1272641 1511225 0005767 0005768 0033095 0229664 0460139 1306345 0439475 2712122 0439475
 0205197 1554962 0005823 1271104 1272641 0429854 0005767 0005768 0033095 0229664 0242485 0460139 1306345 0025914 0025929 0026809 2347816 0178784 1512335 0442504 1704765 1882509 3496241 0037633 0150312 0332285 0525069 0605411 0016701 0677542
 0035668 0022646 0227665 1273517 1883351 2827421 0243148 1550141 1882979 2587213 3274648 0857121 0876956 1880945 0002778 0936012 1524024 1515981 1519941 1274040 1546471 2825142
 1517331 1883351 1711411 1519516 0017262 0185117 0876956 1880945 0017262 0002778 0017337 0031082 0185117 0205396 0936012 1524024 1550043 1551388 0004927 0200931 0002778 0032520 0677874 0936012 1524024 1524063 0035668 0441835 1642385 0003062 0022646 0205436 0227665 0441833 0457385 0565930 0687744 1257890 1552516 1561503 1705190 1705428 1705429 0680398 0017296 0314603 1706907 1521801 0003018
 0025921 0025914 0025929 0026809 0022877 0869011 3244292 0475311 0444889 0574032 1827465 0369718 0441922 1553036 0036082 0369718 0441922 1553036 0206243 0699809 0439228 0439787 0849355 0442711 1507394 1522729 2348563
 0332173 0439228 0439505 0005823 1271104 1272641 0005767 0005768 0033095 0229664 0460139 1306345 0009932 1642385 1511501 0003062 0243148 1550141 1882979 2587213 3274648 0439475
 0441513
 0876956 1880945 0002778 0936012 1524024 3146294 1552738 0392747 1554963
 0035668 1521827 1524063 0034760
 1883351 2936628 0259846 1881659 2349974 0455052 1521827 0332293 0011519 0011522 1522326 0442711 1507394 1522729 2348563 0012238 2349986 0015252 0728940 0812225 1150635 1705212 1705213 3273202
 0032400 0071360 0747726 0035668 0035668 0205409 0439175 0439810 1548221 1328924 0991566 0028423
 0220781 1883254 0812225 1150635 1705212 1705213 3273202 0012238 2349986 0027965 0023690 0039421 0205173 1705764 1705765 0876956 1880945 0200898 0002778 0936012 1524024 0740116 2827735 2981700 0206243 0699809 0439787 0849355 0991566 1947931
 0012238 2349986 0027965 1883351 0030685 0391871 0439180 0680255 1283071 1963578 1139855 0991566 0441436 0993610 1998480 1139855 0001962 1882443 0012892 0012854 1335439 1997138 0027965
 0441918 1179698 1416177 1704241 1883708 1883357 0348078 0376315 1522492 2827421
 1517480 1521871 1705759 0443286 1114821 0206243 0699809 0439787 0849355 1524063 0206415 1552738
 0332282 1517480 1521871 1705759 1514468 1709595 2349200 0013862 0071500 0596607 0012854 0185115 3541890 1524063 0184661 1948041 2700391 3274430 3538935 3539779 0017480 0868946 0030685 0391871 0439180 0680255 1283071 1963578 0162326
 1998793 1184743 1522240 1314939 1524063 0042153 0457083 1947944 0332283 0243114 1517331 1998793 0013862 0071500 0596607 0013855 0017243 0071499 1382104 1883351
 0456389 0013862 0071500 0596607 0017446 0205147
 1883351 0309872 0259846 1881659 2349974 0205418 0443286 1114821 0702093 0018837 0013862 0071500 0596607 0013855 0017243 0071499 1382104
 2945843 0009013 0205145 1515974 2825164
 0332282 0040682 1510411 1705163 0439158 0392148 0441587 1283174 1743766 1883719 0032520 0677874 1524063 1549810 0439780 1953384 0206415
 0813036 0205554 0004793 0162326 0162327 1519249 0008848 0242298 0344349 3262831 1524063 0007996 0079107 0201682
 1283174 2699488 0085089 0699801 0679006 1947967
 0010992 0876956
 0162326 0876956 1880945 0017262 0002778 0017337 0031082 0185117 0936012 1524024
 0037585 0022877 0031831 1707664 1999230 2348314 3244292 3540849 1513817 0205099 0004716 1139855
 1139855 0162326 0205173 3539942 0596448 0750480 1705566 0205171 1720467
 0424215 2003939 0876956 1880945 0017262 0162775 0162801 0002778 0004793 0017337 0026809 0031082 0162326 0162327 0185117 0242356 0591833 0936012 0993637 1334043 1519249 1524024 1552603 1706202 2697616 1705803 0021415 0005574 0205099 1533716 3245503
 1707455 0206243 0699809 0439787 0849355 1524063 0542341 0470187 1441506 1709380 0679083 1522609 0036849 1139855 1442518 1705195 0023621 0751608 0872147 0542559 1318139 0023621 0205195
 0369773 2603361 0750591 0237881 0750502 1546944
 1516050 0017337 1283174 1524063 1555015 1122976 3265310 0441833 0687744 1257890 1552516 1705428 1705429
 1555015 0242356
 0162326 0600510 0004793 0162326 0162327 1139855 1519249 0242356 0993637 1710539 1283174 1883351 1711411 0037293 0181496 1710492 0205145 0522506 1515974 2825164
 1709846 0032520 0677874
 0034760 1273517 1883351 0006556 0443286 1114821 0332256 2700400 0086706 0720544 0439267
 0443286 1114821 0035380 0206243 0699809 0439787 0849355 0947322 1705426 1705535 0456692 0702093
 1261552 1704379 1705117 2825408 0206415 1301820 1706701 1274040 1546471 2825142
 0006556 0936012 0205548 1698986
 0443286 1114821 0004793 0162326 0162327 0449913 0814195 0884358 1328319 1511790 1519249 1553451 1704459 1524063 0442711 1507394 1522729 2348563
 0206415 1953384 0206415 1707689 2983265 1709697 2728259 3484370 1158478 0012854 0039421 0870840
 0443286 1114821 0205174 3274438 1639518 1947986 0205160 1513916 2825415 2825491 0243148 1550141 1882979 2587213 3274648
 0086045 1953384 0206415 0312860
 0301642 0456692 0702093 1514468 0439509 1511572 0301642 0332529 0231448 1880641 0037179 0087136 0205171 0884358 1261552 1704379 1705117 2825408 0702093
 0037585 3146294 0205134 0449864 1511572 3540513 0205134 1442989 1882115 2828392
 1514721 2348147 3542016 0043194 0258432 1421478 0439086 2827736 2981702 0013682 0032520 0443286 0677874 1114821
 1707513 0237753 0449788 1948062 1511726 1882115 3245479 1301820 1414968 0243148 1550141 1882979 2587213 3274648
 0162326 0035380 0032520 0040649 0677874 1273517 1555029 0039224 1706073 1706074 1547282
 0449911 0039224 1706073 1706074 0557702 1272706 1704674 0557702 1272706 1704674 0039224 1706073 1706074
 0036849 1442518 1705195 0035380 0200931 0000857 0002778 0032520 0040649 0520510 0600678 0677874 0936012 1273517 1293116 1524024 1552863 1555029 1704458 1875307 0449902 1514811 1706462 0332282 0001554 1533734 2827421 0876956 1880945 0002778 0936012 1524024 0857121 0023621 0751608 0872147 0243148 1550141 1882979 2587213 3274648 0023621 0751608 0872147 0025914 0025929 0026809
 0039224 0205397 1706073 1706074 2348188 0237753 0449788 0936012 0205163 1549782
 1553778 1561491 0243148 1550141 1882979 2587213 3274648 1139855 1274040 1546471 2825142 1979963 2003903 0439084 0728893 1519595
 1707455 0023621 0443289 2348205 0039224 1706073 1706074
 0205449 2825406 2986716 1441672 0205171 1720467 0023621 0751608 0872147 1720092 1948045 0441889 0456079 1547707 2946261
 1139855 0442726 1511790 0205448 0040223 1632851 1264633 1554103 0545082 1512346 1947978 0040223 1632851
 1519595 0205396 0243148 1550043 1550141 1551388 1882979 2587213 3274648 0023621 0039224 1706074 0745732 0376658 0023621 0470187 1122976 3265310
 0441889 0332290 0876956 1880945 0017262 0017272 1517023 0002778 0017337 0022646 0023621 0031082 0185117 0227665 0936012 1278978 1514845 1524024 0035173
 0026237 0205393 0521451 1139855 1518422 0039224 1706074 1547282 0205212 0205250 0376249 0439603 0442726 0871396 1299351 1511790 1561548 1705502 2700149 0876956 0017272 0017262 0002778 0017337 0022646 0023621 0031082 0150312 0185117 0227665 0332285 0444667 0936012 1278978 1514845 1517023 1524024
 0449911 0039224 1706073 1706074 0557702 1272706 1704674 0557702 1272706 1704674 0039224 1706073 1706074
 1552616 1706244 0449911 0039224 1706073 1706074 0557702 1272706 1704674 0557702 1272706 1704674 0039224 1706073 1706074
 0876956 1880945 0017337 0017262 0017272 0449911 0039224 1706073 1706074 0557702 1272706 1704674 0557702 1272706 1704674 0039224 1706073 1706074
 0017337 0876956 0017272 0017262 1517023 0002778 0003018 0017337 0023621 0031082 0150312 0185117 0332285 0751608 0872147 0936012 1524024 1707455 0023621 0443289 0237753 0449788 0237881 0750502 1546944 0369773 2603361 1705241 1705242 1515021 0039224 1706073 1706074 0745732 3272378
 0449911 0039224 1706073 1706074 0557702 1272706 1704674 0557702 1272706 1704674 0039224 1706073 1706074
 0017337 0876956 1880945 0017262 0002778 0017337 0031082 0185117 0205396 0936012 1524024 1550043 1551388 0017337 0876956 1880945 0017262 0002778 0017337 0031082 0185117 0205396 0936012 1524024 1550043 1551388 1283174 1883351 0521093 0750484 1456348 1516050
 1554961 1705847 1139855 0039224 1706073 1706074 0745732 3272378 0150103 1708943 0017337 1705654
 0017296 0314603 1706907 0869040 0557651 1273517 2603343 0445247 0017428 2338314 0332185 1328887 0017428 0025914 0025929 0026809 1513822 1553778 1561491 1880171 2338314 0004793 0162326 0162327 1519249 0450387 0006556 1513822 1552657 1552720 1880171 0441833 0687744 1257890 1552516 1705428 1705429
 1139855 0039224 1706073 1706074 0745732 3272378
 0205447 0876956 1880945 0017262 1517023 0017272 0002778 0017337 0022646 0023621 0031082 0185117 0227665 0442726 0444667 0751608 0872147 0936012 1278978 1511790 1514845 1524024 0025914 0025929 0026809 0035344 0377262 1521827
 0017337 1516048 0733755 0004793 0035696 0162326 0162327 1519249
 0205171 1720467 0017337 0205145 1441547 1515974 2825164 3245521 0205107 0032400 0071360 0747726 0039259 1710082 0589120 1522577 1704685 3274571 0332282 0332283 1719822 1707391
 0017337 1947971 0037293 0181496 0205447 1710492 1883351 1518422 0750591 1517331
 0243161 1518422 0185125 1139855 1441547 3245521 1519595 1710082
 1442162 1550718 3244317 0237753 0449788 0004793 0162326 0162327 1519249 1514861 1882932 0237753 0449788 1139855 1519516 0017262 0185117 0876956 1880945 0017262 0002778 0017337 0031082 0185117 0205396 0936012 1524024 1550043 1551388 0035380 0025663 0032520 0040649 0449851 0677874 0871511 1555029 1514241 2607943 2926606 3539655
 0205171 1720467 0017337 1524062 1707391 0002778 0936012 1524024 1519595 0336766 0017337 0237876 0037293 0181496 1710492 1518422 0220825
 0017337 0392366 0185117 0017337 1711411 0450344 1553633 0039224 1706073 1706074
 1883351 0185117 0017337 0206243 0699809 0439787 0849355 0200931 0872262 0002778 0032520 0677874 0936012 1524024 0022646 0227665 0205436 0457385 0565930 1561503 1705190 0003062 0017296 0036849 0314603 1442518 1705195 1705242 1706907 3494749 1521801 0003018 0681814 1706386 0520510 1552738 0025663 0025664 0449851
 0237881 1709380 0038215 0750502 1518422 2584321 0205419 1519516 0017262 0185117 0521093 0750484 0450345
 0449911 0333052 2607870 0557702 1272706 1704674 0557702 1272706 1704674 0349966 1337208
 2827734 2981698
 1519941 0876956 1880945 0017262 0002778 0017337 0031082 0185117 0205396 0936012 1524024 1550043 1551388 0876956 1880945 0002778 0936012 1524024
 0443286 1114821 0205174 3274438 0332257 1639518 1947986 0205160 1513916 2825415 2825491 0243148 1550141 1882979 2587213 3274648 0332583 0884358 1524063 0035668 0876956 1880945 0017262 1517023 0017272 1524063 0002778 0017337 0023621 0031082 0185117 0441513 0751608 0872147 0936012 1273517 1524024 0520510 1552738 0025663 0025664 0449851
 0237753 0449788 1948062 1707513 1511726 1882115 3245479 0001271 0205227 1301820 1414968 0243148 1550141 0042295 0444686 1441506 1443182
 0004457 0999597 1522496 1547282 1519516 1705241 1705242 1705175 1705176 1705177 1705178 1882348 0745732 3272378 0004457 0999597 1522496 0370003 2347026 0369718 0441922 1553036 0080103 0205345 1547039 0168634 1442488 0370003 2347026 0369718 0441922 1553036 0449450 2827734 2981698
 2347469 0521091 0750484 0032520 0677874 0680398 0441833 0687744 1257890 1552516 1705428 1705429 0025914 0025929 0026809
 0443286 1114821 0332583 0884358 1524063 0035668 0003018 0036082 0520510 1552738 0025663 0025664 0449851
 1707513 0237753 0449788 1948062 1511726 1882115 3245479 0205227 0243148 1301820 1414968 1550141 1882979 2587213 3274648 0444686 1441506 1443182
 0871424 0002778 0936012 1524024 1550369 0022885 0038492 0039593 0392366 0884358 1709380 1522609 0750591 0237881
 0004457 0999597 1522496 1547282 1519516 1705241 1705242 0370003 2347026 0369718 0441922 1553036 0080103 0205345 1547039 0168634 1442488 0370003 2347026 0369718 0441922 1553036 0449450 2827734 2981698
 0520510 1514811 1706462 1524063 0876956 1880945 0002778 0936012 1524024 0205396 1550043 1551388 0237753 0449788 0547043 1282911 0001554 0003018 0332173 0439228 0439505 0549178 1533734 0205392 3540770 0376554 1518422 0003018 0086597 0127400 0449255 0542559 1280500 1552738
 0017337 1416669 1547699 2700640 0076726 1416669 0022478 0040300 1547928 0024188 0020289 0007427 1332805 1547699 2700640 0007427 1332805 0007428 0022202 0024188 0020289 0450348 0876956 1880945 0017262 0002778 0017337 0031082 0185117 0936012 1524024 1547282 0035380 0521093 0032520 0040649 0677874 0750484 1555029 0441833 0687744 1257890 1552516 1552839 1705428 1705429 0025914 0025929 0026809 0017296 0314603 1706907 0871261 1704632 1706817 2911692 0003018 0814036 0024779 1706473 0597336 0392762 0599883 1708726 0450382
 0017446 0205147 0332464 0024779 1706473 0237530 0237529 0439801 1704725 1704726 1272706 1552654 1552713 0450382
 0024779 1706473 0733755 1416669 0007427 1332805 1881534 1332838 0017337
 0683949 0026336 0947630 2827734 2981698 0086418 1515981 1999230 0332120 0678863 0005823 1271104 1272641 0005767 0005768 0033095 0229664 0460139 0851285 1306345 1327622 0035820 1705810 0020538 1963138 1518422 1516048
 0007427 1332805 0007428 2717969 0030946 1622131 1947941 0007621 0449255 0542559 0596263 0557651 2603343 1519692 0221103 0301625 0439181 0728721 0450389 0162638 0007595 0018270 0220844 1621966 2911660 1523351 0019868 0543483 0699748
 1332805 0017337 1521840 2986546 0851285 1327622 0376554 1518422 0684224 0700287 3496591
 0439849 1705630 1706279 3540605 0041904 0162493 0003018 1883351 0035096 2984247 0003018 0035094 0035100 0163712 0449913 1419338 1553451 1704459 0003064 0003062 1517586 1552738 0020538 1963138 3161035 0450385
 0041904 0162493 0003017 0003018 0022646 0227665 1278978 1514845 1705535 0441712 1706376 1314939 0035096 2984247 0003018 0035094 0035100 0449913 1419338 1553451 1704459 0449719 1709471 1273518 0599779 0003062 3161035 0020538 1963138
 0040649 0205309 1883351 0003018 1260953 0007427 1332805 0007428 0035094 0035100 1419338 0886515 0227650 0007634 3282337 0072249 0035094 0035100 1419338 0030685 0035094 0035100 0391871 0439180 0680255 1283071 1419338 1963578
 0041904 0162493 0876956 1880945 0017262 0002778 0017337 0031082 0185117 0442726 0936012 1511790 1524024 0678226 1314939 2987476 3146286 0015744 0419518 0439178 0445022 1446409 1514241 2825490 2911691 0079411 3146294 0851285 1327622 0035094 0035100 1419338 1698986 0470187 0003006 0003018 0021966 0221138 0022646 0227665 1278978 1514845
 1292856 1948023 0022478 0684224 0700287 3496591
 0041904 0162493 0678226 0035820 0332148 0750492 1705810 3146286 1711330 1280500 0332299 1511572 3161035
 0332185 1449575 1709016 0086418 0017337 0205396 1550043 1551388 0392747 0443172 0242606 0332281 0038435 0311404 1704259 1705987 0162638 0003018 0178602 0552639 0007585 0021135 0427861 1533691 2827718 0007634 0010453 0086418 0205107 0332208 1515981 3282337 0332282 0274281 0332157
 0003018 1547282 1883351 0242606 0038435 0311404 1883351 0033414 0162638 0017655 0450355 0332208 0439084 0728893 0007634 3282337
 0441889 0023621 0751608 0872147 0876956 1880945 0017262 0002778 0017337 0031082 0185117 0442726 0936012 1511790 1524024 0557651 2603343 0039224 1706073 1706074
 0449255 0542559 0185117 1363844 1883351 0086597 1280500
 0035820 1705810 0162638 0242606 0038435 0311404 1547282 1883351 0015127 1524003 0042396 3536904 0205447 0039869 1883351 0442797 3242339 0441889 0456079 1547707 2946261
 0442805 0871261 1704632 1706817 2911692 1547282 0001554 1533734 1373060 1744692 1999216 0132555 0083536 0027365 1547383
 1261322 1552578 0027552 0686904 1883351 0035820 1705810 0007427 1332805 0054874 1413821 0007428 2603362 0022478
 0920533 0013081 1547699 2700640 0014442 0014445 1415542 0876956 1880945 0017262 0002778 0017337 0031082 0185117 0442726 0936012 1511790 1524024 0039224 1706073 1706074
 0013081 0014442 1441672 1158330 0002844 0025519 0025520 1314939 3536949 0033684 0039224 1706073 1706074
 0751455 0017337 1259712 1336930 0673602 1420135 1704827 0039224 1706073 1706074
 0017337 0205396 1550043 1551388 0162326 0003018 0851285 0039224 1706073 1706074
 1139855 1518422 0150103 1708943 0017337 0750541 1882932 0017337
 0205447 0876956 1880945 0017262 1517023 0017272 0002778 0017337 0022646 0023621 0031082 0185117 0227665 0442726 0444667 0751608 0872147 0936012 1278978 1511790 1514845 1524024 0025914 0025929 0026809 0035344 0377262 1521827
 1883712 1139855 0876956 1880945 0017262 0002778 0017337 0031082 0185117 0205396 0936012 1524024 1550043 1551388 0006556 0162326 1328887 0017428 0025914 0025929 0026809 0750729 1553778 1561491 2338314 0015264 0450387 0017337 1441547 3245521 0031843 0542341 0700205 1705273
 0337026 0368761 0740116 2827735 2981700 1705803 0021415 0683832 0005574 0205099 0242356 1533716 1552603 1706202 3245503 0443289 0392148 1710052 2348205 0086418
 1519595 0013081 0042764 0205396 1550043 1551388 0023621 0751608 0872147 0008654 0814036 0008633 0024779 0025914 0025929 0026045 0026809 1706473 2700640 1874187 0038164 0033684 0424215 2003939 1142652 0033684 0004793 0162326 0162327 0681842 1519249 1882327 0008666 0008643 1521503 0008633 0086418 1521499
 1142652 0764233 0751455 0033684 1552603 1706202 0443289 0017262 0185117 0006104 1269537 0029939 0227898 1278992 0022646 0227665 1278978 1514845 0023884 0736268 1278929 2346688
 1519595 0008662 0814036 0008633 0024779 0025914 0025929 0026045 0026809 1706473 0237876 0424215 2003939 0314604 0017337 0086418 0679058 2700640 1520361
 0314627 0031843 0542341 0700205 1705273 0851285 1327622 1883351
 0237753 0449788 0449450 0684224 0700287 3273238 0332148 0750492
 0205435 1279901 1139855 0023621 0751608 0872147 0004793 0162326 0162327 1519249 0683607 1707455 0017337 0017337 0205251 0441889 0456079 1299352 1547707 1550472 2946261 0332148 0750492 1518422 0441889 0456079 1547707 1551362 1999244 2946261 1882932
 1139855 0017337 0185117 1276227 1282130 0022646 0205369 0227665 0439801 1278978 1514845 1552740 3542948 0017446 0205147 1518422 0205410 0237753 0449788 1882932 0876956 0017272 0017262 1517023 0002778 0017337 0022646 0023621 0031082 0150312 0185117 0227665 0332285 0444667 0751608 0872147 0936012 1278978 1514845 1524024 0359589 1999230 1533716 0552639 0007634 0205107 0332208 3282337 0012173 1337615
 1547282 1956267 0022674 0022646 0227665 0444667 1278978 1301820 1514845
 1519595 1547699 2700640 0010287 0010286 0031727 0077918 1421351 1721009 3272787 0359583 0876956 1880945 0017262 1517023 0017272 0002778 0017337 0023621 0031082 0185117 0751608 0872147 0936012 1524024 0001629 0015385 0025148 0205385 0419518 0445022 1280412 1547175 1550278 1962987 1139855 0150103 1708943 0213238 1412492 0599635 0044707 0020392 0441730 0020393 0030016 0332307 1547052 2346714 0222607 0001629 0025148 0205101 0687028 1516698 1550278
 0543488 1316572 1317574 1369612 1139855 0017337 0035094 0035100 1419338 1441547 3245521 1518422 0876956 1880945 0017262 1517673 0017272 0002778 0017337 0022646 0023621 0025914 0025929 0026809 0031082 0034037 0185117 0227665 0936012 1278978 1441672 1514845 1517023 1524024 1704324 0205171 1720467 0037293 0181496 1710492 0876956 1880945 0017262 1517023 0017272 0002778 0017337 0023621 0031082 0185117 0243148 0442726 0751608 0872147 0936012 1511790 1524024 1550141 1882979 2587213 3274648 0557651 2603343
 0017262 0185117 0022646 0227665 1278978 1514845 0205309 1883351 0227650 0007634 0392752 3282337 0205132 0225998 1267264 0003847 0205115 1282826 0013081 0003018 1518422 0332120
 1883712 0205309 0449295 0242568 1504315 1274040
 0332257 1552866 2700399 1554168 0743559 0035687 0035668 2610186 0032529
 0150312 0332148 0449450 0557351 0557651 0750492 2603343 1521761 2827422 1554168 0743559 1516050 0242568
 0017337 0012906 0014442 0443288 0876956 1880945 0017262 1517023 0017272 1524063 0002778 0017337 0023621 0031082 0185117 0441513 0751608 0872147 0936012 1273517 1524024 1519595 0876956 1880945 0017262 1517023 0017272 0002778 0017337 0023621 0031082 0185117 0751608 0872147 0936012 1524024 1554077 2828389 0220825
 1710191 0025663 0025664 0449851 0470187 0439086 2827736 2981702 0022885 0392366 0441889 0449286 0542560 1561545 2348088 0037791 1511884 0036667 0312418 0427965 1511883 1522640 2346484 2349185 0449445 0680243
 0876956 1880945 0002778 0936012 1524024 0359589 1999230 0242485 0205419 0443131 1516048 0237944 1711411 0025663 0449851 0871511
 0015320 0035171 1517586 1707689 2983265
 1979963 2003903 0001554 0003018 0439228 0549178 1301820 1533734 0150312 0449450 0557651 2603343 1518422 0205235 0439851 1947931 1521840 2986546
 0185117 0876956 1880945 0017262 0002778 0017337 0031082 0185117 0442726 0936012 1511790 1524024 1518422 0040649 0205360 2347098 0441712
 0392747 0443172
 0876956 1880945 2707190 0002778 0936012 1524024 2348205 1273517 0872047 0039421 1709016 0887824 1705417 1999230 1533716
 0969625 3266812 0876956 1880945 0002778 0936012 1524024 1261322 1516048 1947931 0023621 1707455 0876956 1880945 0017262 0002778 0017337 0031082 0185117 0242356 0936012 1515023 1524024 0035173
 1552616 1706244 1524063 0876956 1880945 2707190 0002778 0936012 1524024 0205396 1550043 1551388 0017337 1518422 0205309 1883351 0003018 0851285
 0017337 1999230 0182400 3161035 0441712
 2986676 0031831 1707664 2348314 3540849
 2986676 2945617
 0043227 0027468 0018173 0018684 0021622 1521721 3245503 1549790
 1706852 0034037 1704324
 0042789 1947903 2349146 2945843 0205145 0282111 1515974 2825164 1555015 1522486
 0376649 1442065 0282413 0016327 0439133 1553038
 0013227 0025118 0205155 1293097 1522472 1552923 1705191 0041740
 0036375 0006037 0013849 1705961 0024492 1538057 1547565 0059804

 1514811 1706462 0520510 0557061 2584313 1514811 1706462
 0000768 0000769 0034705 0034693 0034721 0857121
 0518892 0005889 0013832 0022646 0302908 0444611 1704353 3536863 0012836
 2698333 2348167 0336791 2827396
 2346604 0027960 0324740 0439189 1456781 1824986 0025141 0022337
 0237881 0750502
 0017428 2338314 2347379 0025424 2347108 2347109 2348272
 0333463 0006104 0030705 0150312 0011265 0497327 0332307 1547052
 0025141 0369637 0441923 0597277 1708601 0439267 3540812
 0003009 0003018 0205263 0162638
 0022646
 0205435 1279901 0034037 1704324

 0871261 0936012 1524063 0600596 1522053 1709016
 0025141 1836672 0439254 0033993 3539616
 0079247 1979963 2003903 0017337 1861886 0127400
 0332520 2347379 2347774 0033727 0369286 0441932 0564385
 0314604 1861886 0017337 0332256 2700400 0162326
 2347379 0025141
 0851285 1327622 0086509 1537501 1528151 0242210
 0518892 0005889 0013832 0022646 0302908 0444611 1704353 3536863 0033727 0369286 0441932 0564385 0369637 0441923 0033727 0369286 0441932 0564385
 1880022 0035253 1512899 0024880 0007634 0451297 0684269 1539838 3282337
 1417055
 1280500
 0025141 0369637 0441923 0016327 0439133 1553038 0021966 0221138
 0162638 1157223 1510700 0026237 0205263 0220781 0521451 1883254 0007634 3282337
 0332296 1328660 1880497 1996904 0025141
 0085580 0020538 0205224 1963138 0003017 0384156 3540429 0037492 0037473 0439799 0597484 1706095
 0020538 1963138 0439267 3540627 0439267 0205090 0684010 2603358
 0442805 0392747 1521840 0332162 0162638 0282639 0334227 0007634 3282337
 0201682 0025141 0439267 0597277 1708601 1235746 1882141 3540812
 0003009 0003018 0205263 0162638
 0022646
 0205435 1279901 0034037 1704324
 1708595 3280986 0016327 0439133 1553038 0008415 1708595 3280986
 1524063 0042153 0457083 1947944 1517023 0023621
 0022646 0033727 0369286 0441932 0564385
 0035820 1705810 0021467 0021469 1628982 3463820 0010054 0151744 1313980 0018799 0012634 0018787 0475224 1281570 0018801 0018802 0018787 0231174 0680095 1281570
 0020538 1963138 0033727 0369286 0441932 0564385 0035448 0201660 0748398
 0022660 0231176 0035078 1963154 0022646 0205178 0231174 0680095 1720775 0027540 1334928 0027051 0428953 2926063 0021308 0027061 1522564 0034493 0205263 0003009 0003018
 0777169 0025141 0021966 0221138 0033727 0369286 0441932 0564385
 0003009 0033706 0200396 1414504 0003018

 0021966 0221138
 3159226 0162638 0475311 0596611 0026882 1705285 0012929 1819717 0012854 0026237 0521451
 0027960 0324740 0325074 0439189 1456781 1824986 0369637 0441923 0033727 0369286 0441932 0564385 0369637 0441923
 0013081 0851285 1327622 1517499 0017337 0040671 1705822 0018790 0237477 0392351 0521111 0598934 0018270 0027651 0220844 1578706 1621966 2911660 3273930 0153676 0346993 0278488 0027627 2939420 0346957 2939419
 0029016 0025141 0026691 1705240 1839259
 0003018 0014440 1287349 0040300 0441889 1547928 1514845 0034693 0034721
 0020538 1963138 0000857 0600678 1552863 0021966 0221138 0011198 0017480 3541240 0033727 0369286 0441932 0564385
 0086272 3161035 0025914 0025929 0026809
 0020538 1963138 0597277 1708601 0597277 1708601
 0007427 1332805 0007428 0086597 0162638 0242606 0038435 0205263 0311404
 0369637 0441923 0597277 1708601
 2349975 0598888 0599958 0009015 0013682 0876956 1880945 0002778 0936012 1524024 1883712 1261552 1704379 1705117 2825408
 0028606 0001128 0007610 2347379 0033727 0369286 0441932 0564385 1261082 1551056 2981682
 1627358 2349975 0920394 0020538 1963138
 0020538 1963138 2986904 0597277 1708601 1419337 3539667
 0242356 0993637 0006826 0998265 1306459
 0006826 0998265 1306459 2347379 0022337
 1552603 1706202 0085580 0020538 0205224 0231203 1963138
 0025141 0033727 0369286 0441932 0564385 0033727 0369286 0441932 0564385
 0220908 0220909 1698960 1710031 1710477 0020792 0205396 0547043 0851285 1282911 0314604 1861886 0017337 0003009 0332157 0003018
 2347379 0025141 0439267
 0242960 0019409 0032659 1257890
 0450389 0025141 0205090 0684010 2603358 0369637 0441923 0597277 1708601 0439267 3540812
 0162638 0035820 1705810
 0027960 0324740 0439189 1456781 1824986 0025141 0014963 1457900 1836672
 0876956 1880945 0752248 0002778 0936012 1524024 1160191 0851285 1327622
 0029016 0025141 0026655 1705291
 0876956 1880945 0002778 0936012 1524024 1707455 0237913 0022885 0392366
 1140694 0000857 0600678 1552863 0205090 0684010 2603358
 0221102 0504085 2699704 0020538 1963138
 0332520 2347379 2347774 0025141 1520135
 1273870 1511726 3245479 0876956 1880945 0017262 0002778 0017337 0031082 0185117 0936012 1524024 3146294 0876956 1880945 0002778 0936012 1524024
 1140694 0000857 0600678 1552863 1520135
 0020792 0205396 0199176 1706420 2700409 0876956 0017272 0017262 1517023 0002778 0017337 0023621 0031082 0150312 0185117 0332285 0936012 1524024
 0028606 0001128 0007610 2347379 3538806
 0459471 3173575 1707689 2983265 1880945 0002778 0936012 1524024
 3642273 0005005
 1879547 0205254 0072034 0033382 0035094 0035100 1419338 2987124 0030909
 1315013 0000857 0600678 1552863
 0220781 0439634 1522492
 0025141 0439269 1960952 2346927
 0035096 2984247 0003018 0035094 0035100 0449913 1419338 1553451 1704459
 0025141
 1513822 1880171 0441843 0021966 0221138 0871489
 0752248 0002778 0936012 1524024 0205245 0443225 0542341 1444754 1527178 1705938 1706316 1706814 2700217 3539095
 0349590 1262865 0025141 0597277 1708601
 0021467 0021469 1628982 3463820 0309872 1292733 1517313 0162638
 0230467 0741204 0025141
 0009015 0392747 1554963 0876956 1880945 0002778 0936012 1524024 0449851
 0028606 0001128 0007610 2347379 0369637 0441923 0029408 2985270 0039260 0332293
 2986591 0678951 0032529 1882417
 0020538 1963138 0000857 0600678 1552863
 0035820 1705810 0920394 0020538 1963138
 0056167 1456376
 0597277 1708601 0597277 1708601 0597277 1708601
 0025991 0205263 1707312 3159226 0162638
 0597277 1708601 0597277 1708601
 0242606 0038435 0311404 0015127 1314792 1524003 2699029 0162638 0225828
 0000857 0600678 1552863 0022337 1836672 0016327 0439133 1553038
 0220825 1261322 0686907
 0887950
 0369637 0441923 0597277 1708601 0033727 0369286 0441932 0564385 0369637 0441923 0597277 1708601
 0025914 0025929 0026809 0011155 1636779 0015272 1265895 0333641 1446302 1261381 1948029
 0000857 0600678 1552863 1708595 3280986 1708595 3280986
 0079411 3146294 1524063 0876956 1880945 0002778 0936012 1524024
 1417055 0025141 0033727 0369286 0441932 0564385 1708595 3280986 0033727 0369286 0441932 0564385
 0015744 0851285 1327622 2911691 1515670 0185117

 1708595 3280986
 0040300 1547928 0017262 0185117 0025936 0003069 0025914 0025929 0026809
 2347379 0025141
 1881534 1709016 0876956 1880945 0002778 0936012 1524024 2347946 0449913 1553451 1704459
 0014137
 0034384 0220825 1261322
 0017428 2338314 2347379 0016327 0439133 1553038 0205090 0684010 2603358
 0597336 0005823 0332281 1271104 1272641 0005767 0005768 0033095 0229664 0460139 1306345 0018810 0018787 0871208 1281570 1521828 0005910 0043100 1305866 1705104 1516114 0025914 0025929 0026809
 0887950
 0205435 1279901 0034037 1704324
 0205090 0684010 2603358 0039138 1706466
 0439851 0441472 1947931 3266814 0030940 0030946 1947941
 0020538 1963138 0025141 0205090 0684010 2603358 0039138 1706466
 0439851 0441472 1947931 3266814 1882714 0022646 0227665 1278978 1514845 0030685 0391871 0439180 0680255 1283071 1963578 0035094 0035100 1419338
 1315013 0025141
 1819716 0017428 2338314 0678594 0040649 0040712 0597295 1519614 0598312 1883725
 0025141 0205090 0684010 2603358
 0007427 1332805 0007428 0035094 0035100 1419338 0886515 0014603 0227650 0007634 3282337
 0019635 0025141 1836672 0022337 0019905 1537997 1853668 0205090 0684010 2603358 0038108 0016327 0439133 1553038 0369637 0441923
 0457083 0449445 0017262 0002778 0017337 0031082 0185117 0332285 0936012 1511726 1524024 3245479
 0876956 1880945 0002778 0936012 1524024
 1140694 0000857 0600678 1552863 0011198 0017480 3541240
 0003018 0016017 1305868 0019868
 0025141 0042469 0005823 1271104 1272641 0005767 0005768 0033095 0229664 0460139 1306345 2347167 0041405 1824670 3272447 0033727 0369286 0441932 0564385 0018488 1538440 3273279 0022337 0597277 1708601 0439214 2348814 0546866
 0752248 0002778 0936012 1524024
 0325074 0450348 0025141 0042469
 0876956 1880945 0002778 0936012 1524024
 0036397 0000857 0600678 1552863 0022337 0022337

 0041703 0268596 1418943 2700624 3642273 1419366
 1293122 0574032 1827465
 0518892 0005889 0013832 0022646 0302908 0444611 1704353 3536863 1261082 1551056 2981682
 0012155 0036140 0037494 0205250 0206136 1299351 1442959 1519433 2700149 2983588 0086509 1537501 0185117 0034705 0034693 0034721
 0518892 0005889 0013832 0022646 0302908 0444611 1704353 3536863 2945617 0439254
 0076726 1416669 0022478 0440744 0205263 0020649 3163620
 0020538 0450348 1963138 0000857 0600678 1552863
 1513822 1880171
 1553778 1561491 0683941 0002778 0936012 1524024
 0349590 1262865 0025141 0439267
 0033268 0016693 0003018
 1413395 1744664 0025141
 0035268 0032529 0332255 0443288 1444754 1706316 1708096 0034705 0034693 0034721 0857121 0024779 1706473 1524063 0182400
 0025141
 0035820 1705810 1519692 0221103 0301625 0439181 0728721 2347610
 0029016 0025141 0033727 0369286 0441932 0564385
 0004083 0439849 0596306 0699792 0022661 0035078 2316810 0020538 1963138
 0022646 0063789 0227665 1278978 1514845 3272375 0025141 0369637 0441923 2945617 0369637 0441923 1708595 3280986
 0017262 0017337 0185117 0443289 0235989 0240035 0151650 0016059 0702240 0003018
 0056167 1456376
 0205435 1279901 0034037 1704324 0450348
 0042469 0035493 2699077 2699078
 1956267 0334227 0006826 0007634 0998265 1306459 3282337
 0036397