 0033626 0020623 0011155 0162429 1623416 0442805 0004153 0052200 0052199 0332291 0003595 0004153 0025914 0025929 0026809 0085862 0231204 0523511 1299583 1412481 2827758 0369637 0441923
 2603362
 0369637 0441923
 0369637 0441923

 0369637 0441923

 0369637 0441923
 0439267
 3495095 0439482 0369637 0441923

 0018684 0022877 3244292 0027778
 0587453 1704729 0020124 0017398 0017399 0086418 0086343 0021782 1555750 0013227 0025118 0205102 0205246 1553872 1553889 1619620 0000872 0565990 1552471 0041740 0205099 0205476 0027778
 1704729 0035168 0242481 0027778
 1293097 2919030 2919031 0041740 0027976 1879958
 1704729 0086345 0017398 0017399 1521991 0000872 0565990 1552471 0039711 0041740 0205099 0205476 1710136
 0520510 0557061 2584313 1514811 1706462 0023823 0023820 0178587 0205251 1299352 1550472 0033684 3540560 0035820 1705810 1976850 0023820 0052200 0052199 0003595 0004153 0025914 0025929 0026809 0231204 0523511 1412481 1517320 2827758
 1883712 3540560 0033382 2987124 0023688 0021135 1533691 2827718
 1292732 0035820 1705810 1563937 0035820 1705810 0015252 0728940 1976850 0023820
 0025914 0025929 0026809 0683607 0544461 0034821 1149327 0205195 0597357 0003595 0003591 0205173 1705764 1705765 0025914 0025929 0026809 0003595 0003591
 1706907 0011155 0162429 1623416 1274040 1546471 2825142 0052200 0052199 0003595 0004153 0025914 0025929 0026809 0150312 0205216 0231204 0332285 0392756 0442797 0523511 1412481 2827758 0008377 0041004 0008377 0369773 2603361
 0041004 0450316 0444499 2827734 2981698 0369773 2603361 0003595 0003591 0025914 0025929 0026809
 0052200 0052199 0003595 0004153 0025914 0025929 0026809 0231204 0441994 0523511 1412481 1548802 2003888 2827758 0008377 0025914 0025929 0026809 0052200 0052199 0003595 0004153 0025914 0025929 0026809 0205217 0231204 0332287 0442805 0523511 1412481 1705690 2827758 0023816 1416902 0023764 0023820 0450389 0439275 0439526 0369773 2603361 0015506 1366370 0005789 2732002 0005778 0441509 0445599 1328723 1413661 1521761 2827422 0439526 0369773 2603361 0042971 1336938 0042974 1521761 2827422 0740116 2827735 2981700 0439526 0369773 2603361 0032143 1367601 0019633 0032144 2713035 0032140 0040300 0332307 1367553 1547052 1547928 3541329 2827734 2981698 0439275 0439526 0369773 2603361 1707455 0243148 1550141 1882979 2587213 3274648
 0025914 0025929 0026809 1547282 0017446 0205146 1707455 0243148 1550141 1882979 2587213 3274648 0369773 2603361
 1511726 3245479 3540560 0032214 0600138 0035820 1705810 0052200 0052199 0332291 0003595 0004153 0025914 0025929 0026809 0085862 0231204 0523511 1299583 1412481 2827758 0008377 0678226 0023688 0205251 0441889 1299352 1550472 2362652 3146286 0024501
 0520510 0557061 2584313 1514811 1706462 0023823 0023820 0178587 0205251 1299352 1550472 0033684 3540560 0034800 0699040 0007634 0205148 0597357 1269647 1704653 1948049 0040300 1883525 2346866 0150312 0449450 0332257 0227525 0026473 1135918 0596981 1267092 0007634 0026845 0205357 3282337 3540560 0034821 1149327 0597357 0035820 1705810 0023825 0023170 0023823 0442811 0003591 0023820 0178587 0205251 0442824 1299352 1550472 0003595 0003591 0023688 0205054 0243144 0347980 1976850 0023820 0332185 3272697 3540560 0032214 0600138 0035820 1705810 0004153 0205171 1518422 1720467 0441889 0456079 1547707 2946261 0023884 0736268 1278929 2346688 0023820 0005775 1516559 0035820 1705810 0071253 0032200 0206454 0018284 1514758 0018270 0021665 0220844 0332298 0597357 1167267 1521761 1539322 1621966 1846431 1879547 2587213 2827422 2911660 0035820 1705810 0004153 1518422 0015252 0023820 0443288 0728940 1514758 1879547 0071253 0032200 0206454
 0681828 0947630 1547282 3540560 1145667 1167622 1514721 2348147 3542016 1705535 1883351 1521761 0052200 0052199 0003595 0004153 0025914 0025929 0026809 0150312 0231204 0332285 0523511 1412481 2827758
 0023688 0205392 3540770 1444656 1883351 0032214 0600138 0035820 1705810 0332257 0032143 1367601 0019633 0032144 2713035 0032140 0040300 0332307 1367553 1547052 1547928 0032143 0042071 1522670 1335224 1367601 0019633 0032144 2713035 0032140 0040300 0332307 1367553 1547052 1547928 0030190 1418252 0032145 1419349 0032144 1418824 0032140 1367553 1999216 0164707 1420705 0040048 1333522 0040300 1521761 1547928 1704259 1705987 1999216 2827422 0015506 1366370 0005789 2732002 0005778 0441509 0445599 1328723 1413661 1521761 2827422 0023816 1416902 0023764 0023820 0150312 0449450 0557651 2603343 3540560 0032214 0600138 0035820 1705810 0035820 1705810 0052200 0052199 0003595 0004153 0025914 0025929 0026809 0150312 0231204 0332285 0523511 1412481 2827758 0015252 0728940
 0444930 2746065 1517331 1292732 0035820 1705810 1563937 1524063 0025914 0025929 0026809 0332268 0034821 1149327 0597357 1706907 0003595 0003591
 0020479 0011155 0162429 1623416 0332196 2828389 0015252 0728940 0034821 1149327 0597357 3540560 0011155 0162429 1623416 0332196 2828389 0015252 0728940 0086597 0127400 0205666 1704259 1705987 1862593
 1511726 3245479 1547282 0025914 0025929 0026809 0750482 0052200 0052199 0237881 0003595 0004153 0025914 0025929 0026809 0038215 0231204 0441994 0523511 0750502 1412481 1546944 1548802 2003888 2827758 0008377 0428475 0041004 0441889 0003595 0003591 0025914 0025929 0026809 0243148 1550141 1707455 1882979 2587213 3274648
 1517001 0025914 0025929 0026809 0052200 0052199 0003595 0004153 0025914 0025929 0026809 0231204 0523511 1412481 2827758 0205250 1299351 2700149 0441889 0015506 2732002 0445599 1413661 1521761 2827422 0032144 0032140 1367553
 0052200 0052199 0003595 0004153 0025914 0025929 0026809 0231204 0441994 0523511 1412481 1548802 2003888 2827758 0008377 0025914 0025929 0026809 1547282 0004153
 1511726 3245479 3540560 0032214 0600138 0035820 1705810 0052200 0052199 0332291 0003595 0004153 0025914 0025929 0026809 0085862 0231204 0523511 1299583 1412481 2827758 0008377 0678226 0023688 0205251 0441889 1299352 1550472 2362652 3146286 0024501
 0520510 0520510 0557061 2584313 1514811 1706462 0003069 0003062 0003064 0003062 1517586 0003595 0003591 0020202 1301820 0332294 0025914 0025929 0026809 0678226 0011155 1636779 0003595 0003591 0003595 0003591 0332268 0003595 0003591 0003595 0003591
 0025914 0025929 0026809 0032520 0337112 0443286 1114821 1335439 1524075 0017431 0681814 0003595 0003591 0369718 0441922 1553036 0003595 0003591 0369718 0441922 1553036 0025914 0025929 0026809 1273517
 0003595 0003591 0369718 0441922 1553036 0003595 0003591 0369718 0441922 1553036 0025914 0025929 0026809 0011155 0162429 0205263 1623416 3540560 0021493 0021485 0442120 1272883 1533685 1828121 0035668 0001128 0202406 3540812
 1719918 3272372 3538743 0332257 3538986 0243148 1550141 0025914 0025929 0026809 1518422 1514756 0021485 1533685 1828121
 1883712 0025914 0025929 0026809 0025914 0025929 0026809 0205195 0335038 1522485 1705915 1709908 0206243 0017337 0683607 0150369 1516647 0205263 0429863 2348042 2826345 3537219 3539772 3540812 0003064 0003062 1517586
 0025914 0025929 0026809 0342895 0012155 1442959 1519433 2983588 1420404 1420406 0557759 0027778
 2699414 0205540 0205664 0003062 0681814
 0005767 0005768 0229664 0019080 0039259 1516695 1516698
 0008377 0041004 0013618 0001128 0202406 0444706 3541902 0052200 0052199 0003595 0004153 0025914 0025929 0026809 0231204 0523511 1412481 2827758 1524063 1690540

 1719918
 0023822 0858034 0023821 1522133 0065055 0008377 0023820 0178587 0205250 1299351 2700149 1524063 0520511 1704711 0008565 0003593 0008550 0015663 0016640 0025914 0025929 0026809 0032105 0302908 0456389 0456962 0524811 0597198 1304698 1546699 1550098 1561501 1882330 3161031 0086045 0020985 1524063 0020960 0085201 1412468 2698168 0027778
 0598670 0312586 0003241 0021027 0027778 0003241 0021027 0027627 0175668 0205436 1273517 0027021 0031179 1318719 0234621 1524063 1710236 0011900 0348026 0017480
 0175723 0441633 0936012 1524063 0037585 0017480
 0577559 1306372 3152252 0023816 1416902 0205177 0439167 0441655 1561536 3641246 0052200 0015506 0052199 2732002 0003595 0004153 0013618 0025914 0025929 0026809 0150312 0205177 0231204 0332285 0439167 0441655 0445599 0523511 1412481 1413661 1521761 1561536 2827422 2827758 0003320 0449568 0369854 0003320 0052200 0052199 0003595 0004153 0008857 0025914 0025929 0026809 0150312 0201956 0231204 0332285 0376259 0523511 1412481 2827758 0025936 0003069 0025914 0025929 0026809 0025914 0025929 0026809 0205195 0335038 1511573 1522485 1705915 1709908 0016701 0677542 0085188 1150051 0016955 0205177 0439167 0441655 1561536 2986582
 0023884 0018787 0003483 0025914 0025929 0026809 0031603 0031701 0231441 0443218 1601799 2827483 0006353 0016564 0011175 0085185 0030415 1707903
 1883712 1292711 1268123 0449719 1709471 1642385 0003062 0552389 1524063 1273517 1511790 2828360 3540560 0439084 0728893 0011666 1305624 0003483 0205386 0369637 0441923 1278934 1547177 2986582 3540560 0018787 0552389 2828360 0205155 1293097 1522472 1552923 1705191 0439084 0728893 1279493 0549113 0278458 0003483 0017446 0040452 0205146 0242726 0369637 0439751 0441923 0444667 1318154 1705917
 0025914 0025929 0026809 0205155 1293097 1522472 1552923 1705191 1524063 0017446 0205146 0221198 0333482 1273517 1546698 1709793 0018964 0162753 0250317 0376238 0885253 2348128 2986582
 0017446 0205146 1524063 0037585 0027971 0205155 1293097 1522472 1552923 1705191 1979003 0312598 0003241 0021027 0024432 0034493 1546706 1550652 1979849 2986582 0003353 0079240 1948037
 0220806 3272558 0027976 1879958 0003250 0369998 0003242 1718641 0003241 0021027 0079240 1948037
 1719918
 0003241 0021027 0079240 1948037
 0022877 1619828 0003241 0021027 0079240 1948037
 0022877 1619828 0003241 0027627 0175668 0205436 1273517 0332283 0004434 0005575 0439855 1704241 2700256
 1151518 0205177 0439167 0441655 1561536 0022877 0086022 0234621 0332575 0442335 1260956 1619828 1705099
 0024432 0017446 0205146 0017446 0205146 0205146 1524063 0037585 0441889 0456079 1547707 2946261 0221198 0185027 0456389 1948020 1514721 2348147 3542016 0457242 0449453 0027361 0221198 0237401 0439165 0456389 1546698 1549488 1561533
 0009325 1167364 0013765 1328798 1414382 2986582 1524063 0332575 1260956 0491961 0035856 0017480
 0871424 0002778 0936012 1524024 1511726 3245479 0444504 0449450 2347634 2348143
 1511726 3245479 0936012 1524063 0242927 1708930 0022885 0039593 0392366
 1709380 0042295 0237881 0038215 0750502 1546944
 1274040 1546471 2825142 0520510 0557061 2584313 1514811 1706462 0205263 0857127 0282641 0034865 0023884 0736268 1278929 2346688
 0003069 0020202 1711411 0335038 1522485 1705915 1709908 0080194 0456178 1518614 2987481 0683607 3271949 0015252 0728940
 0039798 0087111 1522326 1533734 1705169 3538994 0556570 0002778 0936012 1524024 0521093 0750484 0034865 0205263 0857127 0450344 1553633
 0034865 0439792 0037993 0441889 0442726 0456079 0771377 1278932 1511790 1547707 2946261 0450345
 1524063 0449445 0034865 0018787 0150312 1281570 0026845 0424612 0038351 1278920 1517454 0021853 1708548 0006104 1269537 0005839 1518422 0011666 1305624 0003483 0205386 0441889 0456079 0936012 1278934 1547177 1547707 2946261 0003489 1269010 0003483 0230467 0741204 0549113 0040452 0242726 1318154 1705917
 0025914 0025929 0026809 0025914 0025929 0026809 3540560 0020985 0003241 1532717 1711351 3540560 0439851 1947931 1416886 1442449
 0025914 0025929 0026809 0033684 0442726 1511790 1524063 0183489 0487602 1704680 0016327 0439133 1553038
 0597360 0185117 1441672 1521970 1706388 2346469 2348519 3538928 0033727 0369286 0441932 0564385
 1511726 3245479 1442161 1511760 1880274 0025914 0025929 0026809 2986417
 0449911 0333052 2607870 0557702 1272706 1704674 0557702 1272706 1704674
 0034865
 0034865 0439230 2827734 2981698 1150051 0205177 0439167 0441655 1561536 0085188 0023884 0736268 1278929 2346688 0037993 0771377 1278932 2347469 0003483 1278934 1553033 0025914 0025929 0026809 0205195 0335038 1511573 1522485 1705915 1709908
 0740116 2827735 2981700 0025252 0025255 0033684 0596901 1706182 0003595 0003591 0023884 0205409 1548221 0073187 0205091 1552822 1708639 0003595 0003591 0073187 1708639 0025914 0025929 0026809 0487602 1704680
 0439086 2827736 2981702 1511790 3540560 0071253 0206454 0597357 0003595 0003591 0003595 0003591 0025914 0025929 0026809
 1278073 0023779 0023820 0034821 1149327 0597357 0003595 0003591 0205173 1705764 1705765 0025914 0025929 0026809 1299582 2963144 0003591 0023820 1704259 1705987 0205447 1301751 1280500 2348382 0052200 0052199 0003595 0004153 0025914 0025929 0026809 0231204 0523511 1412481 1720176 1720294 2827758 0428460 0023779 0441889 0003595 0003591 0025914 0025929 0026809 1707455
 0003595 0003591 0025914 0025929 0026809 0052200 0052199 0003595 0004153 0025914 0025929 0026809 0205280 0231204 0523511 1412481 2827758 0008377 0428475 0041004 0441889 0520511 1704711 0039224 1706073 1706074
 1442465 0439230 0205263 0857127 0011155 0162429 1623416 3540812 0025914 0025929 0026809 1547282 0052200 0052199 0003595 0004153 0025914 0025929 0026809 0231204 0237881 0441994 0523511 0750502 1412481 1546944 1548802 2003888 2827758 0008377 0369773 2603361 0052200 0052199 0003595 0004153 0025914 0025929 0026809 0231204 0523511 1412481 2827758 0041004 0369773 2603361 1707455 0243148 1550141 1882979 2587213 3274648 0039224 1706073 1706074
 0052200 0052199 0003595 0004153 0025914 0025929 0026809 0231204 0441994 0523511 1412481 1548802 2003888 2827758 0023779 1707455 0243148 1550141 1882979 2587213 3274648 0439230 0444930 2746065 0008377 0369773 2603361
 0041004 0369773 2603361
 0441994 2003888 0052200 0052199 0003595 0004153 0025914 0025929 0026809 0150312 0231204 0332285 0523511 1412481 2827758 0008377 0023820 0523560 1264633 1554103 0456389
 1301751 1280500 2348382 0052200 0052199 0003595 0004153 0025914 0025929 0026809 0231204 0523511 1412481 1720176 1720294 2827758 0023822 0023821 1522133 0065055 0008377 0023820 0178587 0205250 1299351 2700149 0369773 2603361 0243148 1550141 1882979 2587213 3274648 0025914 0025929 0026809
 1883712 0052200 0052199 0003595 0004153 0025914 0025929 0026809 0231204 0523511 1412481 2827758 0003591 1518422 0392760 0449438 1314939 3540560 1265611 0052200 0052199 0003595 0004153 0025914 0025929 0026809 0231204 0332285 0523511 1412481 2827758 0103839 0369773 2603361
 0205666 1862593 0369773 2603361
 0085201 1412468 2698168 0369773 2603361 0243148 1550141 1882979 2587213 3274648 0025914 0025929 0026809
 0449911 0039224 1706073 1706074 0557702 1272706 1704674 0557702 1272706 1704674 0039224 1706073 1706074
 1278073 0023779 0449911 0333052 2607870 1413114 0557702 1272706 1704674 0557702 1272706 1704674
 0520511 1704711
 0032105 1550098 1301820 1440044 0332174 0439230 0205263 0003595 0003591 0003595 0003591 2347469 0025914 0025929 0026809
 0023820 0456389 0008565 0008550 0015663 0302908 0456962 0597198 1304698 1546699 1561501 1882330 1979893
 0008377 0041004 1264633 0027361 0237401 0423896 0456205
 0577559 1306372 3152252 0023816 1416902 0023764 0023820 0021135 1533691 2827718 0757661 1145667 1167622 3540560 1292732 3540560 0032214 0600138 0035820 1705810 1709694 1515655 0444706 3541902 0052200 0052199 0003595 0004153 0025914 0025929 0026809 0231204 0238767 0523511 1412481 1706086 2827758 0577559 1306372 3152252 0023816 1416902 0683317 0441889
 0003595 0003591 0025914 0025929 0026809 1518422 0052200 0052199 0003595 0004153 0025914 0025929 0026809 0150312 0231204 0332285 0523511 1412481 2827758 0441889 0039224 1706073 1706074
 0025914 0025929 0026809 0237881 0750502 1546944 0369773 2603361 0442759 0052200 0003595 0004153 0025914 0025929 0026809 0231204 0332462 0439086 0523511 1412481 1880834 2827736 2827758 2981702 0205250 1299351 2700149 0441889 0003595 0003591 0025914 0025929 0026809 0243148 1550141 1707455 1882979 2587213 3274648
 0441889 1518422 0052200 0052199 0003595 0004153 0025914 0025929 0026809 0205217 0231204 0332287 0442805 0523511 1412481 1705690 2827758 1149837 0023816 1149836 1416902 0023764 0023820 0205177 0439167 0441655 1561536 0039224 1706073 1706074
 0003595 0003591 0025914 0025929 0026809 0243148 1550141 1882979 2587213 3274648 0052200 0052199 0003595 0004153 0025914 0025929 0026809 0231204 0523511 1412481 2348205 2827758 1149837 0023816 1149836 1416902 0023764 0023820 0205177 0439167 0441655 1561536 2348205 0052200 0052199 0003595 0004153 0025914 0025929 0026809 0231204 0523511 1412481 1883351 2827758 1149837 0023816 1149836 1416902 0023764 0023820 0205177 0439167 0441655 1561536 0003595 0003591 1441672 0025914 0025929 0026809 0243148 1550141 1882979 2587213 3274648
 1511726 3245479 0011155 0162429 1623416 1274040 1546471 2825142 0052200 0052199 0003595 0004153 0025914 0025929 0026809 0205254 0231204 0332285 0523511 1412481 2827758 0023816 1416902 0023764 0023820
 0449911 0039224 1706073 1706074 0557702 1272706 1704674 0557702 1272706 1704674 0039224 1706073 1706074
 0577559 1306372 3152252 0205177 0439167 0441655 1561536 0015506 2732002 0445599 1413661 1521761 2827422 1521761 2827422 0015506 2732002 0445599 1413661 1521761 2827422 1521761 2827422 0032144 0032140 1367553 3540560 0015506 1366370 0005789 2732002 0005778 0441509 0445599 1328723 1413661 1521761 2827422 0015506 2732002 0445599 1413661 1521761 2827422 0332185 0439084 0728893 1441672 0015506 2732002 0445599 1413661 1521761 2827422 0052200 0052199 0003595 0004153 0025914 0025929 0026809 0150312 0231204 0332285 0523511 1412481 2827758 0042971 1336938 0042974 1521761 2827422 1521761 2827422 0007292 0007294 0033684 0560175 1706209 3273162 0052200 0052199 0003595 0004153 0025914 0025929 0026809 0150312 0231204 0332285 0523511 1412481 2827758 0025914 0025929 0026809 0557651 2603343 0003595 0003591 0025914 0025929 0026809 1518422 0052200 0052199 0003595 0004153 0025914 0025929 0026809 0150312 0231204 0332285 0523511 1412481 2827758 0015506 2732002 0445599 1413661 1521761 2827422 0369773 2603361 0033452 1418482 1521761 2827422 2827734 2981698 0441889 0039224 1706073 1706074
 1442465 0439230 0025914 0025929 0026809 0052200 0052199 0003595 0004153 0025914 0025929 0026809 0231204 0237881 0332462 0523511 0750502 1412481 1546944 1880834 2827758 0205250 1299351 2700149 0015506 2732002 0445599 1413661 1521761 2827422 0369773 2603361 0033452 1418482 1521761 2827422 0003595 0003591 0025914 0025929 0026809 1707455 0039224 1706073 1706074
 0457997 0441889 1521761 2827422 0439230 0205263 0857127 0015506 2732002 0445599 1413661 1521761 2827422 2827734 2981698 0439526 0369773 2603361
 1521761 2827422 2827734 2981698 0439526 0369773 2603361 0003595 0003591 0025914 0025929 0026809
 1883351 1292732 0052200 0052199 0003595 0004153 0025914 0025929 0026809 0231204 0523511 1412481 2827758 0032144 0032140 1367553 0599779 1292725 0003062 0392760 1314939 3161035 0444706 3541902 0052200 0052199 0003595 0004153 0025914 0025929 0026809 0231204 0523511 1412481 2827758 0032144 0032140 1367553 0025914 0025929 0026809 0439230 1515981 0205263 0857127 0011155 0162429 1623416
 0039224 1706073 1706074 1547282 0003595 0003591 0025914 0025929 0026809 1518422 0052200 0052199 0003595 0004153 0025914 0025929 0026809 0150312 0231204 0332285 0523511 1412481 2827758 0441889 0369773 2603361
 0439230 0025914 0025929 0026809 1547282 0237881 0750502 1546944 0369773 2603361 0442805 0052200 0052199 0003595 0004153 0025914 0025929 0026809 0150312 0231204 0332285 0523511 1412481 2827758 0441889 0003595 0003591 0025914 0025929 0026809 0243148 1550141 1707455 1882979 2587213 3274648
 0020479 0011155 0162429 1623416 0023175 0181586 1442948 1522538 2348269 3275067 0052200 0052199 0003595 0004153 0025914 0025929 0026809 0205217 0231204 0442805 0523511 1412481 1883351 2827758 0015506 2732002 0445599 1413661 1521761 2827422 1521761 2827422 0032144 0032140 1367553 1515655
 0011155 0162429 1623416 0023823 0023825 0023820 0441889 0441994 0523560 1548802 2003888 0039224 1706073 1706074 1280500 2348382 0023688 0039224 1706073 1706074
 1292732 0020479 0011155 0162429 1623416 1280500 2348382 0936012 0439230
 1261322 1516048 0443289 0003595 0003591 0025914 0025929 0026809 1518422 0017446 0205146 0221198 0333482 1546698 0369773 2603361
 0025914 0025929 0026809 0870432 0237881 0750502 1546944 0369773 2603361 0017446 0205146 0003595 0003591 0025914 0025929 0026809 0243148 1550141 1707455 1882979 2587213 3274648
 0449911 0333052 2607870 0557702 1272706 1704674 0557702 1272706 1704674
 1261322 1516048
 0439230 0205263 0857127 0439792 0003595 0003591 0003595 0003591 0025914 0025929 0026809 0549113 0003483 0040452 0242726 0441889 0456079 1318154 1547707 1705917 2946261 1709793
 1511726 1552961 2347617 1882932 0017446 0205146
 1705241 1705242 1444656
 0369773 2603361
 1883351 1292732 0011155 0162429 1623416 0456389 0001721 0486616 1555710 0439165 1549488 1561533 1135918 0596981 1267092 0007634 0026845 0205357 3282337 0025914 0025929 0026809 2348205 0457242
 0039224 1706073 1706074 1547282 0003595 0003591 0025914 0025929 0026809 0221198 0312598 0312586 0003241 0003353 0021027 0024432 1979849 0450376 0439165 1549488 1561533 0016327 0439133 1553038 1705241 1705242 0423896 0456205
 0205146 0520510 0027540 1334928
 0199219 0443289 1705241 1705242 0441833 0687744 1257890 1552516 1552839 1705428 1705429 1518422 1547282
 1883712 0220912 0220913 0311392 1658578 0334094 1514485 0011666 1305624 0003483 0205386 1278934 1547177 0025914 0025929 0026809 1521970 1706388 2346469 2348519 3538928
 0017431 0243095 0332453 0549113 0040452 0242726 1318154 1705917 0441889 0456079 1547707 2946261 0009458 0162867 1254021 2936350 0333463 0333482 0221198 0439793 1546698 2983285 0449438
 0449911 0039224 1706073 1706074 0557702 1272706 1704674 0557702 1272706 1704674 0039224 1706073 1706074
 0486616 1555710 0449911 0333052 2607870 0557702 1272706 1704674 0557702 1272706 1704674

 0449453 0221198 0441833 1999270 3537156 0003595 0003591 0441833 1999270 3537156 0025914 0025929 0026809
 0205155 1293097 1522472 1552923 1705191 0018964 0162753 0250317 0376238 0885253 2348128 2986582 1440044 0312598 0443640 0003241 0003353 0021027 0024432 0205369 1552740 0012358 1553033 0003241 0021027 0016327 0439133 1553038 0491961 0035856 0073085 0013765 1328798 1414382 0560020 0033727 0369286 0441932 0564385
 0520510 0557061 2584313 1514811 1706462 3540560 0035820 1705810 1976850 0023820 0052200 0052199 0003595 0004153 0025914 0025929 0026809 0231204 0523511 1412481 1517320 2827758 1185625 2986730 0150312 0442821 0449450 0557651 2603343 3245505 1292732 0035820 1705810 0243107 0678723 1527148 0035820 1705810 0025519 0025520 1976850 0023820
 0376649 1442065 1522634 1524063 0449913 1553451 1704459 1335671 0017337 0003595 0003591 0205173 1705764 1705765 1706907
 1706907 0011155 0162429 1623416 1274040 1546471 2825142 0052200 0052199 0003595 0004153 0025914 0025929 0026809 0150312 0231204 0332285 0441994 0523511 0750482 1412481 1548802 2003888 2827758 0008377 0052200 0052199 0003595 0004153 0025914 0025929 0026809 0231204 0332287 0523511 1412481 1705690 2827758 0205250 1299351 2700149 0023816 1416902 0023764 0023820 0015506 1366370 0005789 2732002 0005778 0441509 0445599 1328723 1413661 1521761 2827422 0042971 1336938 0042974 1521761 2827422 0032143 1367601 0019633 0032144 2713035 0032140 0040300 0332307 1367553 1547052 1547928
 0052200 0052199 0003595 0004153 0025914 0025929 0026809 0231204 0441994 0523511 1412481 1548802 2003888 2827758 0008377 0011155 0162429 1623416 0004153 0332462 1880834 0205250 1274040 1299351 1546471 2700149 2825142
 3540560 0052200 0052199 0332291 0003595 0004153 0025914 0025929 0026809 0085862 0231204 0523511 1299583 1412481 2827758 0008377 0678226 0023688 0205251 0441889 1299352 1550472 2362652 3146286 0024501
 0332185 0025914 0025929 0026809 0206243 0002085 0025914 0025929 0026809 0205195 1744318 0073020 0025914 0025929 0026809 3540560 0032214 0600138 0035820 1705810 0004153 0032200 0018284 0018270 0220844 1521761 1621966 2827422 2911660 1514758 0597357 1879547 0332196 2828389 1442161 1511760 1880274 0005847 0677535 1511228 0025914 0025929 0026809 0205132 0004153 0678226 0021665 0205369 1167267 1442161 1511760 1518422 1539322 1552740 1846431 1880274 3146286 3540560
 0205435 1279901 1524063 0449913 1553451 1704459 0521090 0392360 3146298 0441889 0456079 1547707 2946261 0005847 0677535 1511228 0002085 0016955 0335038 1522485 1701901 1705915 1709908 1963686 3540560 0016327 0439133 1553038
 0205436 0457385 0565930 1561503 1705190 1518422 2752783 1705241 1705242 0025914 0025929 0026809 0003595 0003591 0025914 0025929 0026809 1707455 0033727 0369286 0441932 0564385
 0205437 0220912 0220913 0311392 1658578 0334094 1514485 0220781 0439634 1522492 1441672 0011666
 0947630 0007634 0439084 0728893 3282337 0450345 0034865 0332257 0024432 1546706 1550652
 0332196 2828389 1442161 1511760 1880274 0011389 0332461 0333463 0024432 1546706 1550652 0031437 1285572 1441672 1880177
 1524063 0042153 0457083 1947944 0332268 3540560 0003595 0003591 0205173 1705764 1705765 1706907 0683607 1883351 1292732 0035820 1705810 1563937 0035820 1705810 0025519 0025520 0023820
 0020479 0011155 0162429 1623416 0332196 2828389 0015252 0728940 0034821 1149327 0597357 3540560 0011155 0162429 1623416 0332196 2828389 0015252 0728940 0086597 0127400 0205666 1704259 1705987 1862593 0205447 0052200 0052199 0003595 0004153 0025914 0025929 0026809 0231204 0523511 1412481 2827758 0201950 0428466 0008377 0441889 2348205 0025914 0025929 0026809
 0052200 0052199 0003595 0004153 0025914 0025929 0026809 0231204 0523511 1412481 2827758 0201950 0428466 0008377 0441889 0392756 0547047 1442161 1511760 1880274 3540560 1706907 0039224 1706073 1706074 1522634
 0302523 0700325 1964257 0205250 0439849 0441889 0445223 3163633 0052200 0052199 0003595 0004153 0025914 0025929 0026809 0231204 0332285 0523511 1412481 2827758 1565124 0023816 1416902 0596690 1416867 2262011 0023764 0023820
 0021135 1533691 2827718 0681829 0947630 1547282 0023816 1416902 0023764 0023820 0884358 2947996 0031843 0542341 0700205 1705273 0062503 1948023 0243144 0347980 0007634 3282337 0332257 0227525 0024432 0450348 1546706 1550652 0052200 0052199 0003595 0004153 0025914 0025929 0026809 0205216 0231204 0332287 0392756 0442797 0523511 1412481 1705690 2827758 0201950 0428466 0008377 0441889 0023816 1416902 0023764 0023820 0243144 0347980 0599779 0003062 3161035
 0205238 0243144 0347980 0034821 0332291 1149327 0085862 0597357 1299583 2987476 0003595 0003591 3540560
 0332196 2828389 0011155 0162429 1623416 0001721 0052200 0052199 0003595 0004153 0025914 0025929 0026809 0231204 0523511 1412481 2827758 0008377
 0441712 0332257 1552866 2700399 1280500 2348382 0033268 0034821 1149327 0597357 0052200 0052199 0003595 0004153 0025914 0025929 0026809 0231204 0523511 1412481 2827758 0523751 0523511 0373670 0523476 0242485 1999230 0332120 3540560 0023816 1416902 0015252 0023764 0023820 0728940 1314939 0521093 0750484 1456348 1511726 3245479 0023816 1416902 0023764 0023820 0757661 3540560 1511726 3245479 3540560 1880177 0052200 0052199 0003595 0004153 0025914 0025929 0026809 0231204 0523511 1412481 1883351 2827758 0015252 0728940 1518422 0205419 0039224 1706073 1706074
 1316572 1317574 1369612 0052200 0052199 0003595 0004153 0025914 0025929 0026809 0231204 0523511 1412481 2827758 0005507 0243073 1510438 1518422 0023816 1416902 0023764 0023820 0348078 0376315 1522492 1709305 2745955 0052200 0052199 0003595 0004153 0025914 0025929 0026809 0150312 0231204 0332285 0523511 1412481 2827758
 0348078 0376315 1522492 0023816 1416902 0005775 0521097 1516559 3540560
 0023816 1416902 0023764 0023820 0332529 0596448 0015252 0728940 0205419 0443288
 0439775 0702240 0205447 0011155 0162429 1623416 0012634 0348080 1705253
 0439775 0702240 0205171 1518422 1720467 0033414 0243144 0347980 0243122 1145667 1167622 0023820 0062503 0015127 1524003 0035280 0333117 1753315 0243144 0347980 0005847 0677535 1511228 0023816 1416902 0023764 0023820 0686907 1521761 2827422
 0332453 0025914 0025929 0026809 1274040 1546471 2825142 0052200 0052199 0003595 0004153 0025914 0025929 0026809 0231204 0332285 0523511 1412481 2827758 0457997 0441889 0442805 0052200 0052199 0003595 0004153 0025914 0025929 0026809 0231204 0332285 0523511 1412481 2827758 1521761 2827422 2607943 2926606 3539655 1444714 0150312 0449450 0521093 0557651 0750484 2603343 0025914 0025929 0026809 0003595 0003591 0034821 1149327 0597357 0205173 1705764 1705765 1706907 0039224 1706073 1706074
 0178693 0947630 1441616 0443289 0392148 0024432 1546706 1550652 1135918 0596981 1267092 1183436 0007634 0026845 0205357 3282337 1268228 0333562 0947630 1521761 2827422 0034821 1149327 0597357 0205173 1705764 1705765 0025914 0025929 0026809 1547282 1521761 2827422 1954324 0023516 0011155 0162429 1623416 0004153 0302523 0700325 3244290 0035820 0309049 1551058 1705810 0015506 2732002 0445599 1413661 1521761 2827422 1521761 2827422 2986594 3161035
 0681828 0947630 1547282 3540560 0032214 0600138 0035820 1705810 0150312 0449450 0557651 2603343 1999230 0332120 3540560 1314939 0052200 0052199 0003595 0004153 0025914 0025929 0026809 0150312 0231204 0332285 0523511 1412481 2827758 0441889 0039224 1706073 1706074
 0398621 0011155 0162429 1623416 0004153 0683954 0150312 0947630 1524063 0041014 0052200 0052199 0003595 0003591 0004153 0025914 0025929 0026809 0231204 2603360 2827758 0439775 0702240 1849618 0004153 0521110 1551359 2741673 2981730 0011155 0025914 0025929 0026809 1441672 1636779 3540560 0032144 0032140 1367553 1705535 1883351 0032214 0600138 0035820 1705810 1622501 0600210 1533574 1881827 1658578 2246389 0596290 0334094 1514485 0011155 0162429 1623416 1518422 0001721 0486616 1555710 0332257 0423896 0456205 0032144 0032140 1367553 1518422 0032214 0600138 0035820 1705810 0025914 0025929 0026809
 1511726 3245479 0557651 1999230 2603343 1518422 0683607 0020792 0205396 3540560 0001721 0243107 0678723 1527148 0025914 0025929 0026809
 0023688 0085732 1299581 0079809 0242485 0205171 1720467 3274659 0237753 0449788
 0023688 0004153 0439849 0445223 0332257 1552866 2700399 0032143 0042071 1522670 1335224 1367601 0019633 0032144 2713035 0032140 0040300 0332307 1367553 1547052 1547928 0032143 0042071 1522670 1335224 1367601 0019633 0032144 2713035 0032140 0040300 0332307 1367553 1547052 1547928 0030190 1418252 0032145 1419349 0032144 1418824 0032140 1367553 1999216 0030190 1418252 0032145 1419349 0032144 1418824 0032140 1367553 1999216 0164707 1420705 0040048 1333522 0040300 1521761 1547928 1704259 1705987 1999216 2827422 0164707 1420705 0040048 1333522 0040300 1521761 1547928 1704259 1705987 1999216 2827422 0016884 0543488 2987476 0020202 0025914 0025929 0026809 0011155 1636779 0030190 1418252 0032145 1419349 0032144 1418824 0032140 1367553 1999216 0164707 1420705 0040048 1333522 0040300 1521761 1547928 1704259 1705987 1999216 2827422 0015506 2732002 0445599 1413661 1521761 2827422 1521761 2827422 0032144 0032140 1367553 1706907
 1517331 0725066 0162340 3540560 0443264 0004153
 2986676 0178587 0557775 0027976 0205314 0018896 0449851
 2825232 1515023
 1272684 1548435

 0005767 0005768 0229664 2348291
 0018173 1521721 0000876 0003826 3538895 3538896 0036397 2347469 0560268 2349105 0015179 0239307 1535514 1709701 2825217 3540513 0369637 0441923 2603362 0027778 0016617 0018787 1281570 1709701 1319635 1709701 0369637 0441923
 0034036 0034037 1704324 0010186 0220812 1706852 0449719 1709471 0220808 0680264
 1706852 0522501 1706089 0949214 0041703 0205155 1293097 1522472 1552923 1705191
 3273171
 0587453 1704729 0000872 0565990 1552471 0041740 0205099 0205476 0199176 1706420 2700409 0018684 0179400 0442027 1533124 0027778
 0013849 1705961 0024492 1538057 1547565 0027778 0560008 1514811 1706462 0520510 0557061 2584313 1514811 1706462 0439267
 0520511 1704711 1158819 2362546 0023821 0597357 0242972 0748025 0034821 1366529 0023823 0599283 0023820 0033684 0178587 0205251 0439849 0445223 1299352 1550472 0440744 0040300 0086418
 2347379
 0025141 0369637 0441923 2986904 2986904
 0598496 0544461 0034865 0521093 0750484 1456348 0035820 1705810 0449297 1382187 2825073 0443616 0008731 1325761 3272697
 1315013
 0035978 2700310
 0003595 0003591 0007292 1159709
 0036397
 0025141 0369637 0441923 1412999
 3540560 0035820 1705810 1545588
 0036397
 0011318
 3540560 0017108 1003377 0597357
 1315013
 0016327 0439133 1553038 0369637 0441923
 1442161 1511760 1880274 0032144 0032140 1367553 0025914 0025929 0026809 0052200 0242656 0449258

 0439083 0439087 0025141 0369637 0441923 0205090 0684010 2603358
 0185117 0243107 0678723 1527148 0015127 1314792 1524003 0009813 1261287 1517945 0521110 0018270 0220844 1621966 2911660
 0041703
 3539739 3542920
 2750067 0398621 0011155 0162429 1623416 0030190 1418252 0004153 0242656 0449258 0007272 0162859 0003842 0226004 0741968
 0005767 0005768 0229664
 3539739 3542920
 0011155 0162429 1623416 0164707 1420705 0033414 0004153 0040053
 0005775 1516559
 0312860 0279354 1704645 0369637 0441923 1416870 1823249
 1160612 0205102 0439674 1704259 1705987 2936350 0011389 0332461 0333463 0333482 1880177
 0005767 0005768 0229664
 3476815 0023031 0439255
 0023816 1416902 0023764 0023820 0033414 0220781 0439634 1522492 0016390 0004153 1515655
 1315013
 0005005 0019046
 0025914 0025929 0026809 1157973 0543484 0699900 1516314 0205250 0441889 0456079 1299351 1547707 2700149 2946261 0003595 0311403 0523511 1412481 1979886
 2347379
 0439509 0038108
 0080194 0456178 1518614 2987481 0025914 0025929 0026809
 0041703
 0005005 0178587 0557775 0439254
 0020476 0004153
 1315013
 0025141 0005005 3272372
 1292727 0441712 1706376 1158323 1158917 0065060 0023820 0025519 0025520 0041004 0699759 1314939
 0201682
 0022337
 0052200 0052199 0003595 0004153 0025914 0025929 0026809 0231204 0523511 1412481 1416870 1823249 2827758 0015506 2732002 0960756 0445599 1413661 1521761 2827422 0020623 0033626 0011155 0162429 1623416
 0005767 0005768 0229664
 0369637 0441923
 0020980 0021060 0032143 0042071 1522670 1335224 1367601 0019633 0032144 2713035 0032140 0040300 0332307 1367553 1547052 1547928 0030190 1418252 0032145 1419349 0032144 1418824 0032140 1367553 1999216 1524063 0003250 0003241 0746619 1417166 0017337 0025914 0025929 0026809 0442818

 0025141 0012836 1520135
 0965226 0008380 1420304 0004153 0025914 0025929 0026809 0052200
 0005775 1516559

 1563937 0023820 0036536 0036537 0205054 1707719
 0005775 1516559
 0054868 3540479
 0004083 0439849 0596306 0699792 0042971 1336938 0042974 1521761 2827422
 0201682

 0039676 2349943 3539704
 3161035 0237913 0022885 0392366 0332268 0034821 1366529 0023823 0065059 0023820 0178587 0205251 0597357 1299352 1550472 0003595 0003591 0033684
 0041703
 0000857 0600678 1552863 0369637 0441923 0033727 0369286 0441932 0564385 0039247 1261082 1551056 2981682
 0062503 0023816 1416902 1149323 3158645 0007634 0023764 0023820 0086597 0127400 0178539 0243122 1145667 1167622 1314939 1627358 2349975 0442811 0178587 0205251 0442824 1299352 1550472 0023823 0023820 0178587 0205251 1299352 1550472
 2347379
 0025141 0033727 0369286 0441932 0564385 1261082 1551056 2981682
 0023816 1416902 0023764 0023820 0243122 1145667 1167622 0243144 0347980 0024432 1546706 1550652

 0025141 2986463 0033727 0369286 0441932 0564385 0016327 0439133 1553038 1261082 1551056 2981682
 1292856 1948023 0003595 0003591 0034821 1366529 0023823 0065059 0332291 0599283 0023820 0085862 0178587 0205251 0392148 0597357 1299352 1299583 1550472
 0201682
 1515101 2986905
 0023816 1416902 0023764 0023820 0456389 0034519 0544461 0560559 0851346 1522449 1524020 1524021
 2347379
 0000857 0600678 1552863 0439267
 0023764 0004153

 0025141 3538987 0369637 0441923 3538867
 0301630 0392756 0441610 0025914 0025929 0026809 0042971 1336938
 0005767 0005768 0229664
