 0752046 0678951 0028630 0032529 0037179 0087136 0205171 0012655 0220898 1264642 1547045 0017431
 1413128 0021622 1272753 0557806 1704729 0020028 0019994 0039260 0041740 1510665 3245503 0021622 1272753 1555969 2973268 0557806 0520510 1514811 1706462 0796451 0002778 0936012 1524024 0150312 1883351 0332281 0020538 1963138 1274040 1546471 2825142 0442809
 2985627 0018017 1883351 0220825 0004083 0439849 0596306 0699792 0037775 0017337 0020538 1963138
 0370003 2347026 0857121 0030705 0150312 0019904 0559060 0035647 0205217 0442805 0369773 2603361 0369773 2603361 0004083 0237881 0750502 1546944 0020538 1963138 0752046 0028630 0032529 1882417 3536614 2825412 0796451 0002778 0936012 1524024
 0023746 0023745 0281825 0394006 0150312 0032529
 0150102 0022885 0033204 0039593 0392366 0456603 1547037 0205171 1720467 0036849 1442518 1705195 0032529 0332281 0020538 1963138 0740116 2827735 2981700 0369773 2603361 0678226 1514779 0018591 0205217 0376249 0439603 0442805 0871396 1514798 1561548 1705502 3146286 0035820 1705810 0020538 1963138 1444656
 0005507 0243073 1510438 0441655 0205250 1299351 2700149
 1274040 1546471 2825142 0314657 0012655 0017296 0220898 0314603 1264642 1547045 0012634 0020538 1963138 0205419 0035096 2984247 0003018 0018591 0028778 0035094 0035100 0332206 0445247 0449913 1419338 1533157 1551058 1553451 1704459 1706084 2828370
 0032529 0017296 0314603 1882417
 0023746 0023745 0281825 0394006
 0034865
 0520510 0018173 1514811 1706462 0020538 1963138 0012634 0039869 1883351 1274040 1546471 2825142 0017296 0314603 1706907 1516998
 0023745 0017296 0314603 2717881 1273305 0947630 1708726 0017337 0020538 1963138
 0679560 0796344 0002778 0936012 1524024 0443289 0042333 0017296 0314603 1711260 2348152 1257911 1257890 0032659 0150312 0441833 0687744 1552516 1552839 1705428 1705429
 0443204 0678951 0032529 0004083 0332218 0439092 0547044 0150312 0449450
 0017337 2700400 0035096 2984247 0003018 0035094 0035100 0449913 1419338 1553451 1704459 0205234 1285542 0557651 0947630 2603343 2981279 0332281 0020538 1963138
 0003017 0523500 1709634 0005823 1271104 1272641 0005767 0005768 0033095 0079613 0182953 0229664 0460139 1306345 1704734 1704735 2255937 0019868 0018284 0050325 0960756 0018270 0220844 1521761 1621966 2827422 2911660
 0032529 1882417 0150312 1883351 0332281 0003017 0032105 0205250 0441889 1299351 1550098 2700149 0681850 1550501 1706203 2349001 2697811 0019904 0332281 0020538 1963138 0239307 1535514 0032659 1257890 1518422 0032659 1257890 0439086 2827736 2981702
 3536614 0752046 0796451 0002778 0028630 0032529 0037179 0087136 0205171 0557651 0936012 0947630 1524024 1882417 2603343 0032659 1257890 1441672 1705242 0805586 0085580 0020538 0205224 1963138
 0449295 1883351 0003017 0017337 0018591 0231204 0233426 2827758 0020538 1963138 0000936 2981153
 0032214 0600138 0035820 1705535 1883351 0018591 0028778 0332206 0445247 1533157 1706084 2828370 0032529 1882417
 0752046 0028630 0032529 0037179 0087136 0205171 0018591 0037293 0181496 0332293 1522326 1710492 1292732 1511978 0004083 0439849 0596306 0699792 1710575 0033213 1706387
 0947630 0443289 0028630 0348078 0376315 1522492 0018591 0028778 0332206 1533157 1706084 2828370 0034865 2986491 0439509 0017428 2338314 0086418 1705920
 0543488 0012634 1524063 1707455 0392760 1314939 0027361 0237401 2827734 2981698
 0521116 0870392 0449774 0205170 0205309 3146287 0028263
 0028778 0332206 1533157 1711300 2700613 1514721 2348147 3542016 1444754 1706316
 0332185 1880371 0314604 1517495 0003017 0017337 0086418 0678594 0032659 1257890 0023693 1306462 1881376
 0947630 1292732 0453882 0001721 0017262 0017337 0185117 0018591 0017431 0443189 0031847 0277785 0035820
 0557651 2603343 1947946 2948600 3540471 3540472 1883351 0876919 0678951 0032529 1707455 0449286 1704240 0678594 0520511 1704711 0857121 0681850 1550501 1706203 2349001 2697811
 0332128 0205177 0439167 0441655 1561536 0003017 0086860 0678594 0449913 1553451 1704459
 0520510 0520510 0018173 1514811 1706462 0681850 1550501 1706203 2349001 2697811
 0678257 0034037 1704324
 0857121 0030705 0029916 0002424 0020028 0587906 0019994 0029921 0039260 0041740 0442592 1510665 1548439 1549405 3245503
 0008120 0152035
 0815251 0008848 0017446 0205146 0599587 3262831 2982691 0039260 0444930 1709269 2746065
 0011900 1704338 1704656 0750591 1527178 1874451 0015127 1524003 0681850 1550501 1706203 2349001 2697811 0205197 0205210 0442726 0725685 1511790
 0681850 1550501 1706203 2349001 2697811 0150312 0332257 0449450 3538986 0002778 0936012 1524024 0205447 0205448 0243161 0332283 1550543 1719822 0011900 1704338 1704656 0020538 1963138 0332132 0011900 1704338 1704656 0031831 0804815 1524063 0240320 0042153 0457083 1947944 0439475 0488055 0871470 1306620 0439475 0428886 0488053
 0005823 1271104 1272641 0005767 0005768 0033095 0229664 0460139 1306345 0183432 0025424 0183427 0439858 0444706 2347108 2348272 3541902 0205448 0242485 0443299 1510992 2825518 1883727 0332174 0439230
 0030705 0544077 0015127 0020544 0020538 0005847 0022646 1558950 1801960 1963138 0014130 0012634 1554077 2828389
 0681850 1550501 1706203 2349001 2697811 0455458 0022885 0022877 0392366 3244292 0428883 1305849 0012000 0439475
 0439175 0439810 0030705 0681850 1550501 1706203 2349001 2697811 0557651 2603343
 0681850 1550501 1706203 2349001 2697811 1947971 0021430 1511481 1522154 1554192 0086911 0205540 0282443 0972401 1552617 1948070 0020028 0019994 0039260 0041740 1510665 3245503
 0683970 1521970 0039224 1706073 1706074 1547282
 0449911 0039224 1706073 1706074 0557702 1272706 1704674 0557702 1272706 1704674 0039224 1706073 1706074
 1568011 1521970 1285573
 0185115 0684295 3272453 1285573 0884358 1552738
 0205419 1285573 1521991 0439851 1553778 1561491 1947931 0004927 1524063 0025663 0449851 0871511 0008848 0242298 0344349 3262831 0205554 0243111 0884358 1553778 1561491 1947951
 0206415 0032520 0337112 0443286 1114821 1273517 1335439 1524075 0162326 0917792 1553778 1561491 0332283 1719822 1953382 0206415 0041405 0061145 0179630 0439084 0728893 0796552 1417239 1422172 1705968 1824670 2986643 3272447
 1953384 0206415 0439084 0728893 1420714 1455888 3540513
 1709450 0332283 1719822 1953382 0206415 0179630 0439084 0728893 1420714 1421391 1428265 1705968
 1953384 0206415 0037293 0040405 0179630 0181496 0439084 0728893 1705968 1710492 1883257 2962221 2986848 3538813
 1953384 0206415 0032520 0337112 0443286 1114821 1273517 1335439 1524075 1553778 1561491
 1274040 1546471 2825142 0936012 1524063 0037585
 0441513
 2827421 0332255 1708096 0314604 0017337 0205094 1412365 0740201 0002059 1318717 0031678 0032043 0230956 1149880 1979842 1412365 0017262 0017337
 0596988 2827421 1524063 0025663 0449851 0871511 0449913 1553451 1704459 0072149 0349966 1337208 1547282
 2827734 2981698
 0441587 0813036 1743766 1883719 0596988 0162326 0917792 0012854 1553778 1561491 1711411
 0079870 0079866 0205145 1515974 2825164 3146302 0439851 1947931 2945843 0205145 0206243 0699809 0079870 1441713 1704536 0025663 0079866 0205145 0392747 0439787 0439831 0443172 0449851 0849355 0871511 1515974 1705241 2825164 3146302 0439851 1947931 0027778
 0206415 0332283 1719822 1953382 0206415 0439084 0728893 0796552 1415027 1417239 2699751 2986643
 1953384 0206415 0266539 0439084 0728893 1516476 1864172
 0206415 0332283 1719822 1953382 0206415 0041405 0085758 0175754 0282160 0439084 0728893 1415587 1420714 1421391 1428265 1455888 1824670 3272447 3536819 3541413
 1953384 0206415 0439084 0728893 1420714 1455888
 0449911 0333052 2607870 0557702 1272706 1704674 0557702 1272706 1704674 0349966 1337208
 2827734 2981698
 0441513 0003017 0314621 1533585 0017337
 0332255 1708096 0009013 0032136 0335038 0441587 1522485 1527178 1705915 1709908 0017337
 0079870 0079866 0205145 1515974 2825164 3146302 0439851 1947931 0884358 0733755 0086022 0442335 0733755 0205431
 1412365 1412365 0740201 0002059 1318717 0031678 0032043 0230956 1149880 1979842
 0007585 0007634 0010453 0220814 0430400 1269647 1704653 1948049 2242979 0040669
 0682523 0427861 0007600 0677626 0007634 0023903 0086418 0205132 1269647 1704653 1948049 2239176 0009458 0162867 0325564 0392747 1254021 1314677 0015965 0229671 0230445 0521457 1305418 1546774 1550100 1412820 0022130 0027976 1879958 0010453 0220814 0430400 2242979 0004178 0678214 0332256 2700400 2347816
 0012854 1521827 1524063 1185738 1706132 0017480
 0086045 0037805 0596607 0487602 1704680 0019873
 0007634 3282337 0162339 0007634 0178587 3282337 0200940 0699799 0020498 0020498
 0033727 0369286 0441932 0564385 1524063 0442711 1507394 1522729 2348563 0034760 0072149 0016674 0439267 0032136 0720544 0439267 0185117 0008169 0597937 0205102 0243148 1550141 1553872 1619620 1882979 2587213 3274648 1882115 0013682
 2827421 0681814 0205175 0884358
 0439227 0009458 0439536 1705217 3244283 0009458 0205197 0392747 0439536 0443172 0443224 0725685 1705217 2827486 3244283 0449468 1690016 1705102 2700258 0020498
 0033727 0369286 0441932 0564385 0162518 0007585 0010454 0007634 0009458 0010453 0220814 0430400 0439536 1269647 1704653 1705217 1948049 2242979 3244283 0205177 0242485 0439167 0441655 1412365 1516695 1516698 1561536 2827421 1511790
 1151952 1151922 0441655 0444706 3541902 1524063 0011900 0348026 0016674
 0038215 0600673
 0439849 0020538 1963138 0332128 1524063 0681925 0034980 0002778 0936012 1524024 0206031 0449438 0332293 0439828 0851827 1522326 1701901 3244310 0017431 0009253 0036864 0079399 1314687 1522384 0001779
 0014653 1547026 1516048 1524063 0022885 0039593 0392366
 0680844 0681916 0750572 0039593 0392366 0023746 0023745 0281825 0394006 0884358 1524063 0013194 2700580 1555015
 0004083 0449438 0332128 0557351 0150102 0237913 0683443 0022885 0033204 0039593 0392366 0456603 1547037 0004792 1552738

 0332282 0038659 1705535 0079809 1879489 0450348 1883708 0444686 1441506 1443182 1524063 1555015 0037585
 1316572 1317574 1369612 0042295 1704788 3539106 2827734 2981698 1705535
 0740116 2827735 2981700 1705535

 1710497 0002780 0002778 0936012 1524024 0022885 0038492 0039593 0392366 0884358 1883351 1707455 0205177 0439167 0441655 1561536 2827421 0681814
 1511726 3245479 1704970 1709380 1522609 0750591 0237881
 0520510 0018173 1514811 1706462 0017431 0332281 0020538 1963138
 0869014 0752046 0678951 0028630 0032529 0037179 0087136 0205171 0449438 0022885 0039593 0392366 0039224 1706073 1706074 1547282
 0752046 0028630 0032529 0037179 0087136 0205171 0205161 0683307 1554961 1705847
 0681925 0034980 0002778 0936012 1524024 0206031 0150312 0559060 0035647 0205250 1299351 2700149 0205189 0017431 0205214 1522138 1707455 3245511 0032529 1882417
 0035647 1705242 0028873 0456603 1547037
 0017431 0205448 0392756 0332293 1522326 0017431 1274040 1546471 2825142 0032529 1301820 1882417
 3161035 0017431 0332282 0425382 0002778 0936012 1524024
 0449911 0039224 1706073 1706074 0557702 1272706 1704674 0557702 1272706 1704674 0039224 1706073 1706074
 0520511 1704711 0857121 0681850 1550501 1706203 2349001 2697811 0019904 0332281 0020538 1963138 3536614 0681925 0034980 0796451 0002778 0936012 1524024 0035647 0020538 1963138 1517331 0392756 0004927 0017431 0017431 0039224 1518422 1706073 1706074
 0868996 0017431 0035253 1622890 1709595 2349200
 0017431 1707455 1709450 0752046 0028630 0032529 0037179 0087136 0205171 0752046 0017431 0028630 0032529 0037179 0087136 0205171 0205448 0205449 1882417 0150312 1883351 0559060 0332167 3272283 0035647 0205250 1299351 2700149
 0017431 1883351 0004083 0439849 0596306 0699792 1518422
 1301625 0559060 0020538 0035647 0205250 1963138 3163633 2945640 0028873 0456603 1547037 0442804 0205250 1299351 2700149 0231174 0680095 0332148 0750492 1551359 2741673 2981730 0376249 0439603 0871396 1561548 1705502
 0449911 0039224 1706073 1706074 0557702 1272706 1704674 0557702 1272706 1704674 0039224 1706073 1706074
 0028873 0456603 1547037 0752046 0028630 0032529 0037179 0087136 0205171 0035647 0018591 0332281 0020538 1963138
 0752046 0028630 0032529 0037179 0087136 0205171 0332128 0557651 2603343 0018591 0028778 0332206 0445247 1516050 1533157 1552601 1706084 2828370 0205435 1279901 1707455 0520511 1704711
 0150102 0022885 0033204 0039593 0392366 0456603 1547037 0221191 0023746 1883037 0023745 0281825 0394006 0017337 0441833 0687744 1257890 1552516 1552839 1705428 1705429 0370003 2347026 0036849 1442518 1705195 0150312 1883351 0332281 0020538 1963138 0039224 1706073 1706074
 1883351 1515187 0023746 1883037 0023745 0281825 0394006 0750572 0023746 1883037 0023745 0281825 0394006 0039224 1706073 1706074
 0023746 0023745 0281825 0394006 0442821 0857121 0681850 1550501 1706203 2349001 2697811
 0205171 1720467 0023746 0023745 0281825 0394006 0205250 1299351 1552738 2700149
 0042295 0205170 3146287 0004093 1762617
 0205171 1720467 0036849 1442518 1705195 0332281 0020538 1963138 1709450 1518422 0015272 0004083 0439849 0596306 0699792
 0449911 0039224 1706073 1706074 0557702 1272706 1704674 0557702 1272706 1704674 0039224 1706073 1706074
 0017270 0376249 0439603 0871396 1561548 1705502 0857121 0681850 1550501 1706203 2349001 2697811 0449911 0039224 1706073 1706074 0557702 1272706 1704674 0557702 1272706 1704674 0039224 1706073 1706074
 0017270 0376249 0439603 0871396 1561548 1705502 0023746 0023745 0281825 0394006 0079809 0242485 0857121 1879489 0681850 1550501 1706203 2349001 2697811 1707455 0520511 1704711 0441833 0687744 1257890 1552516 1552839 1705428 1705429 0681850 1550501 1706203 2349001 2697811 0150312 1516077 0546866 2712122 0681850 1550501 1706203 2349001 2697811 1883559 0018591 0332293 0332307 0445392 1522326 1547052
 1979874 0439603 0030705 0205217 0442805 0857121
 1883351 1280500 2348382 0332849 0017431 1514779 0018591 1883708 0004927 0681925 0034980 0002778 0936012 1524024 0039224 1706073 1706074
 0559060 0035647 0205217 0442805 0040223 1632851 1514779 0018591
 0449911 0039224 1706073 1706074 0557702 1272706 1704674 0557702 1272706 1704674 0039224 1706073 1706074
 0028873 0456603 1547037 0035647 0205177 0439167 0441655 1561536 0018591
 0036849 1442518 1705195 2827421 0033413 0314621 0017446 0086860 0205147
 0086860 0079870 0079866 0205145 0443211 1272684 1515974 2825164 3146302 0439851 1947931 0349966 1337208 0205450 0335038 1522485 1705915 1709908 1274040 1546471 2825142 0002055 0178499 1705241 1705242 1880279 2827421 0733755 0003017 0086860
 1444754 1706316 0475806 1706276 0205447 1547282 0205177 0439167 0441655 1561536 1880274 0033413 0017446 0086860 0205147 2827421 0005507 0243073 1510438 0349966 1337208
 0205435 1279901 0884358 0040669 0005507 0243073 1510438 0205177 0439167 0441655 1561536 0007600 0007634 0205132 1269647 1704653 1948049
 1274040 1546471 2825142 1547282 0205177 0439167 0441655 1561536 0018591 0441994 1548802 2003888 0369773 2603361 0007634 3282337
 1316572 1317574 1369612 0002085 0521114 0522498 1514917 0205177 0439167 0441655 1561536 0442805 0150312 0018591 1707455 0002085 0683454 0021966 0221138
 0205117 0332282 1883708 1517331 0004927 0681814 0205171 1720467 1707455 0205177 0439167 0441655 1561536
 1274040 1546471 2825142 2717940 0007634 0150312 3282337 0450365 1706097
 0449911 0333052 2607870 0557702 1272706 1704674 0557702 1272706 1704674 0349966 1337208
 0740116 2827735 2981700
 0040669 1442161 1511760 1880274 0017446 0205147 0230171 2827421 1412365 0206414 0017337
 0205091 1552822 0681494
 0205090 1704970 0681814 1882932
 2827421 0681814 0205175 0884358
 0008169 0001068 0001390 0008168 0008169 0001068 0001390 0008168
 0449911 0333052 2607870 0557702 1272706 1704674 0557702 1272706 1704674 0349966 1337208
 0439086 2827736 2981702
 0441655 2827421 2717940 0007634 3282337
 1704970 0007634 3282337
 1524084
 0080103 0205345 1547039 0002780 0002778 0936012 1524024
 2347469 1704970 2717940 0007634 3282337
 1524084
 0080103 0205345 1547039 0002780 0002778 0936012 1524024
 0520510 0018173 0678951 0003017 0017337 0032529 0205449 1514811 1706462 0332128 0557651 2603343 0150312 0559060 0035647 0205217 0442805 0205171 1720467 0017431
 1979874 0947630 0332128 0439849 1705630 1706279 3540605 0020538 1963138
 1274040 1546471 2825142 0020538 1963138 0009671 0439086 2827736 2981702 0080103 0869014 2348205
 0042333 0017296 0314603 1880371 0032659 1257890 1705242 2987476 0450355 1521761 2827422 0332257 0086685 0036576 0205296 1565556 0806140 1273519 1547539 0678936 0034865
 0314604 0017337 0017270 0439603 0032529 0032659 1257890 1705242 0002085 1556094 0032659 1257890 1518422 0205447
 0021135 1533691 2827718 0205156 0681814 1552607 1707455 0004083 0439849 0596306 0699792 0020538 1963138 1705242 0002085 1709908 0684224 0700287 3496591
 0004083 0439849 0596306 0699792 0020538 1963138 0332290 0002085 1709908 0337694 0684224 0700287 1998092 3496591

 1274040 1546471 2825142 0332290 1524057 0025936 0003069 0025914 0025929 0026809 0206243 0700321 0497247 0677038 1881187 0442805 0013081 1515655 0439084 0728893
 0684224 0700287 3273238 1444656 1319893 0580946 0488055 0871470 1306620 0005823 1271104 1272641 0005767 0005768 0033095 0039155 0229664 0460139 1306345 0019904 0205217 0442805 0023746 0023745 0281825 0394006 0442821 0002085 0032659 1257890 0009932 0243148 0441833 0687744 1257890 1550141 1552516 1705428 1705429 1882979 2587213 3274648 1827246 0439234
 0012751 1282927 1806781 2350002 0683954 1274040 1546471 2825142 0332128 2004054 0032529 0443289 1533716 0332293 1522326
 1516048 0449286 1704240 0205145 0150312 1705242
 1524063 0018591 0020792 0028778 0205396 0332206 1273517 1533157 1522609 0596012 2584321 2827734 2981698 2827734 2981698 0018591 1551393 1705492 3272743 0740116 2827735 2981700 0332324 1550474 1704240 0596012 2584321 0018591 1551393 1705492 3272743
 1883712 0700321 0205081 1881878 0242618 0456389 0750572 0015272 0242568 1504315
 1274040 1546471 2825142 0750572 2827734 2981698 0205251 1299352 1550472
 0205447 0678226 0018591 3146286 0441833 0687744 1257890 1552516 1705428 1705429
 0150312 0557651 2603343 0332128 2004054 0023746 0023745 0281825 0394006 0750572 0205163 1549782 0237881 1273937 0038215 0750502 1546944 0022885 0392366
 1882365 0684224 0700287 1441672 3273238 1518422
 0021212 1235732 1522602
 0042295 1444656 0023746 0023745 0281825 0394006 2987476 0205171 1720467 0032529
 0023746 0023745 0281825 0394006 2348205 0007457 0043157 0032659 1257890
 0023746 0023745 0281825 0394006 0205419 2987476 0752046 0028630 0032529 0037179 0087136 0205171
 0681841
 0449911 1514799 1264633 0034865 0263214 1521990 2947985 2986491 1709305 0012751
 0752046 0028630 0032529 0037179 0087136 0205171 0018591 0028778 0332206 0445247 1533157 1706084 2828370
 0332149 1705910 2362652 0205419 0185117 0205245 0439849 0445223 0542341 1704259 1705242 1705987 2700217 0004083 0439849 0596306 0699792 1184743 1522240
 0205419 0013879 0017446 0205147 1705248 0003017 0013879 0086860 0444669 1167518 1705248 1706352 1882467 3274653 0733755 0243148 1550141 1882979 2587213 3274648 0205177 0439167 0441655 1561536 0205419 0013879 0205342 0458083 1705248 3245505 1517331 0851285 1292856 1948023 1521761 2827422
 1274040 1546471 2825142 1547282 0018591 0445392 1707455 0442805 1883351 0441994 1548802 2003888 2717940 0007634 3282337 1518422 2584321 0237881 1709380 0038215 0750502
 0005507 0243073 1510438 1518422 0457083 0557351 0304402 2827421 1518422 0015272 0442805
 1517331 0037088 0243095 2825141 0004083 0439849 0596306 0699792
 0037088 0243095 2825141 0002778 0936012 1524024 0039224 1706073 1706074 0002778 0936012 1524024 0039224 1706073 1706074
 1883727 1883357 0032529 0332148 0750492 0032214 0600138 0035820 0017262 0017337 0185117 0332128 1524063 0205447 0037293 0181496 1710492
 1555578 1706081 0678226 0019904 1979886 3146286
 0679083 0557651 2603343 0332128 1825598 0680844 0681916 0750572 0376249 0439603 0871396 1561548 1705502 2700035 0002045 1553907 0443131 0023882 0700321 2700395 0332307 1555578 1706081 0014653 1547026
 1274040 1546471 2825142 0750558 1710571 0014653 0392760 1314939 1547026
 0332290 0205171 1720467 2987476 0023746 0023745 0281825 0394006 0205171 1720467 0036849 1442518 1705195 0752046 0028630 0032529 0037179 0087136 0205171 0205448 0332281 0020538 1963138
 1705241 1705242 0678226 1514779 0018591 0205217 0376249 0439603 0442805 0871396 1514798 1561548 1705502 3146286 0441833 0687744 1257890 1552516 1705428 1705429 0030705 0441994 0750482 1522609 1548802 1708698 2003888 1707455 2712122 0681850 1550501 1706203 2349001 2697811
 0442805 0032214 0600138 0035820 1705810 1261322 1552578
 1552616 1706244 1514228 0002778 0936012 1524024 0017431 1880177 0005507 0205245 0243073 0542341 1510438 1521721 2700217 0332290
 0012751 0023746 0023745 0281825 0394006 0442821 1517001 0023746 0023745 0281825 0394006 0004093 1762617 0032529 0185117 0205245 0439849 0445223 0542341 1704259 1705242 1705987 2700217
 1514779 0018591 0205217 0376249 0439603 0442805 0443289 0871396 1514798 1561548 1705502 0035820 1705810 1272706 1552654 1552713 0012655 0220898 0020538 1963138 1444656
 1274040 1546471 2825142 0314657 0012655 0017296 0220898 0314603 1264642 1547045 0012634 0020538 1963138 0205419 0018591 0028778 0332206 0445247 1533157 1551058 1706084 2828370
 0520510 0018173 1514811 1706462 0557651 2603343 1521721 0018896 0013227 0025118 0871424 0002778 0936012 1524024 2986676 0031831 1707664 2348314 3540849
 0999213 0010992 0002778 0936012 1511726 1524024 3245479
 1553033
 0022885 0392366
 1706852 0034037 1704324
 0042789 1947903 2349146 2945843 0205145 0282111 1515974 2825164 1555015 1522486
 0376649 1442065 0282413
 0021782 1555750 0013227 0025118 0205102 1553872 1619620 0041740
 0019994 1510665
 0442650 0039260 0013849 1705961 0024492 1538057 1547565 0039260 0332293
 1514811 1706462 0520510 0018173 1514811 1706462 1552950 0242724 2348274 0018370 0027971 0023617 2986899
 0439792 0520511 1704711 0017428 0887950 0017446 0205147
 0325074 0450387 0025141 0022718 0439209 0369637 0441923
 0449774 0017429 0017428 2338314
 0325074 2347961 0025141 0369637 0441923 0369637 0441923 0369637 0441923 0230613
 0023745 0085580 0020538 0205224 1963138
 0369718 0441922 1414400 1553036 1881534 1366480 1416656 2349143 0262500 1512358 3538713 0039725 0039738 1420718
 0085580 0332281 0020538 0205224 1963138 1556096
 0025141 2945617 2347469
 0237881 0750502 1524063 0242613
 0887950 0439254 1549972 0039247
 0678594
 0325074 0025141 1836672 0033727 0369286 0441932 0564385
 0003017 0022709 0003018 0014442 0152277 0021966 0032529 0221138 0035094 0035100 1419338 0441889
 0025141 0021966 0221138 0369637 0441923 0027971
 0679560 0796344 0010992 0002778 0936012 1524024 1524063 0439603 0185125 1947919 2347934 3539080 0002395 0012634
 0017428 2338314 2347379 0027971
 0443131 1708726 2700035 0002045 1553907 1511726 3245479
 0325074 0025141 0033727 0369286 0441932 0564385 0022337 0369637 0441923 0369637 0441923 0205090 0684010 2603358 0205090 0684010 2603358 0439254
 0678594 0017429 0017428 0028778 0086418 0332206 1533157 1706084 2338314 2828370
 0036397 0043092
 0023746 0023745 0281825 0394006
 0325074 1858559
 0021966 0221138 3540510 0205090 0684010 2603358 0369637 0441923 1520135 0022337
 1555721 1706204 0085580 0332281 0020538 0205224 1963138 0001721 0040649 0021135 1533691 2827718
 1315013 3540510 0036154
 0678951 0032529 1882417 0001721 0205177 0439167 0441655 1561536 0332281 0020538 1963138 0085756 0027567 0596070
 0201682 0230613 0205090 0684010 2603358
 1155792 0034865 0024518 1753349 0019627 0205164 0439855 1704241
 0325074 0025141 0021966 0221138 0369637 0441923 0022337
 0018591 0085580 0020538 0205224 1963138
 0325074 0025141 0016327 0439133 1553038 1538326 3541325 3540510 3539925 3541307 0022337
 1853126 1527178 1874451 0035820 1705810
 0007634 0450389 1269647 1704653 1948049 0025141
 0023746 0023745 0281825 0394006 1552603 1706202
 0017428 2338314 2347379 0033727 0369286 0441932 0564385 0033727 0369286 0441932 0564385
 0017337 0085580 0020538 0205224 1963138 0557651 2603343 0282458 0920317 0002778 0936012 1042496 1524024
 0025141

 0325074 0025141 0205090 0684010 2603358 3272372 0037173 0234857
 0796345 0023745 0002778 0936012 1524024 1524063 0037047
 0005775 1516559 0027971
 0012737
 0036397 0025141 0597277 1708601
 0024934 1710191 2707190 0025663 0025664 0449851 3538926
 0027976 0205314
 1419366
 1704675 0023745
 0021966 0221138
 0518609 3161035
 0017398 0017399 1538326 3541325
 0441712
 0007634 1269647 1704653 1948049 0025141 0347978 0439267 0439267
 1880022 0020792 0205396 0332281 0020538 1963138
 0025141 0033727 0369286 0441932 0564385 0597277 1708601 0597277 1708601
 0007595 0018270 0220844 1621966 2911660 0542341 0009458 0439536 1705217 3244283
 0006826 0998265 1306459 2347379 0000857 0600678 1552863 0369637 0441923 0022337 0021966 0221138
 1880371 0314607 1517495 0678594 0032659 1257890
 0325074 0025141 2945617 1412430 0597277 1708601
 0017337 0020538 1963138
 1315013 1420098 0369637 0441923
 0023746 0023745 0281825 0394006 3161035 1511726 3245479
 0325074 0450388 0025141 0205090 0684010 2603358 0205090 0684010 2603358 1506978 1705538 0369637 0441923
 0015259 0031809 0205485 1509143 1522704 0005823 1271104 1272641 0005767 0005768 0033095 0229664 0460139 1306345
 0887950
 0205435 1279901 0034037 1704324
 0011198 0017480 3541240 0369637 0441923 3540812 0012836 0205090 0684010 2603358 0205090 0684010 2603358
 0023746 0023745 0281825 0394006
 0349590 1262865 0025141
 0796345 0002778 0023745 0936012 1524024 0428883 1305849 0005823 1271104 1272641 0005767 0005768 0012000 0033095 0229664 0460139 1306345 0199236 0557651 2603343
 0005775 1516559 0027971
 1552603 1706202
 0349590 1262865 0025141 0439267 0369637 0441923 3272372 0369637 0441923 0439267
 0449774 0454690 1515981 0012854 0032529 0679201 3245504
 0017428 2338314 2347379 0205090 0684010 2603358 0369637 0441923 0205090 0684010 2603358
 0314604 0017337
 0332268 0085756 0027567 0596070
 0020538 1963138 0000857 0600678 1552863 1235746 1882141 0439526 0205090 0684010 2603358 0439267
 0752046 0028630 0032529 0037179 0087136 0205171 0497247 0005823 1271104 1272641 0005767 0005768 0033095 0229664 0460139 1306345 1281905 0035647
 0020538 1963138 0439267 0205090 0684010 2603358 0006797
 0004083 0439849 0596306 0699792 0020538 1963138
 0325074 0025141 0205090 0684010 2603358 0205090 0684010 2603358
 0678951 0032529 1882417 0035647
 0025141 0205090 0684010 2603358 0268060 1415529 0039676 2349943 3539704 0439267 1420193 1425679 1862190 3538902 0597277 1708601 0597277 1708601 3539879 0439267 0016703 1551081
 0205419 0023746 0023745 0281825 0394006
 0036397 2986463
 0034865 2986491
 0325074 0025141 1549972 0016327 0439133 1553038 0062941 1384665 1414862
 1261322 1516048 0599883 1427926
 0325074 0025141 1549972 1420098
 0028778 0332206 1533157 0023746 0023745 0281825 0394006
 0325074 2347961 0025141 1515101 2986905 1881534 1708595 3280986 1366480 1416656 0039725 0039738 1420718
 0205419 0001721 0040649 0332281 0020538 1963138 0032659 1257890
 0025141 2945617 0033727 0369286 0441932 0564385 0027971
 1517519 0017428 0034606 0441633 2338314 2826292 0005823 1271104 1272641 0005767 0005768 0033095 0229664 0460139 1306345
 0325074 0025141 0597277 1708601 0597277 1708601
 0599780 0013879 1705248 0080206 0179400 1533124 0949639 1158830 0040649 0205145 0589507 1515974 1704686 2825164 1511545 0314642 0162326 0220905 1704735 0314604 0017337
 0201682 1520214 0205090 0684010 2603358
 0004083 0017337
 0020538 1963138 3539879 1520214
 0023746 0023745 0281825 0394006 1880371 1271104 0460139 2607943 2926606 3539655 0425654
 0017428 2338314 2347379