 0851285 1327622 0007634 3282337 0035820 1705810
 0031330 1524059 0036375 0475309 0205099 0024015 0035171 0035168 0242481 1707689 2983265 0557061 2584313 1514811 1706462 0162574 0205179 0444930 0598528 1514468 2746065 0004153 0241863 0243107 0678723 1527148 1517892 1704666
 0557651 2603343 0205263 0857127 0669372 1417760 1968833 3539722 0185117 0037080 0037083 0086982 1704259 1705987 1314939
 1292856 1948023 0162574 0205179 0444930 0598528 1514468 2746065 0538674 1415619 0018969 1171362 0018974 0759009 0018966 0023175 0030065 0033684 0181586 0185117 1442948 1522538 1622683 2348269 3275067 1171362 0185117
 0162574 0205179 0444930 0598528 1514468 2746065 0023175 0031715 1158886 1442948 1522538 2348269 3275067 1456380
 0021467 0021469 1628982 3463820 0033634 0033621 1168438 1418943 3540567 0033640 0031727 0033684 0309872 0021467 0021469 1628982 3463820 1456380 0205217 0030685 0391871 0439180 0680255 1283071 1963578 0185117
 1979874 0185117 0538674 1415619 0759009 1456380
 1171362 0185117 0309872 0050465 1999216 0068355 1151146
 0185117 0538674 1415619 0018969 0759009 0018966 0030065 0185117 0851285 1292856 1622683 1948023 0054412 0006632 0008203 0596019 2348259 0028128 0030015 2986642
 0076694 0072497 0244221 0015491 0033733 0040238 1553463 1999216 0538674 1415619 0759009 1555029 0013081
 0557651 2603343 1519315 0567416 0001779 0669372 1314939 1417760 1948023 1968833 3539722 0185117 0538674 1415619 0759009
 2987476 0013081 1514468 1704444 1514468 0456388
 0162574 0205179 0444930 0598528 1514468 2746065 0162574 0205179 0444930 0598528 1514468 2746065 0024495 0443286 1114821 0002520 2917660 0001128 0202406 0024337 0003765 0337112 0441987 1524075 0242209 0392756 2827734 2981698
 0162574 0205179 0444930 0598528 1514468 2746065 0030705 0040300 0150312 0241863 0740116 2827735 2981700 0025945 0000894 0155765 0241863 0035309 1962966 0022658
 0242210 0033684 0243122 1145667 1167622 0205435 1279901 0024432 0205396 1546706 1550043 1550652 1551388 1413949 1422768 0006797
 1883712 0242210 0699040 0225336 0805527 0007634 0014257 0205148 0205396 1550043 1551388 3282337 1412278 0597357 0162574 0022942 1416933 1305923 1334043
 1704675 0597357 0032214 0600138 0035820 1705810 0268731 0439084 0728893
 0162574 0205179 0444930 0598528 1514468 2746065 1547282 1883351 0028128 0030015 2986642 0132555 0028128 0030015 2986642 0669372 1417760 1968833 3539722 0185117 1523993 0024432 1546706 1550652 0007634 3282337
 0086045 0669372 1417760 1968833 3539722 0032214 0600138 0035820 1705810
 2348003 0001554 1533734 0015127 1314792 1524003 0021467 0021469 1628982 3463820 0007634 3282337
 0021467 0021469 1628982 3463820 0003765 0052335 0003765 0014898 0205217 0185117 1705535 0028128 0030015 2986642 0015264 1280500 2348382
 0018969 0018966 0030065 1622683 0018969 0018966 0030065 1622683 0221198 0333482 0225336 0007634 0014257 3282337 0016390 0007634 0280592 0991510 3282337
 0538674 1415619 0759009 0018969 0018966 0030065 1622683 0969348 1336511 0018850 0033684 0871261 1704632 1706817 2911692 1883525 2346866 0234402
 0185117 0538674 1415619 0759009 1545588 0004153
 1707959 0025914 0025929 0026809 0011155 1636779 0003595 0003591 0004153 0025914 0025929 0026809 1637379 0011155 1636779 0205171 0439044 0679994 1514559 0538674 1415619 0759009 0018790 0237477 0392351 0521111 0243107 0678723 1527148
 2349975 0185117 1456380 0752312 1979930 0033640 0018284 0026249 0031727 0033684 1879547 1704259 1705987
 1883712 0557651 2603343 1547282 0185117 0538674 1415619 0759009 0026473 0441730 1550335 0030705 0241863 0332307 1547052 1521827 0068355 1151146 0025255 0027303 0185117 0242417 0449432 0596901 1413843 1705248 1706182
 0332185 0162574 0205179 0444930 0598528 1514468 2746065 1547282 1883351 0185117
 0185117 0538674 1415619 0700364 1883351 0185117 0669372 0851285 1314939 1327622 1417760 1968833 3539722
 1707959 0205263 0857127 0069851 0050218 0442778 1416167 1421123 0015127 1524003 0021467 0021469 1628982 3463820
 1280500 1441414 1553874 1578820 1883351 0086597 0127400 0006539 1514468 0456388 0013081 0076694 0072497 0244221 0015491 0033733 0040238 0205216 0392148 1553463 0283243 0072497 0078791 0015491 0033733 0043481 2348288 0238767 1706086 1418824 0243077
 0050465 1999216 0043227 0199176 1417608 1706420 2700409 0040715 2987521 0450348
 0040715 2987521 0031715 0449432 0851285 1158886 1383501 1120843 0033634 0033621 1168438 1418943 3540567 0033640 0031727 0033684
 0068355 1151146 0027303 0242417 1879547 0014772 0014792 0441729 1550335 0030705 0241863 0332307 1547052 1521827 0083528 0024337 1515981
 0162574 0205179 0444930 0598528 1514468 2746065 1515877 1879547 0068355 1151146 0027303 0242417 0162772 0023175 0030054 0033268 0205332 1442948 1522538 1705920 2348269 3275067 0185117 0078056 1421435 1416373 0017262 0017255 0017337 0185117
 0684224 0700287 3496591 0162574 0205179 0444930 0598528 1514468 2746065 0185117 1280500 2348382 0538674 1415619 0759009 0018969 0018966 0030065 1622683 0024432 1546706 1550652 1518422 1292732
 1883712 0439849 1705630 1706279 3540605 0068355 1151146 0027303 0242417 0028128 0030015 2986642 0538674 1415619 0759009 0018969 0018966 0030065 1622683 1883351 2986669
 0684224 0700287 3273238 0162574 0205179 0444930 0598528 1514468 2746065 0669372 1417760 1968833 3539722 0185117 0538674 1415619 0759009
 0185117 0752312 1979930 0033640 0018284 0026249 0031727 0033684 1879547 1948023 0033634 0033621 1168438 1418943 3540567 0033640 0031727 0033684 0185117 0538674 1415619 0018969 0759009 0018966 0030065 0443264 1622683 1456380 0028128 0030015 0205227 0669372 1417760 1441547 1515981 1968833 2986642 3245521 3539722
 0035171 0035168 0242481 1707689 2983265 0086912 0035171 0035168 0242481 1707689 2983265 0557061 2584313 1514811 1706462 0050465 0017725 0054412 0006632 0008203 0596019 2348259 0869011 1719918
 0298346 0297666 0054537 0054538 0869011 1555265
 0076694 0072497 0244221 0015491 0033733 0040238 1553463 0445425 0869011 0039021
 0038425 0869011
 0220806 0869040 0557651 1273517 2603343 0325045 0869011 0441800 0919553 3244287
 0007585 0007634 0010453 0220814 0430400 1269647 1704653 1948049 2242979
 0007634 3282337 0598079 0010453 0220814 0332307 0430400 0596070 1301820 1516698 1547052 1704814 2242979
 0007634 3282337 0010453 0220814 0430400 2242979 0004178 0678214 2347816 1524063 0332256 2700400 0030842 0220892 2945590 0439526 0038425 1300565 0439526
 0427757 0086045 0007634 3282337 0205170 1139930 3146287
 0949466 0007634 3282337 0205170 1139930 3146287
 0455052 1521827 0162574 0205179 0444930 0598528 1514468 2746065
 0162574 0205179 0444930 0598528 1514468 2746065 0025663 0025664 0449851 0680240 1552738
 0162574 0205179 0444930 0598528 1514468 2746065 0439294 0439269 0439526 1960952 2346927 1521827 0392148 0332197 1689985 0074721 0004492 2678549 1882074 0020283 0450407 0450408 0450409 1720830 1823521 0439230 0085631
 0162574 0205179 0444930 0598528 1514468 2746065 1720830 1823521 0033727 0369286 0441932 0564385 0849355 1883720 3244314 0242209 1883708 0455052 1521827 0032539 1185738 1706132 2828386 0021764 1527200 1883351 2984782 0259846 1881659 2349974
 0427716 1304757 0086045 1446561 0005507 0033684 0243073 0444706 1510438 3541902
 0336673 0332293 1522326 1947930 1719918 3538743 0849355 1883720 3244314 0014264
 0423896 0456205 0016315 0522510 0750572 0312860 0312860 0312860 0312860 0312860 0312860
 1883712 0162574 0205179 0444930 0598528 1514468 2746065 0074745 0030011 0016564 0033268 0332152 1522538 0303920 0444706 3541902 0011889 0439084 0728893 0051704 0000975 0002611
 0557651 2603343 0162574 0205179 0444930 0598528 1514468 2746065 0427716 1304757 0033684 0086045 1446561
 0184661 1948041 2700391 3274430 3538935 3539779 0014441 2717977
 0014441 2717977 0005507 0014442 0021075 0243073 1510438 1517892 1704666 0884358 1552738 0450355 1524063 0001779 0522529 0003241 0021027 0019941 0011900 0348026 1875156 0027971
 0523792 0242485
 0007585 0010454 0596292 0007634 0009458 0010453 0205163 0205430 0220814 0430400 0439536 0449468 1269647 1549782 1704653 1705217 1948049 2242979 3244283 0300526 0034760 0038702 1161332
 1268822 2825050 0444706 3541902 1524063 0182258 1514743 1706461
 0205134 0086045 0205309
 0949466 0005863 0002778 0936012 1524024 1705493
 1883351 1171362 0185117 0086376 0033684 0439267 0086972 0443299 0687118 0600209 0013862 0071500 0596607 0013855 0017243 0071499 1382104
 0017243 0016327 0025255 0348011 0596901 1706182 0003250 0003241 0021027 0746619 0025255 0596901 1706182 0312586 0003241 0021027 1883708 0037633 0233660 0332206 0525069 0041175 0006353 0036082 0077281 0814229 0041175 0077281 0814229 0020283 0450407 0450408 0450409 0037494 1959973 0041415 0026131 0349374 0444318 2825079 0700308 0033727 0369286 0441932 0564385
 0700308 0033727 0369286 0441932 0564385 1439852 0003242 0003250 0003241 0021027 0746619 0022877 1619828 0027971 0312586 0003241 0021027 0006823 0752312 1979930 0033640 0018284 0026249 0031727 0033684 1879547 0752312 1979930 0033640 0018284 0026249 0031727 0033684 1879547 1456380 1445860 0003241 0312586 0039421 0037083 0369998 0003242 1718641 0003250 0003241 0021027 0746619 1555271 0041175 0006353 0036082 0077281 0814229 1548982 0041415 0003241 0021027 0027627 0175668 0205410 0205411 0205436 0330510 0939835 1110641 1439852
 0234621 1524063 0449913 1553451 1704459 0021764 1527200 0442711 1507394 1522729 2348563
 0522510 0027468 0018684 0021622 0037585 1704254 1704922 3245503 3542466
 0205177 0439167 0441655 1561536
 0205177 0439167 0441655 1561536 0150369 0444706 1516647 3541902 1442460 1442460 0008864 1524063 1518425 0005507 0243073 1510438
 0599161 0032520 0677874
 0035668 0205409 1548221 1524063 0034760
 1883351 2936628 0259846 1881659 2349974 0035668 0011519 0332293 1414107 0011522 0021966 0221138 1522326 0022341
 0439211 0599161 0032520 0677874 1273517
 0206415 1707689 2983265 0332283 1719822 0036658 0206415 0036658 0206415
 0101725 0001779 0025914 0025929 0026809 0035696 0597357 0681842 1517480 1521871 1705759 1882327
 1883351 1547282 0332197 1689985 0332128 0599161 0032520 0677874 0332197 1689985
 1514468 0013856 0596607 1706746
 0871424 0002778 0936012 1524024
 1511726 3245479 0205449 1301820 0949466 0205177 0439167 0441655 1561536 0205451 0523792 0242485 0443299 0681814
 1522609 1882932
 0237881 1709380 0038215 0750502 0022885 0038492 0039593 0392366 1516048 1705241 1705242 0750591 0237881 0750502 1546944
 0035171 0035168 0242481 1707689 2983265 0557061 2584313 1514811 1706462 0680844 0681916 0750572
 1883351 0750572 0086045 1446561 0444706 3541902 1707455 0016315 0522510
 0162574 0205179 0444930 0598528 1514468 2746065 1547282 0332462 1880834 0312860 0312860 0332462 1880834 0312860 0312860 0332462 1880834 0312860 0016315 0522510 1707455
 1883712 0033268 0370003 2347026 0392148 0074745 1881965 0033684 0370003 2347026 1881965 0033684
 0332197 1689985 0074745 0162574 0205179 0444930 0598528 1514468 2746065 0016564 1881965 0033684
 0014441 2717977 0005507 0014442 0021075 0243073 1510438 1517892 1704666 0003242 0003241 0021027 0370003 2347026 1547282 0442805 0312860 0243148 1550141 1882979 2587213 3274648 1518422 1547282 0442805
 1883712 0014441 2717977 0005507 0014442 0021075 0243073 1510438 1517892 1704666 0162574 0205179 0444930 0598528 1514468 2746065 1883712 0311403 0443286 1114821 0003242 0003241 0021027 1511726 3245479 1518422 1547282
 0162574 0205179 0444930 0598528 1514468 2746065 0030685 0391871 0439180 0680255 1283071 1963578 0028128 0185117
 1883351 0162574 0205179 0444930 0598528 1514468 2746065 0205263 0030685 0391871 0439180 0680255 1283071 1963578 0332293 1522326 0007634 3282337 0162574 0205179 0444930 0598528 1514468 2746065 0005507 0243073 1510438 0450344 1553633
 0162574 0205179 0444930 0598528 1514468 2746065 1300565 0439526 0028137 0237881 0750502 1384115 1546944 1708698 0039798 0087111 1522326 1533734 1705169 1707455 3538994
 0450345 1547282 1171362 0185117
 0039798 0087111 1522326 1533734 1705169 3538994 0205217 0442805 2964353
 0033684 0162574 0205179 0205263 0444930 0598528 1514468 2746065 1300565 0439526 0444505 1416886 1442449
 0033727 0369286 0441932 0564385 0185117 0205217 0442805 1707455
 0162574 0205179 0444930 0598528 1514468 2746065 0205263 0185117 0023175 0028137 1384115 1442948 1522538 2348269 3275067 0007634 3282337
 0449911 0333052 2607870 0557702 1272706 1704674 0557702 1272706 1704674 0349966 1337208
 2827734 2981698
 0669372 1417760 1968833 3539722 1171362 0185117 0538674 1415619 0018974 0178537 0007634 3282337
 0007634 3282337 1439852 0162574 0205179 0444930 0598528 1514468 2746065 0439267 0580272 1519043 0439391 0439526 2827800 1300565 0439526 1553033
 0005507 0243073 1510438 1553033
 0669372 1417760 1968833 3539722 1171362 0185117 0538674 1415619 0018974 0005863 0949466 0332128 1705493
 3540513 0243148 1550141 1882979 2587213 3274648
 0162574 0205179 0444930 0598528 1514468 2746065 0185117
 0332128 0205263 0857127 0162574 0205179 0444930 0598528 1514468 2746065
 0450345 1547282 2827734 2981698 0162574 0205179 0444930 0598528 1514468 2746065 0205263 1171362 0185117 0185117 1522410
 0185117 0538674 1415619 0759009 0168634 1442488 0033727 0369286 0441932 0564385 1292856 1948023 1416886 1442449
 1704259 1705987 0033634 0033621 1168438 1418943 3540567 0001779 0028137 0030685 0205263 0391871 0439180 0680255 1283071 1314939 1384115 1963578 0205177 0439167 0441655 1561536 0669372 1417760 1968833 3539722 0185117 0538674 1415619 0759009
 1883351 1292732 0162574 0205179 0444930 0598528 1514468 2746065 0205263 0669372 1417760 1968833 3539722 0185117 0538674 1415619 0759009 0332128 1879547 0031715 1158886 1456380
 1456380 0871261 1704632 1706817 2911692 1292856 1948023 1879547 0456693 1442458 0349966 0702093 1337208 1709305 2745955
 0449911 0333052 2607870 1413114 0557702 1272706 1704674 0557702 1272706 1704674 0349966 1337208
 0740116 2827735 2981700
 0031715 1158886 1456380 0178537 0007634 3282337
 0007634 3282337 0162574 0205179 0444930 0598528 1439852 1514468 2746065 0439267 0439526 0949466 0884358 1456380
 0522510 1524063 0037585 0027468
 0522510 0175723 0439645 0522510 1521913 1882115
 1511726 3245479 0031715 0439165 0449450 1158886 1549488 1561533 0007634 3282337
 0349966 1337208 1547282
 0444706 3541902 0030685 0391871 0439180 0680255 1283071 1963578 1513344 0752312 1449702 1979930 0033640 0298346 1171350 3537023 3537035 0018284 0026249 0031727 0033684 1879547 1999216 0347982 1456380 1513344 0347982 0054537 0054538 1514555 0072348 1418370 1449702 0439191 0439394 1706495 3642217
 0030685 0391871 0439180 0680255 1283071 1963578 0311403 1513344 1449702 1171350 3537023 3537035 1999216 0752312 1514555 0072348 1418370 1449702 1171350 3537023 3537035 1999216 0033634 0033621 1168438 1418943 3540567 1513344 1449702 1171350 3537023 3537035 1999216 1456380 0205217 0030685 0391871 0439180 0680255 1283071 1963578
 0449774 0205177 0439167 0441655 0669372 1417760 1441672 1561536 1968833 3539722 0185117 0450365 1706097 1553033
 0185117 1518422 0392760 1314939 0752312 1979930 0033640 0018284 0026249 0031727 0033684 1879547 1514555 0072348 1418370 1449702 1171350 3537023 3537035 1999216 0033634 0033621 1168438 1418943 3540567 1513344 1449702 1171350 3537023 3537035 1999216 1456380 0450365 1706097 1553033
 1883351 0376649 1442065 0012403 0392760 1314939 0030685 0391871 0439180 0680255 1283071 1963578 0205177 0439167 0441655 1561536 0185117 1707455 0205177 0439167 0441655 1561536 0185117 0012403
 0012403 1301751 1280500 2348382 1553033
 1511726 3245479 1547282 0205263 0857127 0205177 0439167 0441655 1561536 0030685 0391871 0439180 0680255 1283071 1963578 0752312 1979930 1819041 0033640 0599177 0018284 0026249 0031727 0033684 1879547 1704259 1705987 0033634 0033621 1168438 1418943 3540567 1819041 0599177 1879547 1456380 1260953 0185117 0185117 0538674 1415619 0759009
 0449911 0333052 2607870 0557702 1272706 1704674 0557702 1272706 1704674 0349966 1337208
 0439086 2827736 2981702
 0205177 0439167 0441655 1561536 0669372 1417760 1968833 3539722 1171362 0185117 1456380 1514555 1449702 2757016 0072348 1418370 1152564
 0007634 3282337 0456693 1442458 0702093 0298346 0297666 0347982 0027960 0324740 0439189 0439509 1456781 1824986 0054537 0054538 1413147 1443182 0012403 0042444 0348005
 0007634 3282337 0162574 0205179 0444930 0598528 1439852 1514468 2746065 0439267 0439391 0439526 0028137 1384115 0205177 0439167 0441655 1561536 1553033
 0443286 1114821 0205177 0439167 0441655 1561536 0949466 0884358
 0522510 1524063 0037585 0027468
 1511726 3245479 1171362 0033684 0185117 0439165 0449450 1549488 1561533 1553033
 0369773 2603361
 0042444 0348005
 1883351 1292732 1707520 0033634 0162574 0205179 0444930 0598528 1514468 2746065 0332128 0031715 1158886 0392148 0054537 0054538 0439191 0439394 1706495 3642217
 0021467 0021469 1628982 3463820 0033634 1518422 0018790 0237477 0392351 0521111 1158886 0031715 0752312 1705535 0033634 0033621 1168438 1418943 3540567 0033640 0031727 0033684 0752312 1979930 0033640 0018284 0026249 0031727 0033684 0522505 1518422 1879547 1511726 3245479 1518422 1547282
 0068355 1151146 0027303 0242417 0001779 0205263 0669372 1314939 1417760 1968833 3539722 0185117 0538674 1415619 0759009
 1883351 0068355 1151146 0027303 0242417 0032214 0600138 0035820 1705810 0185117 0538674 1415619 0759009 0332293 1522326 0050465 0444499 2827734 2981698 0439190 0439394 1706495 3642217
 0349966 1337208 1547282
 0669372 1417760 1968833 3539722 0185117 0538674 1415619 0759009 0205216 0392756 0442797 0162574 0205179 0444930 0598528 1514468 2746065 0439267 0439526 0050465
 0030685 0391871 0439180 0680255 1283071 1963578 0050465 0311403 0392148 1553637
 0449911 0333052 2607870 0557702 1272706 1704674 0557702 1272706 1704674 0349966 1337208

 0669372 1417760 1968833 3539722 1171362 0185117 0050465
 0007634 3282337 1439852 0162574 0205179 0444930 0598528 1514468 2746065 1300565 0439526 0162574 0205179 0444930 0598528 1514468 2746065 0050465 0439190 2346686 0439394 1706495 3642217
 0162574 0205179 0444930 0598528 1514468 2746065 0205171 0439044 0679994 0001962 0392148 1439852 0042444 0348005
 0949466 0884358 1553033 0522510 1524063 0037585 0027468
 1511726 3245479 1171362 0033684 0185117 0439165 0449450 1549488 1561533
 0369773 2603361 0162574 0205179 0444930 0598528 1514468 2746065 0205171 0439044 0679994
 0449911 0333052 2607870 0557702 1272706 1704674 0557702 1272706 1704674 0349966 1337208
 0439084 0728893
 0030685 0391871 0439180 0680255 1283071 1963578 0031715 1158886 1456380 0050465
 0007634 3282337 1439852 0162574 0205179 0444930 0598528 1514468 2746065 1300565 0439526 0162574 0205179 0444930 0598528 1514468 2746065 0050465 0439190 2346686 0439394 1706495 3642217 0523792 0242485 0884358
 0162574 0205179 0444930 0598528 1514468 2746065 0001962 0392148 1439852 0042444 0348005
 1511726 3245479 1882932
 0369773 2603361 0332197 1689985
 0007634 3282337 1439852 0162574 0205179 0444930 0598528 1514468 2746065 0439267 0439526 0332197 1689985 0439190 0294637 0439393 0439394 1706495 3642217 0949466 0884358
 0522510 1524063 0037585 0027468
 0522510 0175723 0439645 0522510 1521913 1882115
 1511726 3245479 0031715 0439165 0449450 1158886 1549488 1561533 0007634 0243148 1550141 1882979 2587213 3274648 3282337
 1883351 0050465 0023175 0181586 0392747 0443172 0669372 1417760 1442948 1522538 1968833 2348269 3275067 3539722 0185117 0031715 1158886 1456380 0332128 0031715 1158886 1456380 0050465
 0349966 1337208 1547282
 0050465 1518422 0001721 0031715 1158886 1456380 1705535 1280500 0185117 0538674 1415619 0759009 0522506 1551058 1158886 0031715 1456380
 0101725 0597357 0001779 0205263 0669372 1314939 1417760 1968833 3539722 0185117 0538674 1415619 0759009
 1883351 1292732 0669372 1417760 1968833 3539722 0185117 0538674 1415619 0759009 0101725 0001779 0086597 0127400 0597357 0205435 1279901 0521093 0750484 0101725 0597360 1515670 0001779 0035696 0185117 0597357 0007634 3282337 1553638
 0439267 0439526 1547282 0013081 0185117 0013081 0860910 0205307 0439166 1707455 2347086
 0449911 0333052 2607870 0557702 1272706 1704674 0557702 1272706 1704674 0349966 1337208

 0669372 1417760 1968833 3539722 1171362 0185117 0003242 0034805 0001779 0003241 0021027 0332285 0597357
 0599161 0032520 0677874 0884358 0035171 0035168 0242481 1552738 1707689 2983265 0025663 0025664 0449851
 0007634 3282337 0700308 0033727 0369286 0441932 0564385 0003242 0034805 0101725 0597357 1300565 0439526 0332283 0162574 0205179 0444930 0598528 1514468 2746065 0439267 0439391 0439526
 0949466 0884358
 0024548 0026385 0556966 0012872 0005516
 0028128 0030015 2986642 0018790 0237477 0392351 0521111 0185117
 1883351 0028128 0030015 2986642 0185117 0162574 0205179 0444930 0598528 1514468 2746065 0439267 0439526 0052335 0003765 0014898 0439190 0439394 1706495 3642217
 0052335 0311403 0030685 0391871 0439180 0680255 1283071 1963578 0185117 0349966 1337208
 1627358 2349975 0750489 0033727 0369286 0441932 0564385
 0681814 1706386 0884358 1883351 1280500 2348382 0185117 0538674 1415619 0759009
 0052335 0003765 0014898 1518422 0001721 0185117
 1879547 0028128 0030015 2986642 0004600 0204695 0205095 0460009 1995000 2987508 0669372 1417760 1968833 3539722 0033268 0028128 0185117 0538674 1415619
 0449911 0333052 2607870 0557702 1272706 1704674 0557702 1272706 1704674 0349966 1337208

 0185117 0052335 0003765 0014898
 0007634 3282337 1439852 0162574 0205179 0444930 0598528 1514468 2746065 1300565 0439526 0162574 0205179 0444930 0598528 1514468 2746065 0052335 0003765 0014898 0439190 2346686 0439394 1706495 3642217
 0523792 0242485 0949466 0884358
 0369773 2603361
 0162574 0205179 0444930 0598528 1514468 2746065
 0538674 1415619 0759009 0018969 0018966 0030065 1622683 0185117
 0028128 0030015 2986642 0700364 1883351 0185117
 1280500 0185117 0205177 0439167 0441655 1561536 1292732
 0007634 3282337 0054412 0006632 0008203 0596019 2348259 0347982 0538674 1415619 0018969 0759009 0018966 0030065 0185117 0205263 0332152 0857127 1522538 1622683 0039798 0087111 1515981 1517331 1522326 1533734 1705169 3538994 0162574 0205179 0444930 0598528 1514468 2746065 1300565 0439526 0332128 0033268 0028128 0185117
 0185117 0538674 1415619 0759009 0054412 0006632 0008203 0205217 0442805 0596019 2348259
 0054412 0001779 0021467 0021469 0028137 0030685 0205263 0391871 0439180 0680255 1283071 1384115 1628982 1708698 1963578 3463820 1553640 0185117 1424736
 0054412 0006632 0008203 0596019 2348259 0205171 0439044 0679994 1518422 0205263 0185117 1424736
 1883351 0013081 0538674 1415619 0018969 0759009 0018966 0030065 0086597 0127400 0205263 0857127 1622683 1273517 0076694 0072497 0244221 0015491 0033733 0040238 1553463 0018790 0237477 0392351 0521111 1151460 1622683 0205177 0439167 0441655 1561536 0538674 1415619 0759009
 0349966 1337208 1547282
 0073187 0076694 0072497 0244221 0015491 0033733 0040238 1553463 0013081
 0449911 0333052 2607870 0557702 1272706 1704674 0557702 1272706 1704674 0349966 1337208

 1171362 0185117 0076694 0072497 0244221 0015491 0033733 0040238 1553463
 0007634 3282337 0041119 0033727 0369286 0441932 0564385 0392148 0332197 1689985 0347982 0332283 0162574 0205179 0444930 0598528 1514468 2746065 0439267 0439526
 0523792 0242485 0949466 0884358
 0369773 2603361
 0162574 0205179 0444930 0598528 1514468 2746065
 0007634 3282337 0067456 0033727 0369286 0441932 0564385 0392148 0332197 1689985 0076694 0072497 0244221 0015491 0033733 0040238 1553463 0347982 0332283 0054412 0006632 0008203 0596019 2348259 2827807 2827890 0347982 2346686
 0007634 3282337 1439852 0162574 0205179 0444930 0598528 1514468 2746065 0439267 0439391 0439526
 0949466 0884358
 0073187 0522510 1524063 0037585 0027468
 1511726 3245479 1171362 0033684 0185117 0439165 0449450 1549488 1561533 0332197 1689985 0076694 0072497 0244221 0015491 0033733 0040238 1553463
 0369773 2603361 0076694 0072497 0244221 0015491 0033733 0040238 1553463
 0035171 0035168 0242481 1707689 2983265 0557061 2584313 1514811 1706462 0162574 0205179 0444930 0598528 1514468 2746065 0205431 0443286 1114821 0033684 0017725
 0443286 1114821 1515273 1705313 2826302 0024495 0443286 1114821 0023175 0181586 0220781 0439634 1442948 1514468 1522492 1522538 2348269 3275067 0678579 0522507 0303920 2827734 2981698
 0162574 0205179 0444930 0598528 1514468 2746065 0019046 0337112 0443286 1114821 1524075 0017725 0005516 1273517 0011847 0011849
 0162574 0030705 0241863 1441672 0740116 2827735 2981700 0205309 1521761 2827422 0243107 0678723 1527148 0004153 0022658 0268731
 0947630 1524063 0025914 0025929 0026809 0038432 1720154 0521110 0004153 0101725 0001554 0001779 0597357 1260953 1533734 0018790 0237477 0392351 0521111 1704675 0101725 0597357 0439084 0728893
 0011881 1442864 0022658 0241863 0101725 0001779 0025914 0025929 0026809 0597357 1514559
 0684224 0700287 3496591 0017667 0241863 0268731 0025914 0025929 0026809 0050635 0521110 1705535 1704675 0050635 0028778 0332206 1533157 1706084 2828370 0205160 1280500 1513916 2825415 2825491
 0681828 0947630 1705535 0162574 0205179 0444930 0598528 1514468 2746065 1515877 1879547 0037080 0037083 0086982 1704259 1705987 2348205 0079189 0205263 0333348 1524094
 1707959 0162574 0205179 0444930 0598528 1514468 2746065 1151146 0205177 0439167 0441655 1561536 0068355 0007578 0001511 0005847 0175633 0185117 0205263 0332152 0567416 0857127 1522538 1558950 1801960 0079411 3146294 0225336 0007634 0014257 3282337
 0205263 0857127 0086597 0127400
 1879547 0083528 0024337 1441672 0017854 1441547 3245521 0162574 0205179 0444930 0598528 1514468 2746065 0225336 0007634 0014257 3282337
 0185117 1292856 1948023 0023810 0021747 0733470 0041368 1323304 1456820 0333516 0027540 0027651 1334928 1521761 1578706 2827422 3273930 0021755 1522428 0021764 1527200 0162574 1656978 0205179 0444930 0598528 1514468 2746065 1523993 0024432 1546706 1550652
 0332185 1431628 1547282 0162574 0205179 0444930 0598528 1514468 2746065 0205263 0185117 0033681 0031727 0041485 0044602 1120843 0033634 0033621 1168438 1418943 3540567 0033640 0031727 0033684
 0538674 1415619 0759009 0018969 0018966 0030065 1622683 0017337 0205309 0205342 0311404 0018966 0205263 0347988 0006632 0025552 0439539 0333668 0162772 0030054 0205332 1705920 0014653 0205415 0560184
 1280500 0018969 0004153 0018966 0021467 0021469 0030065 0243107 0678723 1527148 1622683 1628982 3463820 1160250 0025914 0025929 0026809 0025914 0025929 0026809
 0162574 0205179 0444930 0598528 1514468 2746065 0185117 0439673
 0557651 2603343 1441672 0162574 0205179 0444930 0598528 1514468 2746065 0205263 0669372 1417760 1968833 3539722 0185117
 0557651 2603343 0441712 1706376 0205263 0857127 0538674 1415619 0759009 1547282 1314939 1158886 0031715 1456380
 1819041 0599177 1879547 0033634 0033621 1168438 1418943 3540567 0033640 0031727 0033684 0185117 0669372 1417760 1708698 1968833 3539722 0205177 0439167 0441655 1561536 0033268 0028128 1819041 0599177 1879547 1456380 0015127 1524003 0205263 0857127
 1171362 0185117 0068355 1151146 0027303 0242417 0851285 0050465 0311403 0669372 1417760 1968833 3539722 0185117 0538674 1415619 0759009
 0185117 0028128 0030015 0205227 2986642 1151460 1622683 0205177 0439167 0441655 1561536 0538674 1415619 0759009
 0150312 0449450 0557651 2603343 0162574 0205179 0444930 0598528 1514468 2746065 0205263 0031715 1158886 1456380
 1511726 3245479 0332290 0684224 0700287 3273238 0162574 0205179 0444930 0598528 1514468 2746065 1456380
 1456380 0033634 0033621 1168438 1418943 3540567 0033640 0031727 0033684 0443264 0205177 0439167 0441655 1561536 0669372 1417760 1968833 3539722 0185117 0538674 1415619 0759009
 0752312 1979930 0033640 0018284 0026249 0031727 0033684 1879547 0033634 0033621 1168438 1418943 3540567 0033640 0031727 0033684 1456380 0185117
 0680240 2607943 2926606 3539655 1456380 0684224 0700287 3496591 1883351 0185117 0007634 3282337 0227651 0007634 3282337 0439509
 0007634 3282337 1883178 1518422 0669372 1417760 1968833 3539722 0205171 0439044 0679994
 0947630 1547282 1280500 2348382

 1547282 0752312 1979930 0033640 0018284 0026249 0031727 0033684 1879547 0185117
 1547282 1280500 2348382
 1883712 0185117 1456380 0752312 1979930 0033640 0018284 0026249 0031727 0033684 1879547 0007634 3282337 0178537 0007634 3282337
 0681841 0684224 0700287 0007634 0449475 0332307 1547052 0178587 0007585 0007634 0010453 0220814 0430400 1269647 1704653 1948049 2242979 0012634 0348080 1705253 0001721 2825142 1517586 1274040 1546471
 0332185 1819041 0599177 1879547 1456380 0538674 1415619 0018969 0332281 0759009 0018966 0030065 0185117 1622683

 1547282 1456380 0538674 1415619 0018969 0759009 0018966 0030065 0185117 0205263 0857127 1314939 1622683 1292856 1948023 0040691 1527194
 1547282 0035820 1705810 1456380 0185117 0538674 1415619 0759009 1883712
 1441672 0162574 0205179 0444930 0598528 1514468 2746065 0205263 0185117 0538674 1415619 0759009 3179232 1704259 1705987 1456380
 0205263 0857127 1517331 0030012 0443264 1397014 0162574 0205179 0444930 0598528 1514468 2746065 1151146 0205177 0439167 0441655 1561536 0068355 1547282 1999216 0068355 1151146 0050465 0311403 0185117 0349966 1337208
 1883712 0684224 0700287 3496591 0205101 0205228 0028128 0030015 2986642 0205263 0857127 0449475
 0150312 0449450 0557651 2603343 0028128 0030015 2986642 1518422 0205263 0185117 0538674 1415619 0759009 0178537 0007634 3282337
 0332290 0332529 1547282 0028128 0030015 2986642 0205263 0185117 0538674 1415619 0759009 0028128 0030015 2986642 0871261 1704632 1706817 2911692 0079189 1524094 0021747 0733470 0021755 1522428 0021764 1527200 1518422 0205263 0185117
 0332149 1705910 2362652 0205263 0857127 1518422 1709305 2745955 0001779 0033727 0369286 0441932 0564385 1720302
 0444505 1441672 0033727 0369286 0441932 0564385
 0185117 0538674 1415619 0759009 0040649 0017337 0205263 1327287 1293130 0028128 0030015 2986642 0033727 0369286 0441932 0564385
 1441672 0028128 0030015 2986642 0185117 0205177 0439167 0441655 1561536 0023810 0079189 1524094
 0028128 0030015 2986642 0086597 1080058 3463820 0205263 0857127 1293130 1947931 0018966 0332297 0669372 1145667 1167622 1417760 1689898 1968833 2349209 3539722
 0185117 1864814 0028128 0030015 0851285 2986642 0870883 2698672 1280500 2348382 1441672 0033727 0369286 0441932 0564385
 0001779 0033727 0369286 0441932 0564385 1292856 1948023 0086045 0205250 1299351 1518422 2700149 0185117
 1292732 0538674 1415619 0759009 0018969 0018966 0030065 1622683 1280500 2348382
 0684224 0700287 0185117 0538674 1415619 0759009 0018966 0205263 0069851 0050218 0442778 1416167 1421123 0018790 0237477 0392351 0521111 0185117 0175727 0205263 0023810
 1441672 0013081 0538674 1415619 0759009 0018969 0018966 0030065 1622683 0054412 0006632 0008203 0596019 2348259 1151460 1622683 0205177 0439167 0441655 1561536 0538674 1415619 0759009 0013081 0669372 1417760 1514873 1968833 3539722 0076694 0072497 0244221 0015491 0033733 0040238 1553463 0309872 1280500 2348382
 0302523 0700325 1964257 1521761 2827422 0851285 0033684 0054412 0006632 0008203 0205263 0596019 2348259
 0441712 1706376 1515877 1879547 0068355 1151146 0027303 0242417 0162574 0205179 0444930 0598528 1514468 2746065 0040715 2987521 0007603 0025255 0032105 0596901 1550098 1706182 0014429 1879547
 0040715 2987521 0031715 1158886 1417608 0250345 1417610
 0684224 0700287 3496591 1456380 0033634 0033621 1168438 1418943 3540567 0033640 0031727 0033684 0449432
 2607943 2926606 3539655 0162574 0205179 0444930 0598528 1514468 2746065 1456380 0033634 0033621 1168438 1418943 3540567 0033640 0031727 0033684 1292711 0449719 1709471 0162574 0205179 0444930 0598528 1514468 2746065 0031715 1158886 1456380 0033634 0033621 1168438 1418943 3540567 0033640 0031727 0033684 0014429 0014442 0332152 1522538 1879547
 0332149 1705910 2362652 1879547 0068355 1151146 0669372 1417760 1968833 3539722 0185117 1397014
 0021467 0021469 1628982 3463820 1171362 0185117 0086045 0205250 1299351 1441672 2700149 0347982 1532563 0439394 1706495 3642217
 0086045 2348205 0185117 0115305 1337114 0225336 0007634 0014257 3282337 0185117 0332128
 0150312 0669372 1417760 1968833 3539722 0185117 0538674 1415619 0759009 0003242 0034805 0001779 0003241 0021027 0332287 0597357 1705690
 0868928 1533148 0185117 0205197 1518422 0003242 0034805 0101725 0001779 0003241 0021027 0597357
 1705535 0101725 0001779 0205394 0597357 1704259 1705987 1883712 0150312 0449450 0185117 0538674 1415619 0759009 2362652 0476442 0474643 1287242 0475208 0101725 0001779 0205197 0205227 0597357 0725685 1514873 1578828 2987668
 0557651 2603343 0162574 0205179 0444930 0598528 1514468 2746065 0015127 1524003 0205263 0857127 0185117 0033634 0033621 1168438 1418943 3540567 0033640 0031727 0033684
 1883712 0185117 0700364 1883351 0538674 1415619 0018969 0759009 0018966 0030065 0851285 1622683 0028128 0030015 2986642
 0007018 0007009 0005437 0538674 1415619 1151460 0018969 0759009 1622683 0018966 0030065 0205177 0439167 0441655 1441547 1561536 3245521 0700364 1883351 1515999 1516019 1280500
 0557651 2603343 1151460 1622683 0205177 0439167 0441655 1561536 0538674 1415619 0759009 1260953 0185117 0301630 0332152 0392756 0441610 1522538 0033268 0028128
 1274040 1546471 2825142 1705535 1151460 1622683 0205177 0439167 0441655 1561536 0538674 1415619 0759009 1280500 2348382 0162772 0030054 0205332 1705920
 1292856 1948023 1882932 0679199
 0020792 0205396 0162574 0205179 0444930 0598528 1514468 2746065 0205263 0538674 1415619 0759009 0018969 0018966 0030065 1622683 0185117 1514468 1704444 2347946 2987476 0243107 0678723 1527148 0162340 0004153 0022658
 0043227 0016617 0022341 1521721 0001811 0018684 0027468 0018173 0018684 0021622 3245503

 0557061 2584313 0282411 0947611 1515981 1705247 0455052 1521827 0600659
 0282413 3273171 0686900 1272683 1522634
 0036375 1704729 0031330 1524059 0475309 0205099 0450348 0024015
 0013849 1705961 0024492 1538057 1547565 0059804 0034036 0034037 1514756 1704324 0348078 0376315 1272684 1522492 1527075 1548435 0001779 0205179 0444930 0598528 1514468 1704444 2746065
 0003591 0003591

 0014441 2717977 0005507 0014442 0021075 0243073 1510438 1517892 1704666 0014441 2717977 0005507 0014442 0021075 0243073 1510438 1517892 1704666
 0018969 0018966 0030065 1622683 0018969 0018966 0030065 1622683
 0021747 0733470 0021747 0733470
 0021764 1527200 0021764 1527200
 0669372 1417760 1968833 3539722 0669372 1417760 1533698 0132555 0028128 0030015 2986642
 0052335 0003765 0014898 0052335 0003765 0014898
 0023810 0023810
 0752312 1979930 0033640 0018284 0026249 0031727 0033684 1879547 0752312 1979930 0033640 0018284 0026249 0031727 0033684 1879547

 0027468 0018684 0021622 3245503 0027468 0018684 0021622 3245503
 0033634 0033621 1168438 1418943 3540567 0033640 0031727 0033684 0033634 0033621 1168438 1418943 3540567 0033640 0031727 0033684
 0101725 0597357 1412278 0597357 0162574
 0076694 0072497 0244221 0015491 0033733 0040238 1553463 0076694 0072497 0244221 0015491 0033733 0040238 1553463 1514811 1706462 0035171 0035168 0242481 1707689 2983265 0557061 2584313 1514811 1706462
 0450387 3538926 0440744 0040300 0086418 0011847 0011849 0001811
 2349168 1553033 0033727 0369286 0441932 0564385 0424215 2003939 0520511 1704711 0439849 1705630 1706279 3540605 1413949 1422768 1413107 1537472 1619635
 0369637 0441923 0369637 0441923 0033727 0369286 0441932 0564385 0369637 0441923 0016327 0439133 1553038 0041405 1824670 3272447 0204727 0205409 0220862 1880022 0162574 0017982 0205179 0376322 0444930 1514468 2746065 0024109 0819757 1278908 0150312 0449450
 0022718 0439209 0439255 0221103 0301625 0439181 0728721 0597357 0162574 0205179 0444930 0598528 1514468 2746065
 1537675 0025141 0439267 0016327 0439133 1553038 0439267 0011318 0033727 0369286 0441932 0564385 1881534 0017667 0241863 0268731
 0021966 0221138 0016327 0439133 1553038 0205090 0684010 2603358 0061700 0001924 0596040 2349975 1151383 0205177 0439167 0441655 1561536 0132555 0017262 1861886 0017337 0185117
 0025141 0205090 0684010 2603358 1280500 2348382 0162574 0205263 0857127 0132555 0028128 0030015 2986642 0024432 1546706 1550652
 0025141 0558269 1552984 0558269 1552984 0262500 1512358 3538713 0162574 0017982 0205179 0376322 0444930 1514468 2746065 0205263 0185117
 0025141 0558269 1552984 0558269 1552984 0020268 1413512 0558269 1552984 0262500 1512358 3538713 0935623 1418729 0185117 0024432 1546706 1550652
 0025141 0597277 1708601 0369637 0441923 0185117 0669372 1417760 1533698 0039194 0024264 0024432 1546706 1550652
 0025141 0028128 0030015 2986642 0439801 1549649 2349209 0205263 0857127 0027836 0007634 3282337
 0025141 0033727 0369286 0441932 0564385 0017263 0851285 1327622 0021747 0733470 0023810 0069477 0003765 0439297
 0025141 0369637 0441923 0597277 1708601 0369637 0441923 0033727 0369286 0441932 0564385 0597277 1708601 0597277 1708601 0369637 0441923 0185117
 0025141 1420193 1832169 3538902 0439090 1423767 0037080 0037083 0086982 1704259 1705987 0851285 1327622 0237881 0750502
 1417679 1504638 0332197 1689985 0436331 0220781 0439634 1522492 1622383
 0038108 0023634 1517499 0017337 0040671 1705822 0018790 0237477 0392351 0521111 0243107 0678723 1527148 0025914 0025929 0026809
 0439090 1423767 0369637 0441923 0018510 0677607 0369637 0441923 3538806 0007018 0007009 1515999 1516019 1280500 1314939 1704259 1705987 0752312 1979930
 1334499 1706552 0025141 1413843 0017262 0017337 0185117 0441730 1550335 0030705 0205217 0241863 0332307 0442805 1547052 0439849 1705630 1706279 3540605
 0369637 0441923 0369637 0441923 0369637 0441923 0021966 0221138 0369637 0441923 0369637 0441923 0033727 0369286 0441932 0564385 0369637 0441923 0369637 0441923 0439267 0011847 0011849 0332281 0162493 1879547
 0369637 0441923 0021467 0021469 1628982 3463820 0392756 0547047 0596402 0015744 0205160 0441712 1513916 1706376 2825415 2825491 2911691
 0025141 0023634 0205263 0857127 0024432 0205224 0445550 1708745 0069851 0178602 0205251 0869039 1114758 1299352 1550472 0050218 0442778 1416167 1421123
 0268060 1415529 0230613 1521970 0027950 0050465 0007413 0054858
 2346604 0000857 0600678 1552863 0369637 0441923 1704259 1705987 0216471 1456385 0170168 0173879 1334474 1434639 1366882 0027229 0066131 0767330 0031453 0031715 0205263 1158886 1314939 1417608 0027950
 1879547 0027950 0031715 1158886 1150587 1367731 1518422 1705632
 0025141 0070689 1868617 0369637 0441923 0369637 0441923 0016327 0439133 1553038 0031715 1158886 0242599 1879547
 1879547 0001779 1517892 1704666 0038435 0001779 0597357 1550513
 0546866 1516373 0038435 0242210 0597357 0597358 0033684 0243122 1145667 1167622
 0369637 0441923 0369637 0441923 0033727 0369286 0441932 0564385 0369637 0441923 0205090 0684010 2603358 0596035 1879547 0023791 0001128 0202406 1260953 0007600 0007635 3282338 0225336 0007634 0014257 3282337
 0000857 0600678 1552863 0205090 0684010 2603358 0006797 1709793 1511790 0030011 0074745 0391871 1283071
 0025141 0449445 0205179 0598528
 3538933 1420098 0752312 1979930 0033640 0018284 0026249 0031727 0033684 1879547 0132555 0028128 0030015 0205263 0857127 1514873 2986642 0023810 0086597 0127400 0024432 1546706 1550652
 2951520 0678594 0349590 1262865
 0025141 0021966 0221138 0033727 0369286 0441932 0564385 0369637 0441923 0033727 0369286 0441932 0564385 0033727 0369286 0441932 0564385 0243107 0678723 1527148 0199176 1706420 2700409 0001779 0025914 0025929 0026809 0150312 0332285 0597357 1514559
 0369637 0441923 0369637 0441923 0596040 1621296 0023688 0162574 0205179 0444930 0598528 1514468 2746065 1515877 1879547 0037080 0037083 0086982 1704259 1705987 0443264 0017262 0017337 0185117
 0597277 1708601 0205090 0684010 2603358 0369637 0441923 0302600 1519670 0162574 0205179 0205263 0444930 0598528 1514468 2746065 0199176 1706420 2700409
 0597277 1708601 1520168 0597277 1708601 0033727 0369286 0441932 0564385 0230613 0538674 1415619 0759009 0018969 0018966 0030065 1622683 0018790 0237477 0392351 0521111 1819634 2612473 0220781 0439634 1522492
 0268060 1415529 1707968 1962945 0369637 0441923 0369637 0441923 1539791 0162574 0205179 0444930 0598528 1514468 2746065 1515877 1879547 0037083 3537152 0851827 1701901 3244310 0441712 0042373
 3538926 0205263 0857127 0443264 0872265 1150586 1334482 1120843
 2986463 1456380 0423866 2626739 0028128 0030015 2986642 0547043 1282911 1157324 0005572 0220781 0012472 3538990 0021755 1522428 0021764 1527200 1948023
 1515101 2986905 0006100 1537501 0243077 0037080 1704259 1705987 1333498 0028778 0332206 1533157 1706084 2828370 0669372 1417760 1533698 0132555 0028128 0030015 2986642 0023810 1948023 0021747 0733470
 0439663 0025141 1416870 1823249 0600388 0752312 0031727 0521119 0851285 1710082 1079230 0669372 1417760 1533698 0132555 0028128 0030015 2986642 1710304 0017262 0017337 0185117
 0205090 0684010 2603358 0040691 1527194 0170168 1366882 0538674 1415619 0018969 0018974 0759009 0018966 0030065 1622683 0014597 1273342 0007634 0221908 3282337
 2346604 0005005
 0043445 2346517 2986463 0028128 0030015 2986642 1518440 0040715 2987521
 0025141 0597277 1708601 0033727 0369286 0441932 0564385 0033727 0369286 0441932 0564385 0597277 1708601 0185117 0035696
 0025141 0019046 1420098 0205263 0857127 1293130 0028128 0030015 2986642 0086597 0021467 0021469 1628982 3463820
 0022337 3538705 0669372 1417760 1533698 0132555 0028128 0030015 2986642 0028128 0030015 0311403 2986642
 0039725 0039738 1420718 1506978 1705538 1280500 2348382 1515670 0185117
 0025141 0369637 0441923 0597277 1708601 0162772 0302912 0282566 1171362 0033684 3541339 3540820 0009392 0079460 0439158 1521761 1947989 1948023 2827422 0079784 1150625 3540512 0871261 1704632 1706817 2911692 0041368 1323304 1456820 0333516 0027540 0027651 1334928 1521761 1578706 2827422 3273930 0439267
 0025141