 1955895 2610414 1704259 1705987 0003873 2697391 0003864 0443318 0331946 0016674
 0016674
 0016674
 0016674
 0520510 0557061 2584313 1514811 1706462 0011306 0806987 0007634 1513475 3282337 1548602 1704686 0301872 0439662 0871261 1704632 1706817 2911692 0029431 0017526 0222677 2350246 0024432 0018956 0007634 0026473 1441547 1709634 3245521 3282337
 0079460 0376563 1149401 1332791 0079784 1524095 0079459 0009392 0018183 0024432 0439158 1521761 1947989 1948023 2827422 0079784 1524095 0009392 0079460 0024432 0439158 1521761 1947989 1948023 2827422 0007589 1511938 2945687 0025914 0025929 0026809
 1524063 0427861 0011306 3146294 0021135 1533691 2827718 1547282 2708700 3272950 0011306 0029431 0205245 0542341 2700217 0392148 0079784 1524095 0009392 0079460 0024432 0439158 1521761 1947989 1948023 2827422 0666364 1367028 1704863
 2610414 0806987 0007594 0333721 1261468 0007634 0205103 0332466 0332493 0334154 0443156 1293131 1513475 1550465 2827755 3242339 3282337 1367477 3538991 0963782 1413207 0666364 1367028 1704863 0085732 1299581 0205263 1155046 0596290 0334094 1514485
 0007594 1261468 0332466 1293131 0011306 0021135 1533691 2827718 0015663 0456962 0442799 0348078 0376315 1522492 0017526 0007634 0017547 3282337
 1184743 1522240 0684224 0700287 3496591 0183683 1521721 0031307
 1184743 1522240 0003873 0039097 2697391 0003864 0005889 0302908 0444611 1550315 1704353 2349975 0079189 1524094 0041368 1323304 1456820 0333516 0027540 0027651 1334928 1521761 1578706 2827422 3273930 0449432 0020196 0813622 0001128 0202406
 1511726 3245479 1705535 0029431 1947931 0302313 0221198 1314939 1518633 0029400 0005940 0277764 1290884 0012634 0086418 0262950 0333348 0391978 1266908 1266909 1441672 0003873 2697391 0003864 0019621 0023005 0007634 0019618 0348078 0376315 1269647 1704653 1948049 1956121 0221204 0238792 0221198 0262950 0391978 1266908 1266909
 0005767 0005768 0229664
 0520510 0557061 2584313 1514811 1706462 0282637 0007634 3282337 0018957 0229601 0870134
 0085732 1299581 0011306 0011306 0029431 0029431 0014406 0521119 0725813
 0011306 0029431 0205177 0439167 0441655 1561536 1880022 0332437 0543482 0700329 0700619 0871161 1292721
 0011306 0205555 1704211 0003315 0003320 0007634 0449450 3282337 0085732 1299581 1548602 1704686 0301872 0439662 0871261 1883351 0205263 0011306 0439677 0870134
 0542341 0079946 0439659 1550512 0205170 0205390 0678723 0870861 1254042 1300072 1306673 3146287 0725813 1710082 1514756 0450254 0039194 0007634 3282337
 0887899 0011306 0950580 1704711 0242821 0460148 1268086 0008902 1705242 1515021 0031437 1285572 0475264 1744691
 0439849 1518422 0162340 0681797 0427861 0011306 0026473 0005767 0005768 0229664 1441547 3245521 1709634 0021758 0332281 1334119 1522540 0021764 1527200 0214743 0020898 0021764 0022271 0041368 1323304 1456820 0333516 0025914 0025929 0026809 0027540 0027651 1334928 1521761 1578706 2827422 3273930 0332185 1547282 0887899 0011306 0237876 0870134 0017526 0222677 0029431 0262950 1266909 0032214 0600138 0035820 1705810 0006675 0006726 0019868 1515981 2936886 0007594 1261468 0007634 0332466 1293131 3282337 0439677 1881379 0392148 1441547 3245521 1521761 2827422 0927195
 0086418 0029431 3146294 0005953 0021135 1533691 2827718 0086590 0205214 0262950 0376152 0391978 0439677 1266908 1266909 1522138 1546708 3245511 0005767 0005768 0229664 0243148 1550141 1882979 2587213 3274648 0079189 1524094 0079784 1524095 0009392 0079460 0024432 0439158 1521761 1947989 1948023 2827422 0079784 1524095 0009392 0079460 0024432 0439158 1521761 1947989 1948023 2827422 0666364 1367028 1704863
 0037253 0816871 1283922 0178784 0577559 1306372 3152252 0332479 0348078 0522512 0014653 0205415 0560184 1548384 1609990 0205177 0439167 0441655 1561536 0029418 1286272 0029431 0262950 0391978 1266908 1266909 0277562 0012634 0003873 2697391 0003864 0029401 1368019 0012634 0026764 0439064 3538749 0678226 0220781 0439634 0442802 1522492 1551058 3146286 3176537 0205177 0439167 0441655 1561536 0005974 0262950 0332152 0391978 0436331 1266908 1266909 1444749 1522538 2985494 0031437 1285572 1515981 0679006 1947967 0029456
 0683945 0440042 1521738 2346620 2349184 3539073 0085268 1521997 0262950 0391978 1266908 1266909
 0449255 0542559 0449560 0011306 0022417 0030705 0150312 0392905 0003873 2697391 0003864 0436331 1444749 1880177 0332185 1705535 0574941 0022417 0392905 1269611 1706309 0243148 1550141 1882979 2587213 3274648 0007595 0018270 0220844 1621966 2911660 0011306 0442537 1705182 0013126 1155266 0333348 0871261 1441414 1553874 1578820 1880177 0439852 0085732 1517892 1704666 1515877 1879547 3641721 0039194 0007634 3282337 1883708 0666364 1367028 1704863 0007589 1412791 1511938 2945687 3539565 1881379 3242379 1883351 0205615 0011306 0029431 0332282 1704259 1705987 0684224 0700287 3273238 2708700 3272950 0427861 1317543 0011306 0007634 0011305 0026473 0439640 1441547 3245521 3282337 1159978 0007589 1511938 2945687 0010453 0220814 0430400 2242979 0021135 1533691 2827718 0666364 1367028 1704863
 1184743 1522240 2610414
 2347946 2610414 0079189 1524094 2349975 0039097 0005889 0302908 0444611 1550315 1704353
 1511726 3245479 1705535 2708700 3272950 0011306 1947931 1314939 0029431 1515655 0302313 0221198 0003873 0332281 2697391 0003864 0019621 0023005 0007634 0019618 1269647 1704653 1948049 0030664 0205469 0677042 1956121 0011306 0814995 0221204 0238792 0221198 0262950 0391978 1266908 1266909
 0520510 0520510 0557061 2584313 1514811 1706462 0243114 1998793 0010453 0220814 0430400 2242979 0026473 0039194 0007634 3282337 1864650 0016674
 0011306 3146294 0021135 1533691 2827718 1552738 0026473 2699156 0007634 0439526 3282337 0036563 1314677 0039421 0041700 1708611 0166872 0019215 0242295 1947943 2348609 0206794 0001128 0202406 0017797 0017436 0546866 0039421 0015965 0229671 0230445 0521457 1305418 1546774 1550100 0016674 0376563 1524095 0079460 1149401 1332791 0376562 0376561 0079459 0079784 0009392 0018183 0024432 0439158 1514798 1521761 1947989 1948023 2827422 0439340 1880521 2945590 0439526
 1442469 0439228 0010453 0220814 0430400 2242979 0007634 0205172 3282337 2708700 3272950 0011306 0963782 1167624 1413207 1516048 1947902 2827499
 0024432 1546706 1550652 1441547 3245521 0021135 1533691 2827718 0205170 3146287 0005971 1139930 3537155 1166718 0162339 0005971 0007634 0178587 0456786 1139930 3282337 3537155 0439228 0010453 0220814 0392148 0079784 1524095 0009392 0079460 0024432 0439158 1521761 1947989 1948023 2827422
 1155065 1326120 1879547 0039194 2699156 0007634 0439526 0884358 3282337 0879551 3542405 0003250 0003241 0021027 0746619 0003250 0003241 0021027 0746619 1826357
 0282547 0039194 0026473 0011306 0011306 0007634 0011305 0439640 3282337 0947286 0007634 3282337 0039194 0007600 0007635 2699156 3282338
 1524095 0376561 0079784 0009392 0079460 0024432 0086418 0439158 1514798 1521761 1947989 1948023 2827422 0079460 0376563 1149401 1332791 0079784 1524095 0079459 0009392 0018183 0024432 0439158 1521761 1947989 1948023 2827422 0666364 1367028 1704863 0021758 1334119 1522540 0021764 1527200 0041368 1323304 1456820 0333516 0027540 0027651 1334928 1521761 1578706 2827422 3273930 0021755 0600251 0020898 0021764 0022271 0869011 0442532 0027971
 0231491 0003873 2697391 0003864 0245109 0717758 0331771 0869011 0330302
 1615665 0020197 0869011 1719918 0033727 0369286 0441932 0564385 0016674
 1159978 0007589 1511938 2945687 0026473 0297331 1412133 0011306 0007634 0456786 3282337 0036563 0205170 3146287 0005971 1139930 3537155 0009458 0439536 1705217 3244283 0039421 0015965 0229671 0230445 0521457 1305418 1546774 1550100 0242295 1947943 2348609 0017480 0017797 0030842 0220892 0038425 0039421 0392148 0079784 1524095 0009392 0079460 0024432 0439158 1521761 1947989 1948023 2827422 0666364 1367028 1704863
 0079189 1524094 0079784 1524095 0009392 0079460 0024432 0439158 1521761 1947989 1948023 2827422 0666364 1367028 1704863 0021755 0600251 0020898 0021764 0022271 0041368 1323304 1456820 0333516 0027540 0027651 1334928 1521761 1578706 2827422 3273930 0243077 1149393 1704264 3273854 0717758 2983605 0014442 0020197 0010453 0220814 0430400 0439659 1524062 2242979 1883708 1442459 0439228
 1273517 1524062 0205171 0332173 0439228 0439505 1720467
 0681814 1553637 0337051 1509144 2349200 0030705 1273517
 0010453 0220814 0430400 2242979
 0205435 1279901 0439267 0179834 1442447 0439232 0700321 0702093 1282918 2347166 0369637 0441923 0180860 0581406 1522664 1704449 1704684 1875155 0180860 0581406 1522664 1704449 1704684 1875155 1883351 0332196 2828389 0007634 3282337 1183428
 1149886 1149880 0205177 0439167 0441655 1561536 1516048 1524063
 0010453 0220814 0430400 2242979 0441469 0297331 0936012 1524063 0181839 1706379 0597484 1272460 0023318 0017480 0179533 1654607 1706254 0037585
 0449911 0333052 2607870 0557702 1272706 1704674 0557702 1272706 1704674
 1280500 1441547 3245521 0011306 0220781 0439634 1522492
 0297331 1412133 0017526 0001109 0007584 0001128 0007634 0017547 0031678 0039328 0144544 0202406 0332325 0439157 0750480 1149880 1705566 2827757 3282337 0011306 0442808 1265611 0010453 0220814 0430400 2242979 0205171 0439044 0679994 0205195 1947911 0079784 1524095 0009392 0079460 0024432 0439158 1521761 1947989 1948023 2827422 0666364 1367028 1704863 2347469 2985494

 0439165 1549488 1561533 0441468 0441469 1444656
 1709793 2985494 0010453 0220814 0430400 2242979 1550101 1441547 3245521 0011306 0026473 1441547 3245521 0029431 0392148 0079784 1524095 0009392 0079460 0024432 0439158 1521761 1947989 1948023 2827422 0666364 1367028 1704863 0205195 1947911 1265611 0039097 0005889 0022408 0029408 0243148 0302908 0444611 1550141 1550315 1704353 1882979 2587213 3274648
 0019737
 1709793 0010453 0220814 0430400 2242979 1550101 0029431 0439228 0010453 0220814 0430400 2242979 0392148 0079784 1524095 0009392 0079460 0024432 0439158 1521761 1947989 1948023 2827422 0666364 1367028 1704863 0205171 0439044 0679994 0205195 1947911 0717758 0077503 0439267 1363984 1706001 2983605 0439526 1149393 1704264 3273854 0439267 0439526 0020197 0439340 1880521 2945590 0439526 0439340 1880521 2945590 0439526
 1274040 1546471 2825142 0918012 1552854 1637833 2985494 0079784 1524095 0009392 0079460 0024432 0205263 0332287 0439158 0666364 1367028 1521761 1704863 1882115 1947989 1948023 2827422 2985494
 0005974 0262950 0391978 1266908 1266909 2985494 1516048 0205177 0439167 0441655 1561536 0007634 3282337 0011429 0010453 0220814 0430400 1519355 2242979 0005540 0022886 0022877 0035168 0242481 1619828 1879848 0040371 0022341 0439228 0021178
 0332282 0015252 0728940 0043047 0599638 1550678 0184933 1519355 0040380 0002593 1260957 2986582 0442726 0175697 2697656
 0205146 0220825 1524063 0181839 1706379 0037585 0016674
 1274040 1546471 2825142 0011429 0017446 0205146 0439165 0205148
 0205125 1518422 0449851 1709793 0030685 0391871 0439180 0680255 1283071 1963578 3539598 1707491 0010453 0220814 0430400 2242979 1550101 1709793 1524063 0011900 0348026 0011318 0038960 0025664 0184661 0680240 1442989 1708632 2700391 2828392 1524063 0003250 0031789 0060520 0124209 0206359 0060520 0124209 0206359 0031789 0060520 0124209 0206359 0031789 0031789 0031789 0060520 0124209 0206359 0031789 0060520 0124209 0206359 0031789 0031789 0060520 0124209 0206359 2263441 0024518 1753349 0060520 0124209 0206359 0243148 1550141 1882979 2587213 3274648 0016674
 0036774 0036773 0728877 0036820 0991865 0006353 0031603 0031701 0036082 1601799 1883708 1709793 0331782 0016674
 2348628 3485979 0011306 0007634 0011305 0026473 0439640 1441547 3245521 3282337 0237753 0440102 0449788 0010453 0220814 0430400 2242979 0439084 0728893 1442469 0439228 0392148 0237753 0449788 0039194 0007634 3282337 2347578 0007634 0205170 3146287 3282337 1998793 0005795 1313951 0005767 0005768 0013018 0040288 0229664 0445247 1527169 2348628 0005795 1313951 0005767 0005768 0013018 0040288 0229664 1527169 1515895 1552738 1442460 0243126 1292430 0232117 0391850 0439227 0444706 0564385 1947910 3541902 0556640 1442460 0040077 0086126 0205170 3146287 1524063 0677601 1705206 0005526 0036397 0376558 0016674
 0054736 0108453 0369114 0031789 1167624 1947902 2827499 0011306 2699156 0007634 0439526 1553389 1553403 1705537 3282337 0332256 2700400
 0439232 0700321 0702093 1282918 2347166 0392148 0054736 0108453 0369114 0014898 0054736 0108453 0369114 0243126 0028778 0332206 0549177 1883712 1979886 2983591 0332256 2700400
 0011306 1883708 1548982 0007703 1720725 1948050 0582523 0456692 1442446 0439232 0700321 0702093 1282918 2347166 0332256 2700400 0036563 1705192 1882540 2346495 0332256 2700400
 0007634 3282337 1883708 2348792 1442103 1547049 0040223 1705242 3541383 1512335 1552961 2347617 1184743 1522240 0029431 0039798 0087111 1522326 1533734 1705169 3538994 0184933 0003241 0021027 0031789 1367477 3538991 1552738 0016263 0806140 0814048
 0185117 0054736 0108453 0369114 0014898 0332283 1709793
 0007634 3282337 0017596 1947936 0010453 0220814 0430400 2242979 0205435 1279901 0456692 1442446 0231441 0439232 0443218 0700321 0702093 1282918 2347166 2827483 0016564 0991865 0006353 0031603 0031701 0036082 1601799 0146951 0133689 0242759 0991865 0006353 0031603 0031701 0036082 1601799 0439232 0700321 0702093 1282918 2347166
 0439232 0700321 0702093 1282918 2347166 0086418 0205307 0229671 0439166 1546774 1550100 2347086 0991865 0006353 0031603 0031701 0036082 1601799 0007634 3282337 0359168 0003250 0003242 0003241 0021027 0025914 0025929 0026809 0507236 0591833 0746619 1439852 0018019 1265549 1510458 0005574 0666364 1367028 1704863 0034493 0005574 0879551 3542405 0003250 0003241 0021027 0746619 0003241
 1883708 0332293 0003241 0027627 0175668 0205436 0522529 1522326 1548787 0018019 1265549 1510458 1624602 0016674
 0001271 1300565 1613323
 0007610 1300565 1719918
 0205225 0439631 0003241 0185125 0439232 0700321 0702093 1282918 2347166 0935616
 1261552 1704379 1705117 2825408 1548982 0040223 1632851
 0302523 0700325 3244290 1550369 0884358 1524063 0181839 1706379 0016674
 0523205 0487602 1704680 0007634 3282337 0007584 0886384 0231441 0439232 0443218 0700321 0702093 1282918 2347166 2827483 0001963 0017542 0523205 2986582
 0200765 0002778 0936012 1524024 1704254 1704922 3542466 0884358 1524063 0037585
 0439157 1881534 0332285 0237753 0439175 0439810 0449788 0740116 2827735 2981700 0007584 0237753 0449788 0439086 2827736 2981702 0007584 0237753 0449788 0040223 3541383 0012634 0348080 1705253
 0007634 3282337 0017526 0007634 0017547 0750591 3282337 0332256 2700400 0007610
 0439157 0683607 1441506 0237753 0439175 0439810 0449788 0237753 0444504 0449788 2347634 2348143 0017526 0007634 0017547 3282337 0017526 0007634 0017547 3282337 0040223 3541383 0012634 0348080 1705253 0439165 1549488 1561533
 1274040 1546471 2825142 0520510 0557061 2584313 1514811 1706462 0079784 1524095 0009392 0079460 0024432 0439158 1521761 1947989 1948023 2827422 0666364 1367028 1704863 0205263 1955895 2610414 0011306 0026473 0200949 0554854 0005767 0005768 0086418 0229664 1998793 3146294 0010453 0220814 0430400 2242979 0392148 0079460 0376563 1149401 1332791 0079784 1524095 0079459 0009392 0018183 0024432 0439158 1521761 1947989 1948023 2827422 0021758 1334119 1522540 0021760 0383327 1334109 1527127 1527132 0021764 1527200 0007634 3282337 0963782 1413207 1367477 3538991 0031437 1285572 0019630 0024518 1753349 0441886 2698968 3244092 0441926 2263441 0019627 0185117 0205103 0205164 0439855 0441889 0456079 0456387 0567416 1547707 1550465 1704241 1705943 2827755 2946261 1547282 0019764 0550862 0031831 1707664 2348314 3540849 0205251 1299352 1550472 0185117 2985420 1366561 0567416 1515981 0450344 1553633
 2708700 3272950 0011306 1317543 0870432 0332437 0543482 0700329 0700619 0449265 2349975 0871261 1292856 1707455 1948023 2348628 0450345
 0011306 1149886 1149880 0205177 0439167 0441655 1561536 0297331 1412133 0005516 1273517 0087009 0262950 0391978 1266908 1266909 0029431 1709634
 0205195 1947911 0666364 1367028 1704863 1883708 0011306 2708700 3272950
 0439228 0039798 0087111 1522326 1533734 1705169 3538994 0017526 0007634 0017547 3282337 0015272 1149886 1149880 0205177 0439167 0441655 1561536 0297331 1412133 0205431
 0026473 0011306 1518422 0011429 0011306 1441547 3245521 0017526 0007634 0017547 3282337 0205431 0175697 2697656 0011429 0040594 1519355 0205148 0029431
 0007589 1511938 2945687 0029431 1440270 0963782 1413207 1367477 3538991
 0011008 2348077 0029431 0026473 1441547 3245521
 0037775 0284930 0758959 0769345 1413815 2717970 0059256 0007428 0010654 0030946 0597277 1515981 1708601 1947941 0005516 1883708 1707455 1524063 0487602 1704680 0026473 0029431 1441547 1515981 3245521 1416886 1442449
 0029431 0015272 0452227 0205280 0026473 0029431 1441547 1441672 3245521
 0021701 1622967 0452227 1706101 2248020 0029431
 1518422 1547282 0507236 0150312 0678594 1282914 0444669 1167518 1706352 1882467 3274653 1552738 0284930 1413815 0007428 0597277 1708601 0011306 0007634 0010837 0011305 0439640 0442726 0700321 0993609 1441547 1511790 3245521 3282337 0029431
 1167624 1947902 2827499 0813036 0029431 0086418 1552738 0017525 0017526 0007634 0017547 0027651 1269647 1704653 1948049 0558058 1709694 0284930 1413815 0007428 0597277 1708601 0450348 0521450 1185625 1709305 2745955 2986730 1883712 0029431 0029431 0963782 1413207 1367477 3538991 2349105 1511726 3245479 1518422 1547282
 1707478 0079784 1524095 0009392 0079460 0024432 0439158 1521761 1947989 1948023 2827422 0666364 1367028 1704863 0205263 1955895 2610414 0029431 0332437 0543482 0700329 0700619 0031437 1285572 0031843 0542341 0700205 1705273
 1299582 1948023 0011306 1440306 0007634 0011305 0205286 0439640 3282337 1511726 3245479 1518422 1547282
 0449911 0333052 2607870 0557702 1272706 1704674 0557702 1272706 1704674
 0079784 1524095 0009392 0079460 0024432 0439158 1521761 1947989 1948023 2827422 0666364 1367028 1704863 0205263 1955895 2610414 0029431
 0427385 1318444 0031437 1285572
 0205132 1882932 0243148 1550141 1882979 2587213 3274648
 0871161 1292721 0456695 1292430 0439227 0010453 0220814 0430400 0392148 0039194 0007634 3282337 0013018 1515895 1527169 1998793 0205132 0013018 1527169 0205132
 0026473 0011306 1412791 3539565 0010453 0220814 0430400 2242979 1547282 1552846 0297331 1412133 1149886 0001109 1149880 0001128 0031678 0039328 0144544 0202406 0205177 0332325 0439167 0441655 1511790 1515981 1561536 2827757 1552846
 0441469 1547282 1516240 1552846
 0439165 1549488 1561533 0441468 0441469 1444656 1552846
 0441587 1743766 1883719 1547282 0040594
 1180307 1622186 0001271 0016327 0439133 1553038 0021701 0487602 1704680 0029431 1412791 3539565
 1274040 1546471 2825142 1551058 0681814
 0449911 0333052 2607870 0557702 1272706 1704674 0557702 1272706 1704674
 1880022 2610414
 0441468 1548899 0031753 0011306 2610414
 2945706 0029431
 0002778 0936012 1524024 1955895 2610414 0002778 0936012 1524024 0054736 0108453 0369114 0884358 0011306 0079784 1524095 0009392 0079460 0024432 0392148 0439158 1521761 1947989 1948023 2827422 0010453 0220814 0430400 2242979 0666364 1367028 1704863
 0237753 0449788 0007584 0237753 0449788 1552846
 0185117 1552846
 1547282 1367477 3538991 0054736 0108453 0369114 0016315 1552846
 1639518 1947986 0205160 0243148 1513916 1550141 1882979 2587213 2825415 2825491 3274648 0205126 0205132 1550648 1552960 0733755
 1274040 1546471 2825142 1882932
 1880022 2610414 0243091 1521816 2700385 0332437 0543482 0700329 0700619 0011306 2708700 3272950 1955895 0007634 0011305 0205252 0439640 2610414 3282337 0029431
 0205265 0011306 0332173 0439228 0439505 1637379 0032604 0231441 0439661 3245488 0332437 0543482 0700329 0700619 0332173 0439228 0439505
 0441471 3541888 0017526 0007634 0017547 3282337 0332256 2700400 0205172 0007610 0332173 0439228 0439505 0442726 1511790
 0934502 1522408 1551432 1551969 1561599 1441672 0332173 0439228 0439505
 1883351 1184743 1522240 0007590 0007634 1269647 1293097 1704653 1948049 2919030 2919031 0162638 0011306 0007634 0011305 0026473 0439640 1441547 3245521 3282337 0054736 0108453 0369114 1708715 0014898 0079784 1524095 0009392 0079460 0024432 0392148 0439158 1521761 1947989 1948023 2827422 0036563 1705192 1882540 2346495 0666364 1367028 1704863
 0054736 0108453 0369114 0014898 0567416 0181496 2827499 0033684 0562342 1171285 0680844 0681916 0750572
 0010453 0220814 0430400 2242979 1293097 2919030 2919031 0392756 0547047 0444504 0522510 2347634 2348143 0016315 0686907
 0007634 3282337 0332173 0439228 0439505 1512335 0439086 2827736 2981702 1624602
 0054736 0108453 0369114 0205173 0487602 1704680 1705764 1705765 0443289 0007634 3282337 0439661 3245488 0185117 0007586 1155839 0007634 1269647 1511572 1521975 1704653 1948049 0439228 0439086 2827736 2981702 0450354 1706096
 0680220 0007634 3282337 1293097 2919030 2919031 1511726 3245479 1518422 1547282
 0185117 0007590 0007634 1269647 1293097 1314677 1704653 1948049 2919030 2919031 1883708 0851285 0423866 2626739
 0376669 0332472 1881708 0014441 2717977 0005507 0014442 0021075 0243073 1510438 1517892 1704666 1709793 0443289 0162638 0439092 0547044 1511726 3245479 1518422 1547282
 0376554 0040223 3541383 0427861 0011306 1547282 1883351 1522196 0007586 1155839 0007634 1269647 1511572 1704653 1948049 0699952 1414861 1708111 0042769 0009450 0042776 0319157 0332197 1689985 1883357
 1517331 1883351 0947286 0007634 3282337 0002778 0936012 1524024 0016263 1550369 0806140 0814048 0884358 0039224 1706073 1706074
 1442459 0439228 0392148 0079784 1524095 0009392 0079460 0024432 0439158 1521761 1947989 1948023 2827422 0666364 1367028 1704863 0007634 3282337 0005516 0963782 1413207 0005516 3541224 1367477 3538991 0005516 0011306 0026473 0024432 1546706 1550652
 0007590 0007634 1269647 1293097 1704653 1948049 2919030 2919031 0007594 1261468 0007634 0332466 1269647 1293131 1704653 1948049 0024432 0005516 0011306 0851285 0423866 2626739
 0007634 0334154 3282337 1159954 1159978 0007589 0026473 0029431 1441547 1441672 1511938 2945687 3245521 1518422 0963782 1413207
 1955895 2610414 0029431 1875784 0332849 1261552 2827734 2981698 0332173 0439228 0439505 0007634 3282337 1947971 0015272 0332437 0543482 0700329 0700619 0243091 1521816 2700385
 0740116 2827735 2981700 0332173 0439228 0439505 0332173 0439228 0439505 0024432 0005516 0011306 0851285 0423866 2626739 0450446 0007594 1261468 0332466 1293131 1709305 2745955 1883351 0205615 0017526 0007634 0017547 3282337 1516240 0011429
 0449911 0039224 1706073 1706074 0557702 1272706 1704674 0557702 1272706 1704674 0039224 1706073 1706074
 0031437 0427385 1318444 0026473 1707455 0013682 0026473 0011306 0007634 3282337 0007610 1709793
 2708700 3272950 0011306 0026473 0079784 1524095 0009392 0079460 0024432 0332287 0392148 0439158 0666364 1367028 1521761 1704863 1947989 1948023 2827422 0010453 0220814 0430400 2242979
 0439228 0010453 0231441 0443218 2827483 0017542 0523205 2986582 0017526 0007634 0017547 3282337 0007610 0007634 3282337 0007610 0750480 1705566
 0220781 0439634 1522492 0015663 0456962 1441547 3245521 0010453
 0237753 0449788 2584321 0205170 0332173 0439228 0439505 3146287 0007585 0010453 0332173 0439228 0439505 1709305 0010453
 0017526 0007634 0017547 3282337 0443228 1704243 1441547 3245521 0010453 0237753 0444504 0449788 2347634 2348143 0007610 0017526 0007634 0017547 3282337 0450365 1706097
 0332173 0439228 0439505 0439509 0007610 0017526 0007634 0017547 0332257 3282337 3538986 0007585 0010453 0439092 0007634 0547044 3282337 0450366
 0220781 0439634 1522492 0015663 0456962 0442799 0220781 0439634 1522492
 0449911 0333052 2607870 0557702 1272706 1704674 0557702 1272706 1704674
 0009491 0220781 0439634 1522492
 0022702 0947630 0011306 0079784 1524095 0009392 0079460 0024432 0392148 0439158 1521761 1947989 1948023 2827422 0010453 0220814 0430400 2242979 0666364 1367028 1704863
 0007584 0237753 0449788 0205132 0004457 0034754 0205091 0999597 1522496 1552822 1705179 0007584 0237753 0449788 1441547 3245521 0017526 0007634 0017547 3282337 0017526 0007634 0017547 3282337 0205132 0004457 0034754 0205090 0999597 1522496 1705179 0750480 1705566
 2347469 0237753 0449788 0750572 1510992 2825518 0007610 0011306 1441547 3245521 0017526 0007634 0017547 3282337 0017526 0007634 0017547 3282337
 0439165 1549488 1561533 0011306 1441547 3245521 0017526 0007634 0017547 3282337 0017526 0007634 0017547 3282337 1707455 0237753 0439175 0439810 0449788 0007610 0010453 0220814 0430400 2242979
 1274040 1546471 2825142
 0079189 1524094 2349975 0220781 0439634 1522492 0079189 1524094 0021755 0600251 0020898 0021764 0022271 0443264 0557651 2603343 1825598 2610414 2708700 3272950 0011306 0029431
 0011306 0079784 1524095 0009392 0079460 0024432 0392148 0439158 1521761 1947989 1948023 2827422 0010453 0220814 0430400 2242979 0041368 1323304 1456820 0333516 0027540 0027651 1334928 1521761 1578706 2827422 3273930 0021755 0600251 0020898 0021764 0022271
 0017526 0007634 0017547 3282337 0750480 1705566 0332282 0523205 0487602 1704680
 0022702 0947630 0439228 0884358 1547282 0041368 1323304 1456820 0333516 0027540 0027651 1334928 1521761 1578706 2827422 3273930 2610414 0450373 1553636
 1883712 0041368 1323304 1456820 0333516 0027540 0027651 1334928 1521761 1578706 2827422 3273930 0666364 1367028 1704863 0079784 1524095 0205263 0332466 1293131 0442805 0332173 0439228 0439505
 0279023 1512045 0851827 1701901 3244310 1511726 3245479 1518422 1547282 0205289 0806909
 0332173 0439228 0439505 0237753 0449788 2931876 0205217 0442805 0392148 0041368 1323304 1456820 0333516 0027540 0027651 1334928 1521761 1578706 2827422 3273930 0392148 0450375
 0021755 0600251 0020898 0021764 0022271 0450376 1552738 0005974 0262950 0391978 1266908 1266909 1514721 2348147 2985494 3542016 0666364 1367028 1704863 0079784 1524095 0041368 1323304 1456820 0333516 0027540 0027651 1334928 1578706 3273930 1417377 0079784 1332789 0021755 0600251 0020898 0021764 0022271 1518422 1547282
 0041368 1323304 1456820 0333516 0027540 0027651 1334928 1521761 1578706 2827422 3273930 0021755 0600251 0020898 0021764 0022271 1518422 2349975 0005974 0262950 0391978 1266908 1266909 2985494 1550369 0026473 0086418 0884358 2247561 0079784 1524095 0009392 0079460 0024432 0439158 1521761 1947989 1948023 2827422 0010453 0220814 0430400 2242979 0666364 1367028 1704863 1511726 3245479 1518422 1547282
 0041368 1323304 1456820 0333516 0027540 0027651 1334928 1521761 1578706 2827422 3273930 0021755 0600251 0020898 0021764 0022271 0033414 1156309 0007594 1261468 0332466 1293131 0017526 0007634 0017547 0023175 0443228 0549177 1442948 1522538 1704243 2348269 3275067 3282337 0666364 1367028 1704863 0079784 1524095 0205171 0439044 0679994
 0021755 0600251 0020898 0021764 0022271 0442805 2985494
 0449911 0333052 2607870 0557702 1272706 1704674 0557702 1272706 1704674
 1280500 0220781 0439634 1522492
 0297331 1412133 0001109 0011306 0007584 0001128 0007634 0011305 0031678 0039328 0144544 0202406 0332325 0439157 0439640 0750480 1149880 1705566 2827757 3282337 1441547 3245521 0017526 0007585 0007634 0017547 3282337
 0011306 0079784 1524095 0009392 0079460 0332293 0024432 0439158 1521761 1522326 1947989 1948023 2827422 0666364 1367028 1704863 0205171 0439044 0679994 0205195 1947911 0041368 1323304 1456820 0333516 0027540 0027651 1334928 1521761 1578706 2827422 3273930 0021755 0600251 0020898 0021764 0022271

 0017526 0004561 0007634 0017547 3282337 0011306 0439228 0205313 2347409
 2985494 1441547 3245521 0017526 0007634 0017547 3282337 0010453 0220814 0430400 0445247 1301820 2242979 0012634 0348080 1705253
 0439165 1549488 1561533 0441468 1444656
 1183428 0442805 0005974 0222677 0029431 0035820 1705810 0220781 0439634 1522492 0332128
 2708700 3272950 0011306 1183428 0007634 0332296 0392148 1265611 1269647 1704653 1705242 1880497 1948049 1996904 0079784 1524095 0009392 0079460 0024432 0439158 1521761 1947989 1948023 2827422 0666364 1367028 1704863
 0439228 0007584 0237753 0449788 0205170 3146287 2985494 1516048
 0332197 1689985 0666364 1367028 1704863 0079784 1524095 1183428 0205171 0439044 0679994 0085732 1299581 0011306 2708700 3272950 0017526 0007634 0011305 0205252 0439640 3282337 1512045 1553637
 0017526 0007634 0017547 3282337 0297331 1412133 0001109 0001128 0031678 0039328 0144544 0202406 0332325 1149880 2827757 1511726 3245479 1518422 1547282 1299582 0011429 1553637
 0392148 0666364 1367028 1704863 0079784 1524095 1883712 1301751 1280500 2348382 2985494
 2985494 0079784 1524095 0009392 0079460 0024432 0205263 0439158 1521761 1947989 1948023 2827422 0666364 1367028 1704863 0205217 0442805 0332462 1880834
 1883351 0220825 1880177 0029431 0026473 0011306 0005773 2708700 3272950 0007634 0011305 0205252 0439640 3282337 0011429 0079784 1524095 0009392 0079460 0024432 0439158 1519355 1521761 1947989 1948023 2827422 0666364 1367028 1704863 0392148 0039097 0005889 0302908 0444611 1550315 1704353 1265611
 0030685 0391871 0439180 0680255 1283071 1963578 2985494 1519355 0439228 2985494
 2985494 0029431 1301751 1280500 2348382
 0013687 0039097 0005889 0302908 0444611 1550315 1704353 0022408 0920467 0012634 0022417 0243148 0392905 0442743 1269611 1273517 1550141 1706309 1882979 2587213 3274648 2985494 2985494
 1183428 1955895 2610414 0026473 0017526 0007634 0017547 3282337 0079613 0079784 1524095 0009392 0079460 0024432 0439158 1521761 1947989 1948023 2827422 0666364 1367028 1704863 1883351 1515877 1879547 0031843 0542341 0700205 1705273
 1627358 2349975 0021755 0600251 0020898 0021764 0022271 0725813 0041368 1323304 1456820 0333516 0027540 0027651 1334928 1521761 1578706 2827422 3273930 1521761 2827422 1711411 1880177 0041368 1323304 1456820 0333516 0027540 0027651 1334928 1521761 1578706 2827422 3273930 1280500 2708700 3272950 0011306 0011429 0010453 0220814 0430400 2242979 0079784 1524095 0009392 0079460 0024432 0439158 1519355 1521761 1947989 1948023 2827422 0666364 1367028 1704863 0030705
 0717758 2983605 1149393 1704264 3273854 1524062 1883351 0018790 0237477 0392351 0521111 0041368 1323304 1456820 0333516 0027540 0027651 1334928 1521761 1578706 2827422 3273930 0021755 0600251 0020898 0021764 0022271
 0030685 0391871 0439180 0680255 1283071 1963578 0439228 2985494
 0030705 0039798 0087111 1522326 1533734 1705169 3538994 0205439 1518422 0039798 0087111 1522326 1533734 1705169 3538994
 2983605 1149393 1704264 3273854 0311403 2985494 0205263 0030705 1280500 0442796 1550602
 1979874 0717758 2983605 1149393 1704264 3273854 1280500 0205263 0030705 0039798 0087111 1522326 1533734 1705169 3538994 1511726 3245479 1518422 1547282
 1883351 0022885 0039593 0392366 0450436 0449432 0032214 0600138 0035820 1705810 0871261 1704632 1706817 2911692 0079784 1524095 0009392 0079460 0024432 0439158 1521761 1947989 1948023 2827422 0666364 1367028 1704863 0010453 0020197 0392148 0884358 0008454 0008466 0008454 0038720
 1883712
 1627358 2349975 0205263 0041368 1323304 1456820 0333516 0021755 0600251 0020898 0021764 0022271 0439673 1515981 1749467 1948047 1521761 2827422 0332257 1552866 2700399 0332255 0486805 0033692
 0011306 0947286 0007634 3282337 0205263 1155046 0596290 0334094 1514485 0039194 0185117 0026473 0010453 0220814 0430400 2242979 2708700 3272950 0011306 0332155 0332293 0439228 1522326 0666364 1367028 1704863 0079784 1524095 0040077 0243126 1709793
 1441375 0439175 0439810 0039194 2347578 0007634 0205170 3146287 3282337 0282547
 0031437 0427385 1318444 1547282
 1442459 0439228 0010453 0220814 0430400 2242979 0666364 1367028 1704863 0079784 1524095 0026473 0015272 0031437 1285572
 0011306 0439792 0947286 0007634 3282337 1948023 1155046 0596290 0334094 1514485 0026473 0079784 1524095 1553638
 1442459 0439228 0666364 1367028 1704863 0079784 1524095 0009392 0079460 0011306 0029431 0007634 3282337 0029431 1705242 0963782 1413207 0963782 1413207 0542341 1515981 1155046 0596290 0334094 1514485 1518422
 0449911 0333052 2607870 0557702 1272706 1704674 0557702 1272706 1704674
 0011306 0947286 0007634 3282337 0205263 0334094 1514485 0185117
 0871161 1292721 0947286 0007634 3282337 2708700 3272950 0011306 0332293 0439228 1522326 0079784 1524095 0009392 0079460 0024432 0439158 1521761 1947989 1948023 2827422 0666364 1367028 1704863 0026473 0026473 0332293 0439228 1522326 0079784 1524095 0009392 0079460 0024432 0439158 1521761 1947989 1948023 2827422 0666364 1367028 1704863 3282339 0039194 0007600 0007635 3282338 3485979 0013018 1527169 1705242 1998793
 1441375 0439175 0439810 0039194 0007634 3282337 0282547
 0666364 1367028 1704863 0332583 3542405 0487602 1442466 0439228 0004561 2708700 3272950 0011306 0229579 0947286 0007634 3282337 0026473 0879551 0313106 0947659 1624602
 2945706 2708700 3272950 0011306 0057717 0947286 0007634 3282337 1282913 1551714 0026473
 0039194 0007634 3282337 0007634 3282337 0185117 1527178 1705938 3542405 0007610 0487602 1704680 1518422 1547282
 0185117 0039194 0007634 0684224 0700287 1879547 3282337 3496591 0039099 1267208 0040300 1550315 0039194 0007634 3282337 0879551 1879547 3542405 1624602 0183489 0487602 1704680 1273517 1883351 0557651 2603343 0185117 0039194 0007634 3282337 0003315 0003320 0007634 0449450 1705242 3282337 0011306 0947286 0007634 3282337 0026473
 0039194 0007634 3282337 0439228 0282547 0011306 0947286 1440270 0007634 0205103 0666364 0963782 1367028 1367477 1413207 1550465 1704863 2827755 3282337 3538991 0205148
 0699040 0205148 0185117
 0947286 0007634 3282337 0666364 1367028 1704863
 1979874 0039194 0007634 3282337 0026473 0666364 1367028 1704863 0282547 0026473 1518422 0666364 1367028 1704863
 1274040 1546471 2825142 1705535 0666364 1367028 1704863 0039194 0007634 0205171 1518422 1720467 1879547 3282337 0011306
 1517331 0183683 1521721 0035820 1705810 0005974 0262950 0391978 1266908 1266909 2985494 0003873 0332281 2697391 0003864
 0520510 0557061 2584313 0684224 0700287 1514811 1706462 3273238 0427861 2708700 3272950 0011306 1317543 0007634 0011305 0026473 0439640 1441547 3245521 3282337 0029431 0392148 0079784 1524095 0009392 0079460 0024432 0439158 1521761 1947989 1948023 2827422 0666364 1367028 1704863 0021135 1533691 2827718
 0220781 0439634 1522492 0015663 0456962 0442799 1704259 1705987 1552738 1184743 1522240 0947286 0007634 3282337 1881878
 0332466 1293131 1947971 1706701 0031843 0542341 0700205 1705273
 1883712 1547282 0014406 1183428 0007634 0332296 1269647 1704653 1880497 1948049 1996904 1999230 0021755 0600251 0020898 0021764 0022271 0041368 1323304 1456820 0333516 0027540 0027651 1334928 1521761 1578706 2827422 3273930 0015350 0205170 0449432 0521119 1704640 1706515 3146287 0442805 2985494 0231569 0026473 0029431 1441547 1518422 3245521
 2610414 0332120 0392148 0079460 0376563 1149401 1332791 0079784 1524095 0079459 0009392 0018183 0024432 0439158 1521761 1947989 1948023 2827422 0021758 1334119 1522540 0021764 1527200 0449445 0011306 0278348 0334227 3258071 0006826 0007634 0011305 0021083 0086597 0127400 0439640 0442711 0998265 1273517 1306459 3282337 0086418
 1320928 1549439 2347958 0026473 0439677 1881379 1882932 1709634 0549177 1265611 1704711 0444584 1546549 1550677 0242821 0444667 0460148 1268086 0005775
 0205309 1883351 0018956 1709634 0205101 0439677 0449913 1515981 1553451 1704459 0024432 1546706 1550652 0011306 0029431 1257792 0225336 0014261 0005773 0014597 1273342 0007634 0221908 3282337 0039194 0024264 0007634 3282337 0227525 0079460 0376563 1149401 1332791 0079459 0079784 1524095 0009392 0018183 0024432 0439158 1521761 1947989 1948023 2827422 0079784 1524095 0009392 0079460 0024432 0439158 1521761 1947989 1948023 2827422 3157065 0007589 1511938 2945687 1704259 1705987 0040648 0050325 0960756 0040649 1521761 2827422 0011306 0029431 0309049 0029431 0947630 3242379 0011306 0243107 0678723 1527148 2350246 0018956 0007634 0024432 0026473 1709634 3282337 0026473 0079784 1524095 0009392 0079460 0024432 0332287 0439158 0666364 1367028 1521761 1704863 1947989 1948023 2827422 0010453 0220814 0430400 2242979 0029431 0205615 0205390 1300072 1306673 0024432 1546706 1550652
 0205170 0205309 3146287 0011306 0085732 0024432 1546706 1550652 0010453 0220814 0430400 2242979 0332197 1689985 0079189 1524094 0871261 1704632 1706817 2911692 0079784 1524095 0009392 0079460 0024432 0439158 1521761 1947989 1948023 2827422 1553033 1274040 1546471 2825142
 1511726 3245479 1547282 1704259 1705987 0678558 1883351 0023150 0220866 0728724 1947938 1947939
 0684224 0700287 3273238 1547282 2708700 3272950 0011306 0085732 0029431 0205615
 0024432 1546706 1550652 0011306 1882932 0007634 0449475 0332307 1547052 0026473 1704259 1705987
 0011306 0040648 0040649 1521761 2827422 0309049 0007589 1511938 2945687
 0040648 0040649 1521761 2827422 1705242 1518422 0026473
 0442824 0543488 1720532 1552961 2347617
 0700364 1881379 0015272 0678558 0018956 0007634 3282337 0026473 2610414 1184743 1522240 0007589 0007634 0205615 3282337 2708700 3272950 0011306
 0007584 0237753 0449788 0678587 0205361 1301808 1442792 3148680 1184743 1522240 0442811 0205251 0441889 0442824 0456079 1299352 1547707 1550472 1709305 2745955 2946261 0027361 0237401 0026473 0040300 0333348
 0003873 2697391 0003864 0003873 2697391 0003864 0029400 1290886 0008679 1290884 0005940 0012634 0262950 0391978 1266908 1266909 0007303 1281692 0007301 0022417 0205329 0521339 1261381 1880022 1948029 0541875 0029400 0262950 0391978 1266908 1266909 1883351 0127400 1286272 0029453 0262950 0348078 0376315 0391978 1266908 1266909 1517945 1522492 0003873 2697391 0003864 0005974 0262950 0391978 1266908 1266909 2985494 0678226 0029431 0205217 0205431 0237753 0442805 0449788 0750546 3146286 0474395 0029431 0205177 0205217 0439167 0441655 0442805 1561536 2347662
 0574931 0221198 0030705 0003873 2697391 0003864 0005773 0039099 0025255 0332448 0596901 1546677 1549537 1550315 1706182 0024264 0282637 0007634 3282337 1326347 0016030 0334094 1514485 1515981 1550315
 0947630 0684224 0700287 3496591 0011306 0007634 0011305 0439640 3282337 0022417 0392905 1269611 1706309 1882932 0238767 1706086 0003873 0039099 1267208 2697391 0003864 0040300 1515981 1547928 1550315 0039099 1267208 0040300 1547928 1550315 0007589 0205615 0011306 0598800 0150312 0039194 0699040 0007634 0332281 3282337 0004561 0007634 0018120 0221971 1269647 1515981 1704653 1948049
 0011306 1883351 0005767 0005768 0229664 0232902 0032214 0600138 0035820
 0205435 1279901 0013126 0004366 1314973 0443146 0871261 1704632 1706817 2911692 0039194 0007634 3282337 1883708 0030685 0391871 0439180 0680255 1283071 1963578 0030940 0009780 0040300
 0205436 0457385 0565930 1561503 1705190 0205263 0185117 0205263 0007589 1412791 1511938 2945687 3539565 1257890 0011306 0022417 0205396 0392905 1269611 1550043 1551388 1706309 0439849 0439673
 0011306 0015272 0031437 1285572 2348205 1274040 1546471 2825142 2708700 3272950 0011306 1183428 0007635 0007634 0332296 0392148 1265611 1269647 1704653 1705242 1880497 1948049 1996904 0205195 1947911 0079784 1524095 0009392 0079460 0024432 0439158 1521761 1947989 1948023 2827422 0666364 1367028 1704863 0205286 0029431 0262950 0391978 1266908 1266909
 0029431 0237753 0449788 1274040 1546471 1627358 2349975 2825142 0205177 0439167 0441655 1561536
 1979874 1518422 0005974 0262950 0391978 1266908 1266909 2985494 0231569
 0011306 0079784 1524095 0009392 0079460 0332293 0024432 0439158 1521761 1522326 1947989 1948023 2827422 0666364 1367028 1704863 0666364 1367028 1704863 1155046 0596290 0334094 1514485 1879547
 1511726 3245479 0183683 1521721 0035820 1705810 0005974 0262950 0391978 1266908 1266909 2985494 0003873 0332281 2697391 0003864
 0014406 0205263 0231174 0680095 0600210 1533574 1881827 2610414
 0011306 0032214 0600138 0035820 1705810 1515655
 0279023 0453399 0079189 1524094 0150312 0205161 1265611 2347472 2699333 0005889 0302908 0444611 1704353 0666364 1367028 1704863 0041368 1323304 1456820 0333516 0027540 0027651 1334928 1521761 1578706 2827422 3273930 0021755 0600251 0020898 0021764 0022271 0040691 1527194 0018284 0018270 0220844 1510411 1521761 1621966 2827422 2911660 0079460 0376563 1149401 1332791 0079784 1524095 0079459 0009392 0018183 0024432 0439158 1521761 1947989 1948023 2827422 0020898 0021764 0022271 0083031 0021760 1334122 2983957 0020898 0021764 0022271 0450355 0041368 1323304 1456820 0333516 0027540 0027651 1334928 1521761 1578706 2827422 3273930 0021755 0600251 0020898 0021764 0022271 0442805 0220781 0439634 1522492 1515877 1879547 0031843 0542341 0700205 1705273
 0041368 1323304 1456820 0333516 0027540 0027651 1334928 1521761 1578706 2827422 3273930 0205263 0021755 0600251 0020898 0021764 0022271 0030685 0391871 0439180 0680255 1283071 1963578 0024432 1546706 1550652
 0392148 0441889 0666364 1367028 1704863 0041368 1323304 1456820 0333516 0027540 0027651 1334928 1521761 1578706 2827422 3273930 0175727 0021755 0600251 0020898 0021764 0022271 0038952 0220921 1710082 0450355 1280500 2348382 0030705 0041368 1323304 1456820 0333516 1704264 0243077
 0041368 1323304 1456820 0333516 0027540 0027651 1334928 1521761 1578706 2827422 3273930 0021755 0600251 0020898 0021764 0022271 0079613 0666364 1367028 1704863 0033414 2949735 1879547 0029435
 0079189 1524094 0750492 0086597 0127400 1314939 2985494 0231184 0039798 0087111 1522326 1533734 1705169 3538994 0183683 1521721 1707478
 0079189 1524094 1955895 2610414 0011306 0039097 1546687 0450436 0005889 0022417 0302908 0392905 0443264 0444611 0449432 1269611 1704353 1706309
 1524063 0020197 1547282 1157788 0243125 0699900 2349975 1955895 2610414 0011429 0332152 0436331 1444749 1522538 2985494
 1156907 1512234 0243125 0699900 0033692 0023175 0030685 0079189 0391871 0439180 0680255 1283071 1442948 1522538 1524094 1963578 2348269 3275067 0015350 0184047 0521119 1704640 1706515 2349975 0814423
 0332255 0486805 1547282 1883351 0442805 1819436 0033268 0041368 1323304 1456820 0333516 0027540 0027651 1334928 1521761 1578706 2827422 3273930 0427861 0011306 0007634 0011305 0026473 0086418 0439640 1441547 3245521 3282337 1280500 0205369 1552740 1518422 0017973 0205263 0008466 0008454 0038720 0475337 3536965 0019143 0038720 0475337 2327880 3536965 1514468
 0302523 0700325 3244290 0014653 0205415 0560184 0205250 0003873 2697391 0003864 0012634 0015219 1707520
 0442824 0543488 1883351 0557651 2603343 0443264 0033692 0243072
 0205171 0439044 0679994 0205263 0007594 1261468 0332466 1293131 0011306 1883712 1514873 1883351 0205263 2752630 0007589 1511938 2945687 0029431
 0871261 1704632 1706817 2911692 0079784 1524095 0009392 0079460 0024432 0439158 1521761 1947989 1948023 2827422 0666364 1367028 1704863 0011306 0085732 1299581 0666364 1367028 1704863
 0011306 0205263 0185117 1515877 1879547
 0449255 0542559 0003873 2697391 0003864 0020962 1291764 0439662 0449913 1553451 1704459 0005974 0262950 0391978 1266908 1266909 1880177 2985494 1955895 0007634 0439662 1947931 2610414 3282337 0011306 0026473 0029431 1327414 0036536 0036537 0079189 1524094 0041368 1323304 1456820 0333516 0027540 0027651 1334928 1521761 1578706 2827422 3273930 0021755 0600251 0020898 0021764 0022271
 0079189 1524094 0220781 1883254 2936320 0332257 0011306 0039194 0007634 1879547 3282337 1273518 0666364 1367028 1704863 0443318 2732140 0220781 0439634 1522492
 1707478 0684224 0700287 3273238 0359589 1999230 0332120
 0027361 0237401 0026473 1947971 0024432 1546706 1550652 0011306
 0449475 0085732 0024432 1546706 1550652 0750591 1883351 0442537 1705182 0231162 0012634 0348080 1705253
 0005974 0262950 0391978 1266908 1266909 2985494 0021376 0332281 0021368 0205191 0750591 1948052 1883351 1274040 1546471 2825142 1709634
 1705535 0011306 1955895 1326120 1879547 1441547 3245521 0017526 0007634 0017547 3282337
 0449255 0542559 0678558 1539479
 0868928 1706255 1706256 0030664 0205469 0677042 0221204 0238792 0332281 0024348 0205191 0221198 0262950 0391978 0439680 1266908 1266909 0029431 1882932 1521840 2986546 1522634 0442711
 0449911 0333052 2607870 0557702 1272706 1704674 0557702 1272706 1704674
 0007589 0031307 0205615 0439677 0678558
 0029431 0011306 0011306 1441547 3245521 0017526 0007634 0017547 3282337 0302313 0220781 0221198 0439634 1518633 1522492 0871261 1704632 1706817 2911692 0666364 1367028 1704863 0039194 0007634 1879547 1999230 3282337
 0019621 1140106 0019621 0023005 0007634 0019618 1269647 1704653 1948049
 0221193 1423524 3273411 3273412 1883351 2986676 0205090 0684010 2603358
 1551805
 0597277 1708601

 1710360
 2825232 1515023
 1272684 1548435

 0005767 0005768 0229664 2348291
 0018173 1521721 0021966 0221138 1709701 0004083 0439849 0596306 0699792 0006826 0998265 1306459 0424093
 0205090 0684010 2603358 0369637 0441923 1880177 0043227
 0034036 0034037 1704324 0010186 0220812 1706852 0449719 1709471 0220808 0680264
 1706852 0522501 1706089 0949214 0041703 0205155 1293097 1522472 1552923 1705191
 3273171 0450388 0591239 0016674
 0013849 1705961 0024492 1538057 1547565 2348513 3538902 1514811 1706462 0520510 0557061 2584313 1514811 1706462 0016327 0439133 1553038
 1512653
 1517844
 0025141 0597277 1708601 2951520 0043038
 1159954 0007589 1511938 2945687 0024264 0011306 1515655
 0020964
 0025141 0439267 2951520
 0108747 0966831 1521898 1515021 0011306 0007634 0011305 0439640 3282337

 0016327 0439133 1553038
 0184906 3146289 0011306 0038250
 0005767 0005768 0229664

 1709634 1171947 2347840 0029431 0011306 0206116
 1517844
 0439086 2827736 2981702 0025141 1419068 1419906 3541238 3541412
 3270927 0017263 0851285 1327622 0031843 0542341 0700205 1705273
 0325074
 0025141 3642216
 1159978 0007589 1511938 2945687 1879547
 0349590 1262865
 0025141
 0185117 0029431 0007589 1511938 2945687 1709634 0017526 0007634 3282337 0443252 0010453 0086418 0086590 0205166 0205431 0376152 1515273 1546708 1705313 1706317 2826302
 0014137
 0000857 0600678 1552863 0022337 0022418 0597484 1272460
 0029431 1709634 0026473 0175630 1264633 1554103
 0014137
 0000857 0600678 1552863 1708595 3280986
 0262950 0391978 1266908 1266909 0020962 1291764 0439662 0449913 1553451 1704459
 0349590 1262865
 0025141 0016327 0439133 1553038
 0011306 0011306 0003873 2697391 0003864 0003873 2697391 0003864 0038250 0007634 3282337 1521761 2827422 0003873 0039097 2697391 0003864 0005889 0302908 0332256 0444611 1550315 1704353 2700400 1515021 1515877 1879547 1155266 0871261
 1517844
 3541314 1333964 1707618
 0007634 3282337 0005516 0003315 0011306 1511762 0150312 0449450

 0025141 0205090 0684010 2603358 0022772 1881334 2986463
 0011306 0543483 0699748

 0000857 0600678 1552863
 1334043 0023688 2349975 0007595 0018270 0220844 1621966 2911660 0039194 0003315 0007613 0011306 1511762 0007634 0011305 0031843 0439640 0542341 0700205 1269647 1704653 1705273 1948049
 0349590 1262865
 0025141
 0086282 1611821 0680022 2698041 0666364 1367028 1704863 1159978 0007589 1511938 2945687 0031843 0542341 0700205 1705273
 2347379
 0025141 0021966 0221138
 0025011 1375516 0025007 0042776 0319157 1260953 0020966 3536823 0007634 0020964 0086597 0127400 1269647 1704653 1948049 0038952 0220921 0521102 0011305 0031843 0439640 0542341 0700205 1705273 0039194 0007634 3282337

 0597277 1708601
 0040690 0040691 1527194 0018284 0018270 0220844 0330390 0439096 1510411 1521761 1621966 2004068 2827422 2911660 0243148 1550141 1882979 2587213 3274648 0851285 1327622
 0201682
 0016327 0439133 1553038
 0206431 0449450 0007600 0007635 3282338 0427861 0011306 0079460 0376563 1149401 1332791 0079784 1524095 0079459 0009392 0021758 1334119 1522540 0018183 0021764 0024432 0332287 0439158 1314677 1521761 1527200 1947989 1948023 2827422 0041368 1168005 1456820

 0000857 0600678 1552863 0011198 0017480 3541240 0033727 0369286 0441932 0564385 1261082 1551056 2981682 0022718 0439209 0268060 1415529
 0185117 0005516 0007634 3282337 0011306 0029431 0029418
 1512653
 0450387 0025141 0369637 0441923
 2248020 0204514 0002778 0936012 1524024 0035820 0380871 1335273 1430595 1421249 1706299 3146409 0033681 0031727 0033382 0041485 0699759 1335273 1705341 1138427
 3642273
 0025141 0369637 0441923
 0520511 1704711 0029431 0245726 1416498 0021701 0085175 1336929 0085182 1420760
 2347379
 0025141
 0475264 1744691 0029431 0162788 0444498 0020202 1300517 0021044
 0262950 0391978 1266908 1266909
 0025141 0012836 0003873 2697391 0003864
 0005572 0220781 1709694 0029431
 0262950 0391978 1266908 1266909
 0025141 0021966 0221138 0597484 1272460
 0079189 0600251 0020898 0021764 0022271 0205263 0857127

 0025141 0369637 0441923
 0427861 0039194 0007634 3282337 0205263 0035820 1705810 0238790 1261381 1948029 0030705 0003873 2697391
 0035431
 0025141 3541894
 0079411 3146294 0439178 1518629 0017526 0007634 0017547 3282337 0026473
 0005767 0005768 0229664
 0016327 0439133 1553038 0031831 1707664 2348314 3540849
 0026473 0205225 0205448 0332529 0401925 1515021 0871161 1292721
 0020964
 0450389 0025141 0439267
 3245505 0026473 1882932 1709634 0242629 0011306
 0005767 0005768 0229664

 0079613
 0041703
 0016327 0439133 1553038
 1159954 3157065 0011306 0007589 0007634 0011305 0439640 3282337
 1517844
 0039247
 1314939 0041368 1168005 1456820 0003873 2697391 0003864
 0262950 0391978 1266908 1266909
 0025141 0033727 0369286 0441932 0564385 0597277 1708601
 0851285 1327622 0010357 2986468 0037817 0234856 0600118 2828360 0666364 1367028 1704863 0017011 1552644 2349976
 0349590 1262865
 0025141
 0063717 1149183 0021760 1334122 2983957 0020898 0021764 0022271 0597357 1749467 1948047 0205177 0439167 0441655 1561536 0332206 3540676 2350152 0017968 1749467 1948047
 1517844
 0016327 0439133 1553038
 0441889 0229671 1151254 0279936 0041368 1323304 1456820 0333516 0027540 0027651 0039798 0087111 0231491 0443264 1334928 1363945 1521761 1578706 2827422 3273930 0004083 0439849 0596306 0699792

 0025141 1416870 1823249 1416378 0439254
 0332206 3540676 0003241 0021027 0079460 0376563 1149401 1332791 0079784 1524095 0079459 0009392 0018183 0024432 0439158 1521761 1947989 1948023 2827422 0079460 0376563 1149401 1332791 0079784 1524095 0079459 0009392 0018183 0024432 0439158 1521761 1947989 1948023 2827422 1514873 0079460 0376563 1149401 1332791 0205390 0012634
 2347379
 0439086 2827736 2981702 0025141 3540627 0369637 0441923 0205090 0684010 2603358 0369637 0441923
 1511790 0040690 0039099 1267208 0040300 1547928 1550315 0332268 1327413 0033268 0007585 0007634 0010453 1269647 1704653 1948049
 1517844
 0025141 0369637 0441923
 2754809 0033268 0205224 1367028 0961340 1420805 0079904 2986464 0064239 1621296 0023688 0205195 0205263 0439099 0597357 1947911 0079784 1524095 0009392 0079460 0024432 0439158 1521761 1947989 1948023 2827422
 1517844
 1420193 1832169 3538902 1515101 2986905 1412573 2350443 3539770 0039247
 0035820 1705810 0185117 1511617 0870312 0021135 1533691 2827718
 1517844
 3538933
 0028959
 1517844
 0016327 0439133 1553038
 1328656 0007589 1511938 2945687 0019621 0023005 0007634 0019618 1269647 1704653 1948049
 0005767 0005768 0229664
 0439073 0439082