 0012176 0069449 0028908 0228539 0262254 0349382 1517288 0065939 0028908 1018493 1517288 1572753 1553901 0205263 0857127 0034693 0034721 1880945 1449575 0002778 0936012 1524024
 0439267
 0369637 0441923

 0562547 3160718 0243148 1550141 1882979 2587213 3274648
 1704729 0565990 1549054 1552471 0042610 0205099 0205476 1061320 0039514
 1704729 0243148 1550141 1882979 2587213 3274648 0369773 0597277 1708601 2603361 0013227 0025118 1512352 0036397 0205099
 1512024 0073187 1061320 0039514
 0085410 1704729 0016452 0028707 0036397 0205090 0684010 2603358 0001914 0041740 1030330 0376649 1442065 0282413 0686900 1272683 1522634 3273171
 1512022 0020283 0450407 0450408 0450409 1512018 0369637 0441923 1293097 2919030 2919031 1704729 0013227 0025118 1512352 0036397 0205099 1061320 0039514
 0013849 1705961 0024492 1538057 1547565 0520510 0557061 2584313 0243148 1514811 1550141 1706462 1882979 2587213 3274648
 1979971 0034693 0034721 0020459 0014431 0014442 0014445 0023175 0181586 0205263 0857127 1442948 1522538 2348269 3275067 0185117
 1274040 1546471 2825142 0020557 1522137
 1818975 1523124 1655411 1523122 0013081 0851285 1327622 0014442 0014445 3161035 0439801 3542948
 1516048 1515568 0011198 0017480 0205054 0596843 1563744 3541240 0205054 1278073 0023779 0342895 0012155 0069449 0028908 0228539 0262254 0349382 0359583 1517288 0065939 0028908 1018493 1517288 1572753
 1524063 1709016 0002778 0936012 1524024 1280500 2348382 0185117 0035696 0014442 0014445 0033684 0598783 1517898 0023779 0025519 0025520 0439849 0445223
 0034693 0034721 0069449 0028908 0228539 0262254 0349382 1517288 0012155 0392756 1171362 0185117 0537474 0301630 0441610 0423896 0456205 0596843 1563744 0185117 1563744 0023779 0220781 0439849 0445223 1883254
 0597360 0185117 0086597 1158366 0015684 0001128 0030011 0202406 0023884 0034693 0034721 0205217 0442805 1882726
 0185117
 0205263 0857127 0537474 0021641 1533581 1579433 0851827 1701901 3244310
 1515670 0185117 1612060 1421546 0023884 0597357 0736268 1278929 2346688 1518422 0034693 0034721 0205217 0442805 0185117 1612060 1421546 0023884 0597357 0736268 1278929 2346688 0017337 0205217 0442805 1705535 0474395 1152633 0205177 0439167 0441655 1561536 1612060
 1515670 0185117 1547699 2700640 1366645 0582119 0015684 1412062 0812311 1148923 0243122 0450240 0680022 1145667 1167622 1706210 1711207 2698041 2931071 0023884 0034693 0034721 0205217 0442805 1882726 0035820 1705810 0543483 0699748 0154251 0598783 1517898 0023779 0025519 0025520 0028754 1963185
 0557651 2603343 1555721 1706204 0007004 0034693 0034721 1515568 0011198 0017480 0596843 1563744 3541240 0439092 0547044 0449719 1709471 0185117 0537474 0815047 2246292 0034987 0242210 0013879 0033684 0038323 0220905 0243122 1145667 1167622 1704735 1705248 0679199 0537474 0034987 0242210 0023884 0736268 1278929 2346688 1553901 0001688 0879626 0033268
 0520510 0557061 2584313 1514811 1706462 0028754 1963185 1318368 0428405 1274040 1546471 2825142 0023884 0736268 1278929 2346688
 0027361 0237401 2612459 0023823 0029053 1291138 0023820 0178587 0205217 0205251 0442805 0597177 0700321 1299352 1550472 0441889 0242339 2827734 2981698
 0034866 1510823 1299987 0012171 1527016 0012155 0424612 2699635 0522534 1705188 0007004 3658297 0162791 0220845 0282423 3658297 0162791 0220845 0282423 0449445 1518422 2698651 0028754 1963185 0021655 2700570 0021641 0237834 1514892 1533581 1579433
 0259835 0301577 0007004 0012155 0205250 1299351 2700149 0442805 0041004 1555721 1706204 0007004 0041004 2827734 2981698
 0012155 0032615 0015684 0001128 0359583 0332257 0015689 0015684 0001128 0041004 0007222 0007226 0012634 0740116 2827735 2981700
 0035820 1705810 0014275 0449416 1705919 0015684 0001128 1621296 0023688 0166418 1612060 1421546 0023884 0597357 0736268 1278929 2346688 1612060 1421546 0023884 0597357 0736268 1278929 2346688 0541749 1709743 0243148 1550141 1882979 2587213 3274648 1291081 0311400 1524026 1704259 1705987 2707259 0439086 2827736 2981702
 0449255 0542559 0162340 1291081 0311400 1524026 1704259 1705987 2707259 0205246 1553889 0596843 1563744 0027361 0237401 0028754 1963185 0020459
 0243148 1550141 1882979 2587213 3274648
 1979971 0034693 0034721 0332268 0385463 1366515 0920644 0299583 0597357 1416825 1704565 3161035 0020459 0439084 0728893
 0019904 1439306 0017337 0034693 0034721 0015272 0020505 0028754 1963185 0020473 0020459
 0023825 0020473 0034693 0034721 3161035 0020459 0034719 0034693 0034721 2700303 0449719 1274040 1546471 1709471 2825142 1372378 1515568 0011198 0017480 0596843 1563744 3541240 1524063 0042153 0457083 1947944 1157337 0041004 0220781 1883254
 0815047 2246292 0242210 0033684 0243122 1145667 1167622 0815047 2246292 0242210 0033684 0243122 1145667 1167622 0182953 1704734 1704735 1171362 0185117 0537474 0015683 1367441 0015684 0001128 0132555 0202406 0001022 0001026 0009226 0007064 0009235 1412761 3539564 0175754 0282160 3541413 0205217 0442805 0034693 0034721
 0205263 0857127 0537474 0021641 1533581 1579433 1274040 1546471 2825142 0439092 0547044 0449719 1709471 0040649 0537474
 0032615 0015684 0001128 1547282 1883351 0185117 0441889 0537474 0815047 2246292 0034987 0242210 0013879 0033684 0038323 0220905 0243122 1145667 1167622 1704735 1705248
 0441712 0274281 0332157 0032615 0015684 0001128 0332257 1552866 2700399 1623036 0597297 0597304 1156543 1257759 0243125 0699900 1612060 1421546 0023884 0028778 0332206 0597357 0736268 1278929 1533157 1706084 2346688 2828370 2245434 2259194 0599177 1879547 2249698 0021467 0021469 1628982 3463820
 1441672 0015684 0001128 0309872 2245434 2259194 0599177 1879547 0021641 1533581 1579433
 0015689 0032615 0000545 0001128 0202406 0439084 0728893 1280519 1704419 0015687 0015684 0001128 0202406 0028928 0028929 0001128 0202406 2827734 2981698 0369718 0441922 1553036 3242229
 0032615 2348264 0015684 0001128 1547282 1883351 1260953 0596843 1563744 0947630 0011008 2348077 0004927 0599779 0003062 3161035 0028754 1963185 0020459 1705535 0003062 0013081 0851285 1327622 0012171 1527016 0012155 0424612 2699635 0450348
 1883712 1533716 1280500 0015684 0001128 0596843 1563744 0681828 0021135 1533691 2827718 0947630 1441547 3245521 1524063 0015684 0001128
 0231448 0439792 0683836 2348264 0015684 0001128 0202406 1515655
 1292732 0012155 0012171 1527016 0012155 0205214 0205448 0359583 0424612 0449416 1522138 2699635 3245511 0069449 0028908 0228539 0262254 0349382 1517288 0016157 0016163 0028908 1517288 2349190 2700184 0065939 0028908 1018493 1517288 1572753 0205447 0015687 0015684 0001128 0359583 0032615 0015684 0001128 0359583 1553901 0205263 0857127 0537474 0020459 0018790 0237477 0392351 0521111 0596843 1563744 0185117 0034693 0034721
 0332128 1280500 2348382 2348264 0015684 0001128 0202406 0023884 0034693 0034721 1524063 1449575 0002778 0936012 1524024
 0017263 0851285 1327622 0023779 0439849 0445223 1158917 0025519 0025520 0012171 1527016 0012155 0424612 2699635
 0520510 0520510 0557061 2584313 1514811 1706462 0025664 0184661 2700391 0486616 1555710 0442711 1507394 1522729 2348563 1524063 0003062 0039514 0041740 0042153 0205540 0457083 1947944 2699414
 0003048 0678323 0680240 0004927 0038137 0175675 0178478 1947933
 0034693 0034721 0869040 0557651 1273517 2603343
 0034693 0034721 0028754 0019904 0003062 0019425 0019904
 0003062 1524084

 0034693 0034721 0001914 0041740 1030330 1301820 0006823
 0034693 0034721 0332174 0439230 1510992 2825518 0439267 1555577 1706079
 0337189 0441239 0012155 0034693 0034721 0324335 1314677 1442959 1442989 1519433 2828392 2983588 0012155 0035804 1442959 1519433 2983588 0033684 0424612 0007004 0012173 0225326 0304068 1260603 1304649 0332174 0439230 0184626 0012155 0205447 0205449 0205555 0442504 0332174 0439230
 0441833 0687744 1257890 1552516 1552839 1705428 1705429 0028754 0205449 0332529 0034693 0034721 0012155 0205447 0205449 1516050 1552601 0012155 1442959 1519433 2983588 1556156 0069449 0028908 0228539 0262254 0349382 1517288 0012155 1442959 1519433 2983588 0439509 1556156 0069449 0028908 0228539 0262254 0349382 1517288 0556145 0012155 1442959 1519433 2983588 0439509 1556156 0065939 0028908 1018493 1517288 1572753 0452400 0012155 0035168 0242481
 0027963 0205314 0027971 0039224 1706073 1706074
 0423896 0456205 0038179 0038636 1161331 2827734 2981698
 0012155 0332256 2700400 0037732 0028908 0037733 0947608 1262902 1517288 3257531 1331418 0205198 0332256 2700400 1556156 0033684
 0486616 1555710 0039224 1706073 1706074 1547282
 0015684 0304153 2348264 0001128 0202406 0424612 0450387 1556156 0028928 0028929 0015687 2827734 2981698 0369718 0441922 1553036 0012155 1442959 1519433 2983588 0332257 3538986 0023749 0001128 0202406 0740116 2827735 2981700
 0424612 1556156 0030234 0001128 0202406
 0622901 0424612 1556156
 0012155 1442959 1519433 2983588 0032615 0359583 0439084 0728893
 0012968 0556150 0001128 0202406 0424612 1556156 0332256 2700400 0015687 0015684 0001128 0028928 0028929 0001128 0202406 0069966 0001128 0202406 0424612 0450355 1556156 0597423 0015684 0001128 0522534 1705188 0027138 0001128 0202406 0030234 0001128 0202406 0424612 1556156 0039224 1706073 1706074
 0033684 0007332 0423896 0456205
 0423896 0456205 0439267 0521974 0301585 0012155 0205250 0424612 1299351 2700149 0439267
 0034693 0034721 0342895 1709450 0489071 2599681 0259835 0301577 0012155 1442959 1519433 2983588 0037640 0441833 0687744 1257890 1552516 1705428 1705429 0034693 0034721 0237753 0449788
 2983605 0009830 1947907 0043100 0034869 1516077 1272706 0040223 3541383 1265611 1999230
 0444930 2746065 0681814 1706386 0034693 0034721 0162388 0232100 0475747 0002903 0002930
 0449911 0039224 1706073 1706074 0557702 1272706 1704674 0557702 1272706 1704674 0039224 1706073 1706074
 1148554 0014895 0184626 0012155 0034693 0034721 1720154 0560005 1270972 3463911 0683607 0444454 1554204 0043047 0599638 1550678
 1883708 0021493 0021485 0030883 1272883 1533685 1720436 1828121 0439272 0022718 0439209 0439269 1960952 2346927
 0178913 0370003 2347026 0013618 0003484 1269882 0000726 0003483 1278934 1883727 0023038
 0023884 0736268 1278929 2346688 2982836 0035711 0035668 0348011 0205087 0605411
 2982836 0001963 0442504 1704765 1882509 3496241 0185115 0684295 0243148 1550141 1882979 2587213 3274648 1698986 0002778 0936012 1524024
 0154270 0935625 0182158 0332568 0424612 1706529 3540603 0243148 1550141 1882979 2587213 3274648 1698986
 1510844 0205548 0036406 0005889 0302908 0348011 0444611 0678573 1304698 1546699 1561501 1704353 0750572 0034553 0205369 1552740
 0205177 0205369 0439167 0441655 1552740 1561536 1273517 1883351 1441506 0439194 0023779 1514468
 0185115 0684295 1707796 0001963 0181200 0449468 0008238 1524062 0333118 0243148 1550141 1882979 2587213 3274648 0439583
 1883351 0218063 0015252 0728940 2828366 0934502 1522408 1561599 1548982 0040223 1632851 0450316 2827734 2981698 0332281 0001963 0599956 0934502 1522408 1561599 1547014 1948059 1706907
 1510844 1524063 0034553 1148554 1265611 1273517 0015684 0001128 0439175 0439810 0008377
 0041004 0368909 0008377 0332296 1880497 1996904 0008387 0014898 0031676 0008569 0008550 0205168 0934502 1514893 1522408 1561599 2699488 0680730
 0034553 0337445 1264633
 0032105 1550098 0007703 1282927 1516695 1516698 1879313 0023779 0023779 0027361 0185115 0237401 0456387 1148554 1705943 3541890 0036679 0237868 1881713 2936385 0017243 0037098 0439267 1382104
 0444263 0370003 2347026 0441833 0687744 1257890 1552516 1705428 1705429 1709595 2349200 0023821 0023820 0178587 0205250 1299351 2700149 0178587 2827734 2981698 0205409 1548221
 0032105 1510844 1550098 0243148 1550141 1882979 2587213 3274648 1698986 0002778 0936012 1524024
 0456387 1705943 0001963 0008238 0086972 0443299 0687118 0032105 1550098 2828366 0242485 0206243 0699809 0439787 0849355 0023899 0023779 0023884 0736268 1278929 2346688 2828366
 0202042 0455280 0017725 0032105 1550098 1524063 3538743
 1276042 0202098 0428405 0857690 0021641 0032105 0441889 1533581 1550098 1579433 0034580 0812225 1150635 1705212 1705213 3273202 0205474
 1514534 0002778 0936012 1524024 0206243 0699809 0439787 0849355 1524063 0392747 1554963
 0242485 2346714 0017337 0439849 0445223 0596843 1563744 0182953 0002778 0936012 1524024 0035668 0884358 0370003 2347026
 0040300 1547928 0035668 1519355 0205087 0035668 0205548 0332624 0022885 0039593 0392366 0035668 1268822 2825050 1709793 0312860
 0439211 1706746 0016564 0017243 0036681 1382104 1708639 1708715 0013855 1881903 0006353 0025255 0268059 0041625 1961129 0178576 0332220 2828360 1517892 1704666
 0175723 0234621 0487602 1704680 0019873 0006222 0015008 0040671 1705822
 0243148 1550141 1882979 2587213 3274648 0016568 0013618 1875768 0037633 0525069 0079224 0038720 0475337 3536965 0037506 0074769 0058632 0037473 0038720 0475337 0597484 3536965 1300565 0439526 0175735 0205013 0012854
 0006556 0087044 0103404 0242210 0015683 1367441 0015684 0001128 0132555 0202406 1612060 1421546 0023884 0597357 0736268 1278929 2346688 1412761 3539564 0175754 0282160 3541413 0035696 1335858 1521827 1524063 0032136 0369637 0441923 1332417 1999230
 0006037 1511716 0554249 0035172 0021622 0035168 0242481 1272753
 0021622 0205476 1272753 1551730 0041740 0017480
 0035696 0444706 3541902 1524063
 0007512 0182400 0045191 1553631 1708632 1524063
 0020202 1300517 0025255 1548982 0037506 0058632 0142825 0074769 0597484 0008857 0036082 0037473 0038720 0376259 0475337 1720725 1948050 3536965 2348236 0005903 0039476 1547703 1720725 1948050 0037506 0074769 0058632 0038720 0475337 3536965 0243148 1550141 1882979 2587213 3274648 0456693 1442458 0702093
 0025255 0332157 0039676 0086296 1561571 1561572 2349943 3539704 0027976 1879958
 1704254 1704922 3542466 1706214 0175723 0011321
 1880945 0002778 0936012 1524024 1709016 0521093 0750484 1456348 2607943 2926606 3539655 0038951 1280500 2348382 0301585 0012155 0017337 0035696 0034693 0034721 0342895 0012155 1442959 1519433 2983588 0034693 0034721 0342895 0069449 0028908 0228539 0262254 0349382 1517288 0012155 1273517 1883351 1609488 0887808 0006556 1524063 0872345 1955272 0036849 1442518 1705195 1551532
 0220781 1883254 0205435 1279901 0006556 0035668 0439175 0439267 0439810 1883254 1524063 0039421 0022130 0027976 1879958 0079613 1864172 0206415
 0056208 1321571 1883254 0042010 1708632 0010734 1420150 1524063 0086860 1948027 0006556 0027976 1879958
 0006556 0205156 1261552 1552607 1883254 1548982 1381542 0001962 1720725 1948050 0071795 0014241 0035541 0035542 0332296 1880497 1996904
 0006556 1439852 0006353 0443286 1114821 1457900 0035548 0012789 0205430 1421951 1720722 0052908 0035681 2984241 2257402 0035668 1335439 0243148 1550141 1882979 2587213 3274648
 0056208 1321571 0035548 0086972 0443299 0687118 0006539 1185738 1415347 1706132 1823107 2828386 0243148 1550141 1882979 2587213 3274648 1882443 0700308 0033727 0369286 0441932 0564385 0439583
 0020202 1300517 0600597 0002778 0936012 1524024 0441436 0993610 1998480 0071795 0014241 0035541 0035542 0332296 1880497 1996904 0439267 0018837 0392767 1708096 0020291 0702093 0000975 0020283 0450407 0450408 0450409
 0056208 1321571 0033727 0369286 0441932 0564385 0243148 1550141 1882979 2587213 3274648 0600597 1510941 0332256 2700400 0017337 0441088 1366517 1707689 2983265 1883351 1882932 0162326 0600510
 1510941 0243148 1548982 1550141 1882979 2587213 3274648 0037494 1959973 0041415 0013618 0041420 0332283 0441648 0243148 1550141 1882979 2587213 3274648 0026560 0026561 0038762 0001128 0202406 0037494 1959973 0041415
 1510941 1883708 0031789 0075278 0522529 2986582 0026381 0182400 0522510 1524063 0183115 1710020
 1704254 1704922 3542466 0936012 1524063 0037585
 1708715 0205419 0237849 0392757 1947916 1510992 2825518 1510941 0522510 1510941 1273517
 0010992 0002778 0936012 1511726 1524024 3245479 0004927 1524063 1553446 1709016 0332282 0162791 0220845 0282423
 0871362 0522510 1710082 1879649 0444686 0522510 1441506 1443182 1510992 1705241 1705242 2825518 1882932 0237753 0449788 0150103 1708943 1881866 0182400
 0242356 0993637 0035696 1705920 0220908 1305399 1705053 0556656 1511790 0369773 2603361
 0745732 3272378 1883708 0017337 1706202 0439849 0445223 0596843 1563744 0599474 0220781 1883254 0003601 0017337 0040648 0040649 1521761 2827422
 1883351 0392747 0443172 0035696 0342895 0012155 1442959 1519433 2983588 1707455 0034693 0034721 0342895 0012155 1442959 1519433 2983588
 1883351 0392747 0443172 0035696 0034693 0034721 0342895 0069449 0028908 0228539 0262254 0349382 1517288 0012155 1707455 0034693 0034721 1441672 0342895 0012155 1442959 1519433 2983588
 1705417 0185117 0205217 0442805 0205216 0392756 0442797 0028754 0205172 1963185 2348264 0015684 0001128 0202406 3146294 1524063 0037585 0587081 0043038
 0017262 0185117 0348078 0376315 0449450 1522492
 0871424 0002778 0936012 1524024 0002778 0936012 1524024 0333052 0605290 1426104 1823519 2607870 0004927 0021622 1272753 0027964 0028407 0067895
 1842010 1273517 1883351 0004927 1710497
 0439828 1273517 0017431 0012155 1442959 1519433 2983588 1704675 0012155 1442959 1519433 2983588
 1707455 0184661 0237881 0750502 1546944 1704970 1948041 2700391 3274430 3538935 3539779 1709380 0042295 1524063 1518601 1550456
 1280500 0017431 0392366 0069449 0028908 0228539 0262254 0349382 1517288 0012155 1442959 1519433 2983588 0243148 1550141 1882979 2587213 3274648 0012155 1442959 1519433 2983588
 0085732 0012155 1442959 1519433 2983588 1555029 0392747 0443172 0034693 0034721 0392366 0012155 0012155 1442959 1519433 2983588
 1274040 1546471 2825142 0520510 0557061 2584313 1514811 1706462 1883351 1280500 2348382 0596843 1563744 0017262 0017337 0185117 0034693 0034721 0342895 0012155 0012176 0065939 0028908 1018493 1517288 1572753 0007004 0017431 1265611
 1883351 0006777 1512806 0034693 0034721 1514756 0069449 0028908 0228539 0262254 0349382 1517288 0012155 0003062 0150103 1708943 1514756 0012155 1442959 1519433 2983588
 1517001 0006777 1512806 1720725 1948050 0243148 1550141 1882979 2587213 3274648 0013470 1512806 1518422 0012155 1442959 1519433 2983588 0017431 0039224 1706073 1706074
 0005910 1305866 0043100 0242821 0460148 1268086 1705104 0005910 0043100 1305866 1705104 0005910 0043100 1305866 1705104 0205250 1299351 2700149
 0043094 0005910 0043100 1305866 1705104 0012155 1442959 1519433 2983588 0041004 0522501 1706089 0042789 1947903 0039224 1706073 1706074
 0423896 0456205 0342895 0069449 0028908 0228539 0262254 0349382 1517288 0012155 0005910 0023884 0043100 0392756 0736268 1278929 1305866 1705104 2346688 1274040 1546471 2825142 0023884 0034693 0034721 1707455 1882726 0012155 1442959 1519433 2983588
 0005910 0043100 1305866 1705104 0205217 0442805 0034693 0034721 1707455 0039224 1706073 1706074
 1705241 1705242 0012155 1442959 1519433 2983588 0009932 0243148 0441833 0687744 1257890 1550141 1552516 1705428 1705429 1882979 2587213 3274648 0039224 1706073 1706074
 0857690 0021641 0032105 1533581 1550098 1579433 0205250 1299351 2700149 1518422 0012155 0392760 1314939 1442959 1519433 2983588
 0202042 0455280 0017725 0032105 1550098 1518422 0017431 1518422 0012155 0392747 1442959 1519433 2983588 0039224 1706073 1706074
 0449911 0039224 1706073 1706074 0557702 1272706 1704674 0557702 1272706 1704674 0039224 1706073 1706074
 0013470 1512806 0005910 1305866 0043100 0242821 0460148 1268086 1705104 0005910 0043100 1305866 1705104 0005910 0043100 1305866 1705104 0857690 0021641 0032105 1533581 1550098 1579433 0017725 0034693 0034721 0342895 0012155 1442959 1519433 2983588 0332256 2700400 0069449 0028908 0228539 0262254 0349382 1517288 0359583 0439509 1556156 0012155 1442959 1519433 2983588 0332256 2700400 0069449 0028908 0228539 0262254 0349382 1517288 1018493 1572753 0016157 0016163 0028908 1517288 2349190 2700184 0016327 0439133 1553038 0449911 0039224 1706073 1706074 0557702 1272706 1704674 0557702 1272706 1704674 0039224 1706073 1706074
 1280500 2348382 0069449 0028908 0228539 0262254 0349382 0359583 1517288 0065939 0028908 1018493 1517288 1572753 0012155 0069449 0028908 0228539 0262254 0349382 0359583 1517288 0065939 0028908 1018493 1517288 1572753 0596843 1563744 0085732 0069449 0028908 0228539 0262254 0349382 0359583 1517288 0065939 0028908 1018493 1517288 1572753 1260953 0596843 1563744 1516048 0034693 0034721
 0596562 0220781 1883254 0043047 0243126 0444706 0449770 0599638 1516048 1550678 0015684 0001128 0439175 0439810
 0596562 0220781 1883254 0342895 0012155 1442959 1519433 2983588 0332462 1880834 0205250 1299351 2700149 0034693 0034721 1441672 0342895 0012155 1442959 1519433 2983588 0349966 1337208
 0034693 0034721 0069449 0028908 0228539 0262254 0349382 1517288 0012155 0392756 0596843 1563744
 0012155 1442959 1519433 2983588 1280519 1704419 0369773 2603361 0069449 0028908 0228539 0262254 0349382 1517288 0065939 0028908 1018493 1517288 1572753 0349966 1337208
 1979874 0069449 0028908 0228539 0262254 0349382 1517288 0012155 0392756 0596843 1563744
 0034693 0034721 0012155 1442959 1519433 2983588 0392756 0596843 1563744 0034693 0034721 1441672 0342895 0012155 1442959 1519433 2983588 0369773 0450389 2603361 0596843 1563744 0392756 0205250 1299351 2700149 0342895 0012155 1442959 1519433 2983588 0369773 2603361 0349966 1337208
 0332128 0871208 1521828 0023779 0039224 1706073 1706074
 0220781 1883254 0205217 0442805 0522501 0332462 1880834 0034693 0034721 0012155 1442959 1519433 2983588 0069449 0012167 0012155 0028908 0228539 0262254 0349382 0392756 1442959 1517288 1519433 2983588 0012176 0439093 0443228 1704243 0003062 1441672 0012155 1442959 1519433 2983588 0039224 1706073 1706074
 0871208 1521828 0015684 0001128 0202406 0441889 0034693 0034721 1441672 0012155 1442959 1519433 2983588 0039224 1706073 1706074
 0012155 1442959 1519433 2983588 1555029 0441889 0220781 1883254 0034693 0034721 1441672
 1521798 0069449 0028908 0228539 0262254 0349382 1441672 1517288 0556145 0012155 1442959 1519433 2983588 0012176 0034693 0034721 1518422 0237881 1709380 0038215 0750502
 0599474 0220781 1883254 1883351 0205250 1299351 2700149 0065939 0012167 0012155 0028908 0392756 1018493 1442959 1517288 1519433 1572753 2983588 0012176 0237881 0039224 1706073 1706074
 0243126 0034693 0034721 0205217 0442805 0065939 0012167 0012155 0028908 0392756 1018493 1442959 1517288 1519433 1572753 2983588 0012176 0069449 0012155 0028908 0228539 0262254 0349382 1442959 1517288 1518422 1519433 2983588 0012176 0039224 1706073 1706074
 0012155 1442959 1519433 2983588 0439792 0547044 1515981 0012155 1442959 1519433 2983588 0243126 1514468 0301630 0392756 0441610 0337445 0012155 1442959 1519433 2983588
 0449911 0333052 2607870 0557702 1272706 1704674 0557702 1272706 1704674 0349966 1337208
 2827734 2981698
 0012155 0069449 0028908 0228539 0262254 0349382 0359583 1517288 0065939 0028908 1018493 1517288 1572753 0596843 1563744 0034693 0034721
 0034693 0034721 0342895 0242970 0301585 0012155 1442959 1519433 2983588 1556156 0012155 0069449 0028908 0228539 0262254 0349382 1517288 0242295 1947943 2348609 0439509 1556156 1018493 1572753 0016157 0016163 0028908 1517288 2349190 2700184 0439509 1556156
 0034693 0034721 0011744 0033727 0043047 0369286 0441932 0564385 0599638 1550678 1720154 0162388 0243126 0015684 0001128 0439175 0439810
 1511726 3245479 0034693 0034721 1707455 0012155 1442959 1519433 2983588 0034693 0034721
 1511726 3245479 0332128 1705241 1705242 0034693 0034721 0012155 0034693 0034721 0243148 1550141 1882979 2587213 3274648 0012155 1442959 1519433 2983588 0369773 2603361 0012155 1280500 1442959 1515981 1519433 2983588 0017431 0369773 2603361
 0520511 1704711 0456387 1705943 0039224 1706073 1706074 1547282
 0449911 0039224 1706073 1706074 0557702 1272706 1704674 0557702 1272706 1704674 0039224 1706073 1706074
 0243126 1280500 2348382 0069449 0028908 0228539 0262254 0349382 1517288 0012155 1442959 1519433 2983588 0012171 0012176 0522501 0332462 1880834 0443228 1704243 0342895 0012155 1442959 1519433 2983588 0034693 0034721 0342895 0012155 1442959 1519433 2983588 0039224 1706073 1706074
 0034693 0034721 0423896 0456205 0392756 0069449 0028908 0228539 0262254 0349382 1517288 0012155 1280519 1704419 0039224 1706073 1706074
 1979874 0034693 0034721 0069449 0028908 0228539 0262254 0349382 1517288 0012155 0392747 0423896 0456205 0039224 1706073 1706074
 0423896 0456205 2986417 0204695 2987508
 0423896 0456205 0034693 0034721 0205217 0442805 0012155 1442959 1519433 2983588 0034693 0034721 1515981 0012155 1442959 1519433 2983588 0039224 1706073 1706074
 0423896 0456205 1518422 0012155 0392760 1314939 1442959 1519433 2983588
 1280500 2348382 0012155 0012176 0012171 0034693 0034721 1516048 1280500 2348382 0069449 0028908 0228539 0262254 0349382 0359583 1517288 0065939 0028908 1018493 1517288 1572753 0034693 0034721
 0032105 0337445 0441889 1550098 0205250 1299351 2700149 0003062 0039224 1706073 1706074
 0008377 0008387 0014898 0034693 0034721 0205217 0442805 0243148 1550141 1882979 2587213 3274648 0012155 0012155 1442959 1519433 2983588 0039224 1706073 1706074
 0012155 1442959 1519433 2983588 0392756 0008377 0008387 0014898 0034693 0034721 0039224 1706073 1706074
 0337445 0065939 0012167 0012155 0028908 0392756 1018493 1442959 1517288 1519433 1572753 2983588 0012176 0034693 0034721
 0337445 1518422 0065939 0012167 0012155 0028908 0392756 1018493 1442959 1517288 1519433 1572753 2983588 0012176 0034693 0034721 0205250 1299351 2700149 0342895 0012155 1442959 1519433 2983588 0039224 1706073 1706074
 0423896 0456205 0008387 0014898 0205250 1299351 2700149 0034693 0034721 0392756 0069449 0028908 0228539 0262254 0349382 1517288 0012176 0012155 1442959 1519433 2983588 0008377 0008377 0008387 0008377 0014898 0034693 0034721 0039224 1706073 1706074
 0205217 0442805 0034693 0034721 0065939 0012167 0012155 0028908 0392756 1018493 1442959 1517288 1519433 1572753 2983588 0012176 0069449 0012155 0028908 0228539 0262254 0349382 1442959 1517288 1518422 1519433 2983588 0012176
 1281901 0032105 0441889 1550098 1518422 0028754 0205217 0442805 1963185 0069449 0028908 0228539 0262254 0349382 1517288 0012155 1442959 1519433 2983588 0039224 1706073 1706074
 0002778 0936012 1524024 1518422 0206243 0699809 0439787 0849355
 0428479 0033684 0441889 0456079 0750572 1547707 2946261 1264633 1554103 0178587 2827734 2981698 1444656 0392148 0034693 0034721 0034693 0034721 1707455
 0428479 0033684 0441889 0456079 1547707 2946261 0023821 0332462 1880834 0443228 1704243 0439269 1960952 2346927 3642216 0065939 0012155 0028908 0205216 0392756 0442797 1018493 1442959 1517288 1519433 1572753 2983588 0012176 0034693 0034721 0439269 1960952 2346927 3642216 0034693 0034721 0205171 0750482 1720467 0439269 3642216
 0032120 0036825 0033684 0023821 2986417
 0449911 0039224 1706073 1706074 0557702 1272706 1704674 0557702 1272706 1704674 0039224 1706073 1706074
 1280500 2348382 0069449 0028908 0228539 0262254 0349382 0359583 1517288 0028908 1517288 0065939 0028908 1018493 1517288 1572753 0016327 0439133 1553038 0002778 0936012 1524024 0439849 0445223 0596843 1563744 0205117 0332282 1883708 0332128 1280500 2348382 0012171 1527016 0012155 0424612 2699635 0015683 1367441 0015684 0001128 0132555 0202406 1412761 3539564 0175754 0282160 3541413 0537474 0815047 2246292 0034987 0242210 0013879 0033684 0038323 0220905 0243122 1145667 1167622 1704735 1705248 1612060 1421546 0023884 0597357 0736268 1278929 2346688 1335858 0087044 0103404 0033684 0037791 1511884 0349966 1337208
 0185117 1412761 3539564 0175754 0282160 3541413 0023884 0205217 0442805 0034693 0034721 0537474 0815047 2246292 0034987 0242210 0013879 0033684 0038323 0220905 0243122 1145667 1167622 1704735 1705248 0349966 1337208
 0069449 0028908 0228539 0262254 0349382 1517288 0012155 0392756 0015683 1367441 0015684 0001128 0132555 0202406 1412761 3539564 0175754 0282160 3541413 1171362 0185117 0034693 0034721 0349966 1337208
 0012155 1442959 1519433 2983588 1280519 1704419
 1280500 2348382 0012171 1527016 0012155 0424612 2699635
 1612060 1421546 0023884 0597357 0736268 1278929 2346688 0205263 2266866 1537044 0205177 0439167 0441655 1561536 0537474 0920532 0205263 0857127 0021641 1533581 1579433 0205447 0441712 1441414 1553874 1578820 1706376 0021641 1533581 1579433 0442805 1171362 0185117 0537474
 2245433 2259198 0021467 0021469 1628982 3463820 0032615 0015684 0001128 1612060 0597358 1421546 0023884 0243122 0392756 0597357 0736268 1145667 1167622 1274040 1278929 1546471 2346688 2825142
 1280500 2348382 0012171 1527016 0012155 0424612 2699635 0043194 0258432 0543488 1421478
 0681814 0002778 0936012 1524024 0231175 1883351 1547282 0597360 0185117 0034693 0034721 0597360 0185117 1612060 0242970 0301585 0012155 0205216 0359583 0392756 0424612 0442797 0349966 1337208
 0086860 0537474 0332256 2700400 0005456 0033618 0242210 0205145 0243122 1145667 1167622 1537044 0205177 0439167 0441655 1561536 0021641 0851285 1533581 1579433
 1883351 0020459 1281901 0428479 0035696 0441889 0034693 0034721 0884358 0002778 0936012 1524024 0034693 0034721 0342895 0243148 1550141 1882979 2587213 3274648 0069449 0028908 0228539 0262254 0349382 1517288 0012155
 0028754 1963185 1171362 1515670 0185117 1511726 3245479 1518422 1547282
 0449911 0333052 2607870 0557702 1272706 1704674 0557702 1272706 1704674 0349966 1337208
 0740116 2827735 2981700
 0185117 0035696 0034693 0034721 0069449 0028908 0228539 0262254 0349382 1517288 0028908 1517288 0065939 0028908 1018493 1517288 1572753 0012155 1442959 1519433 2983588
 0005861 1621557 1709269 1412761 3539564 0175754 0282160 3541413 0182400 1704681 2347609 3536729 0015683 1367441 0015684 0001128 0132555 0202406 0815047 2246292 0087044 0103404 0242210 0033684 0038323 0220905 0243122 1145667 1167622 1704735 1612060 1421546 0023884 0597357 0736268 1278929 2346688
 0001271 0243148 1273517 1550141 1708715 1882979 2587213 3274648
 1515670 0185117 0080103 0205345 1547039 0034693 0034721 0012155 1442959 1519433 2983588 0011321 0034693 0034721
 1449575 0002778 0936012 1524024 0012171 1527016 0012155 0424612 2699635 0017262 0017337 0185117 0521093 0750484 1456348 2607943 2926606 3539655 0002778 0936012 1524024 1517331 1280500 2348382 0012171 1527016 0012155 0424612 2699635 0812278 1515670 0185117 0017337 0023779 0439849 0445223 1158917 1373178 0025519 0025520 0034693 0034721 0342895 0012155 1442959 1519433 2983588 1524063 1522053 1709016 0872345 1955272
 1883351 0441712 0871261 1704632 1706817 2911692 0069449 0028908 0228539 0262254 0349382 1517288 0012155 0012176 1707455 0017262 0017337 0185117 0342895 0069449 0028908 0228539 0262254 0349382 1517288 0012155 0012176 0034693 0034721 1441672 0012155 1442959 1519433 2983588
 0017262 0185117 0185117 0392747 0028754 0205172 1963185 2348264 0015684 0001128 0202406 0349966 0449450 1337208
 0439086 2827736 2981702
 0392762 1709795 1274040 1546471 2825142 0039224 0449450 1706073 1706074
 0449911 0333052 2607870 0557702 1272706 1704674 0557702 1272706 1704674 0349966 1337208
 0439086 2827736 2981702
 1449575 0002778 0936012 1524024 0028754 0851285 1963185 2348264 0015684 0001128 0202406
 1511726 3245479 1882932 0017262 0185117 0547043 0851285 1282911 0851285 0423866 2626739 0332583 0205172 0028754 0034693 0034721 0243148 1550141 1882979 2587213 3274648 0069449 0028908 0228539 0262254 0349382 1517288 1018493 1572753 0016157 0016163 0028908 1517288 2349190 2700184 0012155 1707455 0034693 0034721 0012155 1442959 1519433 2983588
 0449911 0039224 1706073 1706074 0557702 1272706 1704674 0557702 1272706 1704674 0039224 1706073 1706074
 1552616 1706244 0023884 0034693 0034721 1449575 0002778 0444706 0936012 1524024 1709016 3541902 0439175 0439810 0023779 0439849 0445223 1158917 0025519 0025520 0205396 1550043 1551388 1709016 0039224 1706073 1706074
 0332257 1552866 2700399 0017337 1563744 0023779 0220781 0439849 0445223 1883254 1158366 0015684 0001128 0030011 0202406 0005528 1317949 3495449 0003601 0017337 1158770 0040649 0439849 0445223 0851285 1327622 1337112 0017337
 0017337 0185117 0028754 0392747 1963185 0012171 1527016 0012155 0424612 2699635 0349966 0449450 1337208
 0439086 2827736 2981702
 0017262 0185117 1158366 0015684 0001128 0030011 0202406 0439849 0445223 0596564 0005528 1317949 3495449 0015684 0205217 0442805 0034693 0034721 0012155 1442959 1519433 2983588 0080103 0205345 1547039 0012155 1442959 1519433 2983588 1314677 1517331 0034693 0034721 0205217 0442805 0301585 0012155 0349966 1337208
 0017262 0185117 1563744 0023779 0220781 0439849 0445223 1883254 0205217 0442805 0034693 0034721 0012155 1442959 1519433 2983588 0242970 0301585 0012155 0205216 0359583 0392756 0424612 0442797 0349966 1337208
 0017262 0185117 0598132 0205245 0441833 0449450 0542341 0687744 1257890 1552516 1705428 1705429 2700217 0039224 1706073 1706074 1522508
 1280500 2348382 0012171 1527016 0012155 0424612 2699635 0014442 0014445 1563744 0023779 0220781 1883254 0025519 0025520
 0871208 1521828 0023884 0034693 0034721 0205217 0442805 1882726 0301585 0012155 0359583 0424612 1260953 0349966 1337208
 0332290 0427184 0700114 1707511 0041904 0162493 0547043 0851285 1282911 1327622 0537474 0815047 2246292 0034987 0242210 0013879 0033684 0038323 0220905 0243122 1145667 1167622 1704735 1705248 1514721 2348147 3542016 0596562 0220781 1883254 0065558 1151164 0014442 0015683 1367441 0015684 0001128 0132555 0202406 0034348 0031727 0034354 0244104 0023884 0013081 0851285 1327622 0069449 0028908 0228539 0262254 0349382 1517288 0012155 0039224 1706073 1706074
 0017262 1333402 0017337 0185117 1563744 0023779 0220781 1314939 1883254 0025519 0025520 0332257 0075202 0009226 0009235 0599871 0004199 1412125 0055813 0008857 0024188 0376259 0596690 1416867 2262011 0023764 0205054 2986417 0065939 0012155 0028908 0205216 0392756 0442797 1018493 1442959 1517288 1519433 1572753 2983588 0012176 0039224 1706073 1706074
 0185117 0441730 0332307 1547052 0023194 1416804 0008380 0001390 0008377 0031617 0885520 2986417 0301585 0012155 0039224 1706073 1706074
 0013081 0851285 1327622 0423866 2626739 0299583 1416825 0441712 1441414 1553874 1578820 1706376 3245505 0043096 2911645 0005910 0043100 1305866 1517945 1705104 0450355 1511726 3245479 1705535 0231174 0680095 0423866 2626739 0034693 0034721 0028754 0243107 0678723 1527148 1880177 1963185
 1301808 1442792 1279919 0557651 2603343 1444656 0220781 1883254 0034693 0034721 0205217 0442805 0342895 0259835 0301577 0012155 1442959 1519433 2983588 0242970 0301585
 0332290 0023884 0034719 0034693 0034721 2700303
 0332128 1274040 1546471 2825142 0301585 0012155 1442959 1519433 2983588 0220781 0337445 0439849 0445223 1883254 0039224 1706073 1706074
 0332290 0220781 1883254 0232117 0391850 0681814 1441672 1706386 1947910 0185117 0034693 0034721 0205217 0442805 0012155 1442959 1519433 2983588 0012167 0301585 0012155 0359583 0392756 0424612
 0185117 0023884 0034693 0034721 0392756 1882726 1883351 0205217 0442805 0069449 0028908 0228539 0262254 0349382 1517288 0012155 0039224 1706073 1706074
 0014442 0014445 0007382 0020291 0017861 0368608 0014898 1883525 2346866 0220806 0013227
 1280500 2348382 0012171 1527016 0012155 0424612 2699635 0026237 0439849 0445223 0521451 1158366 0015684 0001128 0030011 0202406 0596564 0005528 1317949 3495449 0015684
 1158366 0015684 0001128 0030011 0202406 0851043 1563744 0023779 0205217 0220781 0442805 1880177 1883254 0599779 0003062 3161035 0028754 1963185 0020459
 0600434 0752063 1879547 2984308 1158366 0030011
 0522095 0032615 0015684 0003701 0001128 0205166 0337112 1524075 1706317 0369718 0441922 1553036 0012968 0556150 0001128 0202406 0439084 0728893 0369718 0441922 1553036 0522095 0597423 0015684 0001128 0522534 1705188 1621296 0023688 0166418 1418776
 1286104 1512806 0069449 0028908 0228539 0262254 0349382 1517288 0012155 1157337 0041004 0220781 1883254 0015684 0001128 1704259 1705987
 1883712 1280500 2348382 0020459 1158366 0015684 0001128 0030011 0202406 1314939 1518422 0205309
 0332128 1274040 1546471 2825142 0185117 0014442 0014445 0166418 1418776 1314939 1158366 0015684 0001128 0030011 0202406
 0185117 1158366 0015684 0001128 0030011 0202406 0439849 0445223 0054810 1413715 0524513 1413690 2598068 0007262 0729572 0007258 0040676 0087163 0439855 1704241 0007262 0085966 2258044 0007258 0087163 0729572 0023884 0034693 0034721 0205217 0442805 1882726 0039224 1706073 1706074
 0185117 0014442 0014445 0166418 1418776 0054810 1413715 0524513 1413690 2598068 0007262 0729572 0007258 0040676 0087163 0066377 0014314 0009226 0009235 0544545 0001021 0001026 0009226 0001390 0009235 0065170 0050688 0085744 0001374 1980013 0009226 0009235 0030016 0205166 0337112 0442824 1524075 1706317 0001374 0332290 0166418 1418776 0600434 0079613 0243192 0597357 0752063 1879547 2984308 2987634
 0014442 0014445 0166418 1418776 0050690 0001374 0009226 0009235 0242417 0536847 1421314 0033684 1518422 0301585 0012155 0205263 0359583 0424612 1442959 1519433 2983588 0039224 1706073 1706074
 1366645 0582119 0668194 1412062 0086282 1611821 0812311 1148923 0015576 0243122 0450240 0542339 0680022 1145667 1167622 1264637 1704727 1706210 2698041 2931071 1412090 0522501 0034693 0034721 0547043 0851285 1282911 0851285 0423866 2626739 0069449 0028908 0228539 0262254 0349382 1517288 0012155 0039224 1706073 1706074
 0392747 0443172 0025320 0152254 0558058 2753299 1327572 0231193 0871261 1704632 1706817 2911692 0205217 0442805 0596843 1563744 1412090 0005528 1317949 3495449 0015684 0001128 0752063 1515981 0439509
 0185117 0033268 0205217 0337445 0442805 1880177 0023884 0243144 0347980 0015684 0001128 0202406 0227525 0669372
 1280500 2348382 0012171 1527016 0012155 0424612 2699635
 0020473 1274040 1546471 2825142 0449719 1709471 0036536 0036537 0023779 0023825 0023823 0003601
 0017262 0185117 0020473 1880177 0034693 0034721 0392747 0443172 0033268 0003601 0023825 0023823 0442811 1157478 0023820 0178587 0205251 0220781 0442824 1299352 1314939 1550472 1883254 0003593 0003591 0015252 0728940 0003595 0523511 1412481 0052191 1412478 1609817 2825881
 0936012 1511726 3245479 0017262 0017337 0185117 0023825 0034693 0034721 0012155 1442959 1519433 2983588 0034693 0034721 1515981 0342895 0069449 0028908 0228539 0262254 0349382 1517288 0012155
 1518422 0442726 1515926 0034693 0034721 1280500 2348382 0185117 0003601 0023825 0023823 0003593 0003595 0523511 1412481 0052191 1412478 1609817 2825881
 0392747 0185117 0023825 1518422 0700364 1883351 0441712 1706376 0034693 0034721 0521974 0301585 0012155 0205250 0424612 1299351 2700149 0015264 1280500
 0018563 1281583 1552914 0012155 1442959 1519433 2983588 0392756 0185117 0035696 0039224 1706073 1706074
 0012155 1442959 1519433 2983588 1301751 1280500 2348382 0035696 0039224 1706073 1706074
 0085732 1260953 0185117 0023821 0032120 0036825 1168405 0023820 0032105 0033684 0178587 0205250 0392756 1299351 1550098 2700149
 0392747 0443172 0871261 1704632 1706817 2911692 0012171 1527016 0012155 0424612 2699635 2987476 0013470 1512806 0392760 1314939
 0052181 1412470 3542403 0021853 1708548 1883254 0023884 0736268 1278929 2346688 0443214 0000854 0205217 0220777 0424612 0442805 2347023 2347080 2698776 2825050 0036239 1710082 0205250 0424612 1299351 1998602 2700149
 1280500 2348382 0012171 1527016 0012155 0424612 2699635 0040648 0040649 1521761 2827422
 1709016 0002778 0936012 1524024 1444656 1171362 0185117 0034693 0034721 0221103 0301625 0439181 0728721 0069449 0028908 0228539 0262254 0349382 1517288 0012155 0039224 1706073 1706074 0349966 1337208
 0021641 1533581 1579433 0442805 0040649 0537474 0032615 0015684 0001128 0309872 1280500 2348382
 0086860 0332256 2700400 0600508 0013879 0871261 1704632 1706817 2911692 0910920 1612060 1421546 0023884 0597357 0736268 1278929 2346688
 0332128 1511726 3245479 0185117 0040648 0040649 1521761 2827422 1517378 0233820 0020459 0012171 1527016 0012155 0424612 2699635 0040649 0537474
 1171362 1515670 0185117 1335858 0205251 1299352 1550472 0442726 1710082 1612060 1421546 0023884 0597357 0736268 1278929 2346688 1518422 0150312 0441833 0449450 1709016 1999270 3537156
 0035696 0002778 0936012 1516048 1524024 1709269
 0684224 0700287 3496591 0205155 1293097 1522472 1552923 1705191 1279919 1335858 0087044 0103404 0033684 0037791 1511884 0597360 0185117 1612060 0034693 0034721 0392747 0521974 0301585 0012155 0205250 0392760 0424612 1299351 1314939 1442959 1519433 2700149 2983588 1511726 3245479 1518422 1547282 0349966 1337208
 0910920 0032615 0015684 0001128
 0205171 1518422 1720467 0150312 0449450 0086860 0537474 0026882 1705285 0439148 1519795 1704753 1880519 0086860 0015683 1367441 1547282 1883351 0599946 1280500 2348382 0086860
 0185117 0034693 0034721 0205217 0442805 0065939 0012155 0028908 0205216 0392756 0442797 1018493 1442959 1517288 1519433 1572753 2983588 0012176 0039224 1706073 1706074
 1705535 0910920 0537474 1655411 1523122 0034987 0242210 0021641 1533581 1579433 0032615 0015684 0001128
 2346714 0298537 1417825 1421546 0597357 1879547 1417825 0005390 2917673 0023884 0736268 1278929 2346688 0034693 0034721 0205217 0442805 0521974 0242970 0301585 0012155 0205216 0205250 0392756 0424612 0442797 1299351 2700149 0039224 1706073 1706074
 1515670 0185117 0206588 0600508 0013879 0871261 1704632 1705248 1706817 2911692 0521974 0301585 0012155 0205217 0205250 0424612 0442805 1299351 2700149 0039224 1706073 1706074
 0206588 0014442 0031843 0439801 0542341 0700205 0871208 1336789 1521828 1705273 1157403 0220781 1883254 0005390 2917673 0008396 0020364 0008396 1413893 1149367 1417839
 0185117 0034693 0034721 0205217 0442805 0069449 0012155 0028908 0205216 0228539 0262254 0349382 0392756 0442797 1442959 1517288 1519433 2983588 0012176 0039224 1706073 1706074 0017337
 0185117 1420634 0080347 0016129 0033684 0043481 0205309 1281584 2348288 0086282 1611821 0680022 2698041 1883351 0441994 1548802 2003888 0521974 0301585 0012155 0205217 0359583 0424612 0442805 0039224 1706073 1706074
 1420634 0680063 1416696 0205250 0022646 0227665 1278978 1514845 0039869 1883351 0086597 0007589 1511938 2945687 0871261 1704632 1706817 2911692 1336789 0031843 0040649 0542341 0700205 1705273
 0237881 0750502 0028754 1963185 0012171 1527016 0012155 0424612 2699635 0178664 0022663 0036429 0268731 1979971 0243148 1550141 1882979 2587213 3274648 0302523 0700325 3244290
 1515670 0185117 0108685 0597716 0242210 2752241 0033684 0243122 1145667 1167622 1883351 0028754 0851285 1963185 0012171 1527016 0012155 0424612 2699635 2348205 0039224 1706073 1706074
 0017263 0040300
 0021641 1533581 1579433 1260953 0108685 0597716 0242210 2752241 0033684 0243122 1145667 1167622 0040624 0332454 0872079 1704675
 1171362 0185117 0123256 1334092 0522501 0392756 0034693 0034721 0039224 1706073 1706074 1337112 0017337
 0185117 0332257 0450373 1553636 0872184 1421376 1451716 0076925 0522505 1521761 2827422 0740116 2827735 2981700 1421376 1451716 1421377 1447047 1413706 1511573 0600508 0013879 0050063 0871261 1704632 1705248 1706817 1709060 2911692 0033453 1824728 0910920 2986417 0521974 0301585 0012155 0205250 0424612 1299351 1442959 1519433 2700149 2983588 0039224 1706073 1706074
 1280500 2348382 0012171 1527016 0008395 0012155 0424612 2699635 0017337
 0597360 0185117 0441729 0332307 1547052 0034693 0034721 0205217 0442805
 0205250 0023884 0736268 1278929 2346688 1547282 1883351 0023821 0023820 0178587 0205250 1145667 1167622 1299351 2700149 0086597 0871786 0023822
 0185117 0032214 0600138 0035820 1705810 0442739 2346711 0301585 0012155 1442959 1519433 2983588 0039224 1706073 1706074
 0185117 1883351 0205250 1299351 2700149 1705535 0851285 1327622 0017362 0751455 1332838 0017337 0020459 0039224 1706073 1706074
 0008396 1413893 0014442 0597548 0034693 0034721 0547043 0851285 1282911 0039224 1706073 1706074
 0008396 1413893 0008395 0008377 0012155 0205263 2699635 1612060 1421546 0023884 0597357 0736268 1278929 2346688
 0020364 1292711 0449719 1709471 0016157 0016163 0028908 0547043 0851285 1282911 1517288 2349190 2700184 0012155 1442959 1519433 2983588
 1412090 0185117 0034693 0034721 0205217 0442805 0242970 0301585 0012155 0205216 0359583 0392756 0424612 0442797 0039224 1706073 1706074 0086282 0680022 1412077 3540577 1412083 0205396 1550043 1551388 1709016
 1412090 0185117 1518422 0028754 0392747 1963185 0301585 0012155 1442959 1519433 2983588
 1280500 2348382 0012171 1527016 0012155 0424612 2699635 1335671 0017337
 1883351 1517378 0233820 0021655 2700570 0021641 0237834 1514892 1533581 1579433 0034693 0034721 0038951 1709016 0185117 0017337 0021641 0439849 0441472 0445223 1533581 1579433 3266814 0019929
 1515670 0185117 0034834 1335265 0033371 0597357 1744644 0205217 0442805 0332462 1880834 0039224 1706073 1706074
 2611224 0036536 0036537 0032005 0205217 0299583 0442805 1416825 0428411 0033371 0441889 1744644 0385463 1366515 0011155 0028754 0205217 0299583 0442805 0597357 1416825 1636779 1963185
 2259158 0021467 0021469 1628982 3463820 0034705 0034693 0034721 0857121 1555029 0021655 2700570 0021641 0237834 1514892 1533581 1579433
 0033371 1744644 0032214 0600138 0035820 1705810 0028754 1963185
 0597360 0185117 0034693 0034721 0205217 0442805 0521974 0242970 0301585 0039224 1706073 1706074
 0034818 1334133 0597357 0072482 0206364 0919487 1152668 0255618 1152633 0597357 1334043 2697616 0140080 0140079 0597357 0021665 1334089
 0123256 1334092 0074825 0021665 0087044 0103404 0242210 1149301 0033684 0037657 0243122 1145667 1167622 0034693 0034721 0039224 1706073 1706074 0750501 0332148 0750492 0020459 0450382
 0520510 0557061 2584313 1514811 1706462 2348264 0015684 0001128 1260953 0596843 1563744 0009219 0014442 0014445 0679823 0332257 0015683 1367441 0015684 0001128 0132555 0202406 1412761 3539564 0175754 0282160 3541413
 0947630 1327073 0851285 1327622 0012171 1527016 0012155 0424612 2699635 0599779 0003062 3161035 0028754 1963185 0020459
 0684224 0700287 1705535 0003062 0013081 0851285 1327622 0012171 1527016 0012155 0424612 2699635 0450348
 1979874 0150312 0012155 0015687 0015684 0001128 0359583 0069449 0028908 0228539 0262254 0349382 1517288 0015689 0032615 0015684 0001128 0202406 0065939 0028908 1018493 1517288 1572753 1260953 0596843 1563744 0017262 0017337 0185117 0034693 0034721
 0017262 0812278 0017337 0185117 0750501 0205393 0332148 0750492 1274040 1546471 2825142 0537474 0815047 2246292 0034987 0242210 0013879 0033684 0038323 0220905 0243122 1145667 1167622 1704735 1705248
 1705241 1705242 0150312 0449450 0557651 2603343 0947630 0558058 1705241 1705242 0947630
 1705241 1705242 0332257 1552866 2700399 1524063 0042153 0457083 1947944 0597423 0359583 0424612 0522534 1705188 0439593 1317364 0449238 2926735 0450363 0439086 2827736 2981702 1524063 0042153 0457083 1947944 0032615 0015684 0001128 0359583 1705241 1705242 3161035 0028754 1963185 0020459
 1274040 1546471 2825142 1518422 0183683 1521721 1512571 0034693 0034721 1327073 0013081 0851285 1327622 0012171 1527016 0012155 0424612 2699635
 0205132 0185117 0537474 0815047 2246292 0034987 0242210 0013879 0033684 0038323 0220905 0243122 1145667 1167622 1704735 1705248 0441712 1706376 2348264 0015684 0001128 0596843 1563744
 0537474 0815047 2246292 0034987 0242210 0013879 0033684 0038323 0220905 0243122 1145667 1167622 1704735 1705248 0040649 0596562 0015684 0001128 0220781 1883254 0041004
 1441672 0392747 0443172 2348042 2826345 0537474 0034987 0242210 0034693 0034721 0012155 0440102 1515981
 0441712 0015684 0001128 0205396 1550043 1551388 1260953 1171362 0185117 0537474
 0015684 0001128 0392756 0547047 2346714 1335533 0332255 1708096 0537474 0023884 0025914 0025929 0026809
 0015684 0001128 0423896 0456205 0010813 0596311 1330957 0537474 0815047 2246292 0034987 0242210 0013879 0033684 0038323 0220905 0243122 1145667 1167622 1704735 1705248 0521110 1623036 0597297 0597304 1156543 1257759 0243125 0699900
 1883712 0015684 0001128 0309872 2245434 2259194 0599177 1879547 0021135 1533691 2827718 0243192 2987634 1612060
 0302523 0700325 3244290 1705535 0015684 1292711 0001128 0449719 1280500 1709471 2348382 1260953 1171362 0185117 0537474 0015264 0040649 0441889 0456079 1547707 2946261
 0332185 0441712 1706376 1171362 0185117 0537474 1547282 1883351 0851827 1701901 3244310 0424612 1441547 3245521
 0242297 0441889 1556156 0025914 0025929 0026809 0205216 0392756 0442797 0423896 0456205 1514570 1709694 0242297 1556156 2346714 0537474 0332290
 0150312 0449450 0557651 2603343 0012155 1442959 1519433 2983588 1280519 1518422 1704419 0065939 0028908 1018493 1517288 1572753 1260953 1171362 0185117 0014442 0014445
 0302523 0700325 1964257 0028928 0028929 0001128 0202406 1979874 2827734 2981698 0369718 0441922 1553036 1883351 1260953 2266866 1537044 0205177 0439167 0441655 1561536 0537474 0231174 0680095 0815047 2246292 0087044 0103404 0242210 0033684 0038323 0220905 0243122 1145667 1167622 1704735 0035696
 0150312 0449450 0557651 2603343 1273517 0069449 0028908 0228539 0262254 0349382 1517288 0041073 0332256 2700400 1265611 0740116 2827735 2981700 0369718 0441922 1553036
 0332149 1705910 2362652 2986627 1171362 0185117 0014442 0014445 0034693 0034721 1441672 0342895 0012155 1442959 1519433 2983588 0596130 0449719 1709471 0423896 0456205 0012155 1442959 1519433 2983588
 0086860 0537474 0684162 1149367 0005456 0597358 0205145 0243122 1145667 1167622 0182953 1704734 1704735
 1280500 2348382 0205263 1171362 0185117 0537474 1883351 0597360 0185117
 1518422 0035696 0441889 0034693 0034721 0035696 0441889 0012171 1527016 0012155 0392756 0424612 2699635 0021641 1533581 1579433 0032615 0015684 0001128 0700364 1883351 0597360 3244092 0185117 0034693 0034721
 2607943 2926606 3539655 1518422 0332196 2828389 1280500 0012171 1527016 0012177 1435181 2955668 0012155 0424612 2699635 0040649 0205177 0439167 0441655 1561536
 0015684 0001128 1547282 1883351 0018790 0237477 0392351 0521111 1514758 1879547
 1518422 1522634 1152633 0205177 0439167 0441655 1561536 1516048 0332128 0392747 0443172 2004054 0185117 1612060 1421546 0023884 0332285 0597357 0736268 1278929 2346688 0017337
 1612060 1421546 0023884 0332285 0597357 0736268 1278929 2346688 1522053 0017337 0205447 0008396 1413893 0034693 0034721 0205217 0442805
 1612060 1421546 0023884 0205394 0597357 0736268 1278929 2346688 0017337 0003595 0523511 1412481 0023816 1416902 0023764 0023820 0075202 0009226 0009235 0599871 0442739 2346711
 0185117 1518422 1612060 1421546 0023884 0332285 0597357 0736268 1278929 2346688 0017337 0065939 0028908 0392756 1018493 1517288 1572753 0012155 0008396 1413893
 2607943 2926606 3539655 1705535 1612060 1421546 0023884 0443199 0597357 0736268 0871261 1278929 1704632 1705242 1706817 2346688 2911692 0017337 0020459 0204695 2987508 0015684
 0684224 0700287 3273238 0450385 1705535 2607943 2926606 3539655 0427861 1947950 0553257 0007634 3282337 0221103 0301625 0439181 0728721 0014442 0014445 0227525 0023884 0736268 1278929 2346688 0166418 1418776 1612060 0332291 0600434 1421546 0023884 0085862 0597357 0736268 0752063 1278929 1299583 1879547 2346688 2984308 2987476 0182953 1704734 1704735 1948023 2984156 1158366 0030011 0752063 0597423 0015684 0001128 0522534 1705188
 0237753 0449788 0001374 0206588 0524513 1413690 2598068 0007262 0729572 0007258 0040676 0087163 0066377 0014314 0009226 0009235 0544545 0001021 0001026 0009226 0001390 0009235 0065170 0050688 0085744 0001374 1980013 0009226 0009235 0030016 0205166 0337112 0442824 1524075 1706317 0065939 0012155 0028908 0205217 0442805 1018493 1442959 1517288 1519433 1572753 2983588 0012176
 0014442 0014445 0166418 1418776 0050690 0001374 0009226 0009235 0242417 3658346 0014442 1421314 1518422 2348264 0015684 0001128 0012155 0202406 0205217 0442805 2699635
 0231174 0680095 0205263 1335671 0017337 0166418 1418776 1441672
 0037088 0243095 2825141 1515670 0185117 0014442 0014445 1158366 0015684 0001128 0030011 0202406 1314939 0034693 0034721 0205217 0442805 0012155 1442959 1519433 2983588 0034693 0034721 1707455
 0442805 0558058 2753299 1327572 0231193 0871261 1704632 1706817 2911692 0034693 0034721
 0037088 0243095 2825141 1171362 0185117 0598211 0242210 1514559 0025936 0003069 0025914 0025929 0026809 0014442 0014445 1158366 0015684 0332281 0001128 0030011 0202406 0087044 0103404 0242210
 1280500 0032615 0015684 0001128 0017262 0017337 0185117 0332196 2828389 0032615 2348264 0015684 0001128 0079613 0920563 0021641 0036667 0312418 0392760 0427965 1314939 1511883 1522640 1533581 1579433 2346484 2349185
 0857690 0021641 0032105 1533581 1550098 1579433 0017725 1518422 0301585 0012155 0359583 0392747 0424612 0443172 1442959 1519433 2983588 1518422 0884358 2947996 0002778 0936012 1524024 1256369 0021641 0036536 0036537 1533581 1579433
 0556120 0425440 1286104 0489488 1512806 1707391 2362517 0015677 1428607 1547282 1883351 0205263 0021655 2700570 0021641 0237834 1514892 1533581 1579433
 0032615 2348264 0015684 0001128 0016157 0016163 0028908 1517288 2349190 2700184 0750591 1882074 2825492 0450387
 0016157 0016163 0028908 1517288 2349190 2700184 0021655 2700570 0021641 0205263 0237834 0424612 1514892 1533581 1579433 1519269 1621296 0023688 0166418 1418776 1158366 0030011 0450388
 1512804 2984300 2984427 0037080 0037083 0086982 1704259 1705987 0543483 0699748 1171362 0185117 0537474 0596562 0220781 1883254 0011847 0011849 0332185 1514559 0439086 2827736 2981702 0025933 0023884 0025914 0025929 0026809 0028754 0205217 0241863 0442805 1517914 0015127 1314792 1524003 0021655 2700570 0021641 0237834 1514892 1533581 1579433 0442805 1171362 0185117 0537474 0062522
 0427184 0700114 1707511 0851285 1327622 1515568 0011198 0017480 0596843 1314939 1563744 3541240 1158366 0015684 0001128 0030011 0202406 0599474 0220781 1883254 1449575 0002778 0936012 1524024 0205396 1550043 1551388 0017337 0392747 0443172 1705241 0028754 1963185 0425440 1286104 0489488 1512806 0012171 1527016
 0237881 0750502 0185117 1705920 0332257 1552866 2700399 0074129 0017108 0597357 1003377 0008396 1413893 0020364 1412090 0034834 1335265 0033371 0597357 1744644 0034818 1334133 0597357 0123256 1334092 0074825 0021665 0087044 0103404 0242210 1149301 0033684 0037657 0243122 1145667 1167622 1417825 0377800 0108685 0597716 1420634 0680063 1416696 0557651 2603343
 0205447 1511726 3245479 0442805 0668194 0596564 0034693 0034721 0012155 1442959 1519433 2983588
 2700640 1366645 0582119 0086597 0596564 0005528 1317949 3495449 0007634 1269647 1704653 1948049
 0185117 0018787 1281570 1441672 0026845 0040715 2987521 0007603 0025255 0032105 0596901 1550098 1706182 0020459 0021641 0205217 0442805 1533581 1579433 0450389
 1842090 0011155 0162429 1623416 0021655 2700570 0021641 0237834 1274040 1514892 1533581 1546471 1579433 2825142 0034705 0034693 0034721 0857121
 0185117 0023884 0736268 1278929 2346688 0034693 0034721 0596564 0015684 0001128 0005528 0205217 0442805 1274040 1317949 1546471 2825142 3495449 0023884 0736268 1278929 2346688 0041004 1880177
 0185117 1517001 1883351 1705654 0023884 0736268 1278929 2346688 0033268
 0037088 0243095 2825141 0522501 0392756 1515568 0011198 0017480 0205054 0596843 1563744 3541240 0337445 1518422 0392756 0034693 0034721 0012155 1442959 1519433 2983588
 0947630 1547282 0392756 0337445 0034693 0034721 0086418
 0242297 0441889 0456079 1547707 2362652 2946261 0439509 1556156 0065939 0028908 1018493 1517288 1572753 0392756 0596562 0220781 1883254 2348264 0015684 1524063 0001128 0012155 0042153 0202406 0457083 1947944 2699635 1707527 0041004 0023825 0023823 0442811 0023820 0178587 0205251 0442824 1299352 1550472 0220781 1883254
 0337445 0034693 0034721 0342895 0069449 0028908 0228539 0262254 0349382 1517288 1274040 1546471 2825142 0220781 1883254 0028928 0028929 0001128 0202406 0337445
 1955473 1441672 0337445 0342895 0069449 0028908 0228539 0262254 0349382 1517288
 1511726 3245479 0332307 1547052 1265611 0232478 1280500 2348382
 0150312 0449450 0557651 2603343 0009830 1947907 0069449 0028908 0228539 0262254 0349382 0359583 1517288 0065939 0028908 1018493 1517288 1572753 0392756 0858034 0008377 0008387 0014898 0034693 0034721
 1883712 0065939 0012167 0012176 0012155 0028908 0392756 1018493 1442959 1517288 1519433 1572753 2983588 0034693 0034721
 0037088 0243095 0332148 0750492 2825141 0558058 0023821 0023820 0178587 0205250 1299351 2700149 1264633 1554103 0007294 0560175 1706209 3273162 0332296 1880497 1996904 0008387 0008377 0034693 0034721
 0332290 1441672 0032120 0036825 1168405 1335665 0033684 0342895 0065939 0028908 1018493 1517288 1572753
 1441672 1955473 0034693 0034721 0086418
 0012155 0032615 0015684 0001128 0359583 0332257 0015689 0032615 0016157 1547282 1883351 0007222 0007226 0012634 0740116 2827735 2981700
 0441712 1706376 0032615 2348264 0015684 0001128 0205169 0162340
 0086418 0205216 0392756 0442797 0023822 0023821 0065055 1522133 0008377 0023820 0178587 0205250 1299351 2700149 0032615 2348264 0015684 0001128 0032529 1882417 1517892 1704666 0086860
 0681814 1515670 0185117 0085201 1412468 2698168 0065939 0012167 0012155 0028908 0392756 1018493 1442959 1517288 1519433 1572753 2983588 0012176 0034693 0034721
 0150312 0449450 0947630 0205171 1518422 1720467 0220781 1883254 0205217 0442805 0034693 0034721 0220781 1883254 0205170 0205217 0442805 3146287
 0599474 0220781 1883254 1518422 0034693 0034721 0205217 0442805 0205250 1299351 2700149 0333118 0302523 0700325 1964257 0185117 0035696 0063164 0030016 0047420
 0851285 1327622 0023825 0023823 0442811 1157478 0023820 0178587 0205251 0220781 0439849 0442824 0445223 0449432 1299352 1550472 1883254
 1518422 0205054 0205217 0442805 1274040 1546471 2825142 0008377 0023779 0023825 0023823 0442811 0023820 0033268 0178587 0205251 0442824 1273517 1299352 1550472
 0220781 1883254 0008377 1883351 0441994 1548802 2003888 0342895 0065939 0028908 1018493 1517288 1572753 0039224 1706073 1706074
 1518422 1947931 1516048 0599474 0220781 1883254 0008387 0008377 0014898 0012171 1527016 0012155 0205217 0424612 0442805 2699635 0069449 0028908 0228539 0262254 0349382 1517288 0065939 0028908 1018493 1517288 1572753 0034693 0034721
 0008387 0008395 3276464 0008377 0014898 0037088 0243095 2825141 0558058 0041904 0162493 0547043 0851285 1282911 1327622 0008387 0599474 0008377 0014898 0220781 0439634 0439849 0445223 1522492 0015684 0001128 0001374 0009226 0001390 0009235 1441672 0023903 2239176 0007634 3282337
 2753931 1157723 0013081 0851285 1327622 0020364 0012155 1442959 1519433 2983588 0008387 3276464 0599474 0008377 0014898 0205217 0220781 0439634 0442805 1522492 1274040 1546471 2825142
 1707478 0150312 0449450 0557651 2603343 1555721 1706204 0522095 0032615 0015684 0001128 0205166 0337112 1524075 1706317 0007004 1553901 1818976 1523123 1655411 1523122 0041904 0162493 0547043 0851285 1282911 1327622 0537474 0014442 0014445 0034693 0034721
 0012155 1442959 1519433 2983588 0032615 0015684 0001128 0359583 0524645 0439084 0728893 0001128 0202406 0369718 0441922 1553036 1280519 1704419 0012155 1442959 1519433 2983588 0332256 2700400 0028928 0028929 0015687 2827734 2981698 0369718 0441922 1553036 0015684 0001128 0202406 0023749 0678226 0001128 0032615 0202406 0423896 0456205 1280519 1704419 3146286 0740116 2827735 2981700 0369718 0441922 1553036
 0034693 0034721 1818975 1523124 1655411 1523122 0013081 0851285 1327622 0537474 0012171 1527016 0012155 0424612 2699635 0301630 0392756 0427184 0441610 0700114 1707511 0185117 0441833 1999270 3537156 0014442 0014445 1563744 0023779 0220781 0679823 1883254 0949479 0017263 0851285 1327622 1273518
 1274040 1546471 2825142 0015684 0001128 0202406 0220781 1883254 0301585 0012155
 0599779 0003062 3161035 0020459 0034693 0034721 0013081 0851285 1327622 0012171 1527016 0012155 0424612 2699635 0205342 0003062
 0557651 2603343 1555721 1706204 0007004 0034693 0034721 1515568 0011198 0017480 0596843 1563744 3541240 0439092 0547044 0449719 1709471 0185117 0537474 0815047 2246292 0034987 0242210 0013879 0033684 0038323 0220905 0243122 1145667 1167622 1704735 1705248 0679199 0537474 0034987 0242210 0023884 0736268 1278929 2346688 1553901 0001688 0879626 0033268
 0441712 1706376 1882154 0557651 2603343
 2986676 0031831 1707664 2348314 3540849
 0369637 0441923
 1511716 0021622 1272753 0006037 0031831 1707664 2348314 3540849
 0554249 0035172 0021622 0035168 0242481 1272753 0031831 1707664 2348314 3540849

 0021622 0205476 1272753 1551730 0031831 1707664 2348314 3540849
 0041740 0031831 1707664 2348314 3540849
 0017480 0032136 1273517 1883351 1521827 0006556 0087044 0103404 0242210 0945818 1883712 0015683 1367441 0015684 0001128 0132555 0202406 1612060 1421546 0023884 0597357 0736268 1278929 2346688 1412761 3539564 0175754 0282160 3541413 0035696 1335858
 2986676 0041740 1551442 3245499 0027976 0205314 0027976 1879958 0150600 1959633 0282411 0947611 1705247
 2986676 0205392 1512022 0020283 0450407 0450408 0450409
 1704729 0475309 0205099 0010998 0010992 2828391 0871424 0018896 0038215 1511726 1552861 3245479 0002778 0936012 1524024
 2825232 0043227 0035170 1568415 0035176 0035168 0242481 0243107 0442603 0678723 1521721 1527148 3496098 1549054 0042610 1704729 0018173 1510825 1696107 0205099 0475309 0205099
 0586917 0002458 0004083 0018787 0439849 0596070 0596306 0699792 1281570 1521721 1510825 1696107
 1519237 0402112
 0000723 1412090 1412062 0812311 1148923 0243122 0450240 0680022 1145667 1167622 1706210 1711207 2698041 2931071
 1412761 3539564 0175754 0282160 3541413 0001022 0001026 0009226 0007064 0009235
 0001374 0009226 0009235 0009226 0009235
 0003591 0003591
 1366645 0582119 0015684
 0108685 0597716 0242210 2752241 0033684 0243122 1145667 1167622 0108685 0597716 0242210 2752241 0033684 0243122 1145667 1167622
 0009226 0009235 0009226 0009235
 0017337
 0008396 1413893 0008396 0020364
 0000545 0001128 0202406
 0015683 1367441 0015684 0001128 0132555 0202406 0015683 1367441 0015684 0001128 0132555 0202406
 1417825 1421546 0597357
 0023821 0023820 0178587 0205250 1299351 2700149 0023821 0023820 0178587 0205250 1299351 2700149
 0074825 0242210 1149301 0033684 0037657 0243122 1145667 1167622 0074825 0242210 1149301 0033684 0037657 0243122 1145667 1167622
 0243148 1550141 1882979 2587213 3274648
 0034693 0034721
 1420634 0680063 1416696 1420634
 0023194 1416804 0008380 0001390 0008377 0031617 0885520 0023194 1416804 0008380 0001390 0008377 0031617 0885520
 1612060 1421546 0023884 0597357 0736268 1278929 2346688 1612060 1421546 0023884 0597357 0736268 1278929 2346688
 0910920 0910920
 0206588 0206588
 0031676 0202177
 0166418 1418776 0600434 0597357 0752063 1879547 2984308 0166418 1418776 0597357
 0032615 0032615 0015684 0001128 0202406
 0075202 0009226 0009235 0599871
 0037506 0074769 0058632 0037473 0038720 0475337 0597484 3536965 0037506 0074769 0058632 0037473 0038720 0475337 0597484 3536965
 1335858 0087044 0103404 0033684 0037791 1511884 1335858 0087044 0103404 0033684 0037791 1511884
 0441729 0332307 1547052
 0815047 2246292 0242210 0033684 0243122 1145667 1167622 0815047 2246292 0242210 0033684 0243122 1145667 1167622
 0337445 0041004
 0536847 1421314 0033684 0536847 1421314 0033684
 0023825 0023823 0442811 0023820 0178587 0205251 0442824 1299352 1550472 0023825 0023823 0442811 0023820 0178587 0205251 0442824 1299352 1550472
 1514756
 0034036 0034037 1272684 1548435 1704324
 1514811 1706462 0520510 0557061 2584313 1514811 1706462 0036154 0878195 0369718 0441922 1553036 0486616 1555710 0524620 0039082 0311400 1524026 2707259 0489488 1512806
 3540627 0206034 0008976 1096775 0034656 0205210 0007004 0007222 0007226 0012634
 1836672 1420098 0243148 1550141 1882979 2587213 3274648 0022773 0001349 0871261 1704632 1706817 2911692 0439557 0140283 0332281 1421546 0140278 0035143 0035339 0597357 3536891 0023884 0736268 1278929 2346688
 0201682 1421550 0036154 0369637 0441923 0031437 1285572 0034693 0034721 1517050 0521119 1880389 1883221 3541951 0385463 1366515 0299583 0597357 1416825 0332120 2700303 0034693 0034721
 0011847 0011849 0000857 0600678 1552863 1520114 0017398 0017399 0034693 0034721
 0019266 0220848 0025141 2951520 3538806 1563937
 2700303
 0004153 0450388 0025141 2951520 0428462 0023779 0023820
 0025141 0021641 1533581 1579433 0596620 0025519 0025520 0034693 0034721
 0025519 0025520 0025141 0025424 2347108 2347109 2348272 1261082 1551056 2981682 0205090 0684010 2603358 0369637 0441923 0036536 0036537 0596843 1563744 1171362 0185117 0034693 0034721
 0023779 2347379 0439254 3539653 0369637 0441923 1880177 1156542 1157337 0220781 1883254 0036536 0036537 0020473 0028754 1963185
 0201682 0439254 0596563 1373178 0025519 0025520 0023825 0034719 0028754 0034693 0034721 2700303
 0201682 0439254 0006797 0851285 1327622 1515655 0815047 2246292 0034987 0242210 0013879 0033684 0038323 0220905 0243122 1145667 1167622 1704735 1705248 1883644 0017446 0031843 0205147 0522505 0542341 0700205 1705273 0332256 2700400 0034987 0013879 0038323 0220905 1704735 1705248
 0041703 0268596 0439073 0439082 1418943 2700624 3642273 0038108 0001905 1412243 0017725 0031843 0542341 0700205 1705273 0017262 0185117 0023884 0736268 1278929 2346688
 0201682 1261082 1551056 2981682 0025424 2347108 2347109 2348272 0014963 1457900 0205090 0684010 2603358 0851285 1327622 0086860 0537474 0227525
 2347379 0025141 1171362 0185117 0217529 1420398 0019728 0032615 2348264 0015684 0001128 0012155 1260953 2699635
 0441712 1706376 2362518 0015677 1428607
 0201682 0369637 0441923 0268060 1415529 0032615 0015684 0001128 1260953 1171362 0185117 0217529 1420398 0062522 1265875 2700592
 0201682 0033727 0369286 0441932 0564385 0369637 0441923 0369637 0441923 0033727 0369286 0441932 0564385 0597277 1708601 0033727 0369286 0441932 0564385 0032615 0015684 0001128 1260953 1537044 2266866 0205177 0439167 0441655 1561536 1612060 1421546 0023884 0597357 0736268 1278929 2346688 1612060 1421546 0023884 0597357 0736268 1278929 2346688 0597358 0243122 1145667 1167622
 0201682 0015690 0015684 0001128 0522535 0423866 2626739 0753747 0450344 1553633 2936239 0007634 3282337
 0201682 0032615 2348264 0015684 0001128 0017262 0017337 0185117
 0023779 0851285 1327622 0040649 0441712 1706376 0597987 0014653 0205415 0424589 0542479 0560184 1442080 0021655 2700570 0021641 0237834 1514892 1533581 1579433
 1704648 1520114 0449205 1538613 1517945 2700303 0241863 0034693 0034721
 0033727 0369286 0441932 0564385 0033727 0369286 0441932 0564385 0017263 0851285 1327622 0023884 0736268 1278929 2346688 0034693 0034721
 0025141 0439267 0022337 0027964 0028407 0067895 0015683 1367441 0015684 0001128 0132555 0202406 0035696 0441889 0034693 0034721 1280500 2348382
 0023779 2347379 0000857 0600678 1552863 0454673 1550752 1261082 1551056 2981682 0025424 2347108 2347109 2348272 1292856 1948023 0008395 0008377 0599474 0008377 0220781 1515981 1883254 2348264 0015684 0001128 0202406
 0023779 2347379 0000857 0600678 1552863 0025424 2347108 2347109 2348272 1523071 0851285 1327622 0008395 0008377
 0023779 2347379 0000857 0600678 1552863 0268060 1415529 0520511 1704711 0243176 0486616 1555710 0086418 0229671 1546774 1550100
 1315013 0025141 0036154 3538705 1148554 0370003 2347026 0024763 0175674 0025664 0184661 2700391
 0025663 0025664 0449851 0025141 0033727 0369286 0441932 0564385 0369637 0441923 1836672 0033727 0369286 0441932 0564385 0597277 1708601 0597277 1708601 0020792 0205396 0086860 0537474
 0007634 0027960 0324740 0439189 1269647 1456781 1704653 1824986 1948049 1324112 1425673 1862520 0036154 0062941 1384665 1414862 0036154 0034818 1612060 1421546 0086597 1521761 2827422 0599474 0005572 0220781
 0201682 0871712 0080245 1335858 0209278 1420631 0040648 0087044 0103404 0033626 0011155 0023175 0033684 0037791 0040649 0162429 0181586 1442948 1511884 1521761 1522538 1623416 2348269 2827422 3275067 0677626 0007634 0023903 2239176 3282337 0011880 0022638 0038432 0205263 0220982 0241863 1515981 0034693 0034721
 0014137 0369637 0441923 1235746 1882141 0205090 0684010 2603358 0022337 0035820 1705810 0043096 2911645 0005910 0043100 1305866 1517945 1705104
 0036397 0369637 0441923 0009015 1553778 1561491 0058967
 2347379 0025141 1419337 3539667 0015576 1704727 0015272 1880371 0558058 0392148 0332197 1689985
 0000857 0600678 1552863 0369637 0441923 0007067 0567416 0542341
 2347961 0025141 0851285 1327622 0166418 1418776 0600434 0597357 0752063 1879547 2984308 0031727
 0025141 0166418 0243148 1550141 1882979 2587213 3274648
 2347961 0036243 1539696 1825840 3539736 0036243 1539696 1825840 3539736 0041700 1551090 3540510 0145779 3540468 0022337 0015684 0001128 0013725 0017262 0596610 0017337 0185117 0166418 0041703 0268596 1418943 2700624 3642273 0022337 0016080 0221103 0301625 0439181 0728721 0017262 1861419 0017337 0185117 1518422 0166418 1418776 0600434 0201682 0597357 0752063 1879547 2984308 0086312 0243148 1550141 1882979 2587213 3274648 0441712 1706376
 0025141 0035820 1705810 1519624 0005528 1317949 3495449 0522095 0015684 0001128 0205166 0337112 1524075 1706317
 1315013 1947933 0025141 2986463 0597277 1708601 0369637 0441923 0369637 0441923 0369637 0441923 1510699 0020291 1158886 0031715 1412090 1412084 0033684 0162309 1412084
 0201682 0369637 0441923 0035820 1705810 0052181 1412470 0003591
 0027895 0025141 0369637 0441923 0033727 0369286 0441932 0564385 1836672 0033727 0369286 0441932 0564385 0016327 0439133 1553038 0597277 1708601 0597277 1708601 0205090 0684010 2603358 0002778 0936012 1524024 0017362 0751455 0017337 0537474
 0201682 0369637 0441923 0243148 1550141 1882979 2587213 3274648 1314939 0040649 1367441 0015683
 2347379 0025141 3541314 0001593 1417825 0035820
 0023779 2347379 0205090 0684010 2603358 0205090 0684010 2603358 0230613 1420634 0680063 1416696 0040648 0040649 1521761 2827422 0851285 1327622 0871261 1515981 1704632 1706817 2911692 0022116 3263722 3263723
 0007634 0027960 0324740 0439189 1269647 1456781 1704653 1824986 1948049 0000857 0600678 1552863 0205090 0684010 2603358 0179400 0332281 1533124 1880389 1883221 3541951 0080347 0016129 0033684 0043481 1281584 2348288 0086597 0920533 0035143
 0041703 0268596 1418943 2700624 3642273 0000857 0600678 1552863 2945617 0369637 0441923 0001905 1412243 0021641 1533581 1579433 1260953 0040624 0108685 0108685 0597716 0242210 2752241 0033684 0243122 1145667 1167622
 1335962 0037083 3537152 0164786 0285558 0377800 0033640 0031727 0033684 0332454 1956034 0872079 1704675
 0201682 0039676 2349943 3539704 3541314 0597277 1708601 0033727 0369286 0441932 0564385 0439267 1261082 1551056 2981682 1880022 0475264 1744691 1657114 0062151 0386684 0065059 0599283 0616105 0597357 0004793 0162326 0162327 1519249
 0014137 1612060 1421546 0023884 0597357 0736268 1278929 2346688 0182953 1704734 1704735
 2347379 0025141 0597277 1708601 0439267 0851285 1327622 1413894 2247261 0034693 0034721
 0025519 0025520 0025141 0369637 0441923 0299583 1416825 0032005
 0032005 0025141 0369637 0441923 0039798 0087111 1522326 1533734 1705169 3538994 0332161 0599946 0030685 0391871 0439180 0680255 1283071 1963578 1510827 0423896 0456205 0034693 0034721
 0027976 0268596 1879958 2700624 3642273 0369637 0441923 0009015 1553778 1561491 1547699 2700640 1448132 0034818 0795635 1334133 0021641 0086418 0597357 1533581 1579433 0439849 0445223 0597357
 0450355 2347379 0025141 3541314 0439267 0369637 0441923 0439267 0851285 1327622 1334092 1337112 0812325 1171362 0751455 0017262 0017337 0185117 0123256 0074825 0021665 0202220 1149301 0851827 1701901 3244310 0073337 0332291 1150423 0031727 0035553 0085862 0205177 0233535 0439167 0441655 1299583 1419024 1419741 1561536 1861424 2348600 1752485
 0201682 1549972 0596562 0220781 1883254
 1315013 0033727 0369286 0441932 0564385 1836672 0369637 0441923 0033727 0369286 0441932 0564385 0016327 0439133 1553038 0597277 1708601 0597277 1708601 0205090 0684010 2603358 0035820 1705810 0851285 1327622 0017262 0017337 0185117 0032615 0015684 0001128
 0201682 0033727 0369286 0441932 0564385 0268060 1415529 0012171 0217529 1420398 1514732 1566548 1335665 0815047 2246292 0062522 1840635 0034987 0242210 1882726 0013879 0023884 0033684 0034693 0034721 0038323 0220905 0243122 0736268 1145667 1167622 1278929 1704735 1705248 2346688 0441767 0205449 0740116 1306673 2827735 2981700 0441712 1515981 1705242
 0033727 0369286 0441932 0564385 3538806 0015690 0015684 0001128 0522535 0018790 0237477 0392351 0521111 1336788 0040649 1564097 1879547 1612060 1421546 0023884 0597357 0736268 1278929 2346688
 0041703 0268596 1418943 2700624 3642273 0597277 1708601 0028908 1517288 0016157 0016163 0028908 1517288 2349190 2700184 0018790 0237477 0392351 0521111 1707310 0204695 2987508 0392756 0547047 1148853 0035696 0439849 1705630 1706279 3540605
 0023779 2347379 0439267 0022337 0021966 0221138 0039676 2349943 3539704 0851285 1327622 0017362 0751455 0017337 0537474 0537474 0815047 2246292 0034987 0242210 0013879 0033684 0038323 0220905 0243122 1145667 1167622 1704735 1705248 0069838 0597357 1612060 1421546 0023884 0597357 0736268 1278929 2346688 1612060 1421546 0023884 0597357 0736268 1278929 2346688
 0017337 1708595 3280986 0033727 0369286 0441932 0564385 0369637 0441923 0012836 0026691 1705240 1839259 0035820 1705810 0243148 1550141 1882979 2587213 3274648 0596843 1563744
 0017337 0369637 0441923 3642216 0243148 1550141 1882979 2587213 3274648 2348513 3538902 0075202 0009226 0009235 0599871 0018790 0237477 0392351 0521111 2246761 0443264 0596901 0678594 1880389 1883221 3541951
 0201682 3541894 0243148 1550141 1882979 2587213 3274648 0429863 3537219 3539772 0439267 1366480 1416656 1861696 3541334 1416933 2986618 1707719 0037791 1511884 1612060 1421546 0023884 0597357 0736268 1278929 2346688
 0201682 0012836 0221189 0560453 3244298 0035820 1705810 0851285 1327622 0015684 0017262 0017337 0185117
 0201682 0017263 0851285 1327622 0012171 1527016 0012155 0424612 2699635
 2347961 0025141 1549972 0597484 1272460 1850406 1420193 1832169 3538902 0039676 2349943 3539704 0010992 1449575 0002778 0936012 1524024 0003069 0206745 0025914 0025929 0026809 0017362 0751455 1332838 0017337 1550500
 0041703 0268596 1418943 2700624 3642273 0021655 2700570 0021641 0237834 1514892 1533581 1579433
 1413395 1744664 0025141 0021966 0221138 0596019 0369637 0441923 1427198 1280500 0036048 0028908 0996996 1517288 1952586 2741438 0023779 0423896 0456205
 0597277 1708601 0035820 1705810 0015695 2711227 0152254 0205054 0021655 2700570 0021641 0237834 1514892 1533581 1579433 0524620 1857276 0039082 0311400 1524026 2707259
 0041703 0268596 1418943 2700624 3642273 0012836 1419366 0037943 0228341 2239920 1850406 0871208 1521828 0596902
 0201682 0012836 0450371 1850406 0021641 1533581 1579433 0205263 0040715 2987521 0007603 0025255 0032105 0596901 1550098 1706182
 0336386 1853126 1527178 1874451 0021641 0441472 1533581 1579433 3266814 0596563 0025519 0025520 0015684
 0017428 2338314 0025141 0486616 1555710 1148564 0014442 0441655 0243102 0232478 0012171 0016163 2349190 2700184 0228539 0262254 0349382 0075639 0028908 0087040 1517288 1696130
 1744664 0025141 1318901 0015684 0304153 0453017 0001128
 1280500 0030705
 0027976 0268596 1879958 2700624 3642273 0000857 0600678 1552863 1419366 1261082 1551056 2981682 3538705 0228339 1424729 1858854 0012155 0699759 1280500 2348382 0034693 0034721
 0028707 0392209 1442959 0025141 1707455 0032615 0015684 0001128 0023820
 0023779 2347379 0000857 0600678 1552863 0022337 0023031 0028908 1517288 0242397 1718783 0032615 0015684 0001128 0443264 1280500 0032529 1882417 0557651 2603343
 1315013 2347167 0443264 0040649 0205177 0439167 0441655 1561536 0007600 0007635 3282338
 0005477 0439509 0025141