 0242738 1148932 1148923 0243122 0450240 0596902 1145667 1167622 1706210 0332256 2700400 1514562 2246761 0008377 1514873 2266866 0441655
 0016327 0439133 1553038
 0439070 1705160
 0024554 0025266 0086418
 1706917
 0020008 0019994 0205246 1510665 1553889 0036378 0036375 0006037 0024874 0034036 0034037 1514756 1704324 0520510 0557061 2584313 1514811 1706462 1292856 1948023 2247163 0242738 1148932 1148923 1152949 2266866 0086597 0127400 0205177 0243122 0439167 0441655 0450240 0596902 1145667 1167622 1561536 1706210 1412058
 0027361 0237401 0596902 0205177 0439167 0441655 1561536
 0026882 1705285 1880274 1709915 1882936
 0002520 1882932 0243122 1145667 1167622 1514562 0596988 0332268 0205171 1720467 1709915 1882936
 0442726 1511790 0439808 1518422 0205397 0596988
 0002778 0936012 1524024 0443289 1514562 0023779 1514873
 1515926 0150312 0449450 1518422 0086282 1518422 0309872 0596902 0599896 0007603 0025255 0032105 0596901 1550098 1706182 0243122 1145667 1167622
 0596902 3146294 1412066 1412058 2246761 1514562 1518422
 0030956 0332256 2700400 0004793 0162326 0162327 1519249 0007634 1412058 3282337 0522501 0311403
 1274040 1546471 2825142 1514562 0205224
 1511726 3245479 1705535 1514562 0872079 0033684 0205314 0679622 1704675 0086282
 0520510 0557061 2584313 1514811 1706462 1883220 0205447 1517488 0015576 1704727 1038269 2314901 2827734 2981698
 0086418 0015576 1704727 0039869 1883351 0680022 2700400 0456387 0596902 1705943 0740116 2827735 2981700
 0680022 1412058 1412063 1522427 0557651 2603343 0026882 0039292 0332281 1412058 0243083 0012634 2751867 0024437 0242383 0011164 0332574 1880269
 0039292 1412058 0012634 1517945 0023821 0023820 0175630 0178587 0205250 0332197 1274040 1299351 1546471 1689985 2700149 2825142 0333576 0333562 0040300
 0441889 0456079 1547707 2946261 1517945 2246761 0031676 1292856 1948023 0003591 0023821 0023820 0178587 0205250 1299351 2700149 0085201 0003592 0021966 0221138
 0441889 0456079 1547707 2946261 1883525 2346866 1412058 0348078 0376315 1522492 2245017 0439855 1704241 0018882 0229304 1017315 1704821 1705682 0003591
 0220781 0439634 1522492 0700364 0205099 1879652 0441712 1706376 0220781 0439634 1522492 0031227 0243127 0443331 0040671 1705822 0008377 0031676 0202177
 0002778 0936012 1524024 1709305 2745955 0026882 0456369 1883351 0449445 0441712 1706376
 0002812 1880022 0205392 3540770 1704675 0085201 0003592 0021966 0221138 1524063 0449445
 0015264 0923800 2700217 0031843 0439849 0542341 0678594 0700205 1705273 0441712 1706376 0205234 0596988 1285542 1706395 0030705 0205396 1550043 1551388 0039292 1412058 0012634
 0026882 1705285 0681842 1882327 1883351 1880274 0949771 0002520 0001128
 0162326 0543488 0332257 3538986 1514562 0079160 0004793 0162326 0162327 0376298 1519249 0243122 1145667 1167622 0872241 0033684
 0872241 0033684 0597010 0027365 0441833 0680022 0687744 1257890 1552516 1705428 1705429 0150312 0900627 1333226 1705335 1418591 1418984 1420744 1547282 1883351 0032214 0600138 0035820 1705810 0679823 0220781 0439634 1522492 1180347 1523872 0033684 1704241
 0441833 0687744 1257890 1552516 1705428 1705429 0332256 2700400 0205447 0205172 0002520 2917660 0001128 0202406 0439083 0439087 1880389 1883221 1948062 3541951 1145667 1167622 0376298 0444930 2746065 1514562 0868928 1706255 1706256
 1524063 0599647 0020205 0036025 0043392 0043393 0205448 0717551 0220908 1305399 1705053 1517741 0002520 0001128 0441833 0687744 1257890 1552516 1552839 1705428 1705429 0332185 0684224 0700287 3496591 1704675 0033684 0332256 2700400 1956036 1880389 1883221 3541951 2827734 2981698 0293866 0872241 0033684 0296346 0033684
 1883351 1883351 1825598 1522508 1561567 3146294 0205549 2348044
 0205265 1441672 1517945 0243122 1145667 1167622 1514562 0031843 0542341 0700205 1705273 1518422 1517945
 0002778 0936012 1524024 0004793 0162326 0162327 1519249 1511545 1517945 0243122 1145667 1167622
 0004793 0162326 0162327 1519249 0237876 1522138 1518422 0680022
 0037088 0243095 2825141 1883351 1412058 0023779 1412058
 0205177 0439167 0441655 1561536 0243122 0332197 1145667 1167622 1514562 1689985 0162768 0033684 1514562 1518422 0205177 0439167 0441655 1412058 1514873 1561536 0449475
 1555721 1706204 0332268 0004793 0162326 0162327 1519249 0333118 1514562 1518422 1621573 0596902 1517331 1707478
 1274040 1546471 2825142 1948027 0037088 0243095 2825141 0030956 0332256 2700400 1514562 0085732 1299581 0018790 0237477 0392351 0521111 1511726 3245479 1705535 1514562 0032214 0600138 0035820 1705810 0872079 1704675 1153618 1152949 0023779 0205177 0439167 0441655 0596902 1514873 1561536
 0520510 0520510 0557061 2584313 1514811 1706462 0332282 0034760 0470689 0869011 1444656 1312445 0253711 0003242 0359168 0003250 0003241 0021027 0746619 0007585 0010454 0007634 0009458 0010453 0220814 0430400 0439536 1269647 1704653 1705217 1948049 2242979 3244283
 0058494 0033474 0392214 0043194 0258432 1421478
 0017011 1552644 2349976 0036681 0332287 1145667 1167622
 0003242 0359168 0003250 0003241 0021027 0746619 0043194 0258432 1421478 1719918
 0032400 0071360 0747726 0040284 0180454 0010453 0040300 0220814 0430400 1139930 1547928 2242979
 0085201 0003592 0021966 0221138 0869011
 0005526 0036397 0376558
 0036681 0256984 0086022 0442335 1705099 1217267
 1979003 0003242 0003241 0021027 0005574
 0439509 0032520 0677874 3146294 1524063 1953382 0206415 0079941 0080089 0034754 0175566 0180979 0332126 0733755 1449832 1705179 1705858 0332126 1449832 0332126 1449832 0332126 1449832 0332126 1449832 0332126 1449832 0332126 1449832
 1514468 0006556 0009013 1412058 1524063 2945843 0205145 1515974 2825164
 1883351 0596988 0120285 0699952 3548406 0205088 0419518 0441587 0445022 0521119 1705314 1705315 1552738
 0596902 0085201 0003592 0021966 0221138 0333118 0205177 0439167 0441655 1561536
 0026882 0032520 0185027 0677874 1948020 3146294
 0008109 0009015 3146294 1517741 0002520 0079941 0080089 0034754 0175566 0180979 1705179 0205145 1515974 2825164 0332126 0733755 1449832 0079941 0080089 0034754 0175566 0180979 1705179 1705858 1299987 1874187 0002520 0001128
 0728990 1514575 1705542
 0036375 0041740
 0008109 0042285 0559956 1299987 1514562 0032520 0185027 0677874 1948020 3146294
 0026882 0006556 0678226 1553778 1561491 1711411
 0005507 0243073 1510438 1293928 0242485 0205543 1691010 1883351 0039194 0007634 3282337 0596988 1412058 1883559 0205170 0444706 3146287 3541902 0005971 1139930 3537155 0205448 0005971 1139930 1708067 3537155 2827421 1139930
 0033727 0369286 0441932 0564385 0009458 0162867 1254021 0007452 0009458 0015965 0162867 0229671 0325564 0392747 0521457 0559956 1140701 1254021 1299987 1546774 1550100 1551720 0332256 2700400 1442460 0008377 0009458 0162867 1254021 0332256 2700400 1265611
 1883351 0079809 0242485 0205177 0439167 0441655 1561536 0007634 3282337 1514756 1442460 0008377 1548982 0687712 1720725 1720830 1823521 1948050 0009458 0325564 0392747 0439536 1439852 1551720 1705217 3244283 1548982 1720725 1720830 1823521 1948050 0009458 0325564 0392747 0439536 1439852 1551720 1705217 3244283 0085201 1300565 0086706 0268226 0033727 0369286 0441932 0564385
 0150312 0332285 2348042 2826345 1166718 1139930 0020746 0085593 0456692 0702093 0699040 0007634 0185117 0205148 1269647 1704653 1948049 0003242 0003241 0021027 0442726 0457242 1511790 1708067 0185117 0007634 0120285 0444706 1412058 3282337 3541902 0016263 0806140 0814048 0449913 1553451 1704459
 0439165 1549488 1561533 0009458 0162867 1254021 0699040 0007634 0009458 0162867 0332281 1254021 1269647 1704653 1948049 0036406 0444686 0678573 1441506 1443182 0750480 1705566
 0185117 0003241 0021027 0027627 0175668 0205436 0444686 1441506 1443182 1708632 0439177 0522527 0555903 0699040 1261360 0007634 0033684 0332297 0439175 0439210 0439810 1145667 1167622 1269647 1689898 1704653 1948049 2349209 0005507 0243073 1510438 0185117 0120285 0303920 0522510 1412058 1510992 2825518
 2246761 1882115 1719767 2348589 0205177 0439167 0441655 1561536 1883708 0699040 0230517 0007634 0205148 0332849 1269647 1704653 1948049 0185117
 0242485 0205174 0884358
 0073187 0079809 1879489 0444686 1441506 1443182 1882115 1524063 0489829 1705501 1293097 2919030 2919031
 1956036 1704675 0444456 0444706 1706359 3541902 0005507 0243073 1510438 3545708
 0005507 0243073 1510438 1305923 0332256 2700400 0002520 3146294
 1883351 1956036 1880389 1883221 3541951 0900627 1333226 1705335 0740116 1418591 1418984 2827735 2981700 0032136 0021622 0039421 1272753 0332256 2700400 0004793 0162326 0162327 1519249 0002520 0900627 1333226 1705335 0001128 0086418 1418591 1418984 1273517
 1883676 0243148 0439178 1446409 1514241 1550141 1882979 2587213 2825490 3274648 0243122 1145667 1167622 0900627 1333226 1705335 1418591 1418984 0017837 0017817 0040676 0002520 1273517
 1419215 1505208 1305923 1639518 1947986 0205160 1273517 1513916 2825415 2825491 0243122 1145667 1167622
 1305923 0600209 1704732 0681850 1550501 1706203 2349001 2697811 0348011 0600190 0683607 1720830 1823521
 1305923 0900627 1333226 1705335 1418591 1418984 1439852 1720830 1823521 2348236 0005903 0039476 1547703 1548982 1720830 1823521 0041415 1439852 0359168 0003250 0003241 0021027 0746619 2827734 2981698 0079240 1948037
 0025255 1548982 0003241 0021027 0063351 0019941 0003242 0051979 2754943 0003241 0021027 0025914 0025929 0026809 0027021 0031179 0330510 0442726 0939835 1110641 1318719 1511790 2827734 2981698 0079240 1948037 0162524 1450278 2349975 1710082
 1321564 0003242 1979003 0003241 0021027 0034493 1412058 0182400 1704681 2347609 3536729 1979003 0003242 0003241 0021027
 1883351 1516048 1704675 0037791 1511884 1273517 0030956 1882932 0243122 1145667 1167622 1514562 1515981 0075278 1185738 1706132
 0035668 1882932 0332466 1293131 1709915 1882936 1956036 1880389 1883221 3541951 1709915 1882936 1709915 1882936 0205435 1279901 1956036 1880389 1883221 3541951 1709915 1882936 0034493 0035286 0040710 0040712 0597295 1519614 1881488 0443286 1114821 0392148 0025646 0439190 0005526 0036397 0376558
 0332466 1293131 1881488 1998793 1524063 1185738 1706132 0006353 0077096 0439509 0678640 1882074 0020283 0450407 0450408 0450409 0037494 1959973 0013618 0041415 1524063 1185738 1706132
 1956036 1880389 1883221 3541951 0285300 0036681 0075278 0185125 1706211 1439852 0011744 0033727 0369286 0441932 0564385
 1185738 1706132 0449468 1185738 1548982 1706132 1264633 1554103 1883559 0030956 0332296 0332307 0445392 1412058 1547052 1880497 1996904
 1265611 0033684 0036406 0678573 0750480 1705566 0439165 0332297 1145667 1167622 1689898 2349209
 1327133 1518961 2945683 0220781 1883254 0022885 0039593 0392366 1514562 0205171 0439044 0679994 0079613 0150312 0332285 2826298 0443264 0205177 0439167 0441655 1561536 3146294 0030956 0332256 2700400 0001898 0018882 0205437 0229304 0699952 1704821 1705682 0598306 1880389 1883221 3541951 2349138 2349138 0369718 0441922 1553036
 0030956 1998793 1881065 0037813 0436196 0577559 0936012 1306372 3152252
 1883351 0079809 0242485 0013682 0030956 0039194 0007634 1439852 3282337 0011744 0033727 0369286 0441932 0564385
 0007634 3282337 1548982 1883351 0849355 1883720 3244314 0030956 0699040 0024348 1883351 1265611
 1265611 0600190 0329155 1427618 1705203 0075276 0019941 0027021 0031179 0075278 0330510 0522529 0939835 1110641 1318719 0182400 1704681 2347609 3536729
 0005507 0243073 1510438 0039194 0007634 3282337 1883559 0332307 0445392 1412058 1547052 0086022 0442335 1705099 1880497 1708715 1442460 0008377 1548982 0332293 0030956 1522326 0042444 0348005 0001962 0011744 0033727 0369286 0441932 0564385
 0007634 3282337 1883708 0332157 1518422 0085201 0332157 0003592 0021966 0221138 0439267 0439391 0439526 1265611 0444706 1552738 3541902
 0005507 0243073 1510438 0011744 0033727 0369286 0441932 0564385 1261552 1704379 1705117 2825408 1524062 1883351 0849355 1883720 3244314 0136026 0030956
 0007620 0007634 0443348 1269647 1704653 1948049 0041213 0243144 0347980 1260957 1516048 1565627 0439086 2827736 2981702 0740116 2827735 2981700 0006222 2986858 0596290 0007634 0334094 1269647 1514485 1704653 1948049 0005507 0243073 1510438 0598079 0010453 0220814 0332307 0430400 0596070 1516698 1547052 1704814 2242979 0218063 0030956 0677881 1511636
 0005507 0243073 1510438 0205174 0884358 0370003 2347026
 1552603 1706202 0030685 0391871 0439180 0680255 1283071 1963578 0040710 0178499 0425087 1313915 1511726 1518422 1552603 1626935 1706202 3245479 0242356 0993637 1524063 1514562
 0449381 0037088 0243095 0336766 1282927 1806781 2350002 2825141 2828393 1273517 0456389 0740116 2827735 2981700 0180860 0581406 1522664 1704449 1704684 1875155 1522609 0038215 0600673 1704640 1706515
 1552603 1706202 1524063 0272285 0332159 1708373 1548602 1704686 0337026 0368761 1524063 0002518 0916204 0004793 0033684 0162326 0162327 1519249 0521093 0750484 0004793 0162326 0162327 1519249 0456387 0680022 1705943
 1552603 1706202 0949586 0017428 0330074 0679058 2700640 0008807 1081122 0205054 0282111 1272695 2746065 1511776 0017428 0021622 0022417 0392905 0424589 0542479 1269611 1272753 1314677 1442080 1704729 1706309 2338314 1419208
 0520510 0557061 2584313 1514811 1706462 0205250 0441885 2698967 0021966 0221138 0332297 0456387 1145667 1167622 1689898 1705943 2349209 0026882 1705285 0205435 1279901 0162326 0037640 1956036 0332297 1145667 1167622 1689898 2349209 1880389 1883221 3541951
 1706765 1547282 0162326 0450344 1553633
 0424215 2003939 0596902 0015219 0086972 0439234 0443299 0687118 1881839
 2347858 0080103 0205345 1547039 0419518 0445022 1412058 0424215 2003939 0009221 1095825
 1709915 1882936 0243122 1145667 1167622 1514562 0332128 0242210 1524063 0005507 0243073 1510438
 0205435 1279901 0392366 0087044 0872241 0033684 0900627 1333226 1705335 1418591 1418984 0005507 0243073 1510438 0450355
 0002520 0001128 0444930 2746065 1149341 1707271 0205088 0243122 1145667 1167622 1514562 1705314 1705315
 1305923 0600209 0086972 0443299 0687118 1704732 0348011 0600190 1415300 3537346 3538769
 1305923 1956036 1880389 1883221 3541951 0900627 1333226 1705335 0740116 1418591 1418984 2827735 2981700 0033684 0348011 1439852 0243122 1145667 1167622 0442726 1511790 1524063 0003242 0003241 0003316 0021027
 0900627 1333226 1705335 1418591 1418984 0332297 1145667 1167622 1689898 2349209 1305923 0450345
 1706395 0849355 1883720 3244314 1704675 0900627 1333226 1705335
 1979874 0900627 1333226 1705335 1418591 1418984 1518422 1145667 1167622 0205448 0033684 1518422 0332256 2700400 0243122 1145667 1167622 1514562
 0449911 0333052 2607870 0557702 1272706 1704674 0557702 1272706 1704674 0349966 1337208
 2827734 2981698
 0205250 0441885 1956036 2698967 0021966 0221138 0332297 0456387 1145667 1167622 1689898 1705943 2349209 1880389 1883221 3541951
 1706765 1705920 0086418 0086418 1300203 3245470 0025914 0025929 0026809 0025914 0024944 0026809 0026845 1053014 3146240 0034693 0034721 0034693 0034721 0012984 1280551 0007450 0524517 0008051 0677521 1365945 0008051 0999287
 1709915 1882936 0332307 1547052 1547282 0243122 1145667 1167622 1514562
 2347469 1149347 0243122 1145667 1167622 0740116 2827735 2981700 1305923 1412058 1415300 3537346 3538769 1883676 0243148 0439178 1446409 1514241 1550141 1882979 2587213 2825490 3274648 1419215 1639518 1947986 0205160 1513916 2825415 2825491 0243148 1550141 1882979 2587213 3274648
 1305923 0600209 0086972 0443299 0687118 1704732 0348011 0600190 0025255 0596901 1706182 0900627 1333226 1705335 1418591 1418984 1439852
 0243122 1145667 1167622 0442726 1511790 0003241 0021027 1704458
 0025255 0596901 1706182 1321564 1412058 0182400 1704681 2347609 3536729 0205436 0457385 0565930 1561503 1705190 1419215 0205437 1704458
 0428479 0441889 3274438 0017243 0035953 0600140 1382104 1704688 2346414 2348042 2826345 2986582 1511276 1552825
 0243122 1145667 1167622 1305923 1882932 0900627 1333226 1705335 1956036 1418591 1418984 1880389 1883221 3541951 0900627 1333226 1705335 1418591 1418984 1880389 1883221 3541951 1880389 1883221 3541951 1880389 1883221 3541951 1721041 0740116 1419895 1721040 2827735 2981700 1185738 1706132 1883559 0332307 0445392 1547052
 0441648 0033684 1883559 0030956 0332296 0332307 0445392 1412058 1547052 1880497 1996904 0036406 0678573 0750480 1705566
 0681493 2698021 1547282 0243122 1145667 1167622 1708517 0439157 0750480 1705566
 0185117 0900627 1333226 1705335 0040300 0521390 1412058 0441885 2698967 0872241 0087044 0103404 0021966 0033684 0221138 0456387 1524062 1705943 0220908 1305399 1705053 0023621 0751608 0872147 0007634 3282337 0205309 1883351 0441889
 0035668 0024432 0086418 1421351 1546706 1550652 1705396 1521827 0767601 0039654 0031586 0332293 0000975 0014898 0031588 0070750 0129533 1522326 0547043 1282911 0185117 2246761
 0443286 1114821 0035953 0600140 1704688 2346414 1524063 0206415 1707689 2983265 1883351 0087044 0872241 0033684 0900627 1333226 1705335 1418591 1418984 1414065 1414064 1419895 1721040
 1511726 3245479 1518422 1547282 0085732 1299581 1265611
 1979874 0185117 0332219 0442726 1511790 0185117 1414064 1518422
 1419895 1721040
 1883351 0872079 1704675 0916204 0037791 1511884 1956036 1880389 1883221 3541951 1419895 1721040 0085732 1516048 1145667 1167622
 0900627 1333226 1705335 1418591 1418984 1956036 1880389 1883221 3541951 0332297 1145667 1167622 1689898 2349209 0030956 1956036 1880389 1883221 3541951
 1274040 1546471 2825142 1444656 0033684 0332256 2700400 0441885 2698967 0021966 0221138 1956036 1880389 1883221 3541951
 0205224 1514535 0752190 1514562 0022885 0039593 0392366 0878517 1442161 1511760 1880274 1442161 1511760 1880274 1552738
 2827421
 0596988 1547282 0205177 0439167 0441655 1561536 1511726 3245479 1518422 1547282
 0205177 0439167 0441655 1561536 1442161 1511760 1880274 0243122 1145667 1167622 1514562 0205171 0439044 0679994 0221102 0002520 0001128 1883708 0205177 0439167 0441655 0596988 1561536 1707455
 0596988 0020985 0003241 0021027 1412058 0439851 1947931
 0205081 0441889 1881878 0007634 3282337 1547282 2987487 1883559 0205177 0332307 0439167 0441655 0445392 1412058 1547052 1561536 1707455
 1457869 1861101 0750489 2827421 0007634 3282337 0598312 1883725 0012854 0007634 3282337 0349966 1337208 2347469 1553033
 1547282 1517945 3244092 0185117 0441889 0456079 1547707 2946261
 0231174 0680095 0004793 0162326 0162327 1519249 1883351 1517945 1444656 1481733 0162326 0032214 0600138 0035820 1705810
 0205117 0332282 1883708 0541749 0004268 0162326
 0449911 0333052 2607870 0557702 1272706 1704674 0557702 1272706 1704674 0349966 1337208
 0740116 2827735 2981700
 1511545 1442161 1511760 1880274 1518422 0004927 2707008
 0428479 0441889 0003242 0432633 0003241 0021027 0205088 0442726 1412058 1511790 1705314 1705315
 2347469 2246761 0596902 0205081 0441889 1881878
 0007634 3282337 0086022 0442335 1705099 1880497 0562577 0006556 1412058 1412058 1551393 1705492 3272743 1517741 0002520
 0007634 3282337 0033727 0369286 0441932 0564385 1708715 1442460 0008377 1548982 0085201 0003592 0021966 0221138 1439852 0439267 0439526 0085201 0003592 0021966 0221138 0009458 0162867 1254021 0033727 0369286 0441932 0564385
 0009458 0162867 1254021 0007584 0439157 0036406 0678573 0750480 1705566 0439165 0009458 0162867 1254021 0439157 0750480 1705566 0007634 1269647 1704653 1948049 0750490 1706221 0439157
 0439165 1549488 1561533 0185117 0522501 1372275 0598312 2984261 0012854 0205217 0442805 1883725
 1707156 3274014 3541345 2603362 0370003 2347026
 1274040 1546471 2825142 1882932 0681814
 0596988 0443289 0034987 0017446 0205147 0220905 1704735 0439509 1947930 1998793 0162326 1273518 0205549 2348044 1412058 2827421
 0596902 1547282 1517945 0007634 3282337 0039194 0007634 3282337 0349966 1337208 2347469
 0449475 1547282 0684336 1705535 0034987 0013879 0220905 1704735 1705248 0150312 0449450 0439509
 0449911 0333052 2607870 0557702 1272706 1704674 0557702 1272706 1704674 0349966 1337208
 0439086 2827736 2981702
 0596988 0870432 1705417 1517378
 0439165 1549488 1561533 0004561 0007634 3282337 0440102 0596988 1442161 1511760 1880274 0349966 1337208 1552738
 2729544
 1707156 3274014 3541345 1882932 2603362 0370003 2347026
 0733755 0080103 0205345 1547039 0681493 1547282
 1274040 1546471 2825142 1882932 0681814

 1883351 1705241 1705242 0005507 0243073 1510438 0884358
 0185117 0150312 1883351 2348205 1524063 0020985 0002778 0936012 1524024 0450373 1553636
 1979874 0456389 0205217 0442805 0699040 0007634 0185117 0205148 1269647 1704653 1948049 0205216 0392756 0442797 0450375
 0205170 3146287 0039194 0007634 3282337 1511726 3245479 1518422 1547282 0439509 2584321 0699040 0205148 0439509 1883559 0332307 0441889 0445392 1547052
 2827666 0040669 0040704 0205374 0005507 0243073 1510438 1882115 0002778 0936012 1524024 0598442 0699040 0007634 0185117 0205148 1269647 1704653 1948049 0005507 0243073 1510438 0349966 1337208 2347469
 1524063 0025663 0025664 0449851 0205177 0439167 0441655 1561536 0700364 1883351 0205250 1299351 2700149 0037088 0243095 2825141 0332120 0596988 0205250 0442824 0042789 1947903 0450365 1706097 0439084 0728893 2347469
 1883351 0002778 0936012 1524024 1444656 1517945 0596902 0392756 0205177 0439167 0441655 1561536 0596988
 1517945 0439509 3146294 0596902 0439509
 0449911 0333052 2607870 1413114 0557702 1272706 1704674 0557702 1272706 1704674 0349966 1337208

 0439175 0439810 0699040 0007634 0185117 0205148 1269647 1704653 1948049 0007634 3282337
 1171362 0185117 0555903 1261360 2348205 2827421 1883559 0005863 0949466 0333052 1705493 1547282 0441468 0002778 0936012 1524024 0681493 2698021
 2347469 0699040 0007634 0185117 0205148 1269647 1704653 1948049 0221099 0443228 0549177 0596988 0684336 1442161 1511760 1704243 1880274 0430425 0003241 0003316 0021027 0444706 1511790 1708067 3541902 0181687 0596902
 1707156 3274014 3541345 1882932 2603362 0370003 2347026
 1274040 1546471 2825142 1882932 0681814
 0449911 0333052 2607870 0557702 1272706 1704674 0557702 1272706 1704674 0349966 1337208
 0439084 0728893
 0031437 1285572 0699040 0007634 0205148 1269647 1704653 1882115 1948049 0185117
 0439165 1549488 1561533 0007634 3282337 0699040 0007634 0185117 0205148 1269647 1412058 1704653 1882115 1948049 0520510 0025663 0025664 0449851
 2347469 0439165 1549488 1561533 0039194 0007634 3282337 0185117 0439175 0439810 1412058 1882115
 1707156 3274014 3541345 1882932 2603362 0370003 2347026
 1274040 1546471 2825142 1882932 0681814

 0026882 0037088 0243095 2825141 0205177 0439167 0441655 1561536 0596988 0745777 0205234 1285542 0004268
 1883351 0022885 0039593 0392366 0205435 1279901 0444868 3539085 1709915 1882936 0001898
 0596988 1547282 0205177 0439167 0441655 1561536 0039194 0007634 3282337 1518422 1145667 1167622 0444706 3541902 0332220 0085201 0003592 0021966 0221138 0349966 1337208 2347469
 2348205
 0699040 0007634 0185117 0205148 0936012 1269647 1704653 1948049 2584321 0699040 0205148 1518422 0599896 1457869 1861101 0205397
 1517331 1883351 0205239 1514562 1880177 1514562 0001898 0037179 0087136 0205171 1704788 3539106 1555721 1706204
 3244092 0185117 0441889 0007634 3282337 0026882 0037179 0087136 0205171 0444868 3539085 1547282 1517945 1554961 1705847 0596988 0205177 0439167 0441655 1561536 2348205 1571602
 0205250 0441889 1299351 2700149 0039194 0007634 3282337 0205171 1720467 0596988 1547282 0162429 2987487 0596902 0870432
 0681814 0439845 0035820 1705810 0443211 1272684 1515926 2246761 0008377 1274040 1517945 1546471 2825142 0596988 0599896 0699040 0205148 0441889 0205397 0302891 1412058
 1274040 1546471 2825142 1444656 0031437 1285572 0686907 1517945 2587213 0699040 0007634 0205148 0599896 1269647 1704653 1948049 0444706 3541902 0596988 1947931 0450375 0031843 0542341 0700205 1705273 0443289 0596988
 0449911 0333052 2607870 0557702 1272706 1704674 0557702 1272706 1704674 0349966 1337208

 0026882 1705285 0332454 0243122 1145667 1167622 0085201 0699040 0007634 0185117 0205148 1269647 1704653 1948049
 0439165 1549488 1561533 0039194 0007634 3282337 1412058 0596988
 2347469 0220781 0439634 1522492 0332220
 0699040 0007634 0185117 0205148 1269647 1704653 1948049
 1707156 3274014 3541345 1882932 2603362 0370003 2347026
 1274040 1546471 2825142 1882932 0681814
 0449911 0333052 2607870 0557702 1272706 1704674 0557702 1272706 1704674 0349966 1337208

 1555721 1706204 1511545
 0439165 1549488 1561533 0004561 0007634 3282337 0001898 0596988 1444656 1555721 1706204 0349966 1337208 1552738
 2729544
 0004793 0162326 0162327 1519249 1511276 1552825 0733755 0596988 0004793 0162326 0162327 1519249 0336721 1444656
 1707156 3274014 3541345 1882932 2603362 0370003 2347026
 1274040 1546471 2825142 1882932 0681814
 0008109 1412063 0020792 0205396 1514562 1708698 1883351 1552603 1706202 0242356 0993637 0178499 1511726 1626935 3245479 0332256 2700400 1514562
 1552603 1706202 0336766 0440102 1334043 1335144
 1527428 0150103 0336766 1708943 0004627 0033684 0521009 0026045 1510674 0038164 0026046 0033684 0332281
 0004627 0033684 0521009 0332256 2700400 0004793 0162326 0162327 1519249 0205447 0031165 1552657 1552720 0205447 1334043 2697616
 1334043 1335144 1518422 1514562
 0205171 1518422 1720467 1514562 0445604 1517331 0332849 0596902 1314677 1514562 1412058 0439849 0445223 0162326 1412066 0680022
 1707455 0933641 0543488 1412063 0332256 2700400 1514562 0332268 0243122 1145667 1167622 1514562 0150312 1412058 1412066 0332256 2700400 0243122 1145667 1167622 1514562 0332268 0004793 0162326 0162327 1519249
 0008109 1262946 1318484 0333118 0004793 0162326 0162327 1519249 0745777 0243122 1145667 1167622 1514562 0205177 0008109 1262946 1318484 1518422
 1883351 0022885 0039593 0392366 1512571 0002520 0001128 0162326 1412063 0933641
 0681842 1882327 0008109 1262946 1318484 0007634 3282337 1883559 0332307 0445392 1547052 0205177 0439167 0441655 1561536 0008109 1262946 1318484 1547282 0205177 0439167 0441655 1561536
 3244092 0185117 0007600 0039194 0007634 0205132 1269647 1550648 1552960 1704653 1948049 1518422 0392747 2607943 2926606 3539655 1511726 3245479 1518422 1547282
 0008109 1883708 3146294 0205145 0559956 1299987 1515974 2825164 1548602 1704686 1514562 0683454 0021966 0221138 0949771 0002520 0001128 0162774 0162326 1334043 0933641
 0008109 1262946 1318484 1547282 0205177 0439167 0441655 1561536 0596902 1883559 0332307 0445392 1547052 0205177 0439167 0441655 1561536 0040669 1273517 0349966 1337208 2347469
 1412066 0850310 3154893 0004793 0162326 0162327 1519249 0683454 0150312 0445247 0450429 1515974
 1883351 0022885 0039593 0392366 0004793 0162326 0162327 1519249 1554078 0559956 1299987 1709915 1882936
 0596988 0162429 2987487 0039194 0007634 3282337 2348205 0205397 0008109 1553641
 1518422 1554078 1514562 1516084 0392747 0443172 1705241 0205396 1550043 1551388 1709915 1882936 1299987 0023401 0559956 0150312 0733755 0004793 0162326 0162327 1519249
 1555721 1706204 0042285 0392747 0443172 1705241 0231448 0439792 0205092 0337112 0441987 1524075
 0596902 1547282 0205177 0439167 0441655 1561536 0039194 0007634 3282337
 0205177 0439167 0441655 1561536 0596988 0521093 0750484 1444656 0162326 1518422 0031843 0542341 0700205 1705273
 0449911 0333052 2607870 0557702 1272706 1704674 0557702 1272706 1704674 0349966 1337208

 0008109 1262946 1318484 0333118 0205177 0439167 0441655 1561536 2246761 0008109 1262946 1318484 1518422
 0439165 1549488 1561533 0699040 0007634 0205148 0441889 1269647 1412058 1704653 1882115 1948049 0008109 1262946 1318484 0008109 1262946 1318484 0933641 0007634 3282337
 2347469 0439165 1549488 1561533 0439175 0439810 0441889 0596902 1882115 0039194 0007634 3282337
 0162326 1882932 0933641 1514562 0179400 1533124
 0008109 3146294 1707719 0162774 0162326 1334043 0042285 0439659 1412058
 1707156 3274014 3541345 1882932 2603362 0370003 2347026
 1274040 1546471 2825142 1882932 0681814
 0449911 0333052 2607870 0557702 1272706 1704674 0557702 1272706 1704674 0349966 1337208

 1514562 0162774 1299987 0162326 0559956 1334043 1412066
 0439165 1549488 1561533 0039194 0007634 3282337 0596988 0596988 2347469
 1707156 3274014 3541345 1882932 2603362 0370003 2347026
 1274040 1546471 2825142 1882932 0681814
 2936243 0030956 0018790 0237477 0392351 0521111 1705810 0035820 0392366 1280500 2348382 0030956 0920591 0007634 3282337 1883559 0332307 0445392 1412058 1547052
 0332257 1514562 1511625 0010834 0521449 0596902 1880389 1883221 2982691 3541951 0030956 0007634 3282337
 1883351 0030956 1883254 0332256 2700400 0004793 0162326 0162327 1519249 0001898 0018882 0205437 0229304 0699952 1704821 1705682 0598306
 0162326 0085732 1299581 0205321 0007603 3161472 0025255 1273517 1883351 0557651 2603343 1167622 1704675 1704241
 0030956 1522196 0007634 1269647 1704653 1948049 0013682 0449445
 0681814 0007634 0178539 0243144 0347980 2348205
 0030956 0039194 0007634 1439852 3282337 0011744 0033727 0369286 0441932 0564385 0007634 3282337 1548982 1883351 0849355 1883720 3244314 0030956 0699040 1548982
 0007634 3282337 0024348 1265611 0007634 0025874 0033684 0178539 0205163 0312414 0439185 1265611 1704255 0600190 0419358 0075276 0019941 0027021 0031179 0330510 0939835 1110641 1318719
 1265611 0007634 3282337 0013064 0872145 0936012 1511726 3245479 1518422 1547282
 0205177 0439167 0441655 1561536 1883708 0039194 0007634 0444706 3282337 3541902 1883559 0332307 0445392 1412058 1547052 0086022 0442335 1705099 1880497 0008377 1527121 1708715 0033727 0369286 0441932 0564385 1883708 0332293 1522326 0030956 0011744 2348952 0033727 0369286 0369637 0441923 0441932 0564385
 0007634 3282337 0332157 1518422 0085201 0332157 0003592 0021966 0221138 0439267 0439391 0439526 1265611 0009458 0162867 1254021 0444706 3541902
 0030956 0311403 2246761 0349966 1337208 0030956 0043194 0237881 0258432 0750502 1280500 1421478 1546944 2348382 0369773 2603361 1709451 0022885 0038492 0039593 0392366 1551041 1552573
 0681814 0021467 0021469 1628982 3463820 0030956 0332281 0007634 0040539 0178539 0600688 2937276 2945599 0005507 0243073 0443348 1444656 1510438 0030956 0150312 0449450
 1883351 0376649 1442065 0037088 0243095 2825141 0004927 0021467 0021469 1628982 3463820 0007634 0557651 0947630 2603343 3282337 0332293 0030956 1522326 1552738 0011744 0033727 0369286 0441932 0564385 1548982 1883351 0849355 1883720 3244314 0030956 0085201 0003592 1439852 0033727 0369286 0441932 0564385
 0205156 0205397 0681814 1552607 1706386 0030956 0015127 1524003 2267000 0301630 0392756 0441610 0369773 2603361 1709451 0022885 0038492 0039593 0392366 1551041 1552573 2267000 0301630 0392756 0441610 0030956 0205397 1273937 0237881 0750502 1546944 0369773 0450382 2603361
 0012634 0348080 1705253 0030956 1547282 0040539 0600688
 0449450 0150312 0332285 2826298 1514562 0079613 1883351 0018790 0237477 0392351 0521111 0205177 0439167 0441655 1561536
 0037088 0243095 2825141 0359589 1999230 0332120 1514562 0079613 1883351 1145667 1167622 0033684 0031843 0542341 0700205 1412058 1514873 1705273 1704675 1149098 0030956 0243077 0243122 1145667 1167622
 0449911 0333052 2607870 0557702 1272706 1704674 0557702 1272706 1704674 0349966 1337208

 0030956 0332256 2700400 1514562 0018790 0237477 0392351 0521111 0205177 0439167 0441655 1561536
 0039194 0007634 3282337 0006556 1412058 0012854 1883708 1708632 1442460 0008377
 0007634 3282337 0332293 0042444 0348005 1522326 0001962 2936243 0030956 0332256 2700400 0004793 0162326 0162327 1519249 0001898 0011744 0033727 0369286 0441932 0564385 0274281 0332157 0009458 0162867 1254021 0332256 2700400 0085201 0003592 0021966 0221138 0439267 0439526 0009458 0162867 1254021
 0033727 0369286 0441932 0564385 2246761 0444686 1441506 1443182 0349966 1337208
 2729544
 1707156 3274014 3541345 1882932 2603362 0370003 2347026
 1274040 1546471 2825142 1882932 0681814
 0520510 0557061 2584313 2985663 0557651 1514811 1706462 2603343 0936012 1709305 2745955 0026882 1705285 1880274 0949771 0002520 0001128
 1442161 1511760 1880274 0015127 1314792 1524003 1836408 0031437 1285572 1511978 0004083 0439849 0596306 0699792
 0002520 0010834 2982691 0205250 1517001 1880389 1883221 3541951
 0205265 1280500 0026882 0678226 1705285 0686907 0243122 1145667 1167622 1514562 0002520 0001128 0205450
 1512571 0700364 0332149 1705910 2362652 1956036 0332297 1145667 1167622 1689898 2349209 1880389 1883221 3541951 0900627 1333226 1705335 1418591 1418984 0087044 0872241 0033684 0243122 1145667 1167622 0745777 0002520 0849355
 0750729 0947630 0205448 0441833 0687744 1257890 1552516 1552839 1705428 1705429 1273517 0599647 0020205 0036025 0043392 0043393 0205448 0717551 0220908 1305399 1705053 0370215 1875400 0033684 1145667 1167622
 0033684 0205449 0332256 2700400 1956036 1880389 1883221 3541951 2827734 2981698 0293866 0205447 1518422
 1704675 1412058 1547282 1883351 0002520 0001128 1412058 0007634 3282337 0185117 0474395 0205177 0439167 0441655 1561536
 1883351 0022885 0039593 0392366 1517945 0205245 0542341 2700217 1706214 0596988 0332454 0085732 1412058
 0596988 0870432 1457869 1861101 1518422 2607943 2926606 3539655
 0682610 1511726 3245479 1518422 1547282 0598102 0007634 3282337 0596988 2584321 0699040 0205148 0870432 0439806 0599896 0243067 1705241 1705242
 0596988 1547282 0162429 2987487 0205081 0441889 1881878 0007634 3282337 0596988 0205250 0039194 0007634 3282337
 0302523 0700325 3244290 1704675 0033621 1168438 1418943 3540567 0033684 0086597 0127400 0205224
 0596988 0869040 0947630 1273517 0596988 0008109 1262946 1318484 0037088 0243095 2825141 0332268 0243122 1145667 1167622 1514562 1547282 1883559 0332307 0445392 1547052 0205177 0439167 0441655 1561536
 0947630 1518422 1947931 1516048 0035820 1705810 1412058 1547282 0008109 1262946 1318484 0699952 2349182 0162429 2987487 0030705
 0008109 1262946 1318484 1517914 0023884 0025914 0025929 0026809 0736268 1278929 2346688 0851887 0009450 0085732 1299581 0596156 0025255 0227525 0392752 0031676 0008377 0442805 0175630 0023821 0023820 0178587 0205250 0441889 1299351 2700149
 1704675 0851827 1701901 3244310 0002520 1956036 1880389 1883221 3541951 0243122 0682323 1145667 1167622 1704675 0332148 0750492 0008109 0120285 0332454 1262946 1318484 1412058
 1511726 3245479 0021135 1533691 2827718 0947630 0872079 1704675 0205224
 0231174 0680095 0205177 0439167 0441655 0596988 1517945 1551359 1561536 2741673 2981730 0752190 1514562 0038164 0033684 0205314 0679622 1708698 1880355 0002520 0001128
 0026882 1705285 1518422 0026882 1705285 0596988 0936012
 0947630 1547282 0026882 1705285 0162429 2987487
 1552603 1706202 0443289 1514562 0042567 0456387 0596902 1515021 1705943
 2347858 0231448 0231449 0439792 1412058 1335144 1045919 1013091
 1979874 1514562 1518422 0242738 2984318 0150312 0596902 0013139 0013138 1028876 1034337 1504613 0162610 0006638 0162740 3282848 0162741 0008807 1081122
 0332268 0596902 1518032 0029235 0392148 0005595 0024660 1514562 0042567 0443204 1279919 1881379
 1709305 0439234 0040223 3541383 0007226 0497231 0005775 0449913 1553451 1704459 0205435 1279901 0332253
 0243122 1145667 1167622 1514562 0004793 0162326 0162327 1519249 1412058 1514873 0348078 0376315 1522492 2245017 0439855 1704241 1883351 0040671 1705822 0008377
 1514562 1518422 0162774 1299987 0162326 0559956 1334043 1412066
 1883712 0030956 0175996 0178719 0449450 1514562 0085732 1299581 0018790 0237477 0392351 0521111
 1514562 1511625 0010834 0521449 1412058 1880389 1883221 2982691 3541951 1511545 1145667 1167622 0085201 0003592 0021966 0221138 2246761
 0332149 1705910 2362652 1514562 0348078 0376315 1522492 0013879 1705248
 0700364 1518422 0868928 1706255 1706256 0444868 0596988 3539085 2584321 0699040 0205148 1274040 1546471 2825142 0243125 0699900 1521840 0243041
 0302523 0700325 1964257 0026882 1705285 0033684
 0332453 0231448 0439792 0337112 0441987 1524075 1514562 0596922 0441833 0687744 1257890 1552516 1705428 1705429 0700364 1883351 0750558 1710571 0332454 0033684 0023693 0185026 1306462 1881376 1554078 1334043 0017446 0205147
 0750591
 0205435 1279901 0348078 0376315 1522492 1292711 0449719 1709471 1145667 1167622 0085201 0003592 0021966 0221138 0040671 0728827 1705822 0023779 1261552 0039869 1883351 0023768 0023779 1709305 2745955 0015450 0596902 1281591 1515981
 0750591 2717803 0427896 0444626 0678594 1533132 1704641 1148923 0243122 0450240 1145667 1167622 0150312 0332462 1880834 0678594 0332149 1705910 2362652 0205157 0443203 1550013
 0678594 0010834 0444930 2746065 0023768 0023779 0439851 1947931 0439509
 1880389 1883221 3541951 0332218 0085732 1299581 0085201 0003592 0021966 0221138 0750490 1706221 0023768 0023779
 1514562 1518422 0085201 0003592 0021966 0221138 0750490 1706221 0021399 0243122 1145667 1167622 1412058 3539897 0003591 0035820 1705810 2987476 1514535 1956034 0162808 1514562 1880389 1883221 3541951 0872079 1521761 2827422
 0332149 1705910 2362652 0205447 0521116 0309049
 0037088 0243095 2825141 0030956 0920591 0018790 0237477 0392351 0521111 2246761 0302523 0700325 1948027 3244290 0242738 2984318 0596902 0033684 0031843 0542341 0700205 1705273 1881534 2346874 1514562 0034877 1158950 0038164 1537044 0033684 0205177 0439167 0441655 1314939 1561536 2348205 2949735
 1514562 0150312 0449450 0596902 0237876 0031843 0542341 0700205 1514873 1705273
 0043227 0020792 0033684 0205234 0205396 1285542
 2825232 0043227 0027468 0018173 0018684 0021622 1521721 3245503 1306057 0016327 0439133 1553038
 0010186 0220812 0449719 1709471 0220808 0680264 0007961
 1706852 0522501 1706089 0949214
 0205155 1293097 1522472 1552923 1705191
 0282413 0376649 1442065
 0254343 0796520 3272379

 0085205 1549619 1880669
 0013849 1705961 0024492 1538057 1547565 0059804 0282413 0376649 1442065
 0254343 0796520 3272379

 0085205 1549619 1880669
 0013849 1705961 0024492 1538057 1547565 0059804 0000723 1273517 1148923 0243122 0450240 1145667 1167622 1706210
 1412058 0242738
 0085201 0003592 0021966 0221138 0085201 0003592 0003591 0021966 0221138
 0036774 0036773 0728877 0001924 0007452 0229671 1140701 1546774 1550100
 0120285 0120285 0033684 0303920 0332583
 0332126 1449832 0028630
 1720830 1823521 0991865 0006353 0031603 0031701 0036082 1601799
 2986676 0031831 1707664 2348314 3540849
 0443030 0034754 1705179
 1514811 1706462 0520510 0557061 2584313 1514811 1706462 0443013 0369773 2603361

 0369637 0441923
 0007634 1269647 1704653 1948049
 0027960 0324740 0439189 1456781 1824986
 3642273
 0025141 0439267

 2347379
 0205090 0684010 2603358 0369718 0441922 1553036 0038817 0376223 0033727 0369286 0441932 0564385 0369718 0441922 1553036
 0016327 0439133 1553038 2347469 0439394 1706495 3642217 0369773 2603361 3495095 0597277 1708601
 0205090 0684010 2603358

 0205090 0684010 2603358

 0325074
 0025141 2603362
 0439394 1706495 3642217
 0033727 0369286 0441932 0564385 0597277 1708601 1006780 0439394 1706495 3642217 0402217 1553033
 0033727 0369286 0441932 0564385
 0439114 0439114 2347469
 0016327 0439133 1553038 0597277 1708601 0597277 1708601

 1265234 0332319 0582521 0597277 1708601 2347469
 0369637 0441923
 0205090 0684010 2603358

 0325074
 0025141 2603360 1553033
 0033727 0369286 0441932 0564385
 0597277 1708601 0439267 1553033 0597277 1708601
 0439267

 0325074
 0025141 0319862 1321554 0035853 0995005 0033727 0369286 0441932 0564385 0237400 3272377

 0016327 0439133 1553038 0402217 0033727 0369286 0441932 0564385
 2347469 0369718 0441922 1553036 0369773 2603361 0439267

 0325074
 0025141 0205090 0684010 2603358

 0369773 2603361 0369637 0441923
 0205090 0684010 2603358 0597277 1708601 0402671 2244327
 0439267


 0016327 0439133 1553038

 1315013

 1549840 0025141 0369637 0441923

 2347469 0369773 2603361
 0439394 1706495 3642217
 0369637 0441923
 0439267 0439114 0439267 0439267
 0369773 2603361 2347469
 0369637 0441923
 0678579 0205090 0684010 2603358
 0033727 0369286 0441932 0564385 1708595 3280986


 2347379
 0369718 0441922 1553036 0037125 0947651 1305285 1318876
 0369773 2603361 0023493 1961099
 0205090 0684010 2603358


 0201682

 0016327 0439133 1553038 0205090 0684010 2603358
 0369637 0441923
 0205090 0684010 2603358
 0369773 2603361


 0201682
 0369637 0441923


 0439394 1706495 3642217
 0369773 2603361
 0369637 0441923



 0201682
 0369637 0441923



 0021966 0221138 0369637 0441923


 2347379
 2603360 0369637 0441923
 0369637 0441923

 0021966 0221138
 0005477 0025141 0439114 0033727 0369286 0441932 0564385 0439267


 0201682
 0369718 0441922 1553036 0037125 0947651 1305285 1318876
 1553033 0023493 1961099
 0205090 0684010 2603358


 0201682
 0331809 0369773 2603361
 0597277 1708601 0033727 0369286 0441932 0564385 0439267 0331809

 0005477 0025141 2603362
 2603362
 0205090 0684010 2603358


 0369718 0441922 1553036
 2603362


 0201682
 0369718 0441922 1553036 0369773 2603361
 0999213 0439394 1706495 3642217
 0439114 0023493 1961099
 0205090 0684010 2603358


 0201682
 0332319 2347469 0439394 1706495 3642217 1708595 3280986


 0201682

 0369718 0441922 1553036 0369637 0441923
 0349590 1262865 0025141 0544691 1823998
 0369637 0441923


 0201682
 1553033 2603362
 0369637 0441923
 1553033 0439267


 2347379

 0025141 1553033 2603362
 1553033 0439267


 0201682
 2603360 0597277 1708601 2603360 2603360 0369718 0441922 1553036 0597277 1708601


 0201682
 0369637 0441923
 0439394 1706495 3642217


 0201682
 0369637 0441923


 0000857 0600678 1552863 0369637 0441923
 0439394 1706495 3642217 0439267
 0439394 1706495 3642217


 0025141 0369637 0441923
 0016327 0439133 1553038 0439394 1706495 3642217

 2603362
 0036397 0021966 0221138


 0036397 2603362
 0016327 0439133 1553038 2603360

 0402830

 2347379 0028606
 0441039
 0016360 1424823 1553033 2603362

 0033727 0369286 0441932 0564385

 0439394 1706495 3642217

 0036397 0205090 0684010 2603358 2603362


 0201682
 2603362

 0033727 0369286 0441932 0564385
 0597277 1708601
 0033727 0369286 0441932 0564385
 0439114 0597277 1708601
 2603360
 1708595 3280986
 0369637 0441923
 0205090 0684010 2603358
 0005775 1516559
 2347469
 2603362
 1708595 3280986
 0376161
 0369718 0441922 1553036
 2603360 0402217 0033727 0369286 0441932 0564385
 2347469 1708595 3280986


 0201682
 0016327 0439133 1553038 0439394 1706495 3642217

 2347469 2603360 0369637 0441923
 0369718 0441922 1553036 0402217 0033727 0369286 0441932 0564385
 2347469 1708595 3280986

 2347379

 0033727 0369286 0441932 0564385 1553033 0369637 0441923
 0439114 0016327 0439133 1553038 2603362

 0033727 0369286 0441932 0564385 0205090 0684010 2603358

 0349590 1262865 0025141 2347469 0369637 0441923
 1418943

 0268596 2700624
 3642273

 2603362

 0205090 0684010 2603358
 0016327 0439133 1553038
 1418943

 0268596 2700624
 3642273

 2603362

 0597277 1708601
 0679739
 1418943

 0268596 2700624
 3642273

 2603362

 0597277 1708601
 0369773 2603361
 2603360 1555622

 0036397 0369718 0441922 1553036 1412762


 0201682
 0033727 0369286 0441932 0564385 0205090 0684010 2603358
 2347469
 2347469 3495095 0369637 0441923
 0007634 1269647 1704653 1948049 0025141