 1517519 0017428 0034606 0441633 2338314 2826292 0015663 0017725 1550565 0597336 0392762 0599883 1708726
 1538924
 0369637 0441923
 0369637 0441923
 0016327 0439133 1553038

 0021966 0221138




 1512352 0036397 0013227 0025118 0036375 0041740 0086312 0442696 0585034 0205099 0013227 0025118 0036375 0041740 0086312 0442696 0585034 1704729 1512352 0036397 0205099 1826357 1826357 1704729 2718322 0475309 1512352 0009399 0018684 0036397 0041740 0205099 1293097 2919030 2919031 0006754 0041740 3146274 0024015 1704729 0036375 0004716 0017402 1555773 0017398 0017399 0021622 1272753 0683939 0205099 0006434 0035172 0021622 0035168 0242481 1272753 0024015 1293097 2919030 2919031 0025519 0025520 1456613 0449913 1553451 1704459 1704729 0005553 0036375 0006754 0041740 1710133 3146274 0024015 0035171 0035168 0242481 1707689 2983265 0025663 0025664 0449851 1514811 1706462 0857690 0021641 0032105 1533581 1550098 1579433 0427743 1287281 0086045 0031437 0011847 0011849 0439849 0445223 0524620 0039082 0311400 1524026 2707259
 0684224 0700287 1883351 0597336 0392762 0599883 1708726 0205419 1880177 0021641 1533581 1579433 0427743 1287281 0086045 1290905
 0449719 1709471 0557651 2603343 0557651 2603343 0199236 0557651 2603343 1517519 0017428 0034606 0441633 2338314 2826292 0085756 0027567 0596070 0884358 0369718 0441922 1553036 0019576 0086409 0369718 0439083 0439087 0441922 1553036 0015341 0015576 0231448 0231449 0439792 1704727 0017446 0205147 0332256 2700400 1332838 1337112 0017337 0887940 0015663 0017725 1550565 0681850 1550501 1706203 2349001 2697811
 0332120 0426857 0446516 1269078 1269612 1282927 1806781 2350002 0008659 0008633 2986775 0439086 2827736 2981702 0369773 2603361
 0332120 0015663 0017725 1550565 0017446 0205147 1441672 2986775 2827734 2981698 0369773 2603361
 0683954 1274040 1546471 2825142 1999230 0021641 1533581 1579433 0428548
 0017337 1999230 0233820 0202042 0455280 0017725 0032105 1550098 0086045
 0021655 2700570 0021641 0237834 1514892 1533581 1579433 0031847 0277785 2698872
 2717881 1880355 0392747 1171304 0035647 1326961 0017725 0019868 0086597 0127400 1704259 1705987 0814897 0032863 0038215 0439801 3542948 0798503 0805586 3274764
 1546466 0678226 0019409 0031437 1285572 2987476 3146286 0011860 1320657 0441730 0011847 0011849 0332307 1547052 1704675 1521761 2986823 0456603 1547037 0028873 0242492 1517512 0017296 0035647 0314603 0456603 1444656 1547037 0011860 0441730 1320657 2722359 0011847 0011849 0332307 1547052 2603362
 0449445 0162340 1883351 0557651 2603343 1527178 1874451 0443211 0314657 0012655 0017296 0220898 0314603 1264642 1547045
 0031437 1273517 1285529 0015663 0021641 0205234 1285542 1533581 1550565 1579433 0015663 0017725 1550565
 0557651 2603343 1517519 0017428 0034606 0441633 2338314 2826292 0015663 0021641 1533581 1550565 1579433 0004927 0015663 0017725 1550565 0031437 0021655 2700570 0332325 0021641 0237834 0439849 0445223 1514892 1533581 1579433 0011860 1320657 0441730 0011847 0011849 0332307 1547052
 0683954 1274040 1546471 2825142 0017446 0205147 0332256 2700400 0597336 0392762 0599883 1708726 0597336 0392762 0599883 1708726 0205419 1880177 0021641 1533581 1579433 0015663 0017725 1550565 0680043 0085756
 0439175 0439810 0085756 0027567 0596070 0019576 0086409 0019576 0086409 1882932 0027361 0237401 1511726 3245479 0332257 3538986 0002778 0936012 1524024
 0015663 0017725 1550565 0021641 1533581 1579433 0009219 0805701 0439673 0681850 1550501 1706203 2349001 2697811 0011847 0011849 1511726 3245479 1273517
 1442162 1550718 3244317 0015611 0424972 0015576 0456389 1704727 1709450 1709450 0023745 1880177
 0086282 1510829 0001779 0439234 1510992 1514721 2348147 2825518 3542016 0015780 0043210 0086287 1705497 1705498
 0439340 1880521 2945590 0439526 0015663 0017725 1550565 0439269 3642216
 0456689 0457242 0679646 0011860 1320657 0441730 0011847 0011849 0332307 1547052
 1705241 1705242 0205099
 0439660 0919509 1419394 0021641 1533581 1579433 0370003 2347026 0369773 2603361
 0001779 0009253 0036864 0079399 1314687 1522384 0015031 0243103 0205419 0450348 1551359 2741673 2981730 0021641 1533581 1579433
 0439660 0919509 1419394 0015663 0017725 1550565 0370003 2347026 0369773 2603361
 0001779 0009253 0036864 0079399 1314687 1522384 0015031 0243103 0205419 1551359 2741673 2981730 0015663 0017725 1550565
 1274040 1546471 2825142 0021641 1533581 1579433 0349966 1337208 1547282
 2827734 2981698
 0205099 0332120 0021641 1533581 1579433 0008659 0008633 0150312 0349966 1337208 0332287 1705690 2986775 2986775 0439086 2827736 2981702 1272706 1552654 1552713
 2986775 0439086 2827736 2981702 1880496 0445247 0450429 1515974 1709305
 0019576 0086409 2986775 0740116 2827735 2981700 0085756 0027567 0596070 2986775 2827734 2981698 0015576 1704727 0332120 1880177 0023745 0450429 1515974
 0205171 1720467 1547118 0450429 1515974 0332287 1705690 2986775 2827734 2981698 0237881 0750502 0008633 1521528 1553553 1709305 0370003 2347026 2986775 2827734 2981698 0369773 2603361
 1533716 0003617 0039224 0150312 1269000 1706073 1706074 0470187
 0449911 0333052 2607870 1413114 0557702 1272706 1704674 0557702 1272706 1704674 0349966 1337208
 2827734 2981698
 0428405 1274040 1546471 2825142
 0449911 0333052 2607870 0557702 1272706 1704674 0557702 1272706 1704674 0349966 1337208
 0740116 2827735 2981700
 0023745 0428548
 0205099 0332120 0015663 0017725 1550565 0008659 0008633 0150312 2986775 0733755 2827734 2981698 0369773 2603361
 2986775 2827734 2981698 1880496 0183683 1521721 0332120 0450429 1515974 0021641 1533581 1579433
 1547118 0450429 1515974 0036849 1442518 1705195 0015031 0205099 0205369 0680174 1552740 1515021 2986775 2827734 2981698 0003617 0039224 1269000 1706073 1706074
 0036849 1442518 1705195 0015576 1704727 0332120 0015663 0017725 1550565 1327882 2986775 2827734 2981698 0450300 0369773 2603361 0017446 0205147 0684224 0700287 3496591 1883351 0183683 1521721 0023745 0557651 2603343 0557651 2603343 0199236 0557651 2603343
 0449911 0333052 2607870 1413114 0557702 1272706 1704674 0557702 1272706 1704674 0349966 1337208
 0439086 2827736 2981702
 1274040 1546471 2825142
 1519302 0008631 0004083 0332128 0439849 0596306 0699792 0021641 1533581 1579433 0015663 0017725 1550565 1524063 0449445
 0002085 0004083 0392366 0031437 1285572 0001779 0456081 0009253 0036864 0079399 1314687 1522384 0002424 0442592
 1519302 0008631 2919537 0005516 0205246 2348867 0004083 0439849 0596306 0699792
 0557651 2603343 0450429 1515974 0021641 1533581 1579433 0015663 0017725 1550565 0457309 0796349 0449721 0008643 0008659 0426857 0008633 0086418 0446516 1269078 1269612 1282927 1709305 1806781 2350002 2745955
 0017446 0205147 1518422 0205234 1285542 0599883 1427926 0947630 0332120 0031437 0017446 0205147
 0684224 0700287 0021641 1533581 1579433 0684224 0700287 3496591
 0557651 0680063 2603343 3166866 0023745 0456081 0021641 1533581 1579433 1327812 0008633 1709305 2986775 0740116 2827735 2981700
 0332120 0796349 1553586 2986775 2827734 2981698
 0021641 1533581 1579433 0456081 0332120 0205217 0442805 2986775 0450429 0740116 1515974 2348205 2827735 2981700 0021655 2700570 0199236 0004153 0015576 0021641 0237834 0557651 1441672 1514892 1533581 1579433 1704727 2603343
 1261322 1552578 0596425 0017398 0017399 0011860 2697407 0011854 0332466 1293131 0035173 0684224 0700287 3496591 0023745 0001779 0009253 0036864 0079399 1314687 1522384 0456081 0796349 1553586 2986775 0439073 0439082 0740116 2827735 2981700 0017446 0205147 0684224 0700287 3273238
 1555715 1704332 1512989 0024779 0205246 0445247 0450429 1515974 1553889 1706473 0332466 1293131 0332257 0017725 0011744 0021641 1533581 1579433 0807745 0918012 1552854 1637833 0022077 0918012 1552854 1637833
 0557651 2603343 0015576 1704727 0332120 0021641 1533581 1579433 0796361 0008633 1441672 2986775 0442764 0439086 2827736 2981702 1520677 1553583 2986775 2827734 2981698
 0032659 1257890 1829779 1830060 0019868 1261322 1516048 3161035 0031843 0542341 0700205 1705273 0015663 0017725 1550565 0332120 0796349 1553586 2986775
 0332120 0015663 0021641 0023745 0150312 1533581 1550565 1579433 0015663 0017725 1550565 0439064 0443302 1517519 0017428 0034606 0441633 2338314 2826292 0332257 1551488 1524069 0489835 0557651 2603343 0199236 0557651 2603343
 0017446 0205147 1272706 1552654 1552713 0796349 1553586 0008643 1441672 1883351 0332256 2700400 0597336 0031437 0332256 2700400 1332838 0017337 0349966 1337208
 0037083 1160185 1710082 1415106 0061352 1415011 0206473 0597357 0912332 1333664 0014361 0037083 1160185 1710082 1417008 1434639 0752312 1979930 1456386 0037083 1160185 1710082 1335876 1335959 0914387 1418857 0030298 1418856 0027895 0030274 1305923
 1332838 0017337 0332257 1552866 2700399 0166441 1420175 2982484 1420175 0166441 1420175 0017742 1719133 0017725 0596902 0009498 0597357 0033684 0034793 1412933 0014257 1267092 0026845 0205357 0227525
 0332120 1521299 0449432 0299583 1416825 0796349 1553586 1547282
 0449911 0333052 2607870 0557702 1272706 1704674 0557702 1272706 1704674 0349966 1337208

 0008643 0008659 0008633 0086418 0332257 1272706 1552654 1552713 0015663 0017725 1550565 1332838 0017337
 1704259 1705987 0086282 1412356 3538937 0003692 1332082 1514468 0007623 0005847 0007634 0392752 0677535 1511228 3282337 0013725 0332257 0020349 0001128 0202406 1531280 0001128 0202406
 0020349 0036522 1508748 0079613 0169911 0205436 0335218 0457385 0565930 1561503 1705190 0005839 0443264 0021368
 0025914 0025929 0026809 0332325 2827757 0205217 0442805 0205177 0439167 0441655 1561536 0025914 0025929 0026809 0241863 1709305 2745955
 0427861 0225336 0003483 0007634 0014257 0086418 3282337 0010453 0220814 0430400 2242979 0017725 0205250 3163633 0702240
 0011847 0011849 0205217 0442805 0042027 0221102 0504085 1524119 2699704 0813207 0003695 2316832 0001128 0202406 1704259 1705987
 0332120 0183683 1521721 0035820 1705810 0243107 0678723 1527148 0011847 0011849 1372290 1512179 0033268 0585733 0441730 0747307 1550335 0005821 0030705 0241863 0332307 0684224 0700287 1547052 1963076 3496591 0003402 0221099 0332152 0684336 1522538 1880266
 0014442 0014445 0449432 0342257 0005847 0009566 0011847 0011849 1171258 1558950 1801960 1880177
 2986594 3161035 0017260 1442161 1511760 1880274 0205421 0332162 1514559 0333484 0220781 0439634 1274040 1522492 1546471 2348542 2349975 2825142 0003483 1278934
 1704259 1705987 0011847 0011849 1441672
 1552616 1706244 1274040 1546471 2825142 0015663 0017725 1550565 1705535 0205214 1522138 3245511 0597336 0392762 0599883 1708726 1292711 0449719 1709471 0021655 2700570 0332325 0021641 0237834 0332152 1514892 1522538 1533581 1579433 0686907 0332257 0011860 1320657 0441730 0011847 0011849 0332307 1547052
 1522634 0439849 1705630 1706279 3540605
 0017337 0442821 1704259 1705987 1880177 0023837 0011860 1320657 0441730 0011847 0011849 0332307 1547052 0342257 0009566 1171258 1280500 0021641 1533581 1579433 0428548
 0023882 0700321 2700395 0017296 0035820 0205309 0314603 1705810 1521761 2827422 0035820 1705810 0021368 0596620 0025519 0025520 0243107 0678723 1527148
 0035171 0035168 0242481 1707689 2983265 0086912 0035171 0035168 0242481 1707689 2983265 0025663 0025664 0449851 1514811 1706462 1707689 2983265 1883351 0557651 2603343 0872180 0014507 0014508 0017296 0314603 0699910 0028754 1563743
 0205145 0424972 0086282 1826357 0563004 0015031 0243103 0024015 0596235
 0702111 0030551 0205396 0557651 1550043 1551388 2603343 2699423 0557651 2603343 0450348 0557651 2603343 0017725 0205163 0221099 0241863 0332232 0376249 0439603 0684336 0871396 1549782 1561548 1705502 0231198 0027361 0237401
 0702111 0700287 0015611 0424972 0015576 0456389 1704727 1883351 0080103 0199236 0557651 2603343
 0021655 2700570 0199236 0004153 0015576 0021641 0237834 0557651 1514892 1518422 1533581 1579433 1704727 2603343 0242295 1947943 2348609 0683971 0032659 0205246 1257890 1553889
 1518422 1527178 1705938 0449438 0178665
 0030761 1882932 0015576 1704727 0031437 0015576 1704727 1524063 0243161
 1285573
 0370231 1546552 1608383 1608936 0005767 0005768 0229664 0444667 0021655 2700570 0199236 0681850 2349001 0004153 0015576 0021641 0237834 0557651 0679646 1301820 1514892 1533581 1579433 1704727 2603343 2698741 0020459 0016701 0677542 1698986 1883708 0036971 1550176 1948031 0022877 3244292 0086345 0013227 0025118 0036375 0041740 0086312 0442696 0585034
 3272453 0012854 0017428 0887950 0178913 0005767 0005768 0185115 0229664 3541890 0370003 2347026 1698986
 1517519 0017428 0034606 0441633 2338314 2826292 0005516 0332529 1272706 0015576 0884358 1704727 1550176 1948031 0015576 1704727 0557854 2825316 3245478 0043193
 0796345 0002778 0023745 0936012 1524024
 0597198 1882330 0796345 0002778 0023745 0936012 1524024 1511726 3245479 1533716 0002778 0681850 0936012 1524024 1550501 1706203 2349001 2697811 1546466 1516050 1524063 0037585
 1546466 0005516 0017431 0037179 0087136 0205171 0439849 0445223 1514893 2699488 0017431
 0392747 0443172 1514893 2699488 0678594 1883708 0205341 0002778 0936012 1524024
 0002778 0936012 1524024 0015663 0021641 0040682 0205296 1510411 1527178 1533581 1550565 1579433 1705163 1705938 1708728 2986775 0860800 0949333 1882114 1883351 0019409
 0027361 0237401 0011847 0011849 0681906 2700446 0036588 0684224 0700287 1551994 3244295 3273238 0015663 0017725 1550565 0439269 3642216 0042295 0021641 1533581 1579433 0009219 0805701 0439673 1511726 3245479 1273517 1524063 0424215 0680043 1285529 2003939 0680844 0681916 0750572
 2698674 0015663 0017725 0442726 1511790 1550565 0021641 1533581 1579433 0221102 0681850 1550501 1706203 2349001 2697811
 0439660 0919509 1419394 0370003 0439751 0444667 0750572 2347026 1524063 0001779 0009253 0036864 0079399 1314687 1522384 0205099 1826357 0563004 0024015
 0015031 1879937 0441833 0680174 0687744 1257890 1552516 1705428 1705429 3161035 0332257 3538986 0001779 0009253 0036864 0079399 1314687 1522384 0205099 1826357 0563004
 0085756 0027567 0596070 0024015 0205099 0205171 1720467 3161035 0001779 0009253 0036864 0079399 1314687 1522384
 0680844 0681916 0750572 1280500 0849355 0884358 1524063 0013194 2700580
 0015663 0017725 1550565 0456603 1547037 1711260 2348152
 0022885 0392366 0750572 0004927 1524063 0150102 0022885 0033204 0392366 0456603 1547037
 1148554 0023745 0021641 1533581 1579433 0015663 0017725 1550565 0042153 0457083 1947944 1533716 1517001 1527178 1705938 0080103 0031843 0542341 0700205 1705273 0332285 0424215 0680043 2003939 0439849
 0424215 0680043 2003939 0750572 1524063 0037585 1709697 2728259 3484370 0150312 0332285 0424215 0680043 2003939 1704639 1441526 1880157 0019576 0086409 0015576 1704727 1524063 0017270 0439603 0336789 1274040 1546471 2825142
 0439660 0449432 1705248 0023745 0597336 0449234 1704772 1882133 1280500 1708726
 0023745 0205163 1549782 0392366 0033204 0205447 0750572
 1720725 1948050 1705241 1705242 3161035 1704711 0205447 2825407 0683454 0021966 0221138 0439962 0577559 1306372 3152252
 2986775 0449820 1301820 0033204
 0024970 0033204 0750572 0806909 1552615 2826546 1301820 0033204 1441526 1880157 3161035 1524063 0038817 0376223 1883351 1301820 1706701 2986775 0449820 1709380 0042295
 2986775 0449820 1709380 0042295 0038817 0376223 0679083 0184661 1948041 2700391 3274430 3538935 3539779
 1519302 0008631 0004083 0332128 0439849 0596306 0699792 1524063 0449445
 0002085 0004083 0332128 3161035 0015576 0241888 1707520 1551359 2741673 2981730 0680034 0678594 1524063 0401805
 3161035 0001779 0456081 0009253 0036864 0079399 1314687 1522384 0002424 0442592
 0005516 0369773 2603361 0237881 0750502 1273517 0004083 0439849 0596306 0699792
 0035168 0242481 0449719 1521721 1709471 0027468 0073187 2347469 1883351 0033727 0369286 0441932 0564385 0687673 0205090 0684010 2603358 2347469 0369718 0441922 1553036 0016327 0439133 1553038 0033727 0369286 0441932 0564385 0972401 1948070 0017402 1555773 0017398 0017399 0021966 0205090 0221138 0684010 2603358
 0221193 0043227 1550369 0851286 0884358 1947908 0205145 1826357 0039711 0563004 0009399 0024015 0006754 3146274 0851286 1947908 0680022 0013227 0025118 0036375 0041740 0086312 0442696 0585034
 1546922 1706499 1533716 0003617 0150312 1269000 1555015 1522486
 0282413 3273171 0686900 1272683 1522634
 1512352 0036397 0013227 0025118 0036375 0041740 0086312 0442696 0585034 1708834 0205099 0027964 0028407 0067895
 0013849 1705961 0024492 1538057 1547565 0059804 0034036 0034037 1514756 1704324 0348078 0376315 1272684 1522492 1527075 1548435

 0424215 2003939 0424215 2003939
 0557651 2603343 0557651 2603343
 2986775 2986775
 0597336 0597336 0392762 0599883 1708726 1514811 1706462 0035171 0035168 0242481 1707689 2983265 0025663 0025664 0449851 1514811 1706462 0369637 0441923 0205090 0684010 2603358 0454673 1550752 0013123 2825512 0020283 0450407 0450408 0450409 0021655 2700570 0021641 0237834 1514892 1533581 1579433 0031847 0277785 0033522
 0268060 1415529 2984916 1552154 0201975 3539604 0015252 0728940 0871208 1521828 0020459 0243107 0678723 1527148 0680063 0030551
 0025141 0036154 0033727 0369286 0441932 0564385 0021641 0441472 1533581 1579433 3266814 1256369 0021641 0036536 0036537 1533581 1579433 0243107 0678723 1527148
 0025141 0439090 1423767 3540639 0439267 0035448 0201660 0748398 0021655 2700570 0021641 0237834 1514892 1533581 1579433 1866503 0861023 0021641 0205178 0871261 1533581 1579433 1704632 1706817 2911692 0011860 1320657 0441730 0011847 0011849 0332307 1547052 0557651 2603343 0557651 2603343 0000857 0600678 1552863
 2986904 0175860 0019664 0019665 0205296 0262512 0262926 1705255 2004062 0342335 0743125 0021655 2700570 0457592
 1550751 0268060 1415529 1171304 0035647 0037047 2597943 2987736 0868928 0918012 1533148 1552854 1637833 0011860 1320657 0441730 0011847 0011849 0332307 1547052
 1537680 0025141 0439090 1423767 1836672 0454673 1550752 0022337 0023745 0015576 1704727
 0023031 0242397 0035493 2699077 2699078 1550751 1517519 0017428 0034606 0441633 2338314 2826292 0021641 0392762 0599883 1427926 1533581 1579433 1517892 1704666 0027361 0011847 0011849 0557651 0680063 2603343 3166866
 0025141 2951520 0228339 1424729 1858854 1366480 1416656 0597277 1708601 0039462 1705540 1419366 0262500 1512358 3538713 0439267 2347167 0597277 1708601 0205090 0684010 2603358 1550751 0205090 0684010 2603358 0043114 0205090 0684010 2603358 0597277 1708601 0439267 1515101 2986905 1520135 0043038 1506978 1705538 3540639 0369637 0441923 1261322 1552578 0596425 0017398 0017399 0011860 2697407 0011854 0332466 1293131 0557651 2603343

 1517519 0017428 0034606 0441633 2338314 2826292
 0025141 1419366 1836672 0369637 0441923 3540812 0043038 1506978 1705538 0023745 0005823 1271104 1272641 0005767 0005768 0033095 0229664 0460139 1306345 0015576 1704727
 2986904 0369637 0441923 0033727 0369286 0441932 0564385 0439269 1960952 2346927 0006434 1550619 0011318 2700323 1419337 3539667 0013123 2825512 0020283 0450407 0450408 0450409 0034606 0441633 2826292 0031437 0362046 1551488 1524069
 0036243 1539696 1825840 3539736 0013123 2825512 0454673 1550752 0023745 0796477 1552216 0025884 0596070
 0000857 0600678 1552863 0369773 2603361 1515101 2986905 1552154 0268060 1415529 3540639 0034606 0441633 2826292 0031437 0199236 0557651 2603343
 0025141 1506978 1705538 1515101 2986905 0262500 1512358 3538713 1552154 0268060 1415529 0205090 0684010 2603358 0299583 1416825 0678951 0032529 1326961 0017725 0019868 0392747 0443172 1705241 0871261 1704632 1706817 2911692 0582191 0015259 1522704 0027361 0237401 0199236 0557651 2603343
 1836672 3538705 0369637 0441923 0597277 1708601 1412999 1552950 0597336 0392762 0599883 1708726 0031437
 3539059 3539739 3542920 0439267 0033727 0369286 0441932 0564385 0205090 0684010 2603358 3538933 1151569 1324412 1151586 0205177 0439167 0441655 1561536 1259205 0003691 1412356 0086597 1704675 0004153 1515655
 0332325 0237834 1514892 0206745 0025914 0025929 0026809
 3539739 3542920 3538933 1372290 1512179 0033268 0521110 1704675
 0021966 0221138 1718783 0205090 0684010 2603358 0205090 0684010 2603358 1514468 1704444 0003691 1412356 0044800 0020349 0001128 0202406 0205217 0241863 0442805 0205256 0679245 0022658 0012634 0022646
 0000857 0600678 1552863 0369637 0441923 0369637 0441923 0030705 1705417 0032173 1879547 0449438
 0450319 0012836 0205090 0684010 2603358 0332453 0205216 0004153
 3540639 3642216 0036154 0022337 0369637 0441923 0439090 1423767 0872180 0014507 0014508 0017296 0314603 0699910 0028754 1563743 0035171 2983265 2986888 1707689 0025663 0025664 0449851
 0025141 0369637 0441923 0439267 0439267 0369637 0441923 3540639 0205090 0684010 2603358 0557651 2603343 0557651 2603343 0018017 1707689 2983265 1274040 1546471 2825142
 0025141 0036154 0022337 0439090 1423767 3540639 0020792 0205396 1326961 0019868 0557651 2603343 0557651 2603343 0199236 0557651 2603343
 1708595 3280986 0011198 0017480 3541240 1709697 2728259 3484370 0796345 0002778 0023745 0936012 1524024
 0025141 0039676 2349943 3539704 0237913 0022885 0392366 0042153 0457083 1947944 1511726 3245479
 0025141 0796345 0002778 0023745 0936012 1524024
 0025141 0080141 0796345 0002778 0023745 0936012 1524024
 0025141 0597277 1708601 0871161 1292721 0150102 0449910 0022885 0033204 0392366 0456603 1547037
 1527021 1554111 1705606 3541382 0003617 1269000 0239110 1706852 0239110 1705565 1947976 0687676 1704687 0557854 0013849 1705961 1706852 0282420 1706852 1138432 0239110 0162443 0205314 0033213 1706387 1706852
 2603362
 1706852 0205090 0684010 2603358
 0369718 0441922 1553036
 1706852
 2603362
 1706852 0205090 0684010 2603358
 0369718 0441922 1553036
 0039224 1706073 1706074 1947933 0282425