 0004083 0439849 0596306 0699792 0009240 0683954 1274040 1546471 2825142
 0033727 0369286 0441932 0564385

 0033727 0369286 0441932 0564385

 0205090 0684010 2603358
 1512352 0036397 0013227 0025118 0036375 0041740 0086312 0442696 0585034 0027964 0028407 0067895
 0587471 1704729
 0006434 1550619 0036375 0018619 0041740 0018619 0239849 1412082 1412316
 1704729 0033110 1555852 0013227 0025118 0445202 1456501 0006754 0041740 3146274 1555265
 0679695 0683939 0035168 0199176 0205099 0242481 1706420 2700409 0036375
 1293097 2919030 2919031 0004937 0004927 0013227 0025118 2986890 0036378 0036375
 0587494 1704729 0013227 0025118 0036375 0041740 0086312 0442696 0585034 0027964 0028407 0067895
 0034036 0034037 0450355 1514756 1704324
 0034036 0034037 0450355 1272684 1548435 1704324
 0520510 0557061 2584313 1514811 1706462 1518422 1518527 0947630 1705535 0202304 0441889 0332281 0392335 1292719 0031843 0184511 0332272 0542341 0700205 1516691 1561611 1705273 0035647 0011265 0497327
 0221193 0557651 2603343 0681873 1511726 3245479 0009429 0556895 0279025 0019932 0039798 0087111 1363945 1516048 0552389 0205155 2828360 0004083 0392335 0031843 0542341 0700205 1516691 1705273
 0000872 0565990 0043210 0001779 0001792 1999167 0439234 0332283 1510992 2825518 0451308 0451306 0850338 0278060 0031809 0229992 0392747 0445542 1301808 1442792 3148680 0442711 0011265 0497327
 1512806 1707455 0556158 1512806 0332173 0439228 0439505 0451308 2960235 0451306 1532985 0850338 0278060 0332281 1290922 0168634 0229992 0392747 0445542 0449820 1301808 1442488 1442792 3148680 0205250 0369773 2603361 0028873 0456081 0456603 1547037 0009667 0237529 1272706 1552654 1552713 1704725 1704726 0237881 0750502 1546944 0392335 0338656 0031843 0542341 0700205 1516691 1705273
 0004083 1270972 0338656 0684336 0449286 1704240 2348205 0237881 1273937 0038215 0750502 1546944
 0004083 0332173 0439228 0439505 0205103 1550465 2827755
 0202304 0441889 0332281 0009240 0332272 0035647
 0004083 1446409 0009240
 0011265 0497327
 0001962
 0000723 0080339 0017431 0052201 0017431 0052201
 0009667 0237529 1272706 1552654 1552713 1704725 1704726 0009667 0237529 1272706 1552654 1552713 1704725 1704726
 2927841 1136013 1524068 0014938 1875129 0014939 0019944 0522529
 0023821 0023820 0178587 0205250 1299351 2700149 0023821 0023820 0178587 0205250 1299351 2700149
 1710181 0743559 1442989 1608199 2828392
 0451308 0451306 0850338 0278060 0229992 0392747 0445542 1301808 1442792 3148680
 0557651 2603343 0557651 2603343
 0520510 0557061 2584313 1514811 1706462 0023981 0009247 0599755 0947630 1705535 0001948 0001962 0001975 1512806 0814225 0009240
 1707959 0699910 0014507 0014508 0002783 0679646 0001779 0001792 1999167 0439234 0015780 0043210 0086287 1705497 1705498 0150312 2960235 1532985 0444504 0449820 2347634 2348143 3533236 2827734 2981698 1285697 0079809 0242485 0205250 1299351 2700149 0700287 0202304 0441889 1512806 1707455 0740116 2827735 2981700
 0035647 0557651 2603343 0681850 1550501 1706203 2349001 2697811 0001779 0001792 1999167 0439234 0015780 0043210 0086287 1705497 1705498 0150312 0556297 0205393 0452428 1881376 1881878 0449820 0022885 0392366 0004083 0439849 0596306 0699792 0022885 0039593 0392366 0871945 3258117 0871261 1704632 1706817 2911692 0814254 0022885 0392366 0582802 0679214 1283912 1555721 1698987 1706204 3241971 0439086 2827736 2981702
 2607943 2926606 3539655 0043210 0599755 3641827
 0332120 0202304 0441889 0332281 0011265 0035647 0392756 0497327
 0007328 0085973 0872128 0243148 0557651 0868928 1550141 1706255 1706256 1882979 2587213 2603343 3274648 0007226 0018684 0557651 0679646 2603343 0681850 2349001 0004927 0001779 0001792 1999167 0439234 0015780 0043210 0086287 1705497 1705498 0150312 0028873 0456603 1547037 0009667 0237529 1272706 1552654 1552713 1704725 1704726 0450348 0681850 1550501 1706203 2349001 2697811 0700287 0009830 1947907 0332174 0439230 1707455
 0452428 0332174 0439230 0028873 0456603 1547037 0009667 0237529 1272706 1552654 1552713 1704725 1704726 2827734 2981698
 0681850 2349001 0557651 0679646 2603343 0001779 0001792 1999167 0439234 0015780 0043210 0086287 1705497 1705498 2985465 0456603 0598697 1610540 0080103 0205345 1547039 0009667 0237529 1272706 1552654 1552713 1704725 1704726 2827734 2981698 0452428 0009667 0237529 1272706 1552654 1552713 1704725 1704726 2827734 2981698 0452428 0332174 0439230 0009667 0237529 1272706 1552654 1552713 1704725 1704726 0439083 0439087 0452428 0332173 0439228 0439505
 0080103 0869014 1518422 0442726 1511790
 1707959 0032678 0681876 0681850 1550501 1706203 2349001 2697811 0001779 0001792 1999167 0439234 0015780 0043210 0086287 1705497 1705498 0684224 0700287 3496591 0028873 0456603 1547037 0009667 0237529 1272706 1552654 1552713 1704725 1704726 0450316 2827734 2981698 0009830 1947907 0439218 0439267 0332173 0439228 0439505 0009830 1947907
 1273517 1516606 1511726 3245479 0279495 0039798 0087111 1363945 1314939 0870300 1261322 1516048 0449438 0589120 1522577 1704685 3274571 0332283 1719822 0376649 1442065 0018017
 0332128 0004083 0547047 0392335 0031843 0542341 0700205 1516691 1705273 0011265 0021149 0033204 0220856 0332148 0497327 1515981 1270972 0338656 0684336
 0030351 1547566 1274040 1546471 2825142 0002778 0936012 1524024 0243148 1515981 1550141 1882979 2587213 3274648 0011292 0037464 0748878 1521761 2827422 0850624 0035648 1553898 1521761 2827422 0449450
 0001948 0001962 0001975 1512806 0279025 0019932 0039798 0087111 1363945 0009240 0005778 0441509 1328723 0684224 0700287 3496591 1883351 0004083 0439849 0596306 0679133 0699792 0392335 0031843 0542341 0700205 1516691 1705273 1516048 0009240 0001948 0001962 0001975 0680240 1512806
 0520510 0520510 0557061 2584313 1514811 1706462 0557651 2603343 1515980 0681815 0557651 2603343 0549177 0034656 0013072 0150108 0205173 0456909 0525065 1705764 1705765 1706408 0032042 1696465 2587213 0008976 1096775 0205210
 0557651 2603343 0004927 1883351 1516048 0877035 1280500 2348382 0205171 0439044 0679994 0205195 1947911 0439422 0439423 0332173 0439228 0439505 0065864 0021149 0220856 0011265 0497327 0392334 0392335 0542341
 0332282 1880355 3469597 1136013 0014938 0014939 0019944 0522529 0065864 0008976 1444662
 0679006 1272693 2746065 0681815 0008976 0684224 0700287 3496591 0004083 0439849 0596306 0699792 0011265 0497327 0392335 0031843 0542341 0700205 1516691 1705273
 0936012 1511726 3245479
 0035171 2983265 2986888 0557651 1707689 2603343 1512693 0243161 0680734 0025664 0184661 2700391 1552738
 0439659 0043210 0001779 0001792 1999167 0439234 0042149 1269032 0232970
 0043210 1554077 2828389 0035647 2699424 0036043 1705187 0035280 0333117 1753315 0332257 1261322 1516048 0851286 1947908
 0043210 1516050 1552601 0205163 0033204 1549782 1515187 0039225 1705223 0439269 1960952 2346927 0439269 1960952 2346927 0450346 0065864 0722753 1135440 1254351 0030853 0032042 1696465 1706408
 0679646 0681850 2349001 0043210 0008976 1510829 0001779 0439234 0450385 0332296 1880497 1996904 0080339 1507394 2348563 0018684 0025260 0424093 0442711 0557651 0700327 1522729 1706377 2603343
 0021430 1511481 1522154 1554192 1301820
 0027468 0018684 0021622 3245503 0024858 0086911 0282443 0972401 1552617 1948070 0018704 1272753 2607850 0205540 0442711 1507394 1522729 2348563 0009797 0348078 0376315
 0001948 0001962 0001975 1512806 1516048 1524063 2986698 0282679 0016452 0034394 0376249 0439603 0871396 1561548 1705502 1522634 3242470 3543841 1512806 0004922 0043188 0002638 0301611 0439231
 0001948 0001962 0001975 1512806 0439745 0456148 0549184 0556347 0452428 0556347 0452428
 0001948 0001962 0001975 1512806 1707520 0205090 0684010 2603358
 1707520 1512806 0040452 0205120 0242726 0750572 1318154 1552595 1705917 1707520 1707959 0205090 0332232 0684010 2603358
 0034394 0043210 0684224 0700287 3496591 1512806 1549445 1705108 1522634 0376558 0001967 0005329 0062074 0332307 0452428 0687725 1415458 3539897 1512806 0018684 1272691 1546466
 1533716 1516695 1516698 1883351 0750572 0439792
 0392335 0031843 0542341 0700205 1516691 1705273 0451308 0451306 0850338 0278060 0229992 0392747 0444706 0445542 1301808 1442792 3148680 3541902 0168634 1442488 0332181 0439234
 0040223 3541383 0031809 0439234 2348205 0369773 2603361
 0332529 1551338 1515051
 0449820 0558058 0392334 0392335 0542341
 0871509 1551338 0079809 0242485 0442043 2362314 0037744 1704322 0029266 1704972 3539923 0205253 0205548 0034770 1705180 2361119 0935584 0031843 0542341 0700205 0871735 1705273 0243148 1550141 1882979 2587213 3274648 0001554 0376636 1273870 3273539 0233735 0871945 0439824 0870569 0684328 3244293 1864829 3463950 0043266 2584304 0085732
 2347947 0036667 0312418 0427965 1511883 1522640 2346484 2349185 0037791 1511884 0011265 0497327 0450348
 0002778 0936012 1524024 1516048 0004083 0243132 1515981 1554210 2745955 0040223 3541383 0589120 1522577 1704685 3274571 0332283 1719822 0168634 1442488 0439148 1519795 1710181 0743559 1442989 2828392 0237881 0750502 1546944
 1261322 1521801 0336809 1552514 1556020 0150108 0150112 1555580
 0679646 0449820 0086960 0205231 0205539 0518895 1261322 1516048 1571999 0392148 0332197 1689985 1270972 0338656 0684336
 0449438 0043210 0549178 1883351 0086960 0205539 0332181 1261322 1571999
 0168634 1442488 0011298 0205210 1521761 2827422 0681906 2700446 0036588 0684224 0700287 1516695 1516698 1551994 3244295 3273238 1255664 1261322
 1521761 2827422 0332257 3538986 0002778 0936012 1524024 0150312 1883351 0439849 0445223 1517001 1883351 0001948 0332281 0001962 0001975 1512806 0001779
 0439234 0025320 0567312
 0013621 0013622 0013658 0039401
 0015031 0243103
 0021162
 1524063 0040335 0040336 0543414 0841002 0042153 0457083 1947944
 0005893 1305855 0518010 0242821 0460148 0577559 0918012 1268086 1306372 1552854 1637833 3152252
 0455527 0019664 0019665 0262512 0262926 1705255 2004062 0007222 0007226 0012634 0011847 0011849
 1524063 0042153 0457083 1947944 0039798 0087111 1363945 0004057
 1524063 0042153 0457083 1947944
 1516050
 1705241 1705242 0011298 0205210 1521761 2827422 0001948 0001962 0001975 0439745 1512806 1516048 1524063 0008041 1552646 0022885 0205120 0392366 1552595 1720589 0002780 0002778 0936012 1524024
 0004083 0001948 0001962 0001975 1512806 0332128 1524063 0002780 0002778 0936012 1524024
 0043210 0439745 0680240 0444706 3541902 1883351 1321095 1705648 2347093 2348338 0439148 1519795 0040223 3541383 0589120 1522577 1704685 3274571 0332283 1719822
 0206031 0242415 0684320 0684321 1516050 0332257 3538986 1273517 1883351 0080103 0869014 0001948 0001962 0001975 1512806 0376209 0456081 0683269 1515981 0023676 0205210 1521761 2827422
 0004083 0021149 0220856 1270972 0338656 0684336 0205351 0332128 0598697 0684320 0684321
 0002778 0936012 1524024 0043210 0745777 0589120 1522577 1704685 3274571 0332283 1719822 1549081 1692758 0008976
 0520510 0557061 2584313 0043210 0168634 1442488 1514811 1706462 0557651 2603343 2827734 2981698 0439165 0684224 0700287 3496591 0001948 0001962 0001975 1512806 0740116 2827735 2981700 0439165 0556158 0556347 0452428 0439165 0556158 1512806 0332173 0439228 0439505
 0043210 0700287 0001948 0001962 0001975 1512806 0439165 0684224 0700287 3496591 0001948 0452428 0684271 1444637 0439165 0684224 0700287 3496591 0085762 0001948 0684271 0439165 0684224 0700287 3496591 0748223
 0441833 0687744 1257890 1552516 1705428 1705429 0043210 0700287 0556347 0452428 0009830 1947907 1704711 0439165 1412113 1516077 0439165 0450348 0332173 0439228 0439505 0439165 0442757 0332173 0439228 0439505 0439165 0332173 0439228 0439505
 0039224 1706073 1706074 2827734 2981698 0740116 2827735 2981700 0037775 0683325 1521970 0001948 0202304 0001962 0001975 0439745 0441889 0456079 1512806 1547707 2946261
 0001948 0001962 0001975 1512806 1709908 0043210 0684224 0700287 3496591 0205172 0039401 0007457 0043157 0037369 0453996 1881674 0015576 0021162 1704727 0205250 1299351 2700149
 0005893 1305855 0518010 1268088 0242821 0460148 0577559 0918012 1268086 1306372 1552854 1637833 3152252
 0332122 0455527 0019664 0019665 0262512 0262926 1705255 2004062 0007222 0007226 0012634 0011847 0011849
 0042153 0457083 1947944 0360714 0063164 0243077
 0043210 0700287 0556158 1512806 0332173 0439228 0439505 0205172 0332148 0750492 0279025 0019932 0039798 0087111 1363945
 0449911 0039224 1706073 1706074 0557702 1272706 1704674 0557702 1272706 1704674 0039224 1706073 1706074
 0086996 0449438 0748878 1521970 0557651 2603343 0441889 0456079 1547707 2946261 0001948 0001962 0001975 1512806 0041703 1301808 0166872 0449911 0039224 1706073 1706074 0557702 1272706 1704674 0557702 1272706 1704674 0039224 1706073 1706074
 0004083 0439849 0596306 0699792 0683325 1521970 0039798 0087111 1363945 0557651 2603343 0441889 0456079 1547707 2946261 0001948 0001962 0001975 1512806 0041703 1301808 0166872 0039224 0870432 1706073 1706074 1709707 0080339 0018684 0025260 0424093 0449820 0557651 0700327 1552081 1706377 2603343 0220908 0220909 1698960 1710031 1710477 0168634 1442488 0439165 0205172 0205173 1705764 1705765 0043210 0700287 0556347 0452428 0439165 1709707 0556298 0439165 0282416 1561607
 3533236 0449820 0001948 0861073 0202304 0001962 0001975 0205217 0205449 0441889 0442805 1512806 0043210 0700287 0001948 0001962 0001975 1512806 0450385
 0043210 0700287 0556158 0556347 0452428
 0043210 1515981 0700287 0556347 0452428 0450382
 1705241 1705242 0237881 0038215 0750502 1546944 0023676 0683325 1521970 0369773 2603361
 1704240 0332161 0599946 1299395 0237881 0750502 1546944 3161035
 0449911 0039224 1706073 1706074 0557702 1272706 1704674 0557702 1272706 1704674 0039224 1706073 1706074
 0080103 0869014 0449820 0557651 2603343 0041703 1301808 0166872 0043210 0700287 1512806 0168634 0449820 1442488 2348205 0042153 0457083 1947944 0042153 0332152 0457083 1707455 1947944 2826257 0369773 2603361
 1705241 1705242
 0237881 0750502 1546944 0168634 0449820 1442488 0043210 0439165 1709305 0700287 0001948 0001962 0001975 1512806 0439165 0700287 0556347 0452428 0439165 0700287 0556347 0452428
 1274040 1546471 2825142 1527178 1705938 0439165 0043210 0332156 0589121 0545082 1512346 2826704
 0589120 1522577 1704685 3274571 0332283 1719822 2348205 0001948 0001962 0001975 0168634 0439745 1442488 1512806 0069900 0069919 0369773 2603361
 0237753 0449788 0205397 0332181 0545082 0439086 2827736 2981702 2827734 2981698
 0039224 1706073 1706074 1547282 0080103 0205345 1547039 0700287 1512806 0028873 0456603 1610540 0009667 0237529 1272706 1552654 1552713 1704725 1704726 0043210 0700287 0556347 0452428 0439509 0009667 0237529 1272706 1552654 1552713 1704725 1704726 0043210 0700287 0556347 0452428
 0376209 0456081 0683269 0332161 0599946 0028873 0456603 1610540 0009667 0237529 1272706 1552654 1552713 1704725 1704726 0439073 0439082 0009667 0237529 1272706 1552654 1552713 1704725 1704726
 1705241 1705242 0237881 0369773 2603361
 0449911 0039224 1706073 1706074 0557702 1272706 1704674 0557702 1272706 1704674 0039224 1706073 1706074
 0028873 0456603 1610540 0439148 1519795 0449820 0376209 0456081 0683269 3161035 0557651 2603343 0041703 1301808 0166872 0681683 0520511 1704711 0034656 0021149 0220856 0011265 0497327 0369718 0441922 1553036 0243161
 0021149 0220856 0001948 0001962 0001975 0680240 0684224 0700287 1512806 1705176 1705178 3496591
 1705241 1705242 1518422 2584321 0237881 1709380 0038215 0750502 0039224 1706073 1706074 0369773 2603361
 2985465 0456603 0598697 1547037 0080103 0205345 1547039 0043210 0700287 0556347 0452428 0043210 0700287 0556347 0452428
 1705241 1705242 0376209 0456081 0683269 0023676 0086996 0683325 1521970
 0332257 0449820 0849355 1705241 1705242 0369773 2603361
 0449911 0333052 2607870 0557702 1272706 1704674 0557702 1272706 1704674
 0040223 3541383 0008902 0008903 0678229 0011265 0497327 0001948 0001962 0001975 1512806 0557651 2603343 0041703 1301808 0166872
 0449911 0039224 1706073 1706074 0557702 1272706 1704674 0557702 1272706 1704674 0039224 1706073 1706074
 1264683 2985465 0456603 1610540 0001948 0001962 0001975 1512806 1512806 1707455 3161035 0376209 0456081 0683269 1516050 0279025 0557651 2603343 0041703 1301808 0166872 0040223 3541383 1270972 0338656 0684336 0700364 0205435 1279901 0369718 0441922 1553036
 0021149 0220856 0001948 0001962 0001975 0679133 1512806 1705176 1705178 0369773 2603361
 0080103 0205345 0598697 1547039 0011265 0497327 0449286 1704240 2348205 0011265 0497327 0205171 0439044 0679994 0043210 0700287 0556347 0452428 0043210 0700287 0556347 0452428
 1705241 1705242 0376209 0456081 0683269 0205081 1881878 1521970 0369773 2603361 0376209 0456081 0683269 0849355 0449820 0369773 2603361
 0449911 0333052 2607870 0557702 1272706 1704674 0557702 1272706 1704674
 0040223 3541383 1270972 3259508 0338656 0678361 0684336 0557651 2603343 0041703 1301808 0166872
 0001948 0001962 0001975 1512806 1518422 1883351 0205160 1280500 1513916 2348382 2825415 2825491 0009240 0011265 0497327
 0444504 1705241 1705242 2347634 2348143 0043210 0449820 1516050 1552601 0032042 1696465 1706408 0168634 0449820 0456081 1442488 0439509 0043210 0700287 0556347 0452428 0043210 0700287 0556347 0452428 1704675
 1264683 0456603 1610540 2985465 0441833 0687744 1257890 1552516 1552839 1705428 1705429 2827734 2981698 0740116 2827735 2981700 0369773 0450385 2603361
 0520510 0557061 2584313 1514811 1706462 0010362 0683954 0557651 2603343 1274040 1546471 2825142 0680240 1551058 0684224 0700287 1280500 2348382 0001948 0001962 0001975 1512806 0009240 0035647
 0681906 2700446 0036588 0684224 0700287 1551994 3244295 3273238 0332281 0392335 1292719 0031843 0205246 0332272 0542341 0700205 1516691 1705273 2348867 0168634 1442488
 0205172 1720725 1948050 0043210 0332148 0750492 0700287 0556347 0452428 0001779 0449820 0456081 0220908 0220909 1698960 1710031 1710477
 3533236 0449820 0205217 0442805 0441889 0001948 0001962 0001975 1512806 1705241 1705242 0237881 0038215 0750502 1546944 0011298 0037464 0748878 1521761 2827422 0037369 0453996 1881674 0683325 1521970
 0699910 0014507 0014508 0002783 0150312 0028873 0456603 1547037 0451306 0850338 0278060 0229992 0445542 1301808 1442792 3148680 0043210 0556347 0452428 1707455 0740116 2827735 2981700
 0004083 1285697 0009240 0079809 0205246 0242485 1879489 2348867 0043210 1317750 1831145 0684224 0700287 0947630 3496591
 0080103 0869014 0150312 0205447 1515981 0684224 0700287 3496591 0004083 0205160 0439849 0596306 0699792 1513916 2825415 2825491
 0004083 0009240 0237881 0750502 1546944 0009240 0205246 2348867 1510992 2825518 0439234 0589120 1522577 1704685 3274571 0332283 1719822 0205214 1522138 3245511 0684224 0700287 3496591 0001948 0001962 0001975 1512806
 1705241 1705242 0038215 0376209 0456081 0683269 0728831 0205210 1521761 2827422
 2607943 2926606 3539655 0684224 0700287 2369992

 0450355 1552738 0080103 0869014 0338656 0035647 0001948 0001962 0001975 0009830 1947907 0439218 0439417 0439267
 0004083 0009240 1709908 0684224 0700287 1955473 3496591

 0150312 0001948 0001962 0001975 1512806 0332281 0043210 0025266
 2607943 2926606 3539655 1518422 0173021 0175671 1552870

 0150312 0080103 0869014 0338656 0086996 0449438 0748878 0205210 1521761 2827422
 0150312 0001948 0001962 0001975 1512806 0332281 0237881 0750502 1546944 0079809 1879489 0392335 0031843 0542341 0700205 1516691 1705273
 1999230 0282443 1552617 1880156 0017446 0205146
 0004083 1270972 0338656 0684336 0150312 0001948 0001962 0001975 1512806 0332281 0332232 0439165 0392756 0035647 1270972 0338656 0684336 0369773 2603361
 1519101 0035647 0205171 0439044 0679994 0392756 0439165
 0080103 0869014 1518422 2584321 0237881 1709380 0038215 0750502 0069877 0369773 2603361
 1705241 1705242 0700364 1883351 0439234 0332282 0168634 1442488
 2348205 0009240 0338656 0004083 0439849 0596306 0699792 1518422 1551359 2741673 2981730 1705241 1705242
 0205081 1881878 0237881 1709380 0038215 0750502 0376209 0456081 0683269 0037464 0748878 1521761 2827422
 0376209 0456081 0683269 0449820 0205197 0849355 0004083 0439849 0596306 0699792
 0750572 2348042 2826345 0007226 0018684 0557651 2603343 0684224 0700287 3496591 0028873 0080103 0205345 1547039 1707455 0450385 0452428 0452428 0450388 0452428 2827734 2981698 0452428

 0150312 0080103 0869014 0035647

 0684224 0700287 3496591 0678356 1301751 1280500 2348382 0035647 0011265 0497327 0150312 0559432 1512806 0080103 0205345 1547039 0332281 0011265 0392756 0497327 1521761 2827422 0332177 0439507 0332174 0332173
 0920317 0150312 0004083 0439849 0596306 0699792 1281905 0035647

 0150312 2937276 2945599 0442805 0001948 0332281 0001962 0001975 0009830 0205081 1881878 1947907
 0814270 1704675
 0684224 0700287 3496591 0814225 1709694 0043210 0232970 0001779 0439234
 0814225 0043210 0439801 3542948 0684224 0700287 3496591 0205251 1299352 1550472 0001948 0001962 0001975 1512806 0439218 0439417 0439267 0750541 1555029 1512806 0205250 1299351 2700149 1704675
 0150312 0332120 1516050 0279025 0019932 0039798 0087111 1363945 0001948 0001962 0001975 1512806 1270972 0338656 0021149 0220856 0684336 1516691 2945599 0011265 0497327
 0021399 0681906 2700446 0036588 0684224 0700287 1551994 3244295 3273238 0242485 2699424 0001948 0001962 0001975 1512806 0743559 0009240 0441889 0456079 1547707 2946261
 0805874 0870077 1446409 0439787 0849355 2607943 2926606 3539655 1441547 3245521 0043210 0392335 0031843 0542341 0700205 1516691 1705273 0001948 0684271
 0205448 1511726 1521970 1706388 2346469 2348519 3245479 0459471 3173575
 0150312 0004083 0439849 0596306 0699792 0392335 0031843 0542341 0700205 1516691 1705273 0035647 0220908 0220909 0449820 1698960 1710031 1710477 0332120 0043210 0220908 0220909 0449820 1552081 1698960 1710031 1710477 0439165 0684224 0700287 3496591 0001948 0001962 0001975 1512806 0043210 0439165 1707455 0449820 1552081 0205250 1299351 2700149 0369773 0376209 0456081 0683269 2603361 0369773 0376209 0443225 0456081 0683269 2603361
 1883712 0449286 1704240 1552738 0441889 2004457
 0168634 1442488 0960756 0205216 0392756 0442797 0450388 1521761 2827422 0009667 0237529 1272706 1552654 1552713 1704725 1704726 1705241 1705242 0449820
 1883351 1551359 2741673 2981730 0080103 0869014 1705241 1705242 1514873 0450093 1705241 1705242
 0441712 0205081 1881878 0001948 0001962 0001975 1512806 0948008 3272363 0038454 0439849 0445223 0475224 0439509 0270612 0682708 0007457 0012634 0043157 0220938 1515981 0021308 0871208 1521828
 0004083 0439849 0596306 0699792 0392335 0031843 0542341 0700205 1516691 1705273 0078057 0005847 0086597 0127400 1558950 1801960 1521761 2827422 0678356 1280500 0442821 0002395 0012634
 1709056 0178602 0442805 0086045 0079411 3146294 0018790 0237477 0392351 0521111 0920267 1254881 0005821 0031843 0542341 0700205 1705273
 0442805 0032105 0441889 1550098 0036734 2717971 0030946 0036720 1947941 0016017 1305868 0040044 0205177 0439167 0441655 1561536 0337428 1318051 0441889
 0001962 0001975 0392885 0023822 0023821 1522133 0065055 0029053 0201950 0428466 1291138 3276464 0008377 0023820 0178587 0205217 0205250 0439849 0441889 0442805 0445223 1299351 2700149 1858114 2612461 2697537 0085201 0021966 0221138
 0004083 0439849 0596306 0699792 0301630 0392756 0441610 1551359 2741673 2825407 2981730 0018787 0441471 3541888 0001948 0332281 0001962 0001975 0009830 0205081 1881878 1947907
 0007294 0017431 0052201 0220781 0439634 1522492 0003595 0003591 0030011 0205217 0442805 1149161 0243122 1145667 1167622
 0001962 0001975 1260953 0243122 1145667 1167622
 0017431 0052201 0023821 0332281 0023820 0178587 0205250 0441994 1299351 1548802 2003888 2700149 0023824 0023822 0151691 0023823 1522133 0023821 0860920 0065055 0008377 0023820 0178587 0205251 1299352 1550472
 0001948 0001962 0001975 0009830 1947907 0935657 0392335 0031843 0542341 0700205 1516691 1705273 0007294
 0018787 1281570 0005767 0005768 0229664 0946326 0282476 1096782 0557651 2603343 0150312 0678356 0872206 1280500 2348382 0442821
 0699910 0014507 0014508 0002783 0150312 0001948 0556297 0332281 0338656 0035647 0205216 0392756 0442797 1516691 0017431 0052201 0004083 0439849 0596306 0699792 0052201 0003595 0003591 0007294 0017431 0150312 0439098 0450382
 0557651 2603343 0150312 0080103 0869014
 0001962 0001975 0001721 0009240 0019564 0949582 1029104 1284077
 2987487 1546466 0004268 0013621 0023185 0025260 0700327 1706377
 0445550 1708745 0178602 0015127 1524003 1292856 1948023 0034693 0034721
 0678356 1280500 2348382 0392335 0031843 0542341 0700205 1516691 1705273 0337677 0018759 0678226 0683321 0018684 0032854 0449438 0542537 2700379 2987476 3146286 0449438 0001948 0001962 0001975 0009830 1947907
 0449295 0557651 2603343 0004093
 1705241 1705242 0043210 2987476 0001948 1709908 0001962 0001975 0439745 0684224 0700287 1512806 3496591 0332281 0699806 0449438 0728831 0018748 0444454 1554204
 0332257 0449442 0005516 0002778 0936012 1524024 1518422 0004083 1551359 2741673 2981730 0009240 0004083 1270972 0338656 0684336 1273937 0237881 0332149 1705910 2362652 0086996 0449438 0748878 0205210 1521761 2827422 0205172 1551359 2741673 2981730 1705241 1705242
 0332149 1705910 2362652 1301808 1442792 1516691 3148680 0001721 1707391 1883351 0452428
 0043210 1707391 1883351 0001962 0001975 1555029 1704259 1705987
 1514721 2348147 3542016 0599755 0678257
 0004083 1552738 0004897 0007222 0007226 0012634 0011265 0497327
 1524063 0042153 0457083 1947944 0205309 1883351 0043210 0037402 0456387 0728831 1705943 0444454 1554204 1883351 1947933 2598387 0018759 0018684 0449438
 1521761 2827422 1518422 0004083 1551359 2741673 2981730 1552738 2348301 0332149 1705910 2362652
 0279025 0019932 0039798 0087111 1363945 0449234 1704772 1882133 1518527 0947630 0442803 1285553 2607943 2926606 3539655
 2348301 0001948 0001962 0001975 1512806 0205392 0814225 3540770 0279025 0019932 0039798 0087111 1363945
 0205171 1720467 0206034 0008976 1096775 0034656 0205210 2986669 0001948 0001962 0001975 1512806
 0557651 2603343 0016820 1135440 1254351 0030853
 0424093 0080339 0016820 0018787 1281570 3245503 0024109 0819757 1278908 0027468 0021622 1272753 0041711 0018747 0037440 0018684 0086418 0557854 1704729
 1135440 1254351 1999230 0013175 0013227 0557651 1254351 2603343 0032042 1696465 1706408
 1316572 1317574 1369612 0282413
 0522501
 1512352 0036397 0013227 0025118 0036375 0041740 0086312 0442696 0585034 0683904 0565990 1552471 0027964 0028407 0067895 0013849 1705961 0024492 1538057 1547565 0059804
 1514811 1706462 0520510 0557061 2584313 1514811 1706462 0279759 0279766 1418864 3538934 3538935
 0278060 0229992 1301808 1442792 3148680 0025663 0449851 0871511 0683521 1301808 1442792 1516691 3148680 0871685 1550470
 2347379 0025141
 0036866 1705241 1705242 0001948 0001962 0001975 0009830 1947907 0597198 1882330
 0000857 0600678 1552863 1708595 3280986 2986463
 0683973 0205847 0001675
 0017469 0205767 0025141
 0001948 0001962 0001975 0009830 1947907 0597198 1882330
 0000857 0600678 1552863 0369637 0441923
 0037369 0453996 1881674 0001948 0684271 0338656 0684336 0009247 0557651 2603343 0330302 0332257 1709701 2239886 3538986
 0033872 0033873 0450387 3538705 0205090 0684010 2603358
 0001962 0001975 0001811 0597198 1882330 0010358 0010453 1707455 2828360
 0001811 0018684 0439255
 0033522 1709709 0023981 0557651 2603343 0035647 0001792 0001675
 1422839
 0001948 0001962 0001975 0009830 1947907 0035647 0557651 2603343
 0777169 0025141 0439090 1423767 3541314 0023031
 0080103 0869014 0001948 0001962 0001975 0009830 1947907 0392335 1392786 0031843 0392747 0443172 0542341 0700205 1516691 1705241 1705273 0023981 0205127 0557651 2603343
 0000857 0600678 1552863
 0004083 0439849 0596306 0699792 0001948 0042153 0457083 1947944 0599755
 0080339 0018684 0025141
 0439849 1705630 1706279 3540605 0420607 0001792 0001675 0221099 0449820 0684336 0580836
 0033872 0033873 0025141 0033727 0369286 0441932 0564385
 0678356 1280500 0677453 2825054 0001675
 0063789 3272375 0025141 1515101 2986905
 0001962 0001975 0014935 0279494 0086258 0279033 0014939 0035139 0039798 0087111 0559956 1363945 1555302 2936882 1184743 1522240
 0001962 0001975 1315013 1417055 2347379 0025141 0036243 1539696 1825840 3539736
 0557651 2603343 0008976 0309872 0439834 0242656 0449258
 0243148 1315013 1550141 1882979 2587213 3274648 0008976 0025141 0008976 0080339 1096775 3641234 0018684 0205210 0424093 1707689 2983265 1518527 0557651 2603343
 0441833 0557651 0687744 1257890 1552516 1705428 1705429 2603343
 0243148 1315013 1550141 1882979 2587213 3274648 0008976 0025141 0454673 1550752 0018229 1423073 1427674 1419337 3539667
 0035647 0014939 0033306 0332287 0814225 2936882 3536710 0043210 0232970 1274040 1546471 2825142
 1422839
 0877035 3179264 1280500 0021149 0220856 0011265 0497327 1270972 0338656 0684336 0557651 2603343
 1422839 0036243 1539696 1825840 3539736
 0877035 3179264 1280500 2348382 0392335 0031843 0542341 0700205 1516691 1705273 0043210 0232970 0557651 2603343 0282440 1096777 0008976 0034656 2587213
 1422839
 2986904 2986463 1416933 2986618
 1521970
 0025141 3539617 0369773 2603361 0043038
 1261322 1516048 0001948
 0000857 0600678 1552863
 0681899 0743559 1608199 0014507 0014508 0699910 1825598 0376209 0456081 2945673
 0009402 1527249
 1416870 1823249 0020268 1413512
 0278060 0229992 1301808 1442792 3148680
 0033872 0033873 1315013 0025141 1419366
 3494623 0011265 0497327 0338656 0684336 0451308 0451306 0850338 0278060 0229992 0392747 0445542 1301808 1442792 3148680 0220908 1305399 1705053 0011265 0497327
 0033872 0033873 0025141
 0237607 0596545 0557651 2603343 0557651 2603343
 0001811 0018684 0025141 0006413 1552663 2827109 0016327 0439133 1553038
 0745133 0221155 0020538 0039155 0205409 1548221 1963138 1709701
 0025141 0439267 0439267
 1825598 0392335 0031843 0542341 0700205 1516691 1705273 0001792 0001779 0683954 1274040 1546471 2825142
 0001962 0001975 1315013 1417055 2347379 0025141 3538705 0205090 0684010 2603358 0036154
 0001962 0001975 0001811 0597198 1882330 0001779 0001792 1999167 0450385 0580836 1709701
 0063789 3272375 0025141 0369637 0441923
 0678356 1280500 0694535 0042153 0457083 1947944 0683973 0205847 0001675
 0063789 3272375 0025141
 0239059 0700219 0037369 0453996 1881674 0001948 0001962 0001975 0009830 1947907 0026062 0205847 0001779 0444598 0549183 1552826

 0557651 2603343 0239059 0700219 0037369 0453996 1881674 0001948 0556297 0338656 0684336 0008115
 0001779 0001811 0012836 0006797
 0023981 0205127 0557651 2603343 0597198 1882330 0001811 0557651 2603343
 0034019 0699943 3244304 0018684 0439083 0439087
 0001948 0001962 0001975 0009830 1947907 0009240
 1336592 1336594 1704998 0001962 0001975 0025141 0021966 0221138 0022337 0054868 3540479
 0392335 0031843 0542341 0700205 1516691 1705273 0080103 0869014
 1718783
 0037369 0453996 1881674 0001948 0684271 0039869 0233629 0001792 0557651 1999167 2603343
 0000857 0600678 1552863
 0814225 0814443 0001948 0332281 0001962 0001975 0042153 0205081 0457083 1881878 1947944 0719519
 0001962 0001975 0725813 0025141 0369637 0441923
 1265611 0332307 1547052 0035647
 0489835 0557651 2603343
 0027855
 0001962 0001975 0543414 0009830 1947907 0002395 0012634 0002778 0936012 1524024 2986904
 0063789 3272375 0000857 0600678 1552863 0439090 1423767 3541314 0023031
 0080103 0869014 0001948 0001962 0001975 0009830 1947907
 0000857 0600678 1552863 0033727 0369286 0441932 0564385 0369637 0441923
 0001948 1512806 1277291 0035647 1280500 2348382
 0038454 0000857 0600678 1552863 1708595 3280986
 0001948 0001962 0001975 0009830 1947907 0038454
 0332120
 0038454 0000857 0600678 1552863 0439255 1708595 3280986
 0001948 0001962 0001975 0009830 1947907 0576471 1287399 2607943 2926606 3539655 0001792 0001675 0557651 2603343
 0038454 0205090 0684010 2603358 0369637 0441923
 0001962 0441889 0456079 1547707 2946261 1515655 0021135 1533691 2827718
 0005767 0005768 0229664 0000857 0600678 1552863 0205090 0684010 2603358
 1704675 0033567 2825061 0004057 0021135 1533691 2827718
 0003850 0000857 0600678 1552863 0205090 0684010 2603358 0439526
 0001962 0001975 0920267 1254881 0005821 0031843 0542341 0700205 1705273
 0001962 0001975 1315013 1417055 2347379 0025141 0011198 0017480 3541240 0439254
 0004083 0439849 0596306 0699792 0683150 0086045 1446561
 1422839 0000857 0600678 1552863 0039260 0332293 0205090 0684010 2603358
 1521970 0392760 1314939 0040044 0205177 0439167 0441655 1561536 0683150 0086045
 2827734 2981698 0025141 0022337 0454673 1550752
 0001948 0001962 0001975 1512806 0441889 0035647
 0369718 0441922 1414400 1553036
 0001962 0001975 0596192 0005767 0005768 0023779 0229664
 0596382 0557651 2603343
 0777169 0740116 2827735 2981700 0025141 0369637 0441923
 0004083 0439849 0596306 0699792 1286104 1512806 0001948 0001962 0001975 0009830 1947907
 0023779 0035168 0242481 0033106 0008972 0033105 0220900 0557651 2603343
 0005775 1516559 0025141 0033993 3539616 2986904
 0678356 1280500 2348382 0392885 1522133 0201950 0428466 0441889 0023822 0025266
 1422839 0000857 0600678 1552863 1708595 3280986
 0678356 1280500 2348382 0085201 0021966 0221138
 0681867 0557651 2603343
 1422839 0000857 0600678 1552863
 0023820 0005823 1271104 1272641 0005767 0005768 0033095 0229664 0460139 1306345 1280500 2348382 0001948 0001962 0001975 0009830 1947907 0010054 0010068 0018799 0012634 0018787 1281570
 0005775 1516559 0000857 0600678 1552863 0006797 2826182
 2247768 0243122 1145667 1167622 0078939 0611285 0597551 3484390 0002716 0011560 0030956 0330390 0439096 2004068 1280500 0494463
 0041703 0268596 1418943 2700624 3642273 0439083 0439087 3538705
 1280500 2348382 0439849 0037369 0453996 1881674 0684271 0001948
 0025141
 0035647 0854193 0868945 0337677 0337664
 0014507 0014508 0699910 0025141 0369637 0441923
 0001041 0027908 0009791 0234421
 0040833 1521798 0025141 0597277 1708601
 1280500 0030685 0391871 0439180 0680255 1283071 1963578
 0230467 0741204 0025141