 0871161 1292721 0030956 1708533 2698172 0444598 0549183 1552826
 0700321 0005553 0036375 0006037 0024874 0034036 0034037 1514756 1704324 0348078 0376315 1515981 1522492 1527075
 0557061 2584313 1514811 1706462 0021966 0221138 0033684
 0598783 1517898 0023779 0025519 0025520 0578671 0023820
 0678594 1514562 0018882 0229304 1704821 1705682
 1883351 0162340 0085201 0003592 0003591 0021966 0221138 0023820 0598629 1708533 2698172 0871161 1292721 0030956 0041073 0043047 0599638 1550678 1708533 2698172 0557651 2603343
 0030956 0079160 0002508 0025033 0332256 2700400 0039290 0075804 0162326 0205341 1547730 1705914 0018882 0229304 1017315 1704821 1705682 0870071 1292711 0205099 0449719 1709471 1879652
 0085201 0003592 0021966 0221138 0030956 0079160 0205390 0599956 1524062 1282914 1321095 1705648 2347093 2348338 0441994 1272755 2003888 2713544 0233494 0043047 0599638 1550678 0086045 1446561
 0043047 0599638 1550678 0441994 1272755 2003888 0369637 0441923 0444598 0549183 1552826 0369637 0441923 0444598 0549183 1552826
 0014653 1547026 0085201 0003592 0003591 0021966 0221138 0030956 0079160 1708533 2698172 0332260 0205229
 0030956 0369637 0441923
 0369637 0441923 0022702 0220865 2825046 1705535 1292711 0449719 1709471 0369637 0441923
 0369637 0441923 0567416 0043047 0599638 1550678
 0085201 0003592 0021966 0221138 0443220 0030956 0079160 1547282 0013764 0332459 0565514 0728907 1257972 0030956 0079160 0205171 0681018 1720467 0015663 0439531 0456962 1948053 0332459 0565514 0728907 1257972
 0242808 0001674 0359589 1999230 0205360 2347098 0443286 1114821
 0557061 2584313 1514811 1706462 0003592 2827734 2981698 0033684 0023821 0023820 0178587 0205250 1299351 2700149 2827734 2981698
 0033414 2246761 0023884 0736268 1278929 2346688 0221102 0504085 2699704 0178555 1273518
 0678640 0023820 0023825 0023823 0442811 0023820 0178587 0205251 0442824 1299352 1550472 0560560 0578671 1269909 1299988 2699029 0454318 0004600 0205095 0460009 1995000 0750729 0025519 0025520
 0237451 0014406 0032105 1550098 0014406 0205224
 1521970 1706388 2346469 2348519 0002520 2917660 0001128 0202406 0205250 0441635 1299351 2700149 0348078 0376315 1522492 0018882 0229304 1017315 1704821 1705682
 0018882 0229304 0439064 0747726 1017315 1704821 1705682 0085201 0003592 0003591 0021966 0221138 0018882 0229304 1017315 1704821 1705682 0549177 0015450 1281591 0813983 0813984 1704711 1708533 2698172 0205250 1148636 0023779 0243122 1145667 1167622
 0678594 0039869 1883351 0085201 0003592 0023767 1101522 0003591 0004083 0021966 0023779 0221138 0439849 0596306 0699792 1514562 1883351 0184512 0205148
 0085201 0003592 0021966 0221138 2987476 1301808 0025519 0025520 0032854 0542537 2700379 0037633 0525069 0023821 0065058 0125953 1096202 0023820 0178587 0205250 0332297 1145667 1167622 1299351 1689898 2349209 2700149 0031676 0368909 0008377 0332296 1880497 1996904 0065058 0125953 1096202 0023820 0205148 0332501 0597177 0023821 0023820 0178587 0205250 1299351 2700149 0023825 0023823 0442811 0023820 0178587 0205251 0442824 1299352 1550472 0444669 1167518 1706352 1882467 3274653 0008387 0008377 0014898 0041004 0205148 0368909 0008377 0332296 1880497 1996904
 0085201 0003592 0003591 0021966 0221138 0020242 0031676 0202177 0337112 1524075 0023821 0023820 0178587 0205250 1299351 2700149 0332149 1705910 2362652 2612461 0023821 1518457 0023820 0178587 0205250 0444669 0597177 0598629 1167518 1299351 1706352 1882467 2700149 3274653 0023825 0023823 0442811 0023820 0178587 0205251 0442824 0444669 0598629 1167518 1299352 1515981 1550472 1706352 1882467 3274653
 0947630 2827734 2981698 0206243 0699809 0085201 0003592 0003591 0021966 0221138 0439787 0849355 0031676 0453882 0023779 0041004 0008387 0008377 0014898
 0085201 0003592 0021966 0221138 0205321 0023828 0348078 0376315 1522492 0058452 0023820
 0037680 0450442 1254351 1521826 1514873 1883351 0348078 0376315 1522492 0023821 0023820 0178587 0205250 1299351 2700149 0597177 0085201 0003592 0003591 0021966 0221138 0031676 0202177 0008387 0008377 0014898
 1511760 0026882 0597551 0030956 1883254 0017446 0205147 1707689 2983265 0136026 0030956 0869040 0947630 1273517 0750572 0031843 0542341 0700205 1705273
 3641827 0052189 1412475 1707271 0003594 0017446 0205088 0205147 1705314 1705315 0002520 1510827 0032214 0600138 0035820 1705810 1148636 0023779 0243122 1145667 1167622
 0017446 0205147 1709915 1882936 1510827 1514562 0017446 0205147 0237881 0750502 1546944 1510827
 1883351 0162340 0003591 0023820 0205148 0947630 0206243 0699809 0003591 0439787 0849355 0031676 0202177 0872351 0001861 0043047 0332261 0599638 1550678 1708533 1947932 2698172 3536832
 0205447 0003591 0085201 0003592 0003591 0021966 0221138 0085202 0052189 0003594 0021966 0221138 0052190 0003594 0052181 0003592 0003595 0523511 1412481 0205148 0205177 0441994 1548802 2003888 0205148 0424589 0542479 1442080
 0033095 0460139 0003601 0205166 1706317 0031676 0205321 0872351 0444706 3541902
 1550608 0085201 0003592 0003591 0021966 0221138 0001861 0043047 0599638 1550678 1708533 2698172 3536832 0369637 0441923 0052181 0003592 0369637 0441923
 0205341 1880389 1883221 3541951 0001861 0043047 0599638 1550678 1708533 2698172 3536832 0444706 3541902
 0369718 0441922 1553036 0030956 1707271 0002520 0002520 0015272 0369637 0441923 0030956 0015272 0042295
 2348184 0237753 0449788 0870071 0162326 1292732 1524063 0449851
 0030956 0205392 3540770 1282927 1806781 2350002 1955473 0015272 0002520 2917660 0001128 0202406 0205369 0441635 0449830 1552740 0725813
 1550608 0031453 1709915 1882936 0018882 0229304 1704821 1705682 1553652 0035853 0995005 0369637 0441923
 0011008 2348077 0947630 2699424 0004927 2707008 0030956
 0684224 0700287 3273238 1707455 0871161 1292721 0030956 0079160 0003591 0043047 0599638 1550678 0001861 0043047 0599638 1550678 1708533 2698172 3536832
 0030956 0079160 0039290 0075804 0162326 0205341 0205448 0332529 1547730 1705914 1709915 1882936 0085201 0003592 0003591 0021966 0221138 1441547 3245521 0052181 0003592 0052199 0003595 0523511 1412481
 1517001 1883351 2700400 0018882 0229304 1017315 1704821 1705682 0033382 0332256 0541749 1709743 1709915 1882936 2700400 1517892 1704666 1514562
 1274040 1546471 2825142 1444656 0030956 0079160 1145667 1167622 0043047 0067942 0599638 1550678 1708533 2698172 0001861 0043047 0599638 1550678 1708533 2698172 3536832 0441994 1548802 2003888 2713544 0233494 0678591 0332296 0424589 0542479 1442080 1880497 1996904
 0030956 0079160 1145667 1167622 0043047 0067942 0205172 0599638 1550678 1708533 2698172 0001861 0043047 0599638 1550678 1708533 2698172 3536832 0205324 0457933 0522534 0017446 0205146 1709915 1882936
 0332260 0205148 1527428 0205148 0033095 0205148 0460139 1306345
 0369637 0441923 0205172 0369637 0441923 0205250 1299351 2700149
 1705535 0001674 1999230 0205360 2347098 0032105 1550098
 0557651 2603343 0871161 1292721 0043047 0599638 1550678 0043047 0599638 1550678 0043047 0599638 1550678 1708533 2698172
 0030956 1547282 0442821 1875574 1323393 0028908 0043047 0243122 0599638 1145667 1167622 1517288 1550678 1708533 2698172 0030956 0332218 0205148 0441722 0563538 0332459 0565514 0728907 1257972
 0030956 0681018 0043047 0599638 1550678 0001861 0043047 0599638 1550678 3536832 1708533 2698172 0439531 1948053 1515981
 0684224 0700287 3273238 0332128 0871161 1292721 0920679 0030956
 0444706 3541902 1707455 0001674 0004927 0677505 0871161 1292721 0033684 0030956
 1527178 1705938 0441712 1706376 0598629 1708533 2698172 0033095 0205148 0441994 0460139 0687118 1306345 1548802 2003888 0033095 0205250 0460139 0687118 1299351 2700149
 1533716 0018896 1552861 0162340 0678594 0205148 0392747 0443172 0678594 0023820 1709305 2745955 0032105 1550098
 0557061 2584313 1514811 1706462 0520510 0002508 0025033 0332256 2700400 0039290 0075804 0205341 1705914 0039290 0079160 0004793 0075804 0162326 0162327 0205341 0376298 1441547 1519249 1705914 3245521 0085201 0003592 0003591 0021966 0221138 0052181 0003592 0003595 0523511 1412481 0332306 1883254 2587213 1524063 1998793 0439073 0439082
 0037633 0525069 0439269 1960952 2346927 0439526 1521827 0728475 0180860 0581406 1522664 1704449 1704684 1875155 0043047 0599638 1550678 1301820 0562547 3160718
 0030956 1547282 1883351 0015272 0026377 0037633 0150312 0332285 0525069 1883351 0012456 1959616 0348078 0376315 1522492 1704241
 1883351 0079809 0242485 2713544 0233494 0030956 0079160 1265611 0205390 0599956 1524062 1301820 1706701 0086045 0444598 0549183 1552826 0444598 0549183 1552826
 0020283 0450407 0450408 0450409 1882074 2678549 0020283 0450407 0450408 0450409 0333118 0991865 0006353 0031603 0031701 1601799
 0041073 2247561 0439100 0869011 1418885 1419003 1425030 1521827
 2713544 0233494 0369637 0441923
 0034760 0441800 0919553 0936012 3244287
 0449416 1705919 0205409 1548221 1998793 1552738 0450355
 0085201 0003592 0003591 0021966 0221138 0439269 1960952 2346927 0439526 0018320 0120446 0444598 0549183 1552826 1547703 1883708 0041942 0444598 0549183 1552826 0018320 0120446 0018320 0120446 0439583 0444598 0549183 0740116 1552826 2827735 2981700 1883708 0991865 1882074 0492253 2678549 0006353 0020283 0031603 0031701 0450407 0450408 0450409 1601799 0444598 0549183 1552826 1442455 0439228
 1273517 1883351 1880310 2003864 0037633 0525069 0085201
 1882508 0035953 1516048 2346414 0017243 1382104
 1301808 1442792 3148680 0037812 1283174 2713504 2984732 0086045 1446561 0085201 0005507 0033684 0243073 0444706 1510438 3541902
 0242485 2713544 1708533 2698172 1265611 0205390 0599956 1524062 1301820 1706701 0427716 1304757 0086045 0444598 0549183 1552826 0444598 0549183 1552826
 0020283 0450407 0450408 0450409 1882074 2678549 0020283 0450407 0450408 0450409 0333118 0991865 0006353 0031603 0031701 1601799
 2713544 0233494 0242485 2713544 0233494 0392148 1265611 0030956 0079160 0085201 0003592 0003591 0021966 0221138 0021966 0221138 0444706 3541902
 2603360
 0178566 0016674
 0991568 1321095 2347093 0205431 1638411 1883171 0492253 0991865 0006353 0031603 0031701 1601799 0439526 0332256 2700400 1265611
 2713544 0233494 0034869 0449445 0014653 1547026
 0033095 0205148 0460139 1306345 1301820 1708533 2698172 0030956 0079160 0085201 0003592 0003591 0021966 0221138 0332288 0038887 0205148 0233494 0030956 0079160 0085201 0003592 0003591 0021966 0221138 0683454 0021966 0221138
 0681814 0206243 0699809 0439787 0849355 0449913 1553451 1704459
 0332459 0565514 0728907 1257972 0205134 2713544 0449445 0014653 1547026 1321095 1705648 2347093 2348338 0332260 1637379 0442797 0449468 1690016 1705102 2700258 0740116 2827735 2981700 0444499
 0681814 0085201 0003592 0003591 0021966 0221138 0332459 0565514 0728907 1257972 0442797 0449468 1690016 1705102 2700258 2348935 0439084 0728893
 0392756 0547047 0205216 0392756 0442797 0017446 0205146 0205148 0332459 0565514 0728907 1257972 1276802 1274040 1546471 2825142 0678227 0233494 0392756 0547047
 1321095 1705648 2347093 2348338 0392756 0449468 1690016 1705102 1948036 2700258 2987518 0456692 0702093 0038887 0205148 0233494 0034869
 0030956 0567416 0205148 0035853 0995005 0038887 0004600 0205095 0460009 1995000 0679006 1947967 0205134
 0030956 0567416 1708533 2698172 1518422 0392747 0443172 1705241
 1883351 0205229 1708533 2698172 0449468 1690016 1705102 2700258 1637379 0205217 0442805 0740116 2827735 2981700 0004600 0205095 0460009 1995000
 0868928 1533148 0332282 0332459 0565514 0728907 1257972 0449468 1690016 1705102 2700258 0205217 0442805 2348935 0004600 0205095 0460009 1995000
 1274040 1546471 2825142 0017446 0205146 0205148 0205217 0442805 0233494 0205217 0442805
 0567416 2347862 0012173 0205390 1337615 0231441 0750546 0205431 0205148 1883708 0038887 0205148 0233494 1321095 1705648 2347093 2348338 0004600 0205095 0460009 1995000 0679006 1947967 0205134
 0205134 0036572 0424576 0552449 1552645 2349186
 1413227 0439849 0445223 1184743 1522240
 0750572 0033095 0460139 1306345 0030956 0567416 0205148 0205549 2348044 0206243 0699809 0439787 0849355 0449468 1690016 1705102 2700258 0205216 0392756 0442797 0442805 0033095 0205148 0460139 1306345 0683454 0021966 0221138 0392756 0547047 1522609 1883708 2713544 0233494 0332283 0702093
 0025320 0392747 0443172 1705241 1883708
 0439178 1446409 1514241 2825490 1444656 0030956 0567416 0205148
 0442739 1548568 0392747 0443172 1705241 1444656 0030956 0567416
 1883712 0205160 1513916 2825415 2825491 1444656 0030956 0567416 0085732 1299581 0205148
 0014653 1518422 1547026
 0036572 0205132 0424576 0445291 1550648 1552960 2349186
 0598981 3146232 1516077 1947971 0030956 0567416 1547282 0001674
 0085201 0003592 0021966 0221138 0085201 0003592 0003591 0021966 0221138 0039290 0075804 0205341 0332529 1708533 2698172 0332459 0565514 0728907 1257972
 1947971 0033095 0460139 1306345 0332297 1145667 1167622 1689898 2349209 0085201 0003592 0003591 0021966 0221138 0439659 1883351 1708533 2698172 1719958
 1883351 0750572 0033095 0460139 1306345 0567416 1708533 2698172 1273517 0025663 0449851 0871511 1273517 1883351 0750572 0332300 1273517 0443228 0549177 1704243 0332459 0728907 2986904
 1883708 1707455 0205134 1184743 1522240 0205134 0205396 1550043 1551388 0868928 1533148 0205134 0205280
 0205134 0205280 0042789 1947903 1514721 2348147 3542016 1444656 0332459 0565514 0728907 1257972 1273517 0012727 0567416 0205390
 0868928 1533148 0036572 0424576 2349186 1511726 3245479
 0598981 3146232 1516077 1947971 0567416 1272689 1883351 1708533 2698172 1274040 1546471 2825142 1522508 1561567 0679006 1947967
 0332459 0565514 0728907 1257972 0439092 0547044 1947971 0205134 0015663 0456962 1514721 2348147 3542016 0042789 1947903 1553638
 1444656 1292711 0449719 1709471 0012727 0205148 0442824 1637379 0205148 0205229
 1511726 3245479 0205431 0205132 1550648 1552960 0349966 1337208 1708760 0027552 0686904 1292711 0449719 1709471 1708533 2698172
 0449911 0333052 2607870 0557702 1272706 1704674 0557702 1272706 1704674 0349966 1337208

 0205134 2986904 0085201 0003592 0003591 0021966 0205134 0221138 3255993 0037633 0525069 0599956
 0332459 0565514 0728907 1257972 1321095 1705648 2347093 2348338 0205216 0392756 0442797 0449468 1690016 1705102 2700258 0439232 0700321 0702093 1282918 1883708 1948036 2347166 2987518 0205217 0442805
 0205134 0085639 0238715 0015663 0456962 0332459 0547044 0565514 0700321 0728907 1257972 1292711 0449719 1709471 1708533 2698172 1719958
 2347469 0332459 0565514 0728907 1257972 1321095 1705648 2347093 2348338 0205216 0392756 0442797 0449468 1690016 1705102 2700258 0439232 0700321 0702093 1282918 1883708 1948036 2347166 2987518 0205217 0442805
 0205134 0205280 0332459 0565514 0728907 1257972 0205250 1299351 2700149 0567416 1708533 2698172 1719958
 0205134 0001674 0017446 0205146
 0086045 1446561 0037633 0525069 0444598 0549183 1552826
 0449911 0333052 2607870 0557702 1272706 1704674 0557702 1272706 1704674 0349966 1337208

 0680844 0681916 0750572 0085201 0003592 0003591 0021966 0221138 1515981 1708533 2698172
 0033095 0460139 1306345 0205090
 1282913 1551714 0015663 0456962 0001674 1292711 0449719 1709471 1708533 2698172 1719958
 0036572 0205132 0598981 1550648 1552960 3146232 1947971 1522609
 2828360 0439834 0001674 0085201 0003592 0003591 0021966 0221138 1708533 2698172 1719958 1883351 0037633 0525069
 0036572 0205132 0598981 1550648 1552960 3146232 1947971 0449864 1522609 0085201 0003592 0003591 0021966 0221138
 0033095 0332260 0460139 0369637 0441923 1292711 0449719 1709471 1708533 2698172 1719958 0033095 0205171 0460139 1720467 0369637 0441923 0085201 0003592 0003591 0021966 0221138 0439659 1883351 1708533 2698172
 0695434 0233494 0449445 1522609 0449468 1690016 1705102 2700258 1705242 0439531 1948053 0439603 1514721 2348147 3542016 2346753
 0442041 0038887 0205148 0233494 0034869 0205143 0205390 1441526 1880157
 2350289 1031041 1441547 3245521 0017446 0205146
 0449719 1709471 0449719 1709471 1301820 0454802 0815304
 0695434 0206243 0699809 0079160 0920679 0004793 0030956 0162326 0162327 0205431 0376298 1519249 0037633 0525069 0085201
 0683607 0348078 0376315 1522492 1321095 1705648 2347093 2348338 0683607 0449913 1553451 1704459 0184512
 1883708 0449468 1690016 1705102 2700258 0443299 0681814 0439531 1948053 2346753 2713544 0233494 0444504 2347634 2348143 2584321 0014653 1547026
 1947971 0242485 0033095 0205148 0460139 1306345 0557061 2584313 1514811 1706462 0001674 0043047 0599638 1550678 0043047 0599638 1550678
 2827734 2981698 1547282 0036849 1442518 1705195 0041073 0043047 0205134 0599638 1550678 1708533 2698172 1265611 0030956 0079160 0205390
 0041073 0043047 0599638 1550678 1708533 2698172 0369637 0441923
 1883712 1265611 0205390 0567416 0041073 0043047 0599638 1550678 1708533 2698172 0441994 1272755 2003888 1883351 0449445 1522609
 0449911 0333052 2607870 0557702 1272706 1704674 0557702 1272706 1704674 0349966 1337208
 2827734 2981698
 1707959 0040223 3541383 0079160 0920679 0004793 0030956 0162326 0162327 0205134 0376298 1519249 1708533 2698172
 1321095 1705648 2347093 2348338 0205431 0991865 0492253 0006353 0031603 0031701 1601799
 0205132 1550648 1552960 0444598 0549183 1552826
 0444598 0549183 1552826
 0444598 0549183 1552826
 0444598 0549183 1552826
 0681814 0206243 0699809 0439787 0849355
 0086045 1446561 0444598 0549183 1552826 0349966 1337208 0205134 1547282 0443347 0392756 0439834 0442824 0547047 0439531 1416797 1948053 1883708 0392756 0547047 1883708 0392756 0547047 0449445 1522609 3146294 0033095 0460139 1306345
 0086045 1446561 0205217 0442805 0439531 1416797 1948053 1282927
 0086045 1446561 0444598 0549183 1552826 0349966 1337208 1547282
 2827734 2981698 1518422 1547282 0439531 1416797 1948053 1272689 0085639 1517886 2363430 0205390 0442824 1279919 1300072 1306673 1637379 2584321 0033727 0369286 0441932 0564385 3146294 0033095 0205148 0460139 1306345
 0557651 2603343 1547282 0030956 0079160 0033095 0369637 0441923 0450355 0460139 1306345 1708533 2698172 1440942 0033095 0369637 0441923 0460139 1306345 1515981 0001861 0043047 0599638 1550678 1708533 2698172 3536832
 0030956 0079160 3146294 0439092 0547044 0020309 0033095 0041073 0043047 0460139 0599638 1306345 1550678 1708533 2698172 0043047 0599638 1550678 0001861 0043047 0599638 1550678 3536832 1708533 2698172 0439659 0441994 1548802 2003888 0043047 0599638 1550678
 0086045 0205134 0349966 1337208 1547282
 1707959 0444598 0549183 1552826 1272689 0085639 0238715 1274040 1546471 2825142 0040223 3541383
 1705535 0439849 0445223 1511695 0205148 0392148 0030956 0079160 1518422 0042789 1947903 0079160 0920679 0004793 0030956 0162326 0162327 0205134 0376298 1519249 0043047 0067942 0599638 1550678 0001861 0043047 0599638 1550678 3536832 1708533 2698172 0085201 0003592 0003591 0021966 0028423 0028609 0040223 0221138 1513854 3541383 0205134 0042789 1947903
 0001674
 0740116 2827735 2981700 1547282 0040223 3541383 0085201 0003592 0003591 0021966 0205134 0221138 0041073 0043047 0599638 1550678 1708533 2698172 1265611 0085201 0003592 0003591 0021966 0221138 0037633 0525069
 0085201 0003592 0003591 0021966 0221138 1708533 2698172 1547282 0233494
 1883712 1265611 0037633 0525069 0085201 0003592 0003591 0021966 0221138 1708533 2698172 0441994 2003888 0233494
 0086045 1446561 0444598 0549183 1552826 0369637 0441923 0085639 0238715 0086045 0750519 1446561 1522410 0557651 2603343 0444598 0549183 1552826 0085639 0238715 0369637 0441923 0378372 0033095 0205148 0369637 0441923 0460139 1306345 3146294
 0233494 0085201 0003592 0003591 0021966 0205134 0221138 1547282 0017446 0205147 0205435 1279901 0439531 1416797 1948053 0085639 0238715 0040223 0439834 3541383
 0205436 0457385 0565930 1561503 1705190 0015663 0456962 0085639 0238715 0205437 0560560
 0086045 1446561 0085201 0205217 0442805 0439531 1416797 1948053 1282927 0205217 0442805
 0086045 1446561 0444598 0549183 1552826 0349966 1337208 1547282
 0740116 2827735 2981700 1518422 1547282 0439531 1416797 1948053 1272689 0085639 0442824 1279919
 0449911 0333052 2607870 0557702 1272706 1704674 0557702 1272706 1704674 0349966 1337208
 0740116 2827735 2981700
 1707959 0040223 3541383 0085201 0003592 0003591 0021966 0205134 0221138 1708533 2698172
 1321095 1705648 2347093 2348338 0205431 0991865 0492253 0006353 0031603 0031701 1601799 0085201 0003592 0003591 0021966 0221138
 0205132 1550648 1552960 0085201 0003592 0003591 0021966 0221138
 0444598 0549183 1552826
 0444598 0549183 1552826
 0444598 0549183 1552826
 0444598 0549183 1552826
 0016327 0439133 1553038 0444598 0549183 1552826
 0681814 0206243 0699809 0439787 0849355
 1708533 2698172 1708533 2698172 0030956 0441994 1272755 2003888 0014653 0441889 0456079 1547026 1547707 2946261 0557651 2603343 0001674 0332260 0205229 1708533 2698172
 0349966 1337208
 1547282 1707959 0332459 0565514 0728907 1257972 0449468 1690016 1705102 2700258 0030956 0037633 0525069
 0332459 0565514 0728907 1257972 0392756 0547047 0041073 0043047 0599638 1550678 1708533 1720477 1948054 2698172 0449445 1522609 1423644 0205216 0392756 0442797
 0017446 0205146 0205148 0205216 0392756 0442797 0086045 1446561 0030956 0079160 0035853 0995005 0442797
 1948036 2987518 1547014 1948059
 0439531 1948053 0035853 0995005 0205095 0004600 0460009 1995000
 0025320 0392747 0443172 1705241 0702093 0369637 0441923 1444656 0030956 1708533 2698172 1719958 0332459 0565514 0728907 1257972
 1883708 0205229 0004600 0205095 0460009 1995000 0205548 0035853 0369637 0441923 0995005
 0035853 0995005 0014653 1547026 0332459 0565514 0728907 1257972 1547282 0332459 0565514 0728907 1257972 1719958 0920679 0030956 0683454 0021966 0221138 0205216 0392756 0442797 0086045 1446561 0439232 0700321 0702093 1282918 2347166 0085639 0238715 0004600 0205095 0460009 1995000 1444656 0920679 0030956 1708533 2698172
 0332459 0565514 0728907 1257972 0205436 0457385 0565930 1561503 1705190 0547047 0025320 0392747 0443172 2827734 2981698 0369637 0441923 0205436 0457385 0565930 1561503 1705190 0442805 0449468 1690016 1705102 2700258 0001674 1709305 0042295 0085639 0238715 0369637 0441923 1515981 0369637 0441923
 0449911 0333052 2607870 0557702 1272706 1704674 0557702 1272706 1704674 0349966 1337208
 0439086 2827736 2981702
 1707959 0001674 0079160 0920679 0004793 0030956 0162326 0162327 0205134 0376298 1519249 0085201 0003592 0003591 0021966 0221138 2347469
 1708533 2698172 0332260 0439232 0700321 0702093 1282918 1883708 2347166 0205229 2986904
 0184661 1948041 2700391 3274430 3538935 3539779 1272695 2746065 0332459 0565514 0728907 1257972
 0030956 0079160 0444598 0549183 1552826
 2347469 0085201 0003592 0003591 0021966 0221138 0444598 0549183 1552826
 1883351 0243095 0033095 0205148 0460139 1306345 1708533 2698172 1708533 2698172 1719958 0205549 2348044 0681814 0349966 1337208 1547282
 0439086 2827736 2981702 0012634 0348080 1705253 0086045 1446561 0332459 0565514 0728907 1257972 0456603 1610540
 0349966 1337208
 0439086 2827736 2981702 1708533 2698172 0332260 1522609 0085639 0238715 3146294 0033095 0460139 1306345 0392747 0443172 0449468 1690016 1705102 2700258 0439582 0040223 0439531 1948036 1948053 2987518 3541383
 1883708 0392747 0443172 0150312 0332285 0036572 0424576 2349186 1511726 3245479 0349966 1337208
 0205132 0598981 1550648 1552960 3146232 1947971 1708533 2698172
 0557651 2603343 0242485 0378372 0369637 0441923 0369637 0441923 1947971 0070349 0378372 0369637 0441923 1708533 2698172
 1547282 0950275 0369637 0441923 0369637 0441923
 1708533 2698172 0547044 0700321 0043047 0599638 1550678 0001861 0043047 0599638 1550678 3536832 1708533 2698172 1705535 0030956 0079160 0441994 1548802 2003888 1510827
 0030956 0079160 0441994 1272755 2003888 0369637 0441923 1707660 2828361 1708533 2698172 1440942 0369637 0441923 0369637 0441923 1705535 0678591 0332296 0424589 0542479 1442080 1880497 1996904 1708760
 0449911 0333052 2607870 0557702 1272706 1704674 0557702 1272706 1704674 0349966 1337208

 1708533 2698172
 1708533 2698172 0332260 1883351 0033095 0460139 1306345 0025320 0392747 0443172 1705241 0332283 0439232 0700321 0702093 1282918 2347166
 0023733 2346679 0205132 0684320 0684321 1881534 0205090 0684010 2603358 0369773 2603361
 0036572 0205132 0424576 0598981 1550648 1552960 2349186 3146232 1947971 0030956 0567416 1547282 0001674

 1522609 0043047 0599638 1550678 0369637 0441923
 0004927 2707008 1708533 2698172 1708533 2698172 0332260
 0450365 1706097 1547282 1707959 0001674 0332459 0565514 0728907 1257972 0037633 0525069
 1708533 2698172 0332260 0442797 0449468 1690016 1705102 2700258 0740116 2827735 2981700 0444499
 0449468 1690016 1705102 2700258 0439232 0700321 0702093 1282918 1948036 2347166 2987518 1883708 0205148 0205229 0205313 0449468 1690016 1705102 2347409 2700258 2986904
 0085201 0003592 0021966 0221138 1547282 1882365 1710052 2348205
 1316572 1317574 1369612 0332459 0565514 0728907 1257972 0392756 0547047 0085201 0003592 0003591 0021966 0221138 1547282 0442805 0449468 1690016 1705102 2700258 0085201 0003592 0003591 0021966 0221138 1547282 0023882 0700321 2700395 0001674 0369637 0441923
 0014653 1547026 0033095 0460139 1306345 0332459 0565514 0728907 1257972 0015127 1524003
 0079160 0920679 0004793 0030956 0162326 0162327 0376298 1519249 1707455 0085201 0003592 0003591 0021966 0221138 0443228 0549177 1704243 1880389 1883221 3541951
 1705241 1705242 0205148 1547282 0369718 0441922 1553036 0680251 2828389 0033095 0460139 1306345 1954201 0003595 0683454
 1316572 1317574 1369612 1265611 0332459 0565514 0728907 1257972 0205134 0700364 1883351 0439831 0205134 0681814 1706386 1553638
 0033684 1518422 0205148 0205197 0687118 1883708 0449719 1709471 1637379
 0027552 0686904 0443228 1704243 0033095 0460139 1306345 1883351 0567416
 0332459 0565514 0728907 1257972 1708533 2698172 0450365 1706097 0205217 0442805 0332459 0565514 0728907 1257972 1708533 2698172
 0349966 1337208
 0439084 0728893 1547282 1707959 0332260 0205229 1321095 1705648 2347093 2348338 1720725 1948050 2348935 0439084 0728893 1720725 1948050
 1707455 0040223 3541383 0001674 0205134 0205265 1279901 1555582 1705685 0205134 0445247 1514721 2348147 3542016 0681814 1706386 0150312 0332459 0565514 0700321 0728907 1257972 0205134 1547282 0085639 0238715 0445247 0205134
 1707959 0205134 0332459 0565514 0728907 1257972 0349966 1337208 1547282

 0549177 0332459 0565514 0728907 1257972 0205134 0205280 0700321 0332459 0565514 0728907 1257972 0040223 3541383 0205134 0085639 0238715 1637379
 0205134 1547282 0040223 3541383 0085201 0003592 0087044 0038164 1708533 2698172 0037633 0525069
 0205134 1547282 0392747 0443172 1708533 2698172 0205229 0332459 0565514 0728907 1184743 1257972 1522240
 1184743 1522240 0085201 0003592 0003591 0021966 0221138 0332297 1145667 1167622 1689898 2349209 1708533 2698172 0349966
 0450365 1706097 0439084 0728893
 1708533 2698172 0205229 1184743 1522240 1883067 3146294
 1292711 0449719 1709471 1719958 1184743 1522240 0449719 1709471 1637379 1708533 2698172 0205229
 1292711 0449719 1709471 1293132 1708533 2698172 0001674 0015663 0456962 0037633 0525069
 0439831 0001674 0547047 0332459 0700321 0728907 0349966 1337208 1547282
 1553638
 0018563 1281583 1552914 0567416 1708533 2698172 1184743 1522240 0567416 1708533 2698172 0037633 0525069 0332282 0392747 0443172 0001674 0205134 0205265 1279901 1555582 1705685 1547282
 1709305 0332459 0565514 0728907 1257972 0549177
 0449911 0333052 2607870 0557702 1272706 1704674 0557702 1272706 1704674 0349966 1337208
 0439084 0728893
 1707959 0085201 0003592 0332283 0003591 0021966 0221138 2986904 1708533 2698172
 0041073 1321095 1705648 2347093 2348338 0085201 0003592 0003591 0021966 0221138 0522534 1705188 0205148 1321095 1705648 2347093 2348338 1637379 0332260 0332283 0439232 0700321 0702093 1282918 2347166 1883708 1321095 1705648 2347093 2348338 0205229 2986904
 1184743 1522240 1883351 0449468 1690016 1705102 2700258 1883708 0205229 0004600 0205095 0460009 1995000 0449468 1690016 1705102 2700258 2348935 1883708 0205229 0004600 0205095 0460009 1995000
 0086045 1446561 0037633 0525069 0444598 0549183 1552826
 0205448 1527178 1705938 0449719 1709471 0683454 0439831 0001674 0444868 3539085 0439834 0001674 0085201 0003592 0003591 0021966 0221138 1441547 3245521 0033095 0205148 0460139 0033095 0460139 1306345 1272689 1883351 0687118 1515981 0033095 0460139 1306345 0205197
 0349966 1337208
 1547282 0085201 0003592 0003591 0021966 0042295 0221138 1515981
 0449719 1709471 0444499 0369637 0441923 1947971 0126577 1422268 0369637 0441923 1708533 2698172
 0444868 3539085 0444499 1440942 0369637 0441923 0369637 0441923 1947971 1422268 0369637 0441923 1708533 2698172
 0332459 0565514 0700321 0728907 1257972 3146294 0033095 0205148 0460139 1306345 0085201 0003592 0003591 0021966 0221138 1708533 2698172 1719958
 0205171 0332459 0565514 0728907 1257972 1720467 3146294 0033095 0205148 0460139 1306345 0567416 1708533 2698172
 1710706 1947971 0369637 0441923 0205134 1547282 0449719 1709471 0444868 3539085 1709305
 0205134 0332282 0332459 0565514 0728907 1257972 0750572 0022702 0220865 2825046 0040223 3541383 0079160 0920679 0004793 0030956 0162326 0162327 0205134 0376298 1519249 0332282 0332459 0565514 0728907 1257972 0036572 0424576 2349186 0332459 0565514 0728907 1257972 0079160 0920679 0004793 0012173 0030956 0086045 0162326 0162327 0205134 0376298 1337615 1446561 1519249 0552449 0439831 1413227 0439834 0040223 3541383 1547014 1948059 1441547 3245521
 0040223 3541383 1547014 1948059 0439849 0445223 0439849 0445223 1883351 0001674
 1413227 0079160 0920679 0004793 0026367 0030956 0086045 0162326 0162327 0376298 0861352 1428884 1446561 1519249 0037633 0525069 1547282 1518422 1184743 1522240 0349966 1337208
 1413227 0086045
 0018563 1281583 1552914 1184743 1522240 0079160 0920679 0004793 0030956 0086045 0162326 0162327 0376298 0725813 1446561 1519249 1413227 0015663 0456962
 0004927 2707008 0079160 0920679 0004793 0030956 0162326 0162327 0376298 1441672 1519249 0043047 0599638 1550678 0001861 0043047 0599638 1550678 3536832 1708533 2698172
 0557651 2603343 0022702 0220865 2825046 0001674 1708533 2698172 0086045 0444598 0549183 1552826 0444598 0549183 1552826 0444598 0549183 1552826 1511726 3245479 1518422 1547282
 1413227 0439831 1552116 0030956 0079160 0086045 0851827 1446561 1701901 3244310
 0205134 1518422 0036572 0424576 0552449 1552645 2349186 1511726 3245479 1301820
 1274040 1546471 2825142 1547282 0030956 0079160 0086045 0851827 1446561 1701901 3244310 1882365
 0449911 0333052 2607870 0557702 1272706 1704674 0557702 1272706 1704674 0349966 1337208

 1413227 1708533 2698172 0079160 0920679 0004793 0026367 0030956 0086045 0162326 0162327 0376298 0861352 1428884 1446561 1519249 0205390
 1321095 1705648 2347093 2348338 0332260 0205229
 0237753 0449788 0086045 1446561 1442162 1550718 3244317
 1413227 1413227 0001674 0086045 0851827 1446561 1701901 3244310
 1413227 0086045 0332459 0565514 0728907 1257972 0557651 2603343 0740116 2827735 2981700 1511726 3245479 1518422 1547282
 0311419 0871161 1292721 0085201 0003592 0021966 0221138 1292732 0013764 1708533 2698172 0206243 0699809 0695434 0449445 0014653 1547026
 0442041 0017446 0205146 2713544 0233494 0030695 0150369 0181904 0596972 1521743 1704646
 0205143 0205390 2350289 1031041 0449719 1709471 0449719 1709471 0332285 0449719 1709471 0449719 1709471 0332285 0444686 1441506 1443182 0520510 0025663 0025664 0449851
 0086045 1446561 0041073 0043047 0599638 1550678 1708533 2698172 0683607 1883351 2584321 0014653 1547026 1883708 0449468 1690016 1705102 2700258 1705242 0439531 1948053 2346753 0444499
 0021966 0221138 1947971 0042295 0012634 0348080 1515981 1705253 0349966 1337208
 1547282 0025320 0392747 0443172 0439531 0695434 1948053
 0449911 0039224 1706073 1706074 0557702 1272706 1704674 0557702 1272706 1704674 0871161 1292721 0043047 0599638 1550678 1708533 2698172 0681814 0206243 0699809 0041073 0043047 0439787 0599638 0849355 1550678 1708533 2698172 0492253 0991865 0006353 0031603 0031701 1601799 1418486
 0086045 1446561 0205390 0444598 0549183 1552826
 0449911 0333052 2607870 0557702 1272706 1704674 0557702 1272706 1704674 0349966 1337208

 0597205 0205143 0205390 0392747 0443172 1705241 2347469 2350289 1031041 0449719 1709471 0439531 1948053 0030956 0079160 1708533 2698172
 0086045 1446561 0205390 0444598 0549183 1552826
 0205132 1882932 0695434
 0205132 1882932 0695434
 0205132 1882932 0695434
 0205119 1282913 1551714 0205142
 0695434 0205132 0080129 0439531 1948053 0919414 1553641 0445247
 0080129 0439531 1948053 0205217 0442805 0750482 0442824 0587267
 0205166 1706317 0035853 0995005 0439092 0547044 1444656 0205172 0449432 1705248 0449913 1524062 1553451 1704459 0439531 1948053 0392744
 1274040 1546471 2825142 1547282 0695434 0349966 1337208 1280500 0443228 0549177 1704243
 0695434 0443228 0549177 1704243 1444656 1708533 2698172
 0917903 0443228 1704243 2346753 0205166 1706317 0439531 1948053 0443228 0549177 1704243 0547044 0700321 0311419 1708533 2698172
 0349966 1337208
 1553642 1547282 0017446 0205146 0079160 0920679 0004793 0030956 0162326 0162327 0376298 1519249 1708533 2698172 2346753 0439531 1948053
 0700321 0425943 0205166 0439531 1706317 1948053 0443204 0443228 1704243
 1316572 1317574 1369612 0332459 0565514 0728907 1257972 0439093 0443228 1704243 0150312 0449450 0332459 0565514 0728907 1257972 0015663 0456962
 0449911 0333052 2607870 1413114 0557702 1272706 1704674 0557702 1272706 1704674 0349966 1337208

 0033095 0205148 0460139 1306345 0017446 0205146 0079160 0920679 0004793 0030956 0162326 0162327 0376298 1519249 1708533 2698172
 0991568 1321095 2347093 1705242 2346753 0439531 1948053
 0872145 0205132 0445291 1550648 1552960 1547282 0441889 0456079 1547707 2946261
 0086045 1446561 0205390 0444598 0549183 1552826
 2347469 0033095 0205148 0460139 1306345 0017446 0205146 0085201 0003592 0003591 0021966 0221138 1708533 2698172
 0991568 1321095 2347093 1705242 2346753 0439531 1948053
 0872145 0205132 1547282 0441889 1515981
 0086045 1446561 0205390 0444598 0549183 1552826
 0004927 2707008 0439531 1948053 0079160 0678226 0920679 0004793 0030956 0162326 0162327 0376298 0678640 0750492 1519249 3146286 1708533 2698172 0037633 0525069
 1547282 1279919 0349966 1708533 2698172 0332260 0030956 1708533 2698172 0035853 0995005
 1883708 0205229 2986904 1708533 2698172 0030956 0079160 0205390 0599956 0004600 0205095 0460009 1995000 0085639 0238715
 0695434 3146294 0332183 0349966 1337208 1553642 0205250 1299351 2700149
 0332459 0565514 0728907 1257972 3146294 0033095 0460139 1306345 0439093 0443228 1704243 0030956 1708533 2698172 1719958 0332459 0565514 0728907 1257972
 2346753 1706214 1883067 0030956 1708533 2698172
 0001674 0205172 0030956 0678640 1708533 2698172 0037633 0525069 0035028 0542193 0038435 1881534 1708533 2698172 0700364 0311419
 0439531 1948053 0683607 0040223 3541383 1883708 0205148
 0080129 0439531 1948053 1518422 1947971 0040223 3541383 0205148 0700364 0681018
 0336789 1280500 2348382 0439531 1948053 0695434 2346753 0444499 1947971 2700395 0439086 2827736 2981702 1522410 0683454 0021966 0221138 1708533 2698172
 0695434 0439531 1948053 1947971 0549177 1708760 0683454 0021966 0221138 1708533 2698172 0021966 0221138 1553642
 0557651 2603343 1708533 2698172 0086045 1446561 0439531 1948053 2346753 0444499 0039224 1706073 1706074 0745732 3272378 0025320 0392747 0443172 1515981 1705242 2346753 0439531 1948053 0349966 1337208
 0205134 0349966 1337208 1442162 1550718 3244317

 0040833 1521798 0079160 0920679 0004793 0030956 0162326 0162327 0376298 0695434 1519249 0547044 0700321 0439531 1948053 2346753 0547044 0700321 0443228 0549177 1704243 0332300 0439531 1948053 0700321 2987476 1705242
 1705241 1705242 0700321 0018599
 1705535 0085201 0003592 0003591 0021966 0221138 0443220 0030956 0079160 0681018
 0080129 0439531 1948053 1547282 0332459 0565514 0728907 1257972
 0695434 0332269
 1708533 2698172
 1316572 1317574 1369612 0695434 3146294 0439093 0443228 1704243 2584321 0750492 0050325
 0449911 0039224 1706073 1706074 0557702 1272706 1704674 0557702 1272706 1704674 0871161 1292721 0043047 0599638 1550678 1708533 2698172 0681814 0206243 0699809 0041073 0043047 0439787 0599638 0849355 1550678 1708533 2698172 0492253 0991865 0006353 0031603 0031701 1601799 1418486
 0086045 1446561 0205390 0444598 0549183 1552826
 0449911 0333052 2607870 0557702 1272706 1704674 0557702 1272706 1704674 0349966 1337208

 0597205 0205143 0205390 0392747 0443172 1705241 2347469 2350289 1031041 0449719 1709471 0439531 1948053 0085201 0003592 0003591 0021966 0221138 1708533 2698172
 0086045 1446561 0205390 0444598 0549183 1552826
 0205132 1882932 0695434
 0205132 1882932 0695434
 0205132 1882932 0695434
 0205119 1282913 1551714 0205142
 0206243 0699809 0695434 0557651 2603343 0025320 0392747 0443172 0031843 0542341 0700205 1705273 2350289 1031041 0079160 0920679 0004793 0030956 0162326 0162327 0376298 1519249 1708533 2698172 2346753 0439531 1948053 0349966 1337208 1547282

 1301808 0035853 0995005
 0205251 1299352 1550472 0369637 0441923 0205251 1299352 1550472 0023882 0700321 2700395
 0369637 0441923 0205217 0442805 0205217 0442805 2584321 0033095 0460139 1306345
 0807955 0112081 0073187 0695434 0439531 1948053 1825561 0695434 0695434
 0205250 1299351 2700149 0205216 0392756 0442797
 0004927 2707008 0043047 0067942 0150312 0599638 1550678 1708533 2698172 0001861 0043047 0599638 1518422 1550678 1708533 2698172 3536832
 1882365 1521970 1708533 2698172 1875574 1705535 0542299 0392747 0443172 0033095 0460139
 0449911 0333052 2607870 0557702 1272706 1704674 0557702 1272706 1704674 0349966 1337208

 2350289 1031041 0033095 0205148 0460139 1306345 0030956 0079160 1708533 2698172
 0086045 1446561 0205390 0444598 0549183 1552826
 1511726 3245479 0085639 0238715 0205103 0205134 1518422 1547282
 0349966 1337208
 1547282 1708533 2698172 2346753 0439531 1948053
 0369637 0441923 0205217 0442805 1442095 0456603 1547037 2584321 0369637 0441923
 2346753 0445247 2584321 0369637 0441923 0016203
 2346753 0439531 1948053 0750482 0205216 0392756 0442797 0168944 0369637 0441923 0449911 0333052 2607870 0557702 1272706 1704674 0557702 1272706 1704674 0349966 1337208

 2350289 1031041 0033095 0205148 0460139 1306345 0085201 0003592 0003591 0021966 0221138 1708533 2698172
 0086045 1446561 0205390 0444598 0549183 1552826
 1511726 3245479 0085639 0238715 0205103 0205134 1518422 1547282
 1514811 1706462 0085201 0003592 0021966 0221138 1412468 0003591 0050325 0960756 1521761 2827422 1704675 1412058 0916204 1412058 0242738 1148932 0720544 1148923 0243122 0439267 0450240 0596902 1145667 1167622 1706210 0439267 0596902
 0178555 0008387 0008377 0014898 0348078 0376315 1522492 0023821 0023820 0178587 0205250 1299351 2700149 0023688
 0032214 0600138 0035820 1705810 0025519 0025520 0023821 0023820 0178587 0205250 1299351 2700149 2248593 1159709 0005528 0008377 1317949 1515981 1555029 3495449
 1514562 1148636 0085201 0003592 1273517 0003591 0021966 0221138 0003591 0018882 0229304 1704821 1705682 0740116 2827735 2981700 0075804 0205431 0205341 0002518 0002520 2917660 0001128 0162326 0202406
 0178566 1337528 2984568 0444669 1167518 1706352 1882467 3274653 0023882 0205369 0205372 0678594 0700321 1552740 2700395 0184512 1704675 0369718 0441922 1553036
 1148636 0023779 0243122 1145667 1167622 0423896 0456205
 0599156 2700061 0348078 0376315 1522492 1511695
 1707271 0017446 0205088 0205147 1705314 1705315 0039869 1883351 1548602 1704686 0033618
 1101522 0085201 0023767 0003592 0003591 0021966 0221138 0348078 0376315 1522492 1704241 0439084 0728893 0085201 0003592 0003591 0021966 0221138 0023779
 0205341 1705914 1518422 1516240 1145667 1167622 0023779 0337112 0441987 0520511 1524075 1527178 1704711 1705938 1706211 0004457 0999597 1522496
 0018882 0229304 1017315 1704821 1705682 0017446 0205146 0871968 0024348 0439680 0019932 0444598 0549183 1552826 1167322 2752508 0439267 0332501 0520511 1704711 0680220 0018882 0229304 1704821 1705682 0017446 0205146 0456387 1705943 0442504 1704765 1882509 3496241 0009085 0337112 0441987 1524075 1706211 1880022 1708533 2698172 0337112 0441987 1524075 0332251 0230037 1289210 0015450 0205099 0813983 1281591 0439086 2827736 2981702
 0205341 1705914 1518422 0017446 0018882 0205146 0229304 0456387 1017315 1704821 1705682 1705943 1880022 0002520 0002520 0456387 1705943
 0871161 1292721 0205341 1705914 1518422 0443211 1272684
 0205341 0205451 1547730 1705914 1709915 1882936 0332296 0348078 0376315 1522492 1880497 1996904 0039869 1883351 0017446 0205147 0032214 0600138 0035820 1705810 1511695
 0026559 0029237 0029246 0220885 1300196 1522486 1883351 0332462 1880834 0205341 1547730 1705914 0031843 0542341 0700205 1705273
 0004927 2707008 0001861 0043047 0599638 1550678 1708533 2698172 3536832 0557651 2603343 0237753 0449788 0035173 0947630

 0014653 0205148 0205415 0332261 0560184 1947932 0006353 0033684 0017110 0596601 0033095 0460139 1306345 0002520 2917660 0001128 0202406 0557651 2603343 0725813
 0150312 0033684 0439559 1882358 0086296 0205390 0444598 0542339 0549183 1264637 1419856 1427213 1552826 1561571 1561572 3538757 0033095 0344329 0392748 0460139 1306345 0369637 0441923 0805132 0017446 0205146 0002520 2917660 0001128 0202406
 0085201 0003592 0003591 0021966 0221138 0439560 0205390 0332261 0444598 0542339 0549183 1264637 1552826 1947932 2348205 0033095 0460139 1306345 0369637 0441923 0442818 0017446 0205146 0002520 2917660 0001128 0202406
 0442999 1621797 0557651 2603343 0332257 0085201 0003592 1515146 0003591 0021966 0221138 0150312 0599156 2700061 0002520 2917660 0001128 0202406 0036974 0332521 0344329 1880118 0043194 0258432 1421478 0002520 2917660 0001128 0202406 0369637 0441923
 1518422 0700364 1883351 0599156 2700061 0033095 0460139 1306345 0870703 0126577 0369637 0441923 1709305
 0003592 0003591 2348205
 0150312 0439559 1882358 0037494 0205390 0332261 0444598 0542339 0549183 1264637 1552826 1947932 1959973 0599156 2700061 0168944 0369637 0441923 1709305 2745955
 0442999 1621797 0206243 0699809 0026018 0205143 0043301 0034571 0043299 0043309 1306645 1962945 0086894 0851346 2314876 0033095 0036974 0332521 0344329 0460139 1306345 1515981 1880118
 0026018 0205143 0556636 1269776 1547282 0043301 0034571 0043299 0043309 1306645 1962945 0086894 0851346 2314876 1547282 0205148
 1704675 0872351 0557651 2603343
 0557651 0947630 2603343 0205148 0934502 1522408 1561599 0332261 1947932 0003591
 0033684 0205321 0205148 1719958 0031676 0033095 0460139 1306345 0205217 0442805
 0033095 0460139 1306345 2584321 0677038 1881187 0442805 0033684 0679006 1947967 0001861 0043047 0599638 1550678 1708533 2698172 3536832
 1533716 0085201 0003592 0003591 0021966 0221138 2987476 0030956 1511726 3245479 2699424 0004927 2707008 1708533 2698172 0043047 0599638 1550678 1708533 2698172 1875574
 0557651 2603343 0001674 0439294 0439526 1708533 2698172 1524063 0449851
 1547282 0085201 0003592 0003591 0021966 0221138 0449445 0014653 1547026
 1883351 1517331 0004927 2707008 1708533 2698172 0206243 0699809 0947630 0085639 0238715 0233426 0040223 3541383 1442103 1547049 0332459 0565514 0728907 1257972 0085201 0003592 0003591 0021966 0221138 0085201 0003592 0003591 0021966 0221138 0871208 1521828 0205148 0871161 1292721 1708533 2698172
 0085201 0003592 0136026 0003591 0021966 0221138 0679006 1947967 0030956 0079160 3161035 1292711 0205099 0449719 1709471 1879652
 0030956 0043047 0067942 0599638 1550678 0557651 2603343 0001861 0043047 0599638 1550678 3536832 1708533 2698172 1547282 1883351 0392756 0547047 0031843 0040223 0542341 0700205 1705273 3541383 0086045 1446561 0002520 2917660 0001128 0202406 0522534 1883351 0577306 1883351 0441722 0443221 1708533 2698172 0332459 0565514 0728907 1257972
 0150312 0449450 0557651 2603343 1547282 0030956 0079160 2348205 0441994 1548802 2003888 0168944 0369637 0441923 0557651 2603343 0444598 0549183 1552826
 0332459 0565514 0728907 1257972 0441722 0443221 0030956 0205390 0683607 1883351
 0205171 0332459 0439831 0565514 0681018 0728907 1257972 1720467 0871208 1521828 2346753
 2346753 0871208 1521828 0683607 0030956 0205148 0205148 0205229
 0033095 0460139 1306345 0205148 2987476 0750572 1883351 0369637 0441923
 0085201 0003592 0021966 0221138 0344315 0549249 0031843 0040223 0542341 0700205 1705273 3541383 0086045 1446561 0441994 1272755 2003888 0378372 0369637 0441923 0557651 2603343 0444598 0549183 1552826 0700308 0033727 0369286 0441932 0564385
 0085201 0003592 0003591 0021966 0221138 1637379 0205148 0332260 0332459 0728907 0205148 1637379 1883708 0205148 0205229
 0871208 1521828 0015663 0456962 0871208 1521828 0085201 0003592 0003591 0021966 0221138 0205390
 0332459 0728907 0683454 0021966 0221138
 0015127 1524003 0205148 0205148 0205229 0871208 1521828 0205280
 1184743 1522240 0085201 0003592 0003591 0021966 0041073 0221138 1708533 2698172 0205435 1279901 1293107 1705849 0205148 0205436 0457385 0565930 1561503 1705190 0205250 1299351 2700149 0033095 0460139 1306345 1293107 1705849 0205148
 0750572 1883351 0369637 0441923 0449864 0750572 1883351 0369637 0441923
 0017446 0205146 0205134 0871161 1292721 1516048 1705242 0871208 1521828
 0871208 1521828 0015663 0442824 0456962 0033684 0700364 0681018
 0439531 1948053 0443347 0439834 0442824 0449432 1705248 0678226 1524062 3146286 1184743 1522240
 0205250 1299351 2700149 0085201 0003592 1422268 0003591 0021966 0221138 0369637 0441923 0441994 1548802 2003888
 1881534 0036658 0085201 0003592 0003591 0021966 0221138 1880389 1883221 3541951 0205392 0750492 3540770 1510827
 1880389 1883221 3541951 0033095 0441994 0460139 1306345 1548802 2003888 1880389 1883221 3541951
 0030956 0079160 0018882 0229304 1704821 1705682 0039290 0075804 0205341 0205448 1705914 0332529
 0027552 0686904 0205250 1299351 2700149 0033095 0460139 1306345 1883351 1708533 2698172 1719958 0243122 1145667 1167622 1292711 0449719 1709471
 0205250 1299351 2700149 0033095 0460139 1306345 1514873 1883351 2584321 0449864 1883351 0085201 0003592 0003591 0021966 0221138
 0205321 0030956 0001861 0043047 0599638 1550678 1708533 2698172 3536832 1524063 0033095 0460139 1306345 0449851 0205170 1301725 1609436 3146287
 0876919 1705242
 0242485 0205390 0018670 0205321 0441833 0687744 0813983 1257890 1281590 1552516 1552839 1705428 1705429 1706305 0337112 1524075 0086045 1446561 0031676 0202177
 0441994 1548802 2003888 2827826 0086045 1446561 0683454 0021966 0221138 0441994 1548802 2003888 0033095 0460139 1306345 0015264 0031676 0443228 1704243 1265611 0205321 0442805 0033095 0205148 0460139 1306345
 1184743 1522240 1882365 0017446 0205147 1515981 0678607 1704675 0020242 0001861 3536832
 0018563 1281583 1552914 0868928 1706255 1706256 0030956 0079160 1882932 0806909 1552615 2826546 0033095 0460139 1306345 0030956 0443211 1272684 1708533 2698172 0004600 0205095 0460009 1995000
 0282413 0205321 0872351 0033095 0460139 1306345 1708533 2698172
 0030956 0205321 0872351 1517001 1883351
 1553033 1292711 0449719 1709471 0041073 0205148 1293132 0683454 0021966 0221138 1954201 0003595 0683454 0119082 0349966 1337208
 1292711 0449719 1709471 1518422 2963144 0205099 0205392 1879652 3540770 1880389 1883221 3541951 1880389 1883221 3541951 0205171 1720467 0205263 1883351 0348078 0376315 1522492 0018882 0229304 1704821 1705682 0031676
 0449911 0333052 2607870 0557702 1272706 1704674 0557702 1272706 1704674 0349966 1337208

 0683268 3161035 1708533 2698172 2827734 2981698
 1101522 0085201 0023767 0003592 0003591 0021966 0221138 0041073 0043047 0599638 1550678 1708533 2698172 0040223 3541383
 1720092 1948045 1708533 2698172 2584321 0014653 1547026 0085201 0003592 0003591 0021966 0221138 0522534 0567416 1705188 0205091 1552822
 0085201 0003592 0003591 0021966 0221138 0015264 0033095 0205148 0460139 1306345 0369637 0441923 0033684 0205148 0332261 1947932 0205393 1518422 0018882 0229304 0444868 1017315 1704821 1705682 3539085 0041073 0043047 0425152 0599638 1550678 1708533 2698172
 0547047 1947971 0033095 0205148 0460139 1306345 0740116 2827735 2981700
 1947959 0301641 0392747 0443172 0085201 0003592 0003591 0021966 0221138 1709305 2745955 0683607 0085201 0003592 0003591 0021966 0205392 0221138 0444598 0449719 0549183 1552826 3540770 0041073 0043047 0599638 1550678 1708533 2698172 0035253 1622890 0332257 0369718 0441922 1553036 0369718 0441922 1553036 1553033 0231441
 0017446 0205146 0017446 0205146 0205313 2347409 1883708 0442824 1637379 0449719 0817086 0004600 0205095 0460009 1995000 0439086 2827736 2981702
 0449468 1690016 1705102 2700258 0205216 0392756 0442797 0392756 0547047 0017446 0205146 0033095 0205148 0460139 1274040 1306345 1546471 2825142 0369637 0441923 1883708 0033684 0205390 0599956
 0033095 0460139 1306345 0369637 0441923
 0033684 0205091 0205148 1552822 0033095 0460139 1306345 0750492 0205148 1293132
 0449913 1553451 1704459 1637379 0205229 0205313 0449468 1690016 1705102 2347409 2700258 2986904 0439084 0728893 0025252 0033684 0026377 0205313 2347409 1517945 0205148 1706214 3244320 1883067
 0085201 0003592 0003591 0021966 0221138 0205314 1883067
 0022702 0220865 2825046 0085639 0238715 0558058 0040223 3541383 0042789 1947903 0439834 2348205 0205390
 0178566 1292711 0449719 1709471 1145667 1167622 1705242 1510827 0023779 0205148 0205448 0282443 0332185 0439844 1999244
 1512612 1705535 1316572 1317574 1369612 0597177 0567416 1301886 1514721 2348147 3542016 0085201 0003592 0003591 0021966 0026377 0221138 1551359 2741673 2981730 0180459 1556138 1705229 2348299 1705535 0205448 0018882 0229304 1017315 1704821 1705682 0012456 0180459 1556138 1705229 1959616 2348299 0036588 1551994 3244295 0332281
 0332185
 0557651 2603343 0001674 0772274 1959616 0014020 1547282 0052201 1265611 2984964 1708533 2698172 0369718 0441922 1553036 0332297 1145667 1167622 1689898 2349209
 1265611 1273517 0205171 1720467 0014020 0259862 0332297 0597177 1145667 1167622 1689898 2349209 0205431
 0557651 2603343 1518422 0033095 0205148 0460139 1707520 0750591 0563547 0025320 0392747 0443172 0014020 0205148 0259862 1709305 2745955 0030956 1145667 1167622
 0700321 0750572 0772274 1959616 0014020 1301886 0033095 0205148 0460139 1306345
 0085201 0003592 0003591 0003595 0523511 1412481 0332297 1145667 1167622 1689898 1708533 2349209 2698172 0033095 0205148 0460139 1306345 0442805 0522527 0033684 0332297 1145667 1167622 1265611 1689898 2349209
 1705535 0567416 0014020 0259862 1708533 2698172 0369718 0441922 1553036 1145667 1167622
 0033684 1145667 1167622 0677038 0442805 0205423 1704787 0033095 0460139 1306345 0205088 1705314 1705315 0205148 1719958
 0522534 1707271 0332297 1145667 1167622 1689898 2349209
 0750572 0033095 0205148 0460139 1306345
 0518609 0014020 0332290 0033095 0205148 0205251 0332297 0460139 1145667 1167622 1299352 1550472 1689898 2349209 0205251 1299352 1550472 0683454 1265611 1708533 2698172 0033095 0205148 0205250 0460139 1299351 2700149
 0557651 2603343 0001674 1708533 2698172 0003595 0523511 1412481 1515981 1707455
 2825232 0043227 1521721 1955970 0027468 0018173 0018684 0021622 1548284 3245503
 0010186 0220812 0449719 1709471 0220808 0680264 0007961
 1706852 0522501 1706089 0949214
 0205155 1293097 1522472 1552923 1705191
 0282413 0376649 1442065 0031842 0031843 0005553 0036375 3272372 0006037
 0254343 0796520 3272379

 0085205 1549619 1880669
 0013849 1705961 0024492 1538057 1547565 0006463 0059804 0000723 1273517 0085201 0003592 0003591 0021966 0221138 0021966 0221138
 0023821 0023820 0178587 0205250 1299351 2700149 0023821 0023820 0178587 0205250 1299351 2700149
 0037293 0181496 1710492 0041004
 0043047 0599638 1550678 0043047 0599638 1550678
 0023825 0023823 0442811 0023820 0178587 0205251 0442824 1299352 1550472 0023825 0023823 0442811 0023820 0178587 0205251 0442824 1299352 1550472
 0012456 1959616 0012456 1959616
 0043047 0599638 1550678 0043047 0599638 1550678
 1959616 1959616
 0043047 0599638 1550678 0043047 0599638 1550678

 0052199 0003595 0523511 1412481 0052199 0003595 0003591
 1704972 1704973 1704972 1704973
 0030956 0079160 0030956 0079160

 2986676 0331968 2699100
 1514811 1706462 0557061 2584313 1514811 1706462
 0444598 0549183 1552826

 2347961


 0201682
 0025141
 0369773 2603361 0205090 0684010 2603358


 0444598 0549183 1552826 1708595 3280986

 0025141
 0369773 2603361 0443013 0444598 0549183 1552826
 0597277 1708601 0033727 0369286 0441932 0564385
 0439267
 0439267
 0444598 0549183 1552826

 2347379
 0000857 0600678 1552863
 0444598 0549183 1552826
 0033213 1706387 0014137 0025519 0025520 0023820 0010054 0010068 1956346 0205042 0852949 1269008 0003842 0012634 0018787 0226004 0017446 0205146
 1704324 0034036 0006037 0023493 1961099
 0205090 0684010 2603358 0700321
 0444598 0549183 1552826 0205090 0684010 2603358
 0439267
 0439267


 0201682
 0025141 0033727 0369286 0441932 0564385

 2347469 2603362
 0597277 1708601
 0444598 0549183 1552826 1708595 3280986
 0005477
 0439267 0439267
 0444598 0549183 1552826


 0025141
 0439267 0439267
 0444598 0549183 1552826




 0025141
 0444598 0549183 1552826


 0444598 0549183 1552826
 1553033
 0444598 0549183 1552826


 0201682
 0205090 0684010 2603358
 0017596 1947936


 0444598 0549183 1552826


 0201682
 0227136 0439114
 0005477 0025141 0021966 0221138
 2603360
 0021966 0221138
 0005477 0025141 0033727 0369286 0441932 0564385
 0369773 2603361 0369773 2603361 0444598 0549183 1552826



 0201682
 0444598 0549183 1552826

 0597277 1708601 0444598 0549183 1552826
 2603362
 0439114 0439267
 0444598 0549183 1552826
 0369773 2603361




 1194380
 0947630 0030956 0079160 0920679 0030956 0008813 0596436 1282913 0206755 0034571 0043299 0043309 1306645 1962945 0010424 0086894 0851346 2314876
 0039828 1512022 1704729 0005553 0036375 0006037 0033727 0369286 0441932 0564385
 0005477 0025141 0444598 0549183 1552826
 1553033 0597277 1708601


 0025141 0597277 1708601
 0444598 0549183 1552826
 1553033



 0025141 2347469

 0444598 0549183 1552826
 0005477 0025141 0597277 1708601

 0444598 0549183 1552826



 0025141
 0444598 0549183 1552826

 0005477 0025141
 0444598 0549183 1552826

 0005477 0025141
 0597277 1708601
 0444598 0549183 1552826



 0025141 0205090 0684010 2603358
 2347469
 0444598 0549183 1552826



 0201682
 0205090 0684010 2603358
 2347469 0335326 1306756
 0205090 0684010 2603358
 0439267
 2603362

 2347379
 0439267 0444598 0549183 1552826 1291910 1295018 3541258 0444598 0549183 1552826
 0444598 0549183 1552826

 0597277 1708601 0205090 0684010 2603358
 0444598 0549183 1552826 0205090 0684010 2603358
 0016327 0439133 1553038 0444598 0549183 1552826

 0369773 2603361 0439267
 0444598 0549183 1552826

 2347379
 0439394 1706495 3642217
 0444598 0549183 1552826


 0201682
 0205090 0684010 2603358
 2603360


 0000857 0600678 1552863 0439394 1706495 3642217
 0444598 0549183 1552826 2347379

 0205090 0684010 2603358 1652689


 0201682
 0000857 0600678 1552863 0369718 0441922 1553036 0861352 0444598 0549183 1552826 0439267 0335353 0205090 0684010 2603358
 0201682

 0023779 0450389
 0033727 0369286 0441932 0564385
 0033684 1708533 2698172 0402830 0205090 0684010 2603358

 0033727 0369286 0441932 0564385
 3272373 0336932
 0369718 0441922 1553036 0999213 0016327 0439133 1553038 0023493 1961099
 0205090 0684010 2603358
 1418943

 0268596 2700624
 3642273

 2603362

 0439114
 1418943

 0268596 2700624
 3642273

 2603362

 0227136 0439114
 0005477 1652689 0597277 1708601

 0033727 0369286 0441932 0564385


 0201682
 0205090 0684010 2603358 2347469
 0444598 0549183 1552826 0444598 0549183 1552826


 0025141 1652689
 0033727 0369286 0441932 0564385 0597277 1708601

 0597277 1708601



 0201682
 1883069
 0444598 0549183 1552826



 0201682
 0023493 1961099
 0205090 0684010 2603358 0700321
 0444598 0549183 1552826 0439267
 0439267 0205090 0684010 2603358
 2603362
 1418943

 0268596 2700624
 3642273

 2603362

 0000857 0600678 1552863 0023493 1961099
 0205090 0684010 2603358
 0444598 0549183 1552826
 0349590 1262865 0025141 0554249 0033727 0369286 0441932 0564385
 0444598 0549183 1552826 0605411
 0369773 2603361



 0000857 0600678 1552863
 0369773 2603361

 0439267 2603362
 1553033 0439267
 0444598 0549183 1552826
 0001483
 0555903 1420218
 0201682
 0025141 0442999 1621797
 0444598 0549183 1552826 0205090 0684010 2603358 0228539 0228540 0262254 1020282


 0201682
 2347469 0205090 0684010 2603358
 0439114


 0025141 0033727 0369286 0441932 0564385 0444598 0549183 1552826


 2347379
 0025141
 0439267 0443013
 2603360
 0033727 0369286 0441932 0564385 2347469
 0033727 0369286 0441932 0564385
 0369773 2603361
 0005477 0450348 0025141 0033727 0369286 0441932 0564385 0369773 2603361 0016327 0439133 1553038 0597277 1708601
 0033727 0369286 0441932 0564385 0444598 0549183 1552826



 0201682

 0444598 0549183 1552826 0444598 0549183 1552826

 0001483
 3272373

 3642273
 0025141 1527021 1554111 1705606 3541382 0441061 0179636 1824528 0239110 1706852 0239110 1705565 1947976 0687676 1704687 0557854 0013849 1705961 1706852 0282420 1706852 1138432 0239110 0162443 0205314 0033213 1706387 1706852 0439394 1706495 3642217
 1706852
 0444598 0549183 1552826
 1706852 0439394 1706495 3642217
 1706852
 0444598 0549183 1552826
 0039224 1706073 1706074 0162443 1521991 0162443 0026376 0005532 0009993 0013621 0013622 0013658 0037455 0039401 0596070 1521991 1552856 0005477 0026376 0005532 1521991