 0599155 2985438 0026882 1705285 0033684 0392747 1274040 1546471 2825142 0599896 0040715 2987521 0033727 0369286 0441932 0564385
 0021966 0221138
 1210523

 0439267

 0016327 0439133 1553038
 0015535 0557806 0023973 0041700 1708611 0166872
 0565990 1552471 0205099 0205476 3245503 0021622 1272753 0152036 1522005 0441833 0687744 1257890 1552516 1705428 1705429 0020174
 0021622 1272753 0000876 0020174
 0017480
 0030705 0520510 0557061 2584313 1514811 1706462 0796149 0039082 0005779 1458140 0012634 0231174 0680095 1880022 0031623 0301704
 1100858 0001480 0001443 0146894 0243122 0450240 0596902 1145667 1167622 1706210 1412058 0031623 0040715 0301704 2987521 1516048 0035820 1705810 0796149 0039082
 0441889 0023516 0030705 0150312 1707455 0243148 1550141 1882979 2587213 3274648
 0030705 0796149 0019425 0332197 2699517 0243148 1550141 1882979 2587213 3274648
 0596988 0002085 1883559 1515670 0035696 0185117 0392756 0026882 1705285 1412058 0017337 0205396 1550043 1551388 0086860 1705535 0596611 0026882 1705285 0012634 1314939 0030705
 0681828 0947630 1547282 0221099 0684336 0599896 1412058 0007603 0025255 0032105 0596901 1550098 1706182
 1514559 0024264 0796149 0009498 0274281 0332157
 1511726 3245479 0026882 1705285 0031437 0031623 0040715 0301704 0332452 1285572 1880177 2987521 0030705 0796149 0039082
 0030705 0520510 0557061 2584313 1514811 1706462 0796149 0039082 0796149 0039082 0678236 1836348 0005779 1458140 0012634 0242356 0993637 0950133 0950133 0683231 0024554 0025266 0086418 0242538 0728826
 0030705 0596070 1556084 0205447 0596227 0205396 1550043 1551388 1136375 0449774 0439673 0740116 2827735 2981700 1524063 0042153 0457083 1947944 0449445 1292724 1883351 0744369 0221198
 0449381 0796149 0039082 0015272 0237881 0750502 1546944 0243067 0017337 0524899 2827734 2981698 0740116 2827735 2981700 1518422 0031437 1285572 0796149 0558058 1704675 0205172 0017337
 1521970 0332197 1689985 0031623 0301704 1708664 3273178 0007603 0699040 0205148 0005821 1963076 0359589 1999230 0205148 1704241
 1457869 1861101 0014644 0024264 0030705 0042776 0319157 1396851 1441672 1510411 0796149 0039082
 0441712 1706376 0699040 0007634 0205148 1269647 1704653 1948049 0332282 1292856 1948023 0680243 0033684 0032214 0600138 1705535 0035820 1705810
 0132777 0031676 0202177 2247789 0700364 1883351 0848894 0205307 0439166 2347086 0796149 0039082
 0001480 0001443 0146894 1100858 0001480 0001443 0146894 0243122 0450240 0596902 1145667 1167622 1706210 1412058 0031623 0040715 0301704 2987521 0017296 0238767 0314603 0332453 1706086 0021467 0021469 0220806 1628982 3272558 3463820 1518422 2963144 1412058 0031623 0301704 0038164 0026882 0033684 0079613 0182953 1704734 1704735 1412058 0039292 1412058 0012634 1704429 2931838 3165209 0268197 0023821 0020623 0011155 0015576 0023820 0162429 0178587 0205250 0241888 1299351 1623416 2700149 0012634 0348080 1705253 0023821 0023820 0032105 0178587 0205250 0332197 1299351 1550098 1689985 1880022 2700149 0012655 0220898 1264642 1547045
 1883712 0030705 1547282 1883351 0015272 0920267 1254881 0005821 0031843 0542341 0700205 1705273 0332290 1517331 0040715 2987521 0019087 0012655 0333275 0558058 1521970
 0243067 0796149 0039082 1516048 0185117 0031843 0542341 0700205 1705273 0030705 0796149 0039082 0030705 0520510 0030705 0520510 0557061 2584313 1514811 1706462 0030705 1948021 0043210
 1521970 1706388 2346469 2348519 1552738 0086282 0220825
 0243148 1550141 1882979 2587213 3274648 1708335 0042960 0580836
 0002778 0936012 1524024 0005767 0005768 0229664 0015663 0439583 0456962 1883727
 0205540 2346845 0086911 0085546 0814851 0015000 0035168 0242481 0335933 1301820 1527243 2699414
 0021430 1511481 1522154 1554192 0018898 1999230
 0449381 0587906 0002424 0019994 0023779 0335933 0442592 1510665 1516048
 0596192 0005767 0005768 0229664 1292430 0015663 0439227 0439583 0456962 0564385 1301820
 0587184 0201950 0543421 1441420 0008377 0229671 0439175 0439810 1546774 1550100 0041004 0392885 1522133 0201950 0428466 0441889 0023822 0025663 0025664 0205554 0449851 1524063 1690540 0243148 1550141 1882979 2587213 3274648
 1278141 0441925 0441889 0003593 0003591 0065058 0125953 1096202 0023820 0444706 3541902 1524063 0005507 0243073 1510438 0454778 0022067
 0023823 0023820 0178587 0205251 1299352 1550472 0023824 0023823 0860920 0065055 0008377 0023820 0178587 0205251 1299352 1550472 0444686 0489829 1441506 1442989 1443182 1705501 2828392 0332283 1719822 0023824 0023823 0860920 0065055 0008377 0023820 0178587 0205251 1299352 1550472 0201950 0543421 0008377 0439175 0439810 0062709 0062152 0023822 0023821 1522133 0065060 0065055 0368910 0008377 0023820 0041004 0178587 0205250 1299351 2700149 0428504 0430038 0031437 1285572 0162802 0004793 0162801 0200898 1550369 0162326 0002778 0012854 0020985 0028630 0162327 0884358 0936012 1519249 1524024 0370231 1546552 1608383 1608936 0005767 0005768 0185115 0229664 0444667 3541890 1524063 0005526 0036397 0041700 1708611 0166872 0302828 1442085 3263700
 0079941 0009219 0017446 0205147 0086860 0600436 0002055 0178499 1709450 1880279 0032520 0337112 0443286 1114821 1335439 1524075 0206415 0600436 0002055 0178499 1709450 1880279 0205144 1706311 0006556 1515981 0814037 0032520 0035380 0040649 0337112 0443286 1114821 1335439 1524075 1555029 0035668 0206415 0332255 0486805 0206415 1517480 1521871 1705759 1522508 1561567 0470187
 1514468 0004793 0162326 0162327 1519249 1704972 1704973 0162326 0004793 0006556 0162326 0162327 1412058 1519249 1707455 1510755 1706078 0598211
 1555721 1706204 1524084 1883562 0441835 0034866 0043227 0441833 0687744 1257890 1552516 1705428 1705429 0002778 0936012 1524024 0032529 0012854 0032520 0337112 0443286 1114821 1335439 1524075 0015295 0332255 0486805 1412058 1708096 0206415 0332283 1719822 0015295 0439084 0728893 0439084 0728893
 0015295 0439084 0728893 0439084 0728893
 1514468 0332283 0678568 0439232 0700321 0702093 1282918 2347166 2349975 1158505 0220781 0439634 1522492 0445138 0028606 0039152 2599617 0001128 0002778 0007610 0202406 0332255 0449913 0678544 0936012 1421479 1524024 1553451 1704459 1708096 1551450 3538705
 0017262 1412058 1515563 0017337 0185117
 0023516 0370231 1546552 1608383 1608936 0005767 0005768 0205409 0229664 0439526 0444667 1548221 0035668 0185115 3541890 1555029 1552738 0002778 0936012 1524024 0006556 1720119 1948037 0332462 1880834
 1709846 0814037 0034746 0032520 0035380 1550177 0040223 0040649 0237400 0337112 0392762 0443286 1114821 1335439 1524075 1555029 3272377 3541383
 0002778 0936012 1524024 0004793 0162326 0162327 0449913 0814195 0884358 1328319 1511790 1519249 1553451 1704459 0041700 1708611 0166872 0312860 0439780 1953384 0206415 0182400 1704681 2347609 3536729 1412058 0015295 0017337 1552738 0332185 0205102 1442989 1553872 1619620 2828392 1414968 3536868 0017855 2260086 0030016 0031603 0031701 1601799 0034760 1999230 0005507 0243073
 0443286 1114821 0206243 0699809 0205174 0439787 0849355
 1265611 0023516 0030705 0032662 0032659 0243148 1257890 1550141 1882979 2587213 3274648 0025663 0205134 0444686 0449851 0680240 0871511 1441506 1442989 1443182 2828392 0185125 1548600 1552738 1706077
 0740116 2827735 2981700
 0035696 0080103 0205345 1547039 0080103 0205345 0444686 1441506 1443182 1547039 0332462 1880834 0185117 0030705 1707455 0796149 0039082
 0242485 0560435
 1519595 1563708 0015295 0080089 0180979 0439787 0684224 0700287 0849355 1442161 1511760 1705858 1880274 3496591 1874187 0002520 0038164 0001128 0033684 1274040 1546471 2825142 1516048 1442090 0456603 1547037 1519595 0025663 0449851 0871511 0032520 1524063 0386577 0021966 0221138 0332583 0039421 0331965 0017480
 1953384 0015295 0206415 1555029 1711300 2700613 0439084 0728893 0439084 0728893 0205195 1953382 0015295 0206415 0439780 0205144 1706311 1711300 2700613 0439086 2827736 2981702 0439084 0728893 1883351 1516048 0332255 1708096 0332257 0015295 1953382 0206415 0439780 1711300 2700613 0205144 1706311 0079809 0242485 0205171 1720467 1519595
 0073429 0206415 0035703 0439780
 1555029 0439084 0728893 0332255 1708096 1273517 1882115
 0032520 0677874 0332256 2700400 0024472 0369637 0441923 0439780 1953384 0206415 0386577 0021966 0221138 0332583 0331965
 1517480 1521871 1705759 1261552 1704379 1705117 2825408 0457385 0884358 1883351 1515877 1879547 0032521 1883351 0218063 0301642
 0032520 0337112 0443286 1114821 1335439 1524075 0439509 0884358 1511572 1524063 0332282 0012634 0348080 1705253 0457385 0457385 0457385
 1511572 0441635 1524062 1883351 0849355 1883720 3244314 1710082 0457385 1514468 1704444 1552132
 1514468 0599882 0002778 0936012 1524024 1521902 0205266 0872403 1947912
 1519595 0936012 1524063 1552961 2347617 1441506 0037585 0080103 0205345 1547039 1552738 1709793 0032662 0023516 0032659 0243148 1257890 1550141 1707455 1882979 2587213 3274648
 0035696 0080103 0205345 1547039 0185117 0332462 0444686 1441506 1443182 1880834 0796149 0030705 0039082 1707455
 0520511 1704711 0443225 0456603 1519595 1547037
 0012854 2827421 0006556 0814037 0032520 0035380 1158816 0035696 0040649 0337112 0443286 1114821 1335439 1524075 1555029 3146294 0023516 0027361 0237401 1301820 0750426 0030705 1552738 0006556 0009013 0049896 0086022 0442335 1705099 0072149 0043193 0006556 0332255 0559956 1299987 1708096 2248788 0332256 2700400 0026882 1705285
 0752046 0028630 0032529 0037179 0087136 0205171 1292748 0162801 0002778 0004793 0162326 0162327 0936012 1519249 1524024 1711411
 1258415 0120285 0033684 0303920 0332583 0699952 0080089 0180979 1705858 0679199 0032520 1552738 0450348 1514468 1704444 0032520 0009013 0032520 0077229 0086022 0146224 0442335 0677874 1705099 0041700 1708611 0166872
 0006556 0049896 0332255 0486805 1708096 2827421 1258415 0120285 0598148 0916204 0020205 0033684 0303920 0332583 0559956 1299987 1412058 2349975
 1883559 0332307 0445392 1547052 0006556 1258415 1564139 0009013 0021966 0221138 0021966 0221138 0072149 2827421 0205197 0725685 1553778 1561491 1711411
 0185117 0597704 1159772 0475264 1744691 0040669 2936239 0185023 0728733 1522662 0242349 2936239 1537000 0007634 0011923 0079595 0121258 0812263 1704817 3282337 0884358 2936239 0007634 0121258 0812263 1282927 1552738 1704817 1879313 3282337 0032400 0071360 0747726 0005971 1139930 3537155 0017237 1145617 3272372 0456695 1292430 0439227
 0007634 3282337 0205170 3146287 0006711 0006712 1161320 0005971 0006675 0006726 0031603 0031701 0040669 0442711 0680240 1139930 1507394 1522729 1601799 2348563 2936886 3537155 0596235 0205170 3146287
 0007634 3282337 1548982 0036082 0991865 0006353 0031603 0031701 0037633 0525069 1601799 1720725 1948050 0439227 0849355 1883720 3244314 0012854 0439584 0456696 1442770 0038636 0231441 0439227 0443218 1161331 2827483 0040669 0947630
 1253961 0007634 3282337 0146951 0133689 0242759 0017237 1145617 0014048 0242823 3538743 2986582 0057142
 0439294 0439526
 2827734 2981698 0079240 1948037
 0026381 0182400
 1705175 1705176 1705177 1705178 1882348 1660749 0475264 1744691 1564139 0916204 0033684 0007634 3282337 0359168 0003250 0003241 0021027 0025914 0025929 0026809 0746619 2986582 2348236 0005903 0039476 1547703 0020758 0016163 0017237 0233660 0332206 0444099 1123023 1145617 1278993 2349190 2700184 0036082 0037633 0525069
 0003241 0021027 0020852 3536873 0369247 0003241 0018019 0021027 0027627 0175668 0205436 0439267 0442726 1265549 1510458 1511790 1621846 1979849 0522529 1071616 2827734 2981698 0079240 1948037 2348236 0005903 0039476 1547703
 0026381 0182400
 0007634 3282337 1626420 1420002 0181839 1706379 1704254 1704922 3542466 0018017 0020940 0023317 0023318 0028908 0038561 0996842 1278892 1517288 1571702 2827727 0017480
 1258415 0120285 0033684 0303920 0332583 0392247 0003781 0023089 0205132 0312860 0458142 0549255 1023865 1550648 1552960 1706315 1948015
 1071616 0205132 1550648 1552960 0392274 0022792 0023089 0458142 1023865 1706315
 1883351 0598447 0549255
 0016315 1516695 1516698 0181868 0205174 1706183
 0175723 0016315 0312860 0443288 0312860
 0487602 1704680 0023089 0205132 0312860 0458142 0549255 1023865 1532472 1550648 1552960 1706315 0016315 0180860 0581406 1516695 1516698 1522664 1704449 1704684 1875155
 3272897 0086972 0369637 0441923 0443299 0687118 1705117 1883727 1704254 1704922 3542466 0037585 0936012 3541314
 0034036 0034037 1704324 1706853 0037585 0449913 1553451 1704459 1826357
 0200931 0002778 0936012 1524024 0206415 0733755 1711300 2700613 0026882 1705285 0884358 1524063 0012634 0348080 1705253 0009013 1524063 0302828 1442085 3263700
 0162802 0200898 0162326 0162801 0002778 0004793 0162327 0936012 1519249 1524024 0814195 0884358 1328319 0205554
 0455052 1521827 0449475 0019378 0004561 0007634 3282337 1514926 0009013 0035366 0086022 0442335 1705099 0392747 1883351 0332256 2700400 0450240 1706210 1999230 2297360 0021622 1272753 0020174
 0079411 3146294 0916204 0042736 0377800 0033684 1412058 0796149 1524063 0025663 0449851 0871511 0392747 1554963
 0006711 0006712 1161320 0006675 0006726 0031603 0031701 0301915 1601799 2936886 0017480
 1550101 1516695 1516698 1273517 0205548 0007634 0013194 0030176 2828395 3282337 0035366 0007600 0007634 0052009 0205132 1269647 1704653 1948049 1273517 1160185
 1883351 1521827 0038116 0032659 1257890 1273517 0025663 0449851 0871511 0035668 0455052 1521827 1552738 0814037 0032520 0035380 0035681 2984241 0040649 0337112 0443286 1114821 1335439 1524075 1555029 0025663 0037179 0087136 0205171 0205409 0449851 0871511 1261552 1548221 1704379 1705117 2825408 1524063 0916178
 0035668 1555029 0006556 0442711 1507394 1522729 2348563 0072149 1524063 0028953
 0006556 1883708 0032520 0337112 0443286 1114821 1335439 1524075 0681850 1550501 1706203 2349001 2697811 1524063 0206415 0442726 0006556 1518422 0004793 0162326 0162327 1519249
 0814037 0200931 0032520 0035380 0040649 1335440 0002778 0337112 0443286 0936012 1114821 1335439 1524024 1524075 1555029 0243148 1550141 1882979 2587213 3274648 0455052 1521827 0028953 0200931 0032520 0002778 0337112 0443286 0936012 1114821 1335439 1412058 1524024 1524075 1707689 2983265 0006556 0439084 0728893 0439084 0728893 0439084 0728893 0439084 0728893
 0002778 0936012 1524024 0796149 0039082 0019378 0004561 0007634 3282337 1512335 0006353 0065042 0243122 1145667 1167622 0019215 0206794 0001128 0202406 0037494 1959973 2678549 1882074 0020283 0450407 0450408 0450409 1883712 0033470 0021966 0033468 0429863 3537219 3539772 0439267 0439526 0059249 1332095 0065042 2827734 2981698
 0026381 0182400
 0016315 0444706 3541902 0331782 0017480 0180279 0806140
 0392148 0370003 2347026 0030695 0150369 0181904 0596972 1521743 1704646 0007587 0007634 0011065 1269647 1306577 1704653 1948049
 1883712 0878412 0598211 0369637 0441923 0017480 0012403 0038770 0038771 0851343 0012403 0243148 1550141 1882979 2587213 3274648 0065042 0235665 0243122 0392747 0443172 1145667 1167622 1705241 0040223 3541383 0034869 1412113 1516077 1272706 0439232 0700321 0702093 1282918 2347166
 1883712 1280500 0010592 0042523 0139121 0012403 0243148 1550141 1882979 2587213 3274648 0878412 0598211 0392747 0443172 0444706 3541902
 1883712 0878412 0598211 0007634 3282337 0006353 0065042 0456692 1442446 0439232 0700321 0702093 1282918 2347166 0012403 0450442 1254351 1521826 0086045 1444656
 0392747 0443172 0205263 0878412 0598211 0040223 0243122 1145667 1167622 3541383 1883708 0034869
 1511726 3245479 0007634 0429863 1527178 1874451 2986582 3282337 3537219 3539772 0037585 0936012 0331782
 0243122 1145667 1167622 0444686 1441506 1443182 1719767 2348589 0042295 0012403 0392148 0444706 3541902 0042295 0392148 0442726 0878412 1511790 0598211 1511726 1552961 2347617 1882932 0444504 1522609 2347634 2348143 0681814


 0439267
 1293097 2919030 2919031 0021622 1272753 0151339 0022877 3244292 0041740 0027778
 0139121 0566602 0331779 0039021
 0220806 0017237 0444099 1123023 1145617 1278993
 0243077 0878412 0598211 0012403 1549535
 1274040 1546471 2825142 0030705 0520510 0557061 2584313 1514811 1706462 0035668 0023516 1521827 0796149 0039082 0205409 0332185 0684224 0700287 1548221 3496591 0205549 2348044 0632490 0369718 0441922 1553036 0001779 0001792 1999167
 0035696 0441889 0814037 1709846 0032520 0035380 1550177 0034746 0040223 0040649 0237400 0337112 0443286 1114821 1335439 1524075 1555029 3272377 3541383 1709793 0080103 0205345 1547039 1524063 0182400 1704681 2347609 3536729 1412058 0015295 0017337
 0035696 0243148 1550141 1882979 2587213 3274648 0030705
 1265611 0442726 1511790 0332257 0015295 0009932 0441869 0243148 0439083 0439087 0441833 0444504 0687744 1257890 1550141 1552516 1705428 1705429 1882979 2347634 2348143 2587213 3274648 0450344 1553633
 1515670 3244092 0185117 0441889 0456079 1547707 2946261 0442811 0205251 1299352 1550472 0205101 0439801 2827734 2981698 0243148 1550141 1882979 2587213 3274648
 1519595 0015295 1292748 0242612 0242611 0009221 1095825 0007600 0007584 0007634 0205132 0237753 0449788 0684224 0700287 1269647 1704653 1948049 3496591 1292732 0185117 0023516 0030705 0796149 0243148 1550141 1882979 2587213 3274648 0369718 0441922 1553036 0001779 0001792 1999167 0439234
 1519595 0150312 1515981 1948021 0450345
 0200931 0002778 0936012 1524024 0814037 1524063 0205369 1552740 0015295 0443127 0015295 1519595 0443289 1515563 0185117 0030705 0796149 1707455 0243148 1550141 1882979 2587213 3274648 0444504 2347634 2348143 0439086 2827736 2981702
 0002778 0936012 1524024 0030705 0441889 1519595 0444504 2347634 2348143 0439086 2827736 2981702
 2346714 1519595 2348205 0444504 2347634 2348143 2827734 2981698 0030705 0796149 0444504 2347634 2348143 2827734 2981698 0035696 0441889 0002345 0678226 0035687 1518422 1523987 2610186 3146286
 0015295 0004793 0021920 0162326 0162327 0230171 1519249 0443289 0004793 0162326 0162327 1519249 0392747 0443172 1705241 0441889 0796149 0023516 0030705 0039082 1441672
 0032529 0450355 0019425 0681842 1882327 1883351 0205396 1550043 1551388 0039224 1706073 1706074
 1518469 0444502 0026591 0008059 0680063 2986417 1883559 0332307 0445392 1547052
 0205419 1518422 0032662 0002085 0032659 0079946 0150312 0243148 0439659 0596227 1257890 1550141 1550512 1882979 2587213 3274648 0017263 0017404 0002778 0678544 0936012 1421479 1524024 0332120
 1707455 0017270 0376249 0439603 0871396 1561548 1705502 0015295 0032659 1257890 2348205 0032659 0239307 1257890 1441672 1535514 0449911 0039224 1706073 1706074 0557702 1272706 1704674 0557702 1272706 1704674 0039224 1706073 1706074
 1555721 1706204 1948021 1292732 0185117 1514468 1704444 0032520 1711300 2700613 0026882 1705285 0814037 0032520 0035380 0040649 0337112 0443286 1114821 1335439 1524075 1555029 3146294 0035668 0796149 0023516 0030705 0039082 0205409 1548221
 1514468 0009013 0004793 0162326 0162327 1519249
 0009013 0004793 0162326 0162327 1519249 0009013 0004793 0162326 0162327 1519249 0026882 1705285 0002085 0796149 0023516 0030705 0032659 0035696 0039082 1257890 1412058
 0449911 0333052 2607870 0557702 1272706 1704674 0557702 1272706 1704674
 1515670 0185117 0023516
 0002778 0392762 0936012 1524024 1524063 0039421 0016321 0182400 0303920 1704681 2347609 3536729 0015295
 0002778 0936012 1524024 0884358 1524063 0025663 0449851 0871511
 0032662 0032659 0243148 1257890 1550141 1882979 2587213 3274648 1706992 0179400 0234621 1533124 1264641 1707156 3274014 3541345 0549183 0876920 2347635 2348144 2939193 0205132 1550648 1552960 0444504 2347634 2348143 0205132 1550648 1552960
 1265611 0243148 1550141 1882979 2587213 3274648 0796149 0206064 0030705 0039082 0185117 0332462 1880834 1882932 0036849 1442518 1705195 0205132 1550648 1552960
 0242485 0205174 0884358
 1515670 0185117 1518422 0025266 0043210 0032662 0032659 0243148 1257890 1550141 1882979 2587213 3274648 1547282
 0013856 0596607 1706746 0013855 0017243 0036681 1382104 1706746 0017243 1382104 1514468 0814037 0023516 0035668 0030705 0796149 0243148 1550141 1882979 2587213 3274648 1524063 0206415 1711300 2700613 0015295
 0175723 1883559 0332307 0445392 1547052 0600436 0002055 0178499 1709450 1880279 0600436 0002055 0178499 1709450 1880279 1519595
 1708639 0005516
 1708639 1639518 1947986 0205160 0243148 1513916 1550141 1882979 2587213 2825415 2825491 3274648
 0002778 0392762 0936012 1524024 0441833 1552738 1999270 3537156 1524063 0039421
 1948021 1547282 0035696 0441889 0015295 0015295 1519595
 0456603 1547037 1518422 0030705 0243148 1550141 1882979 2587213 3274648 1185738 1706132
 0002778 0936012 1524024 0884358 1524063 0025663 0449851 0871511 1552738 0030705 0150312 0332285 0520510 0025663 0025664 0449851
 0032662 0032659 0243148 1257890 1550141 1882979 2587213 3274648 1706992 0179400 0234621 1533124 1522508 0441833 1552738 1999270 3537156
 0449911 0333052 2607870 0557702 1272706 1704674 0557702 1272706 1704674
 0030761
 0027361 0237401 0205208 0302909 0679214 1378566 1444656 1698987 0080103
 0002520 0001128 0027361 0237401 0392366 0019904 0019425
 0963236 1425233 3540559 0021966 0221138 0011065 1546956 0332282 0027051 0186399 0002688 1546539 0332282 0000924 1961149 0332148 0750492 2986417
 0681842 1882327 1883351 1706793 0205088 1705314 1705315 3178796 1514562 0024660 0205309 0596902 1412058
 1555721 1706204 0017797 0332454 0600080 1706211 0002520 0680022 0015576 1704727
 1412066 2247163 0007634 0031676 0178539 0008377 0205280 0733755 1512488 1514562 0017446 0205147 1334043 0237876 1710052 2348205 1412062 0205245 0542341 1709915 1882936 2700217 1552961 2347617
 0475264 1744691 0557651 0947630 2603343 1883351 0022885 0039593 0392366 1825598 0175996 0178719 0599896 1412058 1292748 0026882 1705285 0699952 1258415 0120285 0033684 0303920 0332583 0162768 0007594 1261468 0033684 0332466 1293131
 0162768 0332466 1293131 0205309 1883351 1883351 0031843 0542341 0700205 1705273 0007634 3282337 1517001 0007634 3282337 1258415 0120285 1883559 0916204 0033684 0303920 0332307 0332583 0445392 1412058 1547052 2349975 0016315 0150312 0449450 0699040 0007634 0205148 1269647 1704653 1948049 0333262 0205379 0450429 1515974 1955473 0205091 1552822 0441833 1999270 3537156
 1979874 0023882 0700321 2700395 0016315 0699040 0007634 0205148 0442726 1511790 3282337 1258415 0120285 0916204 0033684 0303920 0332583 1412058 2349975 2827421 0444598 0549183 1552826 0441833 1999270 3537156 0450375 0205091 1552822 0441833 1999270 3537156
 0016315 1441672 0014239 0035295 0332120 0916181 1623216 0001476 0014239 0036226 0001473 0006675 0006726 0035295 0557651 0947630 1706373 2603343 2936886 0005516 0441833 1999270 3537156
 0449911 0333052 2607870 0557702 1272706 1704674 0557702 1272706 1704674
 0002518 0002520 2917660 0001128 0004793 0162326 0162327 0202406 1519249
 0080143 1706765 1547699 2700640 1412058 1412061 1412062 1412063 1412066 0162610 1711300 2700613 0017446 0205147 0796149 0030705 0039082 1705285
 1709915 1882936 0205142 1444656
 0043016 1514562 0522501 1706089
 2945706 1442161 1511760 1880274 0030705 0150312 2931838 3165209 0023821 0020623 0011155 0023820 0162429 0178587 0205250 1299351 1623416 2700149
 0024264 0796149 1412058 0022885 0039593 0392366 0035820 1705810 0040715 2987521 1412058 1883559 0007601 0007600 0205132 1550648 1552960 0796149 0030705 0039082 1301820 1524063 0449913 1553451 1704459
 0814037 0200931 0032520 0035380 0002778 0040649 0337112 0443286 0936012 1114821 1335439 1524024 1524075 1555029 1547282 0598091 0007600 0007634 0205132 1269647 1550648 1552960 1704653 1948049 3244092 0441889 0014644 0004561 0796149 0019378 0398641 2700505 0007634 0030551 0039082 0042776 0319157 1396851 1510411 1707455 3282337 1553637
 1171362 0185117 0019378 0004561 0007634 3282337 0030551 1412058 0796149 0043194 0258432 0441889 0456079 1421478 1511790 1547707 2946261 1624602 2979985 0040407 0439216 1515981 1552738 0020985 0183489 0487602 1704680 1412058 0750489 1511726 3245479 1518422 1547282
 1171362 3244092 0185117 0004561 0007634 3282337 0035696 0441889 1705535 0243148 1550141 1882979 2587213 3274648
 0332120 1412058 0851285 0449450 3244092 0205251 0441889 0456079 1299352 1547707 1550472 2946261 0205410 0878412 0598211 0274281 0332157 2348205
 2364351 0040715 2987521 0205197 0028778 0332206 1412058 1999216 2983591
 0243122 1145667 1167622 0030551 0796149 0007634 3282337 0205250 1299351 2700149 0449475 0007634 3282337 0332148 0750492 0558058 0205419 0445356 1704623 0031437 1285572 0750489 1274040 1546471 2825142 1547282 0185117 0009498 0040715 2987521 0007634 3282337
 0449911 0333052 2607870 0557702 1272706 1704674 0557702 1272706 1704674
 1517332 1171362 0185117 2936239 0007634 3282337
 0205155 1293097 1522472 1552923 1705191 1258415 0916204 0120285 0033684 0303920 0332583 0205091 1552822 1258415 0916204 0120285 0033684 0303920 0332583 0444598 0549183 1552826 0205090
 0016315 1258415 0120285 0332583 1547282 0487602 1704680 1260957
 0026882 1705285 0015127 1524003 1515926 0007603 1513112 0025255 0032105 0596901 0599896 1550098 1706182 1883559 0332307 0445392 1547052 1707455
 2936239 0004561 0007634 3282337 1258415 0916204 0120285 0033684 0303920 0332583 1258415 0916204 0120285 0033684 0303920 0332583 2986582 0332575 1260956 0005516
 0205155 1293097 1522472 1552923 1705191 1258415 0120285 0033684 0303920 0332583 2349975 1547282 0332583 1185738 1706132 0332575 1260956 0599459 1185738 1706132 1258415 0444456 1706359 0221205 1185738 1706132
 0007634 1441672 3282337 0596988 1412058 0035280 0333117 1753315 0014239 0035295 0598268
 1979874 1258415 0916204 0120285 0033684 0303920 0332583 0392752 0007603 0025255 0032105 0596901 1550098 1706182 0442726 1511790
 0369637 0441923
 0449911 0333052 2607870 0557702 1272706 1704674 0557702 1272706 1704674
 0185117 0024264 0205217 0442805 0274281 0332157
 0237944 1711411 0007600 0007634 0205132 1269647 1550648 1552960 1704653 1948049
 0013856 0596607 1706746 1524063 0206415 0728990 0006556 0035380 0035668 0040649 0439175 0439810 1301820 1555029 0014644 0004561 0019378 0007634 0042776 0243148 0319157 1396851 1510411 1550141 1882979 2587213 3274648 3282337 1883559 0332307 0445392 1547052 0598091 0007600 0007634 0205132 1269647 1550648 1552960 1704653 1948049 0014644 0030551 0042776 0319157 1396851 1510411 0004561 0007634 3282337 0030551 0796149
 1708639 1547282 1639518 1947986 0205160 0243148 1513916 1550141 1882979 2587213 2825415 2825491 3274648 1524063 0035668 0796149 0007634 0039082 1412058 3282337 1158770 0243148 1550141 1882979 2587213 3274648 0035380 0728990 1514575 1705542
 0002778 0936012 1524024 0598211 0059249 1332095 0065042 0243122 1145667 1167622 1883559 0332307 0445392 1547052 1883559 0332307 0445392 1547052 0796149 0039082 1412058 0796149 0444598 0549183 1552826 0007634 3282337 1511276 1552825
 0681814 1547282 0243122 1145667 1167622 0598211 0205132 0243122 1145667 1167622 0205263 0878412 0598211 0439232 0700321 0702093 1282918 2347166 0205132 0456692 1442446 0439232 0700321 0702093 1282918 2347166 0205132
 0274281 0332157 0205217 0442805 0007600 0796149 0007634 0030551 0039082 0205132 1269647 1550648 1552960 1704653 1707455 1948049
 1883351 0521093 0750484 1456348 0449982 0031623 0301704 1292856 1948023 0022022 1517596 0678226 0043194 0205217 0258432 0442805 1421478 3146286 0205251 0441889 0456079 1299352 1547707 1550472 2946261 0185117 1516048 0332324 0036667 0312418 0427965 1511883 1522640 2346484 2349185
 0681814 0150312 0017628 1999216 0274281 0332157 1553638
 1979874 0243077 0086045 0028778 0332206 2983591 0596902 0010592 0042523 0139121 0369637 0441923 2827734 2981698 1301751 1280500 2348382
 1274040 1546471 2825142 0332290 1412058 0596902 1517945
 1511726 3245479 1518422 0183683 1521721 0035820 1705810 1705535 0017628 0028778 0332206 2983591 0274281 0332157 0007634 3282337 0332290
 1517331 0274281 0332157 0007634 3282337 1511726 3245479 0521093 0750484 1456348 0185117 1555029 1457869 1861101
 0030705 0520510 0557061 2584313 1514811 1706462 0796149 0039082 3280118 0005779 1458140 0012634 3280121 1457869 1861101 1880022 0274281 0332157 0031623 0301704 1708664 3273178 0007603 2323499
 1412058 0031623 0301704 1441414 1553874 1578820 0035820 1705810 1292732
 0205396 1550043 1551388 0599155 2985438 0026882 1705285 0030705 0796149 0205082 1274040 1546471 2825142 0221099 0684336 0599896 1171362 0185117 0699040 0205148
 0205082 0392756 0678587 0683927 0205361 0441889 1301808 1442792 3148680 0023516 0030705 0796149
 1518422 0392747 0443172 1705241 0456603 1547037 1519595
 0162801 0002778 0004793 0162326 0162327 0936012 1519249 1524024 0443289 1705241 1705242 0682132 0205144 1706311 0079941 0009219 0017446 0205147 0035696 0441889
 0026882 1705285 0017362 0017337 0220905 1704735 2826298 0079613 1883351 0035696 0392756 1412058 1551359 2741673 2981730 0002085
 0026882 1705285 1517945 1551359 2741673 2981730 1705241 1705242 0796149 0039082 1441672 0039292 1412058 0012634
 0449911 0333052 2607870 0557702 1272706 1704674 0557702 1272706 1704674
 0017628 0018790 0237477 0392351 0521111 0274281 0332157
 0243148 1550141 1882979 2587213 3274648 0449475 0019378 0004561 0007634 3282337 0012403 0042444 0348005 2826258 0012403 0332256 2700400 0444499 0017628 0010592 0010592 0042523 0042523 0139121
 0274281 0332157 0456692 1442446 0439232 0444706 0700321 0702093 1282918 1292856 1948023 2347166 3541902 0878412 0598211 1511726 1552961 2347617 1882932 0444504 1522609 2347634 2348143 0681814
 0369773 2603361
 0369773 2603361
 0017628 0018790 0237477 0392351 0521111 0274281 0332157 1412058
 0040715 2987521 0059249 1332095 0005507 0065042 0243073 0243122 0936012 1145667 1167622 1510438
 0007634 3282337 1418486 0017628 0012403 0205171 1720467 1883712 0475371 0059249 1332095 0065042 0243122 0392747 0443172 1145667 1167622 1705241 0040223 3541383 0034869
 0243122 1145667 1167622 0444686 1441506 1443182 1719767 2348589 0042295 0012403 0392148 0444706 3541902 0042295 0022022 0392148 0442726 0878412 1511790 1517596 0598211 0442805 0016315 2986759 0444504 2347634 2348143 0007634 3282337 0032659 1257890
 1511726 1552961 2347617 1882932 0444504 1522609 2347634 2348143 0681814
 1707156 3274014 3541345 1882932
 0030551 0796149 0004561 0019378 0024264
 1412058 0796149 0007634 3282337 1412058
 0035820 1705810 0030705 0796149 0521093 0750484 1412058 1883559 0024264 0030705 0796149 1517331 0031330 0205464 1511726 1521721 3245479
 0185117 0007634 3282337 0031437 1285572
 0916204 0428479 0033684 0441889 0205251 1299352 1550472 0030551 1412058 0796149 0085732 0031623 0301704 0017628 0028778 0332206 2983591 1999216
 0185117 1831759 0947630 0183683 1521721 1512571 0031437 1285572 0796149 1441672 1948021 0449719 1709471 0851827 1701901 3244310
 0035696 0441889 0024264 1979963 2003903 0039224 1706073 1706074 0443289 0205430 3160715 0858322 0020473 0332307 1547052 0201950 0543421 0542495 0428475 0229671 0441889 1546774 1550100 1518422 1547282 1521970 1706388 2346469 2348519 2931838 3165209 0023821 0020623 0011155 0023820 0162429 0178587 0205250 1299351 1623416 2700149 0031437 1412058 0868928 1706255 1706256 0683368 1457887 0012634 0684224 0700287 3496591 0475311 0026882 1705285 1274040 1546471 2825142
 1883712 0030705 0019425 1547282 0439093 0443228 1704243 0752046 0678951 0028630 0032529 0037179 0087136 0205171 0332281 0004153 0205217 0439793 0442805 2983285 1518422 2003902 0332281 0392747 0443172 0005961 0005976 0005953 0086590 0262950 0332835 0376152 0391978 1266908 1266909 1546708 0025914 0025929 0026809 1705535 0185117 1518422 1278073 0428460 0023779 0032105 0441889 1550098 1883727 1883357 1511726 3245479 0392747 0443172 1709305 2745955 1515926 0796149 0030705 0039082 1441672
 0449911 0039224 1706073 1706074 0557702 1272706 1704674 0557702 1272706 1704674 0039224 1706073 1706074
 1979963 2003903 0007613 0007634 0178539 0542341 0596846 0005528 1317949 3495449 0018042 0007603 0025255 0032105 0596901 1550098 1706182 2753858 0243144 0347980 1327415 3156667 3155041 0036536 0036537 1157478 0220781 0439634 1522492 0450355 1412058 0332281 0011155 0162429 1623416 0012634 0031437 1274040 1546471 1883525 2346866 2825142
 0332149 1705910 2362652 1521970 1706388 2346469 2348519 1517892 1704666 0542341 0039292 1412058 0012634 0025255 0163712 0220781 0333056 0439634 0439788 0596901 1522492 1706182 0026049 0600315 0230628 0005758 0221279 2699469 0332290 0220781 0439634 1522492 0031437 1285572 0449381 0920267 1254881 0005821 0031843 0542341 0700205 1705273 0039292 1412058 0012634 0030705 1441672 2707520 1511726 3245479 0151529 0005729 1318440 2673579 0019080 0040223 3541383 0684224 0700287 3496591 0035820 1705810 0005779 1458140 0012634
 1547282 1412058 0005821 1963076 0332268 0030705 0039292 1412058 0025914 0025929 0026809 0332454 0920267 1254881 0005821 0031843 0542341 0700205 1705273 1292856 1948023 0030705 0039292 1412058 0011155 1636779 0009325 1167364 0878412 0598211 1518422 0205263 1705241 1705242 0059249 1332095 0065042 0243122 1145667 1167622 0005507 0243073 1510438 1979874 0030705 1457869 1861101 0024264 0871261 1704632 1706817 2911692 0878412 0598211 1705241 1705242 0678226 2987476 3146286 1705241 1705242 0031623 0040715 0301704 0392747 0443172 1705241 2987521 1292856 1948023 0878412 0598211 0558058 1705241 1705242 0030705 0796149
 0332149 1705910 2362652 1412058 0035820 1705810 0007634 0040300 1441547 1547928 1707455 3245521 3282337
 0221193 1423524 3273411 3273412 1883351 2986676 0004793 0162801 0002778 0018896 0028630 0162326 0162327 0936012 1519249 1524024 1552861 0557061
 1521721 0043227 0034754 0600659 1511545 1515981 1705179
 0221193 0002778 0936012 1524024 0205170 3146287 0681902 0018896 0022877 0025664 0449851 1552861 3244292
 2986676 0030705 0015576 1704727
 2825232 1515023
 1272684 1548435

 0005767 0005768 0229664 2348291
 0016617 0036397 0241315 1521721 3245503 0015770 0000876 0015770 0597277 1708601 0260206 0079816 1556038 0035168 0205476 0242481 1551807 0041700 1708611 0166872
 0002778 0936012 1524024 0033213 0205094 0700364 1706387
 0034036 0034037 1704324 0010186 0220812 1706852 0449719 1709471 0220808 0680264
 1706852 0522501 1706089 0949214 0041703 0205155 1293097 1522472 1552923 1705191
 3273171 0017480
 0013849 1705961 0024492 1538057 1547565 0011198 0017480 3541240 1514811 1706462 0030705 0520510 0557061 2584313 1514811 1706462 0016327 0439133 1553038 0022337
 0796149 0039082 0031623 0221099 0301704 0600210 0684336 1167322 1292267 1533574 1880022 1881827 2752508 0009566 1171258 0012634
 0005767 0005768 0229664

 0015576 1704727 0796149 0039082 0557651 0947630 2603343
 0005767 0005768 0229664

 0016327 0439133 1553038 3538806
 0014772 0014792 0796149 0332256 2700400 0025252 0025255 0033684 0596901 1706182 2698977 0086597 0600210 1533574 1881827
 1315013

 1171362 0185117 0332298 2587213 0026649 0004561 0024264 0030705 0796149 0039082
 0005767 0005768 0229664


 0312856 0019116 0740166 0871261 1704632 1706817 2911692 0025914 0025929 0026809 0011155 1636779
 0005767 0005768 0229664
 0016327 0439133 1553038
 1517892 1704666 1517488 0015576 1704727 2753858 0678236 0012634 0031623 0301704 0439660 0521114 0522498 0679201 1514917 3245504
 2347379
 0025141
 1412058 2239513 0033414 1819990 0332620
 0740116 2827735 2981700
 0439267
 1819990 0332620 0031307 3540252

 2827734 2981698 0025141 0439267
 1880022 0182953 1704734 1704735 1621573 0596902
 2347379
 0025141 0369637 0441923
 1100858 0001480 0001443 0146894 0243122 0450240 0596902 1145667 1167622 1706210 0039292 1412058 0012634 1705285
 0325074
 0025141 0369637 0441923 0036154
 0026882 0039292 1412058 0012634 1704429 2931838 3165209 0268197 0023821 0020623 0011155 0015576 0023820 0162429 0178587 0205250 0241888 1299351 1623416 2700149
 0325074
 0025141 0369637 0441923 0033727 0369286 0441932 0564385
 0039292 1412058 0012634 0026882 0015127 1524003 1100858 0001480 0001443 0146894 0243122 0450240 0596902 1145667 1167622 1706210
 0325074
 0025141 0597277 1708601
 0599155 2985438 0026882 0392747 0599896 0015127 1524003 2931838 3165209 0023821 0020623 0011155 0023820 0162429 0178587 0205250 1299351 1623416 2700149

 0025141 0036154 0439267
 0383129 1166834 0115220 0293866 0439855 1417683 1421412 1704241 1823554 3273872
 2347379
 0025141 1708595 3280986 0439267 0369637 0441923
 0032173 1879547 0039292 1412058 0012634
 0201682
 0369637 0441923
 1705654 0005773 0030705

 0025141
 1880022 0596235 0796149 0039082

 0025141 0035487
 0680844 0681916 0750572 0032105 1550098 0042153 0457083 1947944
 0201682
 0041700 1551090 0014239 0035295 0598268
 0428504 0430038 0031437 1285572 0003595 1706746 0017243 0022169 0036681 1382104 0020985
 0201682

 0034866 0314604 0596611 0017337 0026882
 1883562 0043227 0441833 0687744 1257890 1552516 1705428 1705429

 2827734 2981698 0025141 0021966 0221138 1275573
 0017262 1412058 0017337 0185117 0332281 0427743 1287281 0015663 0017725 0086045 1446561 1550565 0025266
 0025519 0025520
 0025141 0439526
 0020792 0205396 0427861 0449475
 2347379
 0025141 0042789 1947903 0035493 2699077 2699078 3538806
 1158886 0031715 1412058 2247163
 0201682

 0369637 0441923
 1705565 1947976 0007634 3282337 0441889 1517499 0017337 0040671 1705822 0005955 0222677

 0025141 0439267
 0185125 1947919 2347934 3539080 0205419 1517499 0017337 0040671 1705822 0038250 0007634 3282337

 0025141 0439526
 0033268 0040669
 0041703
 0439083 0439087 1420193 1425679 1862190 3538902
 1517499 1861886 0017337 0040671 1705822


 1553668 0025141 1420224
 0220825 1261322 0011900 1704338 1704656 0683509 1511790 1524063 1709846 0599161 0034746 0032520 0035379 1550177 0040223 0040646 0237400 0337112 0392762 0443286 1114821 1335439 1524075 1555029 2257077 3272377 3541383 0032520 0337112 0443286 1114821 1335439 1524075 0015176
 0023418
 0025141 0201975 3539604 0033727 0369286 0441932 0564385 3539925 3541307
 0002778 0936012 1524024 0920679 0004793 0162326 0162327 1519249 0033413 0017446 0086860 0205147 0032529
 2347379
 0025141 0036154 1836672
 0042333 0205419 0332281 0023820 0392747 0441889 3640263 1281905 0035647
 0005775 1516559

 1708595 3280986
 0205214 1522138 3245511 0205419 0392760 1314939 0023822 0858034 0023821 1522133 0065055 0008377 0023820 0178587 0205250 1299351 2700149

 3538867 3538933 0006413 1552663 2827109 0001905 1412243
 0042333 1181121 0205419 0021920 1366529 1335671 0017337 0034821 0023823 0026882 1705285 0332454 0086934 0035687 2610186 0020445 0745103 1366529 0015576 0020443 0241888 1522133 0032529 1882417
 0325074
 0439084 0728893 0025141 0023617 2986899 0033727 0369286 0441932 0564385 2347167
 0004153 0205210 1825598 1412058 0017337

 0450348 0369637 0441923
 0933641 1100858 1412066 1145667 1167622 0085201 0003592 0003591 0021966 0221138 0086597 0031676 0202177 2246761
 0201682


 1861886 0229579 0162610 0006629 0007634 0017337 1269647 1553033 1704653 1948049 2700640 0033684 2348205
 0007634 1269647 1704653 1948049
 0025141 1515101 2986905
 1660642 0475264 1744691 3658341 0086418 0596902 0599896 1412058
 0201682
 0369637 0441923 3538705 1832586
 1707455 0015576 1704727
 0201682

 0021966 0221138
 2246761 0332452
 0441712 1706376 0243125 0699900 0205177 0439167 0441655 1561536
 0201682

 0004793 0162326 0162327 1519249 0243125 0699900 1293130 0085201 0003592 0021966 0221138
 1315013

 0293868 1420296 0293866 0443264 0031227 0243127 0443331
 0201682
 1552154
 0003353 0003504 1100858 0035820 1705810

 0025141 3642216 2986463
 1100858 0001480 0001443 0146894 0243122 0450240 0596902 1145667 1167622 1706210 1412058 0916204 1412058 0815047 2246761 0038164 0815043 1527118 0008377 0031843 0033684 0220905 0542341 0700205 1704735 1705273
 0201682
 0454665


 0025141 0041580 0042014 0021966 0221138
 0021212 1817498 0242640 0033684 0237834 1514892 0532245
 0201682
 0439267
 1880022 0007634 0021585 0770740 1546678 3282337
 2347379
 0025141
 1880022 0020291 0001480
 0443264 0162735 0026882 1552961 1705285 2347617
 0201682
 0230613 0439267
 0017968 0582119 0005528 1317949 3495449 0304497 0013227 0677881 1511636 1947931 0013227 0521102 0221191
 0201682
 0033727 0369286 0441932 0564385 0033727 0369286 0441932 0564385
 0274281 0332157 0427861 1518174 0007634 3282337 1514559 1332002 1704927

 0025141 0205090 0684010 2603358 0279354 1704645
 0039292 1412058 0012634
 0325074
 0025141 0369637 0441923 3541314
 0185117 1880177
 1315013
 3541314
 0004153 0544461 1412058 0024432 1546706 1550652


 0596846 0005528 1317949 3495449 0018042 0007603 0025255 0032105 0596901 1550098 1706182 0332452 0025914 0025929 0026809
 0325074
 0025141 0016327 0439133 1553038 0439267
 1327420 3155041 0036536 0036537 0021753 1334112 1522432 0242738 1148932 1148923 0221099 0243077 0243122 0450240 0596902 0684336 1145667 1167622 1706210 1412058 2239513
 0005767 0005768 0229664
 0439083 0439087
 1524063 0042153 0457083 1947944 0439660 0679429 0031847 0277785

 0025141 1706852
 0005767 0005768 0229664 0453932
 1527021 1554111 1705606 3541382