 0003591 0023820 0010054 0010068 0018799 0012634 0018787 1281570 0007294 0560175 1706209 3273162
 0740116 2827735 2981700
 0740116 2827735 2981700 0439086 2827736 2981702
 0439086 2827736 2981702
 0439086 2827736 2981702 0439084 0728893
 0740116 2827735 2981700 0439086 2827736 2981702 1418712 0036382 0036370 0557800 0036375 0006037 0036382 0036370 0557800 0036375 0006037 0022877 3244292 1704729 0019994 1510665 0036378 0036375 0006037 0022886 0022877 0035168 0242481 1619828
 1883167 0027971 1704729 0019994 1510665 0036378 0036375 0006037 0020017 0019994 1510665 0036378 0036375 0006037 2603362
 0598007 0475309 0205099 0028707 0392209 1442959 0041740 0022271 1514756
 1527075
 1272684 1548435
 0034037 0033161
 0221193
 0254343 0796520 3272379
 0085205 1549619 1880669
 1705961 1550707 0376649 1442065 0013849 1514811 1706462 1334043 1947946 2697616 2948600 3540471 3540472 3540473 0032140 1367553 0003591 0023820 0003591 0040053 0439849 0445223 0021368
 1516048 0035820 1705810 0010068 0003591 0005507 0243073 1510438 1518422 0441730 0032140 0064417 0205341 0332307 0392760 1314939 1367553 1547052 1705914
 0025663 0025664 0449851 0043210 1274040 1546471 2825142 1518474 0018684 0028661 0557651 2603343 1999230 0005767 0005768 0229664 1301725 1609436 0441471 3541888
 0868928 1706255 1706256 0150103 0205448 1707455 1708943 0243148 1550141 1882979 2587213 3274648
 3161035 0005893 1305855 0518010 0242821 0456081 0460148 0577559 0918012 1268086 1306372 1552854 1637833 3152252 0241889 1705495 0015576 0019664 0019665 0262512 0262926 1704727 1705255 2004062 0020538 1963138 0011847 0011849 0042153 0457083 1947944 0026606 0031809 0205177 0205485 0439167 0441655 1509143 1561536 1521970 0190979 0001948 0001962 0001975 1512806 0028873 0456603 1547037 3642216 2827734 2981698 0009667 0237529 1272706 1704725 1704726 2827734 2981698 0003591 0037943 0228341 1707455 2239920 3642216
 0043210 3642216 0016006 1167394 2587184 3642216 0028873 0456603 1547037 0009667 0237529 1272706 1704725 1704726 0450316 2827734 2981698 0010068 0205195 0205251 0441889 1299352 1550472 1707455 1947911 1704675
 0043210 0006560 1879974 0033684 0205332 0028873 0456603 1547037 0009667 0237529 1272706 1704725 1704726 0740116 2827735 2981700 0010068 0205195 0205251 0441889 1299352 1550472 1707455 1947911 1704675
 0003591 0441889 3642216 0332281 1720725 1948050 1277690 1113667 1281905 0035647 0043210 0040053 0439849 0445223 0021368
 1705313 0003591 0023820 0010068 0003591 1514811 1706462 0003591 0023820 0003591 2612459 0003591 1511997 0003591 0012771 1517892 1704666 0205666 0003591 0282458 0920317 0002778 0936012 1042496 1524024 0003591 0035648 0003591 0035647 0205396 1521761 1550043 1551388 2827422 0018787 0441471 3541888 0028873 0242492 0966318 0003591 0035647 0456603 0740116 1547037 2827735 2981700 0009667 0237529 1272706 1704725 1704726 2827734 2981698 1704458
 0004083 0439849 0596306 0699792 1705535 1511726 3245479 0035820 0442809 1705810 1883712 0007294 0560175 1706209 3273162 0003591 0021368 1314939 0040053
 0003591 0332281 0439557 0205178 0205390 0243095 1883351 0033414 1658578 2246389 0700080 0596290 0334094 1514485 1276855 0008018 0035820 1705810 0678594 1705535
 0017968 0237876 0162775 0004793 0162326 0162327 1334043 1519249 2697616 0302070
 0003591 0032140 0597357 1367553 0016017 1305868 0456389 1548673 0237753 0449788 0725813 0441730 0441732 0032140 0064417 0205341 0332307 1367553 1547052 1705914 0032529 1882417 1521761 0205447 0003591 0005507 0243073 1510438
 0557651 2603343 0444706 3541902 0003591 1518422 0441730 0441732 0064417 0205341 0332307 0392760 1314939 1547052 1705914 0025663 0449851 0871511 0205171 0332185 0470187 1720467
 0599755 1518474 0043210 0205847 1516048 1514307 0681890 1522609 0010054 0010068 0018799 0012634 0018787 1281570 0010068 0005516 0023779 0443324 1548559 1707455 0005516 0040053
 1514811 1706462 2348561 0032659 1257890 1518474 1516698 1704814 1518474 0018684 0028661 0557651 2603343 1548602 1704686 1516879 1696073 0028661 0001779 0001792 1999167
 1711239 1883708 0034394 1706422 0589120 1522577 1704685 3274571 0024492 0599755 0439234 1519814 1533716 0243132 1554210 2745955
 0178913 0370003 2347026 0043210 1516695 1516698
 0370003 2347026 0439073 0439082 0456696 1442770 1516698 1704814 0332156
 0205548 0179834 0032105 1550098 1510844 0014792 0005773 1264633 0260055 1550121 0028158 0205390 0302908 0597635 1304698 1546699 1550581 1561501 1698986
 0557651 2603343 0086911 0205540 0282443 0972401 1552617 1948070 0036375 0034019 0699943 3244304 0018684 0019994 0043210 1510665
 0205197 1554962 0750591 1883351 0021430 1511481 1522154 1554192
 1261322 1516048 2349179 2826544 0868928 1533148 1551358 0010068 0005767 0005768 0229664 1516698 1704814 1709305 0332152 0450355 1705850
 0681850 1550501 1706203 2349001 2697811 0010068 1554077 2828389
 0868928 1533148 0521093 0750484 1550543 0679228 0243161 0741933 0683368 1457887 0855329 0392747 0443172 0031831 0282443 1709940 0025102 0551625 1554096 0034869 0205476 1548330 1553414 0332157 0150108 0274281 0449438
 0027051 0428953 2926063 0021308 0027061 1522564 0033204 0332148 1704788 3539106 0025102 0551625 1554096 0034869 0205476 1548330 1553414 1548671 0470187 0019993 1709305 1533716 0021822 0935630 1301820 1096774 2360551
 1552603 1706202 0011065 0918012 1306577 1552854 1637833 3245503 0205396 1550043 1551388 0010068 0018799 0027051 0428953 2926063 0021308 0027061 1302234 1522564 1704788 1705232 3539106 0019980 0521093 0019994 0034869 0750484 1510665 1548330 1553414 0004398 0010068 0011066 0011069 0011065 0586303 1306577 0015127 1524003 1442162 1550718 3244317 0332120
 1550608 0007465 0015127 1524003 1272684 1548435
 0010068 0027051 0428953 2926063 0021308 0027061 1302234 1518422 1522564 1704788 1705232 3539106 0010068
 0868928 1706255 1706256 0150103 1708943 0035139 0559956 1555302 0439234 0439508 0001779 0439234 0439508 0439234 0439508 0439231 0439507 0013113 0439234 0439508 0439231 0439507 0015663 1550565 0449438 0013113 0205250 1299351 2700149 1519386 0449438 2003901 1444637 0521116 1705970 0243148 1550141 1882979 2587213 3274648 0332296 1880497 1996904 0040223 3541383 0011900 1704338 1704656
 0005516 0006560 1879974 0033684 0205332 0337428 0016006 1167394 2587184 0005507 0243073 1510438 0022877 0031831 0884358 1707664 2348314 3244292 3540849 0020017 0019994 1510665 0006037 0041703 3481771 0007670 0007836 0023779 0038136 1709697 1955970 2728259 3484370
 0450074 1532280 0025663 0025664 0449851 0034580 0005507 0243073 1510438 0179038 1272695 1706246 2746065 0011900 0348026 0041703
 0003591 0003591 0023115 0025663 0444706 0449851 0871511 1692890 2349975 3541902 0040371 0022341 0681921 0205419 1707429 0740116 2827735 2981700
 0025663 0449851 0871511 0680536 3272563 0005507 0243073 1510438 1518422 0201950 0441730 0441732 0543421 0444706 3541902 0681921 0205419 1707429 3541329 2827734 2981698
 0086045 0521115 2827734 2981698 0450346 0740116 2827735 2981700
 1704536 0003591 0025663 0439851 0444706 0449851 0871511 1947931 3541902 0331821 0041703 0681921 0205419 1707429 0439086 2827736 2981702
 0205666 0006560 1879974 0033684 0205332 0444706 0449851 3541902 0179038 1706246 2827734 2981698
 0016006 1167394 2587184 0005507 0243073 0444706 1510438 3541902 0179038 1706246 0034760 0179515 1706424
 0043038 0041703 0039593 0392366 0003314 0368675 0003241 0003320 0021027 0443286 1114821 0001801 1551405 2984759 0681921 0205419 1707429 2827734 2981698
 0019878 0019879 0008562 0025663 0449851 0871511 0681921 0003591 0205419 1707429
 0010992 0002778 0936012 1511726 1524024 3245479 1707455 1521970 0036669 0022885 0038492 0039593 0392366 0441833 0687744 1257890 1551041 1552516 1552573 1552839 1705428 1705429 0439828 0589061 0022885 0039593 0392366 1709255 0871608 0523476 1711157 0022885 0039593 0392366 0041004 0205090
 0000925 1883724 1552961 2347617 0003591 0037943 0228341 0243148 0441889 0680240 1550141 1704788 1882979 2239920 2587213 3274648 3539106
 1273517 0023732 0205132 0205246 1553889 3161035 0441889 0456079 1547707 2946261 1508496 0003591 0001779 2587213 0037369 0453996 1881674 0005893 1305855 0518010 0242821 0460148 0577559 0918012 1268086 1306372 1552854 1637833 3152252 1521970 0332156 0449438 0872128 0243148 1550141 1882979 2587213 3274648
 1709380 1522609 1508496 0005910 0043100 0549183 0684320 0684321 0876920 1305866 1508496 1516048 2347635 2348144 2939193 1552961
 0008902 0681876 0042295 0243148 0520511 1527178 1550141 1704711 1705938 1882979 2587213 3274648 1273517 0681925 0034980 0002778 0936012 1524024 0028873 0456603 1610540 0009667 0237529 1272706 1704725 1704726
 0243161 0332257 3538986 3161035 1277690 1113667 0035648 1281905 1553898 0679238 0850664 0035647 1521761 2827422 0005893 1305855 0518010 0242821 0460148 0577559 0918012 1268086 1306372 1552854 1637833 3152252 0457242 0155668 1275835 0019664 0019665 0262512 0262926 1705255 2004062 0439234 0020538 1963138 0011847 0011849 0042153 0457083 1947944 0026606 0031809 0205177 0205485 0439167 0441655 1509143 1561536 0332174 0439230 1508496 1521970 0190979 1546466 1442449 0332173 0439228 0439505 0013113 0019054 1630417 2937287 2945560 0001948 0001962 0001975 1512806 1508496
 1517331 1524062 3161035 3241998 0205447 0005516 0233426 0041004 0205666 0055817 0033684 0016006 1167394 2587184
 0681925 0034980 0002778 0936012 1524024 1273517 0523476 0150102 0022885 0033204 0039593 0392366 0456603 1547037 1883712 0220908 0220909 1698960 1710031 1710477 0023779 1979963 2003903 0035647 0681842 3161035
 0750572 0022417 0392905 1269611 1280500 1706309 2348382 1879847 0005516
 0008902 2348561
 0000925 1552961 1883724 2347617 3642216 0000925 1552961 1883724 2347617 3642216 1273517 1882932 0000925 1552961 1883724 2347617 3642216
 0000925 1883724 1552961 2347617 3642216 0151691 3642216 1442989 1707391 2828392 1550452 1704788 3539107
 1515273 1704675 1705313 2826302 0002778 0936012 1524024 1706214 1719797 2911648 0453882
 0237881 0750502 0523476 0003591 0392366 3161035 0332257 0449432 1705248
 0002778 0936012 1524024 0205448 0441987
 0003591 0439828 0549178 0348078 0376315 1522492 0003591 1518422 1704711 0004083 0439849 0596306 0699792 1515981 0010068 0700364 1883351 0205132 1518422 0003591 0449864 1280500 2348382 1705535 1508496
 1441526 1880157 0242492 0035647 0080103 0205345 1547039 1521970 1518422 1707455 0041095 0206031 0242415 0684320 0684321 0205170 3146287 1707520
 0002778 0936012 1524024 0150103 0456081 1708943 1521761 2827422 1444656
 0449911 0333052 2607870 0557702 1272706 1704674 0557702 1272706 1704674 0035647 0441833 0687744 1257890 1441526 1552516 1552839 1705428 1705429 1880157 1521970
 0449911 0039224 1706073 1706074 0557702 1272706 1704674 0557702 1272706 1704674 0441889 1508496 0003591 1514811 1706462 0032661 1521970 1704970 0332196 2828389 0043210 0003277 0018938 0013227 0013113 0043210 0441889 0868928 1533148 1551358 0027051 0428953 2926063 0021308 0027061 1522564 0010068 0150103 1708943 0243148 1550141 1882979 2587213 3274648
 0868928 1533148 0005893 1305855 0518010 0242821 0460148 0577559 0918012 1268086 1306372 1552854 1637833 3152252 0205172 0332148 0750492 0011847 0011849 0020538 1963138 0155668 1275835 0019664 0019665 0262512 0262926 1705255 2004062 0243148 1550141 1882979 2587213 3274648
 0003591 0005516 0205250 1299351 2700149
 1547282 0441889 1508496 0003591
 0003591 0205666 0332281 0003591 0201950 0428466 0543421 0008377 0439175 0439810 0441889
 1979874 0428475 0441889 0441994 1548802 2003888
 0337428 1318051 0441889 0006560 1879974 0033684 0205332 0019878 0019879 1518422 0332281 0003591 0037943 0228341 2239920 0086045
 0003591 0441889 1518422 0005893 1305855 0518010 0242821 0441833 0460148 0577559 0687744 0918012 1257890 1268086 1306372 1552516 1552839 1552854 1637833 1705428 1705429 3152252 0037369 0453996 1881674 0449438 0282402 0279025 1511726 3245479 1518422 1547282
 0150312 0449774 1511726 3245479
 0449911 0039224 1706073 1706074 0557702 1272706 1704674 0557702 1272706 1704674 0168634 1442488 1521970 0028873 0456603 1547037 0010068 2827734 2981698 0009667 0237529 1272706 1704725 1704726 2827734 2981698 1522410 1508496 0150103 1708943 3161035 0740116 2827735 2981700 0009667 0237529 1272706 1704725 1704726 2827734 2981698 3161035
 1274040 1546471 2825142 1705535 0004083 0439849 0596306 0699792 1277690 1113667 1281905 0035647 0750572 0028873 0456603 1547037 0030705 0086045 1515981 3642216 0003591 1705535 1882932 1264641 1264641
 1517331 0023779 2587213 0005516 0233426
 0028873 0456603 1547037 0332281 0003591 0037943 0228341 2239920 0441889 3642216 2827734 2981698 0442768 2827734 2981698 3161035 2827734 2981698 0009667 0237529 1272706 1704725 1704726 2827734 2981698 3161035
 0449286 1704240 1518422 0376209 0392747 0443172 0456081 1517331 1705241 2945673 0041004 0205666 0006560 1879974 0033684 0205332 0016006 1167394 2587184
 0449911 0039224 1706073 1706074 0557702 1272706 1704674 0557702 1272706 1704674 0028873 0456603 1547037 0009667 0237529 1272706 1704725 1704726 0010068 1508496 0003591 0449911 0039224 1706073 1706074 0557702 1272706 1704674 0557702 1272706 1704674 0028873 0456603 1547037 0009667 0237529 1272706 1704725 1704726 0010068 0332281 0003591 0037943 0228341 2239920 0441889 3642216 1880177 0681842 0010068 3161035 1517001 0441833 0687744 1257890 1552516 1705428 1705429 0006560 1879974 0033684 0205332 0919676 0019878 0019879 0441889 0001779 0037369 0453996 1881674 0449438 0005893 1305855 0518010 0242821 0460148 0577559 0918012 1268086 1306372 1552854 1637833 3152252 0019664 0019665 0262512 0262926 1705255 2004062 0020538 1963138 0011847 0011849 0026606 0031809 0205177 0205485 0439167 0441655 1509143 1561536 0001948 0001962 0001975 1512806 0150102 0022885 0033204 0039593 0392366 0456603 1547037 0681842 1882327 1277690 1113667 1281905 0035647
 1883712 0041004 0205666 0184511 0332272 1561611 0681842 0150102 0022885 0033204 0039593 0392366 0456603 1547037
 1883712 3161035 1552738 1533716 0005516 0023779 0443324 1548559 1999230 0205666 0150102 0022885 0033204 0039593 0392366 0456603 1547037
 0022417 0392905 1269611 1280500 1706309 2348382 1277690 1113667 0035648 0850664 1281905 1553898 0679238 0035647 1521761 2827422 0022417 0392905 1269611 1280500 1706309 2348382 1277690 1113667 0035648 0850664 1281905 1553898 0679238 0035647 1521761 2827422 0003591 0035820 0037943 0228341 0439849 0445223 2239920 0003591 3161035 0150312 0038659 1705535 0003591 0016006 1167394 2587184
 0043210 0441889 0003591 0016006 1167394 2587184 0028873 0456603 1547037 0439086 2827736 2981702 0009667 0237529 1272706 1704725 1704726 2827734 2981698 0043210 1707455 0441889 0005516 1704675
 0376209 0456081 0683269 1518422 0392747 0443172 1705241 0004083 1511726 3245479 1518422 1547282
 3161035 0205171 1720467 0205195 1947911 0006560 1879974 0033684 0205332 0010068 0028873 0456603 1547037 0439086 2827736 2981702 0009667 0237529 1272706 1704725 1704726 0740116 2827735 2981700 1704675
 0205195 1947911 0441889 0442796 1280500 1550602 2348382 0028873 0456603 1547037 0439086 2827736 2981702 0009667 0237529 1272706 1704725 1704726 2827734 2981698 1704675
 0003591 0441889 0151691 0205195 0205251 0441889 1299352 1550472 0442796 1280500 1550602 2348382 0028873 0456603 1547037 0009667 0237529 1272706 1704725 1704726 2827734 2981698 0038659 1705535 1704675
 1514811 1706462 1274040 1546471 2825142 1705535 0003591 0441889 3642216 0332281 1720725 1948050 1277690 1113667 1281905 0035647 0043210
 0523476 0242485 0003591 0359589 1999230 1533716 0023779 0443211 1272684 1999230 1954808 0035648 1553898 0035647 1521761 2827422
 0004083 0439849 0596306 0699792 0010068 1954808 0035648 1553898 0035647 1521761 2827422 0035820 1705810 3245505 0013126 0021368 0040053
 0557651 2603343 0449295
 0205435 1279901 0242485 0205412 0231180 0205419
 1280500 1441672 0681899 0034656 0242485 0439605 0743559 1608199
 0205419 0441889 0242538 0728826 0750554 1708726 0017337 0205436 0150312 0005516 0205393 0205360 1547311 0178913 0005767 0005768 0229664 0370003 1516698 1522240 1704814 0003591 0016006 1167394 2587184 0700364 1883351 0205171 0205360 0456696 1442770 1547311 1720467
 0439073 0439082 0370003 2347026 0456696 1442770 1516698 1704814 0332156 0683951 0332298 2587213 0449381 0392756 0743559 1608199
 0205437 0523476 0242485 0370003 2347026 0332148 0750492 0003591 0392756 0547047 1274040 1546471 2825142 0003591 0086045 0041667 0597298 0009932 0243148 0441833 0687744 1257890 1550141 1552516 1552839 1705428 1705429 1707455 1882979 2587213 3274648 0243125 0699900 0449450 0004083 1441672
 0205117 0332282 1883708 0030705 0441889 0003591 0037943 0205217 0228341 0442805 1551359 2239920 2741673 2981730 0441889 1518422 1533716 0376209 0456081 2945673 0020538 1963138 2349182
 1518474 0018684 0028661 0557651 2603343 1518422 1882932 0150105 0034656 0370003 0439605 2347026
 1881065 0032659 0185125 1257890 1632850 1879355 0003591 0441889 3642216
 1707689 2983265 0016441 0589120 1522577 1704685 3274571 0332283 1719822 0871208 1521828 2607943 2926606 3539655 0242568 0392760 1314939
 0332298 2587213 0035648 1553898 0035647 1521761 2827422 0010068 1274040 1546471 2825142 0750558 1710571 1609982 1521761 2827422
 0242485 0003591 0037943 0228341 1273517 2239920 0242485 0042284 2349101
 0017337 1551359 2741673 2981730 0205419 0439083 0439087 0003591 0086045 0003591 0441889 1518422 0023676 0332281 0376558 0489654 0005516
 0033522 0003591 0441889 0150312 1883351 0442805 0332167 3272283 0035647 0151691 0020538 1963138 0598608 3495426
 0003591 0308779 1705822 1874964 0449416 1705919 0205145 0178324 3263722 3263723
 0033522 1705535 1280500 2348382 0441889 0428460 0023779 0441889 0725813 1883351 0032105 0439175 0439810 0456081 0456603 1547037 1550098 0392366 0022417 0392905 1269611 1280500 1706309 2348382 0150312 1704675 0442796 1280500 1550602 2348382
 0441889 1883351 1547014 1948059 0025266 0043210 1547282 0442805 0441889 2348042 2826345 0442805 0010068 0033522 0004083 0439849 0596306 0699792 0003591 0043210 0150312 0443228 0549177 0599755 1704243 0599755 0003591 1880177 0681322 1533716 0010068 0005516 0205666 1705535 0003591 0035820 0004153
 0337428 1318051 0441889 1518422 0003591 0037943 0228341 1707520 2239920 1441672 0038659 1705535 0003591 0016006 1167394 2587184
 1274040 1546471 2825142 0521093 0750484 1456348 0038659 1705535 0025266 0557651 2603343 0003591 1518422 0010068 1704675 0016006 1167394 2587184 0017968 0079613 0205088 1261552 1546485 1704379 1705117 2825408 0871261 1704632 1706817 2911692 1547282 1883351 0599946 0009074 0024348 0302148 1536403 0238767 1706086 1515655 0450355 0035820 1705810 0025266 0035820 1705810 0040053 0016006 1167394 2587184 0003591 1705535 0205263 0020115 0026473 0205177 0439167 0441655 1561536 0332149 1705910 2362652 0038659 1705535 1441672 0003591 0004083 0037943 0228341 0439849 0596306 0699792 1552961 2239920 2347617 0021368
 1274040 1546471 2825142 1705535 0003591 0441889 3642216 0332281 1720725 1948050 1277690 1113667 1281905 0035647 0043210 0026062 0205847 0085862 1299583 1954808 1277690 1113667 0035648 1281905 1553898 0679238 0850664 0035647 1521761 2827422
 0003277 0008377 0013227 0205393 0441994 2003888 1554961 1705847 3536880 0450442 1254351 1521826 1521840 1280519 1704419 1516048 1277690 1113667 1281905 0035647 0004083 0439849 0596306 0699792 0003591 1999230 0162340 0003591 0010068
 1514811 1706462 0557651 2603343 0260206 0035176 0018173 0027468 0035168 0242481 1521721 0022886 0022877 0035168 0242481 1515981 1619828
 2986676 1521895 0035173 0205225 0401925 1521895 0035173 0205225 0401925 1880177 0681850 2349001 0679646 0543467 3241922 0679823

 0598007 0475309 0205099 0028707 0392209 1442959 0041740 0022271 0016617
 0221193 0079152 0162400 0009671 0543488 1301808 1442792 1705242 3148680
 1514811 1706462 1514811 1706462
 0003591 0023820 0038454
 1315013 0205090 0684010 2603358 0205090 0684010 2603358
 0003591 0023820 0010054 0010068 0018799 0012634 0018787 1281570
 0282458 0920317 0002778 0936012 1042496 1524024
 0005775 1516559 0043287 1261082 1551056 2981682
 0003591 0023820 0850664 1113667 0035648 0679238 1281905 0035647 1521761 2827422 0282458 0920317
 0201682 1315013
 1514307 0681890 1522609 0010054 0010068 0018799 0012634 0018787 1281570 0007820 0012634 1880018 0043210
 0005775 1516559 0031831 1707664 2348314 3540849
 1261322 1552578 0013855 0442726 1511790 0007222 0007226 0012634 0489835 0557651 2603343
 0005775 1516559 0439083 0439087 0558269 1552984
 0006560 1879974 0033684 0205332 1955343 0005516 0681842 0007222 0007226 0012634 0043210
 0369718 0441922 1414400 1553036 0043287
 0003591 0023820 0001349 0871261 1704632 1706817 2911692 0439557
 1315013 0025141 0369637 0441923
 0003591 0205263 0020115 0026473 0205177 0439167 0441655 1561536
 0005775 1516559 0454673 1550752
 0004793 0006556 0162326 0162327 1519249 1334043
 0349590 1262865

 2259648 0021467 0021469 1628982 3463820 0003591 0023820
 0268596 2700624 3642273
 0004083 0439849 0596306 0699792 0003591 0023820 1277690 0850664 1113667 0035648 1281905 0679238 0035647 1521761 2827422 0557651 2603343
 0025141
 0678594 0032529 1882417

 0012836
 1707520 0178587 0520511 1704711
 0004153 0025141 0036154
 1524063 0042153 0457083 1947944 0008000 0008964 0151339 0007996 0013227 0022877 0025118 0079107 0201682 0205210 1441414 1512888 1553874 1578820 3244292 0008003 0220825 0178476 0025663 0025664 0449851
 0201682 1315013 0035853 0995005 0439267 0033727 0369286 0441932 0564385
 0038949 0025663 0025664 0449851
 3538926
 0043237 0043236 0920545 0018684 0029237 0029246 0220885 1300196 1522486 2700280
 0439254 0013123 2825512
 0022885 0039593 0392366
 0025141 0597277 1708601 0439255
 0033522 1709709 0023981 0557651 2603343 1417635 1420797 3538796 0034266 0031603 0031701 1601799 0507115 1521751 0006142 0678222
 0005516 0006826 0998265 1306459 1552852
 0003591 0023820 2698872 0030705 0010054 0010068 1956346 0205042 0852949 1269008 0003842 0012634 0018787 0226004
 0683954 1274040 1546471 2825142 0038995
 1144859 0025141 0268060 1415529 3539879
 0003591 1979886 0010054 0010068 0018799 0012634 0018787 1281570
 0230467 0741204 1144859 0000857 0600678 1552863 0035853 0995005
 1707455 0023824 0202117 0023823 0856966 0065055 0201950 0428466 0860920 0008377 0023820 0178587 0205251 0441889 1299352 1550472
 0369718 0441922 1414400 1553036 0242482 1552616 1706244 0441833 1999270 3537156 1511790 0220825 1261322 0596197 0039798 0087111 1522326 1533734 1705169 3538994 0001675 0001675 0039798 0087111 0439070 0441833 1522326 1533734 1705160 1705169 1706450 1999270 3537156 3538994
 1422839 3538933
 1445865 0017337 0443228 1551359 1704243 2741673 2981730 0439083 0439087 0205419 0003591 0023820 0086045
 1315013 0439083 0439087 0025141 1420098 3537453
 0205360 2347098 0007222 0332281 0243083 0007226 0012634 0200345 0037793 0370003 0439227 1516698 1704814 1709694 2347026
 0201682 1315013 0016327 0439133 1553038
 0003591 0023820 0444263 0370003 2347026 0040223 3541383
 0002783 0014507 0947630 0231175

 0683150 0086045 0030705 0022661 2316810 0679247 0022658 0205088 0012634 0022646 0205390 0444930 1300072 1306673 2746065
 0022646 0063789 0227665 1278978 1514845 3272375 0025141 0033727 0369286 0441932 0564385
 0003591 0023820 1517331 0442805 0035647 0025266 0332167 3272283 0007226 0035647
 3272373 3539925 3541307
 0003591 0023820 1704675 1954807 1954808 0035648 1553898 0035647 1521761 2827422 1837173 0679245 0010054 0010068 1956346 0205042 0852949 1269008 0003842 0012634 0018787 0226004 0683954 1274040 1546471 2825142
 0004153 0025141
 0023779 0007222 0007226 0012634 2607943 2926606 3539655 0039798 0087111 1363945 0185125 1632850 1879355 0025266 0043210
 0080339 0018684 0033213 1706387 0740116 2827735 2981700 0025141 0556636 1269776
 0016006 1167394 2587184
 0007634 0063789 1269647 1704653 1948049 3272375 0450355 0025141
 1280500 2348382 0021135 1533691 2827718 0086350 0678226 1622667 0032140 0032143 0061472 0086597 0127400 0220839 0599946 1367553 1879547 3146286
 0005477 0025141 0145779 3540468 1412573 2350443 3539770
 1325281 0205177 0439167 0441655 1561536 1515655 0003591 0025936 0003069 0025914 0025929 0026809 0332325 2827757
 0349590 1262865 2827734 2981698 0025141 0033993 3539616 0546866
 0017263 0851285 1327622 0127400 0333348
 0027960 0324740 0439189 1456781 1824986 0025141
 0557651 2603343 0205314 0332173 0027996 1142562 1707968 0030685 0231448 0231449 0391871 0439180 0439792 0680255 1283071 1963578 0024027
 1315013 0025141
 0286651 0441994 1548802 2003888 0003591 0023820 0003591 0332255 1708096 0441889 0332167 3272283 0007226 0035647
 0004153 0025141 1527021 1554111 1705606 3541382 0333052 0239110 1706852 0239110 1705565 1947976 0687676 1704687 0557854 0013849 1705961 1706852 0282420 1706852 0282111 1706852 1138432 0239110 0162443 0205314 0033213 1706387 0003738 0024552 1519021 1554162 1883712 1706852 0021966 0221138
 1706852
 1706852 0021966 0221138
 1706852
 2735290 0242456 1522634 0205145 0887933 0947619 0035621 0205090 0439658