 0018591 1710304 0041368 1323304 1456820 0032914 0332281 0013537 0332152 0740175 2257086 0018417 0237419 0027910 1552241 1555991 0041740 0016132 0282413 0376649 1442065 0028775 1704729 0018417 0237419 0020028 0019994 0041740 1510665 0016132
 0013849 1705961 0520510 0557061 2584313 1514811 1706462 0678951 0032529 1880177 1705241 1705242 0012655 0220898 1264642 1547045 0032914 0013537 0332152 0740175 2257086
 0557651 2603343 1314939 0032914 0332152 0740175 2257086 0033011 0043210 0032529 0439267 1882417 0017431 1710304 1537647 2985256 0017337 0041368 1168005 1456820 1323304
 0017270 0376249 0439603 0871396 1561548 1705502 0205214 1522138 3245511 0243148 1550141 1882979 2587213 3274648 0369773 2603361 1947971 0028873 0456603 1547037 1705241 1705242
 1511726 3245479 0017431 0034037 0205195 1704324 1511726 3245479 1710304 1537647 2985256 0017337 0041368 1168005 1456820 1323304 1273517 1883351 1516048 0002778 0936012 1524024
 0750572 0282416 1561607 0018591 0439603 1709450 0441833 0687744 1257890 1552516 1552839 1705428 1705429 0369773 2603361
 0002778 0936012 1524024 0018591 1553033 1955473 0032914 0013537 0205136 0332152 0441833 0687744 0740175 1257890 1552516 1705428 1705429 2257086 1882932 0369773 2603361 0439267 1955473 0205214 1522138 3245511 0369773 2603361 1707455 0243148 1550141 1882979 2587213 3274648
 1707478 0678951 0032529 1547282 0004083 0439849 0596306 0699792 0032659 1257890
 1705313 0520510 0557061 2584313 1514811 1706462 0041368 1168005 1456820 1323304 0333516 0027540 0027651 0439095 1334928 1521761 1578706 2003941 2350010 2827422 3273930 0041368 1168005 1456820 1323304 0333516 0027540 0027651 0439095 1334928 1521761 1578706 2003941 2350010 2827422 3273930 0079189 0237753 0443146 0449788 0543483 0549177 0699748 1314939 1290884 0012634
 1710304 1537647 2985256 0017337 0041368 1168005 1456820 1323304 1953345 1521539 0008633 0017446 0205147 1521533 0008666 0205117 0332282 1883708 0024518 1753349 0019627 0205164 0439855 1704241
 0185117 0332281 0028754 0086418 1963185
 0079613 0021641 0521102 1533581 1579433 3537152 0813988 0034818 1334133 0021641 0597357 1533581 1579433 0424612 0596981 0007634 0026845 3282337 2347469
 1705535 1883351 0032214 0600138 0035820 1705810 0449432
 0032914 0013537 0332152 0740175 2257086 0205214 1522138 3245511 0277558 0012634 0017296 0314603 1706907
 0301872 0439662 0871261 1704632 1706817 2911692 1864620 1521970 1706388 2346469 2348519 0332257 0021655 2700570 0021641 0237834 1514892 1533581 1579433 0028754 1963185 0242339 1281905 0035647 0205217 0442805 0277564 1521970
 1883712 0947630 0205250 3163633 0086045 0030705 0341950 0032914 0013537 0205082 0332152 0740175 2257086 0015934 0018270 0220844 0443288 0694756 1621966 2911660 0017262 0185117 0030705 0032914 0013537 0332152 0740175 2257086
 0041368 1168005 1456820 1323304 0333516 0027540 0027651 0439095 1334928 1521761 1578706 2003941 2350010 2827422 3273930 1547282 1883351 0001721 0441471 3541888 0041178 0231175 0332152 1269955 1522538 2699153 0032058
 0033413 0041370 0314621 0017446 0086860 0205147 0752046 1547282 1883351 0041368 1168005 1456820 0237753 0449788 0025517 0012634 0311400 1524026 2707259 0442982
 0032529 1882417 0150312 1883351 0032914 0332281 0013537 0035647 0332152 0740175 2257086 0947630 1955473 1547282 0332120
 0002085 0684224 0700287 3496591 1883351 0011860 0332281 0441730 1171304 1320657 0011847 0011849 0035647 0332307 0332462 1547052 1880834 0017431 0439267 1707455 0035647 0205217 0442805 1515981 0243107 0678723 1527148 0021655 2700570 0021641 0237834 1514892 1533581 1579433 0681850 1550501 1706203 2349001 2697811
 0032529 1882417 1705535 1883351 0007222 1281905 0007226 0012634 0035647 1880177 0030705 0011860 1320657 0441730 0011847 0011849 0332307 1547052
 0004083 0439849 0596306 0699792 0449432 0205156 0947630 1552607
 0032529 1882417 1710304 1537647 2985256 0017337 0041368 1168005 1456820 1323304 0332185 0032914 0013537 0332152 0740175 2257086 2986575
 0684224 0700287 3496591 0002085
 0557651 2603343 0018591 0033413 0017446 0086860 0205147 1710304 1537647 2985256 0017337 0041368 1168005 1456820 1323304 0032914 0332281 0013537 0035647 0332152 0740175 2257086 1524063 0034037 1704324 1511726 3245479
 0520510 0520510 0557061 2584313 1514811 1706462 0205540 2346845 0086021 0020028 0085546 1136380 0015000 0019994 0041740 1301820 1510665 1527243 2699414 0456393
 0021430 1511481 1522154 1554192 0030705 1301820 0243148 1550141 1882979 2587213 3274648
 1533716 1516695 1516698 0449379 2709093 0032961 0552112 0043210 0043210 0243148 1550141 1882979 2587213 3274648
 0020028 0019994 0041740 1510665 1705822
 0030705 0032914 0920535 0005615 0034975 1516695 1516698 1550722 3245487
 0679006 1947967 0004600 0205095 0460009 1995000 1515981 0040223 3541383 1883351 0311392 1547188 0021430 1511481 1522154 1554192
 0040223 3541383 0178913 0370003 2347026 0043210 0243148 1516695 1516698 1550141 1882979 2587213 3274648 0005615 1550722 3245487 0032961 0552112 0232989 0700573 0032961 0062074 0205307 0205448 0439166 0552112 1415458 2347086 3539897 0332257 0205447
 0243148 1550141 1882979 2587213 3274648 3540840 0220912 0220913 0311392
 0032659 0205147 0205276 1257890 1947913 0034656 0036576 0439605 0557651 2603343
 0032914 0013537 0332152 0740175 2257086 0020538 0243107 0678723 1527148 1704788 1963138 3539106 0033687 1962972 0746890 0439269 1960952 2346927 0033727 0369286 0441932 0564385 0043210 0033687 1962972 0168634 1442488
 0020538 1963138 0439475 1704788 3539106 0039155 0439475 0039155 0428883 1305849 0005823 1271104 1272641 0005767 0005768 0012000 0033095 0229664 0460139 1306345 0205448 0444706 1707491 3541902 0033727 0369286 0441932 0564385 0684224 0700287 3273238 0020538 2926615 0005823 1271104 1272641 0005767 0005768 0033095 0205250 0229664 0460139 1299351 1306345 2700149 0032961 3484365
 0043210 0557651 1554077 2603343 2828389
 0678951 0032529 1882417 0035268 0025663 0032529 0332255 0442726 0443288 0449851 0871511 1444754 1511790 1706316 1708096 1882417 0032520 0677874 0012238 2349986 1552738
 0022885 0392366 1273517 1883351 0439828
 0871424 0002778 0936012 1524024 0439603 0206243 0699809 0439787 0849355 1524063 0022885 0039593 0392366 1709380 0042295 0037585
 0028873 0456603 1610540 1519101 0750572 0444686 1441506 1443182 1524063 0009667 0237529 1272706 1704725 1704726
 0439603 0017431 0750572 1511726 3245479 0025663 0449851 0871511 1524063 2700035 0002045 1553907
 1707455 0009932 0243148 0441833 0687744 1257890 1550141 1552516 1552839 1705428 1705429 1882979 2587213 3274648 1953343 0008633 0237753 0449788 0206243 0699809 0439787 0849355 1524063 1709697 2728259 3484370 0457083 0557351 0002045 1553907
 1709697 2728259 3484370 1524063 0002778 0039224 0936012 1273517 1524024 1701901 1706074 1301820 1706701 0750572 1710181 0743559 1442989 2828392 0002778 0936012 1524024
 0037775 0032914 0013537 0332152 0740175 2257086 0009932 0243148 0441833 0687744 1257890 1550141 1552516 1552839 1705428 1705429 1882979 2587213 3274648 0796345 0002778 0936012 1524024 1516048 1524063 0302357 0546834
 0037585 0017398 0017399 0022877 1704729 0041740 0039021
 0814896 0441889 0456079 1547707 2946261 1704788 3539106
 0242618 0456389 0680730 0884358 1524063 0037585 0037633
 1511726 3245479 1273517 1883351 1441506 0370003 2347026 0456389 1883351 0032863 0439095 2003941 2350010
 1274040 1546471 2825142 0520510 0557061 2584313 1514811 1706462 0683325 1521970 0243148 1550141 1882979 2587213 3274648 0021966 0039224 0221138 1706073 1706074 1547282
 0043210 0028641 0043210 2986479 0205448 0011209 0559563 1705822
 0243148 1550141 1882979 2587213 3274648 0681850 1550501 1706203 2349001 2697811 0034869 0868928 1548330 1553414 1706255 1706256 1273517 1707455 0332196 2828389 1280500 2348382 0032972 0032961 1274040 3484365
 1510992 2825518 0011209 0559563 1705822 1709305 0439230 1279919 0243148 1550141 1882979 2587213 3274648
 0868928 1533148 0019054 1630417 2937287 2945560 0235996 0743534 0443764 1287351 0392386 0032181 1287267 0005821 0750480 1705566 0039082
 0205171 1720467 1518469 0444502 1551359 1883727 2741673 2981730 0241889 1705495 0015576 0019664 0019665 0262512 0262926 1704727 1705255 2004062 0043210 0392760 0684224 0700287 1314939 3496591 0439175 0439810 0026591
 0449911 0039224 1706073 1706074 0557702 1272706 1704674 0557702 1272706 1704674 0021966 0221138
 0683325 1521970 0043210 0017431 0017270 0439603 0032529 1710304 1537647 2985256 0017337 0041368 1168005 1456820 1323304 0039224 0449450 1706073 1706074
 0017431 0037775 0032914 0013537 0332152 0441833 0687744 0740175 1257890 1552516 1705428 1705429 2257086 0009932 0243148 0441833 0687744 1257890 1550141 1552516 1705428 1705429 1882979 2587213 3274648 0369773 2603361 0369773 2603361 0684224 0700287 3496591
 0868928 1706255 1706256 0032529 1882417 1705241 1705242 0369773 2603361 0441833 0687744 1257890 1552516 1552839 1705428 1705429
 1441506 0027552 0043210 0686904 0441833 0687744 1257890 1552516 1705428 1705429 0032863 0439095 2003941 2350010
 0376249 0439603 0871396 1561548 1705502 0002085 0032914 0013537 0332152 0441833 0687744 0740175 1257890 1552516 1705428 1705429 2257086 0243148 1550141 1882979 2587213 3274648 0369773 2603361 1947971 0028873 0456603 1547037 2827734 2981698
 0017431 0557651 2603343 0009932 0243148 0441833 0687744 1257890 1550141 1552516 1552839 1705428 1705429 1882979 2587213 3274648 0150312 1883351 0014653 1547026 2987476 0369773 2603361 0369773 2603361
 0449911 0039224 1706073 1706074 0557702 1272706 1704674 0557702 1272706 1704674
 0017431 0017270 0032529 0032914 0013537 0332152 0740175 2257086 2986479 0243148 1550141 1882979 2587213 3274648 0332120 0012634 0439855 1704241 0871424 0002778 0936012 1524024 0018591 1527178 1705938 1999230 0032863 0002778 0936012 1524024
 1273517 1511726 3245479 0032529 0009932 0243148 0441833 0687744 1257890 1550141 1552516 1705428 1705429 1882979 2587213 3274648 0206243 0699809 0439787 0849355 0002778 0936012 1524024 0439070 1705160
 0750572 0282416 1561607 0018591 0439603 1709450 0441833 0687744 1257890 1552516 1552839 1705428 1705429 0369773 2603361
 0002778 0936012 1524024 0018591 1553033 0018591 0032914 0013537 0205136 0332152 0441833 0687744 0740175 1257890 1552516 1705428 1705429 2257086 1882932 0369773 2603361 0439267 0018591 0205214 1522138 3245511 0369773 2603361 1707455 0243148 1550141 1882979 2587213 3274648
 0449911 0039224 1706073 1706074 0557702 1272706 1704674 0557702 1272706 1704674 0439070 1705160
 0037775 0376249 0439603 0871396 1561548 1705502 0237580 0678951 0032529 0008633 0032914 0332152 0740175 2257086 0043210 0243148 1550141 1882979 2587213 3274648 0884358 0796345 0002778 0936012 1524024 0557651 2603343 0439792 0032529
 0023746 0023745 0281825 0394006 0032914 0013537 0332152 0740175 2257086 0009932 0243148 0441833 0687744 1257890 1550141 1552516 1552839 1705428 1705429 1882979 2587213 3274648 0150312
 0520510 0557061 2584313 2985663 0557651 1514811 1706462 2603343 0018591 0033413 0017446 0086860 0205147 1710304 1537647 2985256 0017337 0041368 1168005 1456820 1323304 0032914 0332281 0013537 0332152 0740175 2257086 0043210
 0018591 1553033 0032914 0332281 0013537 0035647 0205217 0332152 0442805 0740175 2257086 0439267 0150312 1883351
 1883712 0332183 0002085 0150312 1883351 0032914 0332281 0013537 0035647 0205217 0332152 0442805 0740175 2257086
 0004083 0439849 0596306 0699792 0032914 0013537 0332152 0740175 2257086 0034037 1704324 0002085 0012634 0348080 1705253
 0150312 0449450 0557651 2603343 1947971 0332120 1710304 1537647 2985256 0017337 0041368 1168005 1456820 1323304 0032214 0600138 0035820 1705810
 1280500 0041368 1168005 1456820 1323304 0333516 0027540 0027651 0439095 1334928 1521761 1578706 2003941 2350010 2827422 3273930 2945675 1280500 0021641 0086597 0127400 0684336 1533581 1579433 3537152 0206131 2347469
 1710304 0017262 1537647 2985256 0017337 0185117 0041368 1168005 1456820 0032914 0013537 0332152 0740175 2257086 0332281 0524620 1864620 0039082 0311400 1524026 1705242 2707259 0332257 0021655 2700570 0021641 0237834 1514892 1533581 1579433
 1514559 1521970 1706388 2346469 2348519 0015934 0018270 0220844 0443288 0694756 1621966 2911660 0683149 0086045 1547282 1883351 0332183 0205250 3163633 0012634 0348080 1705253
 0041368 1168005 1456820 1323304 0333516 0027540 0027651 0439095 1334928 1521761 1578706 2003941 2350010 2827422 3273930 0205276 1280500
 0683149 0086045 0043210 0032914 0035820 0332149 1521733 1705810 1705910 2362652 0747845 0747919 0032961 0439849 0441471 0445223 1279919 3484365 3541888 0012634 0348080 1705253 0332257 1269955 2699153
 1518422 0205309 0032529 1882417 0205245 0542341 2700217 0002085 1710304 1537647 2985256 0017337 0041368 1168005 1456820 1323304 0205309 1883351 0442805 0040649 0041368 1168005 1456820 1323304 0036536 0036537 0442982
 0002085 0150312 1883351 0011860 0332281 0441730 1171304 1320657 0011847 0011849 0035647 0205217 0332307 0442805 1547052 0242339 0010054 0010068 0018799 0012634 0018787 1281570 0439849 0445223 0032914 0013537 0332152 0740175 2257086
 0683954 1274040 1546471 2825142 1280500 0032529 1882417 0035647 0032914 0013537 0332152 0740175 2257086 1549102 3539086

 0150312 0004083 0439849 0596306 0699792 0032914 0013537 0332152 0740175 2257086 0035173 0231175 1883351 0243095 0004083 0439849 0596306 0699792
 1552616 1706244 0557651 2603343 0004083 0439849 0596306 0699792 0032529 1710304 1537647 2985256 0017337 0041368 1168005 1456820 1323304
 0441712 1883351
 0000768 0000769 0311400 0439849 0445223 1524026 2707259 0442808 0035647 1280500 0041368 1168005 1456820
 0947630 0027552 0686904 1883351 0205173 0205341 1883725 2607943 2926606 3539655 1883351 1853126 1527178 1874451
 1514811 1706462 0520510 0557061 2584313 1514811 1706462 1825598 1158770 0851285 1327622 0812246 0017337 2347946
 0000857 0600678 1552863 1549972 0041368 1168005 1456820 1323304 0333516 0027540 0027651 0439095 1334928 1521761 1578706 2003941 2350010 2827422 3273930 0018790 0237477 0392351 0521111 0600210 1533574 1881827 0010453
 1315013 0039725 0039738 1420718 0596019 0016884
 0017337 0025141 0439267 1550751
 0036536 0036537 0041368 1168005 1456820 0024320 0812308 1527150 0439095 2003941 2350010 0812246 0017337 0002085 0019764 0550862
 2347946
 1517844 0025141
 0035820 1879547 0079189 1524094 0681947 0026349 0552449 0678594 0870071
 0063789 3272375 0025141 0439267 0205090 0684010 2603358 0038108 0439482 0268060 1415529 0678951 0032529 1882417 0041368 1168005 1456820 1710304 0185117
 1315013 1417055 1517844 0025141 0001905 1412243 2951520 0022337 0600091 0004083 0439849 0596306 0699792 0032529 1882417 0028754 1963185
 2347379 0033727 0369286 0441932 0564385 0597277 1305702 1547134 1708601 2355574 0596611 0026882 1705285 1518422 0332281 0032914
 1517844 0025141 0022337
 0678951 0032529 1882417 0439849 1705630 1706279 3540605 0001527 0015665 0344335 0242821 0424612 0439165 0460148 1268086 0229671 0299583 0441889 1416825 1546774 1550100
 0011847 0011849 0000857 0600678 1552863 0012836 0016327 0439133 1553038
 1282927 1806781 2350002 0443252 0205166 1515273 1705313 1706317 2826302 0333348 0032105 0392747 0443172 1550098 1705241 0005516 0332281 0032914
 0020538 1963138 0369637 0441923 0205090 0684010 2603358 0369637 0441923 0443008 0041368 1168005 1456820 1518422 0032914 0030705 0205250 0332152 0740175 2257086 3163633 0439775 0702240 0229664
 1517844 0025141 1416870 1823249
 0678951 0032529 1882417 0043210 0032914
 0018896 0557034 0325074 0025141 0035820 1705810 0077503 0597357 0021655 2700570 0021641 0237834 1514892 1533581 1579433
 1144859 0025141 0915518 0072482 0206364 0919487 1150623 0033681 1150423 0086439 0255618 1145751 1152633 0031727 0041485 0205177 0439167 0441655 1561536 2945676 0011847 0011849
 0035820 1705810
 1315013 0025141 3642216 0861352 1428884 0041368 1168005 1456820 1323304 0333516 0027540 0027651 0439095 1334928 1521761 1578706 2003941 2350010 2827422 3273930 0018790 0237477 0392351 0521111 1514762 0037083 3537152
 0041703 0268596 1418943 2700624 3642273 1419337 3539667 0205217 0442805 0185117 0028754 1963185 0021655 2700570 0021641 0237834 1514892 1533581 1579433
 1315013 0025141 0205090 0684010 2603358 0021655 0524620 0039082
 0025141 0871261 1704632 1706817 2911692 1999230 1517892 1704666 0011854 2984334 1320657 0011849 0441729 0011847 0332307 1547052
 0451119 1444662 0005516 0025141 0604163 0229671 0299583 0392747 0441889 0443172 1416825 1546774 1550100 1705241 0079189 1524094 0023820 0033011 0043210
 0025141
 0032529 0021760 1334122 2983957 0020898 0021764 0022271 0017337 0439836 0011860 1320657 0441730 0011847 0011849 0332307 1547052 1659987 1706420 0011847 0011849 0199176 0557651 2603343 2700409
 0011847 0011849 0439254 0439526 0041368 1168005 1456820 1323304 0333516 0027540 0027651 0439095 1334928 1521761 1578706 2003941 2350010 2827422 3273930 0032105 0205250 1550098 3163633 0002638 0002630 0005889 0302908 0444611 1704353 0341950 0032914 0205082
 0025141 1550751 0439267 0205090 0684010 2603358 0014518 0037943 0205456 0228341 2239920 0032529 0017446 0205147 1706393 0032914
 0439267 0037943 0228341 2239920 0205090 0684010 2603358 1552603 1706202 0733755
 0025141
 0678951 0032529 1882417
 0025519 0025520 0025141 1520135
 3536614 0796451 0002778 0936012 1524024 0003595 0523511 1412481 0002395 1521724 0012634
 0325074 0025141 0369637 0441923 0021966 0221138 1280500 2348382 1710304 1537647 2985256 0017337 0041368 1168005 1456820 1323304 0021641 0441472 1533581 1579433 3266814 0851827 1701901 3244310
 2347379 0020538 0204939 2926615 0681354 0005823 1271104 1272641 1883562 0005810 0150375 0599433 0600103 0005767 0005768 0013621 0013622 0013658 0033095 0039401 0043227 0205250 0229664 0441833 0460139 0684224 0687744 0700287 1257890 1299351 1306345 1552516 1705428 1705429 1709697 2700149 2728259 3245503 3273238 3484370 0150562 0020538 2926615 0005823 1271104 1272641 0005767 0005768 0033095 0205250 0229664 0460139 1299351 1306345 2700149 0032961 3484365 1708595 3280986 1819464 0033268 0041368 1168005 1456820 0392747 0443172 1705241 0032105 0441889 0456079 1547707 1550098 2946261 0032961 3484365
 0025141 0006100 1537501
 0404413 0185117 0021753 1334112 1522432 0021764 1527200 0085295 1334098 1522550 2983956 0021764 1527200 0032914 0205217 0442805
 0025141 1235746 1882141
 0032529 1882417 0041368 0041370 1168005 1456820 1880177 0002085 0439793 2983285 0003873 2697391 0003864 0240339
 0025141 0036243 1539696 1825840 3539736 0205090 0684010 2603358 0041368 1168005 1456820 0332281 0032914 0700321 0021289
 0025141 0022337
 0678951 0032529 1882417 0010054 0010068 0018799 0332281 0243083 0012634 0018787 1281570 0030705
 0004153 0025141 1832110 0018387 1280500 0041370 0086860 0041368 1168005 1448177 1456820 0162493 1879547
 0041703 0268596 1418943 2700624 3642273 0004083 0439849 0596306 0699792 0032529 1882417
 0325074 0025141 1515023
 1272684 1548435
 1527021 1554111 1705606 3541382 0333052 0239110 1706852 0239110 1705565 1947976 0687676 1704687 0557854 0013849 1705961 1706852 0282420 1706852 0282111 1706852 1138432 0239110 0162443 0205314 0033213 1706387 0003738 0024552 1519021 1554162 1883712 1706852 2603360
 1706852 0369637 0441923
 1706852 2603360
 1706852 0369637 0441923
 0037455 0086418 0035150 2735290 0242456 1522634 0205145 0887933 0947619 0035621 0205090 0439658