 0025519 0025520 0205177 0439167 0441655 1561536 0001128 0202406 0205090 0684010 2603358

 0031330 1524059 0007996 0079107 0201682 0041740 0043038 0043038 0587524 1704729 0036397 0005532 0027817 0002808 0700276 1384516 0041740 0042124 0008848 0036140 0037494 0206136 0337049 1036400 3262831 0042124 1704729 0021622 1272753 0041740 1551442 3245499 0027976 0205314 0027976 0205314 0034036 0034037 1514756 1704324 0450355 0348078 0376315 1515981 1522492 1527075
 0520510 0557061 2584313 1514811 1706462 1159432 0597672 0025519 0025520 1184743 1522240 0127400 0243107 0678723 1314939 1527148 1511938 0007589 2945687 0020964 0042789 2707266
 0087161 0042839 0373745 0205090 0684010 2603358 0597277 1708601 0201682
 0014442 0014445 0030011 0042839 0087161 0373745 1314939 0040845 0001128 0202406 0040845 0001128 0202406 0870883 1883708 2698672 0030011 0220781 1314939 1883254 0030011 0001128 0202406
 2826298 0001128 0202406 1515877 1879547
 2826298 0001128 0202406 0442726 1511790 1515655 0073115 0030233 3503116 0242295 1947943 2348609
 2826298 0001128 0202406 1709305 2745955 0035339 3536891 1621296 0023688
 0870883 0205103 1550465 2827755 1709634 0220781 1883254 0870883 2698672
 0520510 0557061 2584313 1514811 1706462 0870883 2698672 0042839 0087161 0373745 2827734 2981698 0032214 0600138 0035820 0020964 1511938 0007589 2945687 0243148 1550141 1882979 2587213 3274648 0243107 0678723 1527148
 1707959 0035331 0596335 0031760 0007634 3282337 2827734 2981698 0040845 0001128 0202406 0444868 2826298 3539085 3538806 0022203 0017362 0182953 0140278 0040845 0001128 0202406 0597357 0140283 0140278 1421546 0035339 0597357 3536891 0740116 2827735 2981700
 0870883 2698672 0332257 1552866 2700399 0700307 0439086 2827736 2981702 0051905 0439084 0728893 0018270 0220844 1621966 2911660 0038952 0220921
 0390040 0812284 1704992 3538806 1515877 1879547 0140278 0040845 0001128 0202406 0597357 0140283 0013936 0243100 0013935 0043342 0043343 0243107 0678723 1504663 1527148 0450387
 0035339 0549178 1883351 1880355
 0014442 0014445 0439064 0747726 1158404 0025519 0025520 0035339 1314939 3536891 1518422 0205396 1550043 1551388
 0030011 1291081 0311400 1524026 1704259 1705987 2707259 3538806 1704259 1705987 0439836 0870883 2698672 0332219 1327616
 0014442 0014445 0220781 1314939 1883254 0243125 0699900 1552738
 0812284 1704992 0163885 0030016 0337112 1282927 1524075 1806781 1979928 2350002 0456387 1258169 1515981 1705943 0439070 1705160 0001942 0001962 0001975 0030016
 0030011 3538806 0206243 0699809 0073099 0030016 0035298 0332307 0439787 0849355
 1413863 0010762 1098682 1427015 1427013 0206243 0699809 0439787 0849355 0543484 0699900 1516314 3538806 3538806 0700307 3538806
 0332185 1552738 0014442 0206243 0699809 0439787 0849355 0522534 2826298 0450348
 0014442 1826796 0040300 0150312 0441889 0023884 0736268 1278929 2346688 0022646 0227665 1278978 1514845 0021853 1708548
 1826796 1547282 1883351 0229982 0003062 0040300 0442726 1511790 0450348

 1552738 0439836 1504308 3538806 1955473 1552738 0393003 1504308 0001128 0202406 0023884 0736268 1278929 2346688 0025914 0025929 0026809 0030233 3503116 0242295 1947943 2348609
 1291081 0311400 1524026 1704259 1705987 2707259 1273518 1518422 1292732
 0557651 2603343 1273517 0023194 0031617 0885520 0025519 0025520 3538806 1515655 0004268 0220781 0439634 1522492 0035339
 1704259 1705987 0021135 1533691 2827718 1524063 0014442 0014445 0007634 3282337 0014442 0014445 0027361 0035339 0237401 1709694 3536891
 1335836 1706048 1515877 1879547 0040649 0140283
 0520510 0520510 0557061 2584313 1514811 1706462 1158404 0025519 0025520 0205664 0003062 0681814 0557351 0025664 0184661 2700391 0041740 0043038 0205540 0002461 0150600 0004083 0034866 0042614 0205476 0206212 0439849 0441833 0596070 0596306 0699792 1999270 3537156 0015187 0034866 0042789 2707266 0029087 1555792
 0003062 0023693 0033727 0369286 0441932 0564385 1306462 1314677 1881376 1511572
 0185111 0947647 0114346 0332575 1100708 1260956 1272695 2746065 0021431 0312860
 0681814 1273517 0025914 0025929 0026809
 0025914 0025929 0026809 0017431 1552738
 0003062 0012155 0243148 0324335 1314677 1442959 1519433 1550141 1882979 2587213 2983588 3274648 0743195 0700308 0033727 0369286 0441932 0564385 2698653 0041281
 1265611 3538806 0042438 0028908 0042440 1517288 1549535 2698653 0041119 0033727 0041281 0369286 0441932 0442027 0564385 1521801 0002778 0936012 1524024
 0002778 0936012 1524024 0720544 0439267 0025914 0025929 0026809 3659096 0037494 0439526 1959973 0074757 0031603 0031701 0037473 0597484 1601799 2678549 1882074 0020283 0450407 0450408 0450409 1524063 0181200
 3642200 0439526 1524062 2828366 0035339 0185115 3541890 1524063 0439526
 0185115 0684295 0205341 0585064 1067936 0205195 0042221 1512080 2827485 0068008 0008562 0205307 0205390 0332128 0439166 2347086 1524063 1185738 1706132
 0012634 0348080 1705253 0449913 1553451 1704459 0068008 0560268 2349105 2826285 0806140 0871208 1521828 0439445 0702093 1511790 0312860
 0205390 0439509 0035339 0068008 0185115 0439526 3541890
 0185115 0684295 0205341 0585064 1067936 0205195 1512080 2827485 0037638 0051704 0000975 0002611 0000983 0000985 0001128 0202406 0981805 0008562 0205390 0332128 1555029
 0002778 0936012 1524024 0040300 0008562 0205390 1272695 1555029 2746065 1524063 0369637 0441923 1185738 1706132 1485169
 0449913 1553451 1704459 0006353 0001963 0051704 0000975 0002611 1882074 2678549 0020283 0450407 0450408 0450409 0000983 0000985 0001128 0202406 0456081 0981805 0001963
 0012634 0348080 1705253 0439445 0702093
 1979963 2003903 1335836 1706048 0030695 0150369 0181904 0596972 1521743 1704646 1524063 0180392 1705235 0036849 1442518 1705195 0312860
 0444505 0205396 1550043 1551388 1883416 0041625 0205379 1527178 1705938 1961129 0038137 0175675
 0017446 0205146 0439192 0006751 0008562 1527178 1705938 1524063 1265611 1719918 0038137 0175675
 0013682 0030695 0150369 0181904 0596972 1521743 1704646 1292533 0370003 2347026 1442460 0005526 0036397 0376558 0150369 1516647 0034553 0008562 0521108 1185738 1706132
 0868928 1706255 1706256 0370003 2347026 0013682 0332272
 0002778 0936012 1524024 0035339 0205296 1515981 0008562 1998793 0884358 1524063 1979963 2003903 0183396 0183395 0577559 1306372 1710143 3152252
 0220781 1883254 0002778 0936012 1524024 1519193 0349966 1337208 2348609

 1258169 0205435 1279901 0006239 0332283 0006223 1555721 1706204 0441833 0687744 1257890 1552516 1705428 1705429 0019126
 0014898 0071755 0001963 0043047 0599638 1550678 1883708 0700307 0063146 0441833 0687744 1257890 1552516 1705428 1705429 0039644 0441833 0687744 1010255 1010292 1257890 1552516 1705428 1705429
 0700307 1258169 1883708 1155631 0012634 0348080 1705253 0014898 0000975 0001962 0001975 0392756 0065084
 0001962 0001975 0000986 0003030 0981805 0392148
 0441833 0687744 1257890 1552516 1705428 1705429 0888955 0016327 0076225 0849355 0001962 0001975 0441835 0022634 0441833 0687744 1257890 1552516 1705428 1705429 0030011 1947971 0001962 0439070 1705160
 0205117 0332282 1883708 0014898 0439070 1705160 0700307 0063146 0441833 0687744 1257890 1552516 1705428 1705429 1506928 0014994 0014996 1161324
 0006222 1947971 0036140 0037494 0206136 1517331 0622215 0066231 0393003 1155631 0012634 0348080 1705253 1552738 0450348 1883351 1301820 1706701 0439962 0022203 0205198 1706082
 0022203 0008562 0086972 0205307 0205390 0439166 0443299 0687118 2347086 0059747 0000975 0068008 1511790 0041625 1880022 1961129 0577559 1306372 3152252 0024485 0028580 1883073 2827424
 0024485 0028580 1511726 3245479 0183395 0556962 1710143 0034869 1524063 0042295 0039224 1706073 1706074 2348609 0745732 3272378
 1705175 1705176 1705177 1705178 1882348 0332283 1719822 1504308 2826298 1504308
 1883351 1301820 1706701 0040845 0001128 0202406 0014898 0001962
 1883351 1301820 1706701 0812284 1704992 1318963 0002367 0392756 2348254
 1335836 1706048 1883073 2827424 0312860 0312860 0068008 1515981 0312860 0312860
 0009015 0013935 1305370 0035668 1301820 0605411 1555029 1524063 0035379 0040646 1555029 2257077 0206415
 0006556 1273517 1883351 0006556 1524063 0136227 1335439 1555265 0206415 1412333 0439780 1555029
 1555029
 1098682 1427015 0439780 1555029
 1427013 0439780 1555029
 0006556 1516698 1704814 1704254 1704922 3542466 1516698 1704814 1704254 1704922 3542466 1413863 1516698 1704814 1704254 1704922 3542466 0035696 0017337 0024660 1301820 1516698 1704814
 0009013 0728990 1273517 0006556 1524063 0136227 1335439 0206415 0752609 1332076 1705626 0439780 1555029
 0439780 1555029
 1413863 0439780
 0006556 0740116 2827735 2981700 0439086 2827736 2981702 1413863 0009013 0077229 0086022 0146224 0442335 1705099 0243148 1550141 1882979 2587213 3274648 0086860 0034861 0033684 1514798 1707271 0071642 0003316 0030956 0205088 0699952 1705314 1705315 2349105 1505208
 0185117 1704972 1704973 2827421 0004793 0162326 0162327 1519249 1883351 0218063 0026882 0150312 0449450
 0140283 0140278 1421546 0035339 0597357 3536891 0009013 1524063
 0079941 0080089 0034754 0175566 0180979 1705179 1705858 1524063
 0740116 2827735 2981700 0086022 0442335 1705099 0008848 1002377 3262831 1524063 0009013 0079941 0080089 0034754 0175566 0180979 1705179 1705858 1883351 1706214 3244320 2827421
 0013879 0185117 0851827 1701901 3244310 1819634 0220781 0439634 1522492
 1704972 1704973 2827421 0004793 0162326 0162327 1519249 1883351 0218063 0026882 0150312 0449450
 0030011 1524063 0001942 0030016 0030016 1417734 1301820 1719918 0041175 0077281 0814229 1549535 0020283 0450407 0450408 0450409 0086045 1446561 1623737 3539687
 0027270 0027303 0205430 3160715 1883357 2827734 2981698 2827734 2981698 0086045 1446561
 0037633 0525069 0945818 0175730 0439526 1524062 1547937 1561954 1704730 0332256 2700400 0041175 0077281 0814229 0020283 0450407 0450408 0450409 0449468 0439175 0439810 1690016 1705102 2700258
 0037633 1439852 0702093 1882074 0020283 0450407 0450408 0450409 1524062 0332283 0001963 1883712 0702093 0185115 0684295
 0205390 1512080 2827485 0008562 0205307 0205390 0439166 0936012 2347086 0002778 0035339 0813984 0936012 1524024 1552738 1292533 0040300 0185115 1547928 3541890 0370003 2347026
 0243148 1550141 1882979 2587213 3274648 0443286 1114821 0033684 1273517 0178555 1883712
 2338017 0007634 3282337 0031831 1301820 1707664 2348314 3540849
 0439267
 0021622 0024874 0039421 1272753 0006037 0010454 0009458 0325564 0392747 0439536 1551720 1705217 3244283 0010453 0220814 0430400 2242979 0015965 0229671 0230445 0521457 1305418 1546774 1550100 1314677 2347816 0020167 0869465
 2717977 0014442 0005507 0243073 1510438 0007634 3282337 1412333 0740116 2827735 2981700 0439086 2827736 2981702 2827421 1524063 1312445 0253711 0442711 1507394 1522729 2348563
 0033727 0369286 0441932 0564385 0007634 3282337 0184933 1516695 1516698 0179834
 0441436 0993610 1998480 0037494 1548982 1959973 0031603 0031701 1601799 2678549 1882074 0020283 0450407 0450408 0450409 0041175 0077281 0814229 0020283 0450407 0450408 0450409 0332256 2700400 0038636 1161331 0018896 0181200 0449435 3540469
 0178555 0027270 0086045 0205088 1446561 1524062 1546485 0027303
 1510844 0456692 0702093 0242301 1546559 1999230 0243148 1550141 1882979 2587213 3274648
 1710236 0439962 1881488 0007634 1269647 1524062 1704653 1948049 0086045 1446561 0369637 0441923
 0443286 1114821 0683607 1883351 0011744 0033727 0369286 0441932 0564385 0040822 0808397 0449468 1272691 1883712
 0370003 2347026 0456693 1442458 0332293 0702093 1522326 2348236 0005903 0039476 1547703 0086045 1446561 1882074 0020283 0450407 0450408 0450409 0332283 0007703 0439267 0456692 0702093
 1550101 0051704 0444499 1440942 0000975 0002611 0369637 0441923 0449468 1690016 1705102 2700258 2678549 0020283 0450407 0450408 0450409 0008562 0205390 0332128 0449913 1553451 1555029 1704459 0369637 0441923 0008848 0242298 0344349 3262831 0051704 0000975 0002611 0000983 0000985 0001128 0202406 0981805 2826285 0806140 0871208 1521828 0702093 1948036 2987518
 0035953 0600140 1704688 2346414 1185738 1706132 0014994 0014996 0439962 0754515 1161324 1367342 1548982 1705316 0001963 0456615 0332283 2986904
 1441565 0022203 0030695 0150369 0181904 0596972 1521743 1704646 0312860
 0444505 0205396 1550043 1551388 1527178 1705938
 1881488 0185117 0332128 0600209 1704732 0020985 1524063 0003242 0003250 0003241 0021027 0746619
 0007634 3282337 1413863 0006556 1524063 1312445 0253711 0442711 1507394 1522729 2348563
 0033727 0369286 0441932 0564385 0007634 3282337 1534709 1881714 0005971 1139930 3537155 1883351 0218063 0007584 0237753 0449788 0005507 0243073 1510438 0205170 3146287
 3538806 1335836 1706048 0007634 0872351 1269647 1524062 1704653 1948049 0086045 1446561 0009458 0162867 1254021 0033727 0369286 0441932 0564385 1439852
 0009458 0162867 1254021 0007634 3282337 0184933 1516695 1516698 0033684 0205163 1265611 1549782 1882443 0439648 0724378 0332283 0007703 0439267 0456692 0702093
 0002778 0936012 1524024 1550101 0051704 0444499 1440942 0000975 0002611 0369637 0441923 0449468 1690016 1705102 2700258 2678549 0020283 0450407 0450408 0450409 0008562 0205390 0332128 1555029 0073099 0030016 0035298 1552738 0005507 0243073 1510438
 1441565 1335836 1706048 0870883 2698672 0030695 0150369 0181904 0596972 1521743 1704646 0312860
 0444505 0205396 1550043 1551388 1527178 1705938
 1881488 0185117 0332128 1413863 0020985 1524063 0003242 0003250 0003241 0021027 0746619
 0439836 1335836 1706048 0026029 1521827 1552738
 0439269 1960952 2346927 0439526 0205430 0369637 0441923 3160715 1710236 0036774 0036773 0728877 0001924 0007452 0229671 1140701 1546774 1550100 0041175 0077281 0814229 0020283 0450407 0450408 0450409 1439852 0702093 0392148 0332197 1689985 0369637 0441923
 1705175 1705176 1705177 1705178 1882348 1947925 2746065 0443286 1114821 0033684 0205430 0449468 1690016 1705102 2700258 0332283 0007703 0205250 0678536 1299351 2700149
 1550101 0051704 0444499 1440942 0000975 0002611 0369637 0441923 0449468 1690016 1705102 2700258 2678549 0020283 0450407 0450408 0450409 0008562 0205390 0332128 1555029 0073099 0030016 0035298 1552738 0005507 0243073 1510438
 0243148 1550141 1882979 2587213 3274648 1273517 1883351 0005507 0243073 1510438 0439836
 1441565 0312860 0030695 0150369 0181904 0596972 1521743 1704646
 0521114 0522498 1514917 0022959 3538806
 0000872 0027976 0565990 1552471 0041740 0205099 0205314 0205476 1301808 1442792 3148680 0031831 1707664 2348314 3540849
 0036378 0036375 0205099
 0333833 0007600 0007634 0205132 1269647 1550648 1552960 1704653 1948049 0335038 0521114 0522498 1514917 1522485 1705915 1709908 2827421 0140278 0040845 1335671 0314604 0001128 0017337 0086418 0202406 0597357 1441547 3245521 0140278 0040845 0001128 0202406 0597357 0014834 0022959 0014833 0017337 0522505 0442504 1704765 1882509 3496241
 0007634 3282337 0009458 0162867 1254021 1419632 1824558 2347816 0332256 2700400 0242295 1947943 2348609 0003232
 0007634 3282337 0033727 0369286 0441932 0564385 1948023 0332582 0020167 0869465 1335836 1706048 0001962 1549535 0086045 0024348 0016955 0185117 0005507 0243073 1510438 1524063 0449913 1553451 1704459 0072149 0043193
 1326120 0007634 3282337 0335038 1260957 1522485 1705915 1709908 2827421 0140283 0597360 1421546 0140278 0035339 0185117 0597357 2827421 3536891 1524063 1312445 0253711 0442711 1507394 1522729 2348563
 0033727 0369286 0441932 0564385 0007634 3282337 1534709 1881714 0005971 1139930 3537155 1883351 0218063 0007584 0237753 0449788 0005507 0243073 1510438 0205170 3146287
 0007634 3282337 0086045 1548787 1948023 2826298 3538806 0281666 3538806 1335836 1706048
 0033727 0369286 0441932 0564385 0016955 1552738 0005507 0243073 1510438
 0520510 0557061 2584313 1514811 1706462 0020792 0205396 0870883 2698672 0000854 0220777 2347023 2347080 2698776 2825050 2826298 0041281 0024660 1184743 1522240 0014895 0013126 1511572
 0014895 0206243 0699809 0023194 0001390 0014442 0031617 0439787 0849355 0885520
 0332197 1689985 0023194 0001390 0031617 0332285 0885520 0014653 1547026 0014898 0309049 0332296 0333051 1880497 1996904
 0025914 0025929 0026809 0011155 1636779 1324679 1416905 0025914 0025929 0026809 0205082 0221099 0243144 0347980 0684336 1516240
 1520150 1883559 0025914 0025929 0026809 0332307 0445392 1547052 0018563 1281583 1552914 0205393 0232478 0014898 0025519 0025520
 1707391 1883351 0557651 2603343 0522534 0030011 0870883 2698672
 1442162 1550718 3244317 0243178 0871161 1292721 1518422 0332283 1719822 1291081 0311400 1524026 1704259 1705987 2707259
 0441833 0687744 1257890 1552516 1552839 1705428 1705429 2348328 1508277 0005910 1305866 0043100 0242821 0460148 1268086 1705104 1710565 1300561 0439148 1519795 0023884 0332128 0813983 0870883 2698672
 2986798 0002778 0936012 1524024 1444656 0392148 2347469 0444505 0349966 1335836 1337208 1706048 2826298 2347469 0444505 0022203 0349966 1337208 2347469 0444505
 1441672 0870883 1279919 0439559 0008562 0205390 0349966 1337208 1555029 2347469 0444505 1883073 2827424
 0870883 0220806 1518422 1880022
 0007952 0486537 0813983 1527178 1705938 2350015 1882932 0039350 0301869
 1883073 2827424 1979963 2003903 1335836 1706048 1335836 1706048 0023884 0205409 0736268 1278929 1548221 2346688 0150103 1708943
 1335836 1706048 0025664 0184661 0680240 1883254 2700391 0034037 1704324 0450348 0024485 0028580 0039224 1442450 1706073 1706074 1880022 2348609
 0332128 0870883 2698672
 0041119 0033727 0369286 0441932 0564385 0030233 3503116 0023884 1517914 0332256 2700400 0441889 0349966 1337208 0073187 0444505 0349966 1337208 0073187 0444505 0150312 0332462 0441889 0441994 1548802 1880834 2003888 1258169
 1883073 2827424 1979963 2003903 0150103 1708943 1442989 2828392 0025664 0034037 0184661 0680240 1704324 2700391 1521827 0450348 0024485 0028580 0349966 1337208 1442450 1880022 0073187 0439267
 0449911 0039224 1706073 1706074 0557702 1272706 1704674 0557702 1272706 1704674 0456949 0441889 0456079 1547707 2946261 0332282 0041281 0002778 0936012 1524024 0206243 0699809 0439787 0849355 0520510 1552738 0025663 0025664 0449851
 0813984 0870883 0349966 1337208 0073187 0444505 0150312 0449450 1517914 0023884 0025914 0025929 0026809 0205396 0736268 1278929 1550043 1551388 2346688 0030233 2826298 3503116 0041281
 1883073 2827424 0150103 1708943 2826298
 0205198 1706082 1518422 0022203 1504308 0806909 1268822 1552615 2825050 2826546 1518422 1547282
 0085732 1299581 0205198 1706082 0039798 0087111 1522326 1533734 1705169 3538994 1301751 1280500 2348382 1518422 1547282
 0917903 0598132 0205245 0441833 0542341 0687744 1257890 1552516 1705428 1705429 2700217 0444505 0349966 1337208 0001962 0001975
 0002778 0936012 1524024 0444505 0392148
 1705535 0444505 0332257 1552866 2700399 1527240 1519193
 0332282 0041281 1883254 1441672 0441889 0814896 1335836 1706048
 0205396 1550043 1551388 1527178 1705938 1979963 2003903 1883073 2827424 0150103 1708943 0038137 0175675 1883254 1553640 1883073 2827424
 1335836 1706048 0680240 1519193 1883254 0349966 1337208 2348609
 0024485 0028580 0039224 1442450 1706073 1706074 1880022 2348609
 1517914 0023884 0041281 0150312 1883351 0332256 2700400 0441889 1424736 0444505 1883073 2827424
 0205250 0441889 1299351 1979874 2700149 0025914 0025929 0026809 0030233 1441672 2826298 3503116 0041281
 0449911 0333052 2607870 0557702 1272706 1704674 0557702 1272706 1704674 0349966 1337208
 2827734 2981698
 0002778 0936012 1524024 0023884 0736268 1278929 2346688 0025914 0025929 0026809
 0002778 0936012 1524024 0035339 0030233 2826298 3503116 0041281
 0025914 0025929 0026809 0030233 2826298 3503116 0041281 0444956 0178602 0205250 0869039 1114758 1299351 2700149 1508277 0005910 1305866 0043100 0242821 0460148 1268086 1705104 0522501 1706089 0369718 0441922 1553036 0445550 1708745 0030233 0178602 0441994 0869039 1114758 1548802 2003888 2826298 3503116 1508277 0005910 1305866 0043100 0242821 0460148 1268086 1705104 0522501 1706089 0369718 0441922 1553036 2347469
 0033727 0369286 0441932 0564385 0813983 0035339 0185115 3541890
 0035339 0008562 0205390 0936012 1555029 0449913 1553451 1704459 2347469 0035339 0008562 0205307 0205390 0439166 0936012 2347086
 0205198 1706082 0205396 1550043 1551388 1527178 1705938 1707455 1979963 2003903 1883073 2827424
 0723421 1883073 2827424 0150103 0336766 1708943 1335836 1442989 1706048 2826298 2828392
 1883073 2827424 0444505 1279919 0008562 0150103 0336766 1708943 1335836 1706048 2826298
 0016327 0439133 1553038 0002778 0936012 1524024 0444505 1553033 0073187 0439962
 0439267 0015272 1268822 2825050 1883416 1979963 2003903 0205280 0444505 1515981 1883254
 1441565 0312860 0030695 0150369 0181904 0596972 1521743 1704646 1335836 1706048
 0205171 1720467 1268822 2825050 1547282 0205352
 0013682 0444686 1441506 1443182 1527178 1705938 1442460 3538806 0444706 0449770 0034553 0332281 0444505 3538806
 0040223 1441565 1527178 1705938 3541383 1883073 2827424 1707455 0444505 0205396 1550043 1551388 0205198 0332283 1706082 1719822 0444505 1335836 1706048
 0444505 3538806
 0444505 1335836 1706048
 0444505 3538806
 0444505 1527240
 0444505
 0444505
 0444505
 0444505
 0444505
 0684224 0700287 3496591 0034693 0034721 1521801 0281666 3538806 3538806 0301869
 1547282 1826796 1518422 0450348 2826298 3538806 0281666 1504308 3538806 1705535 1704259 1705987 1273518 1335836 1706048
 0557651 2603343 0150312 0332120 0220781 0439634 1522492 0025914 0025929 0026809 2826298 3538806 0041281 0041119 0033727 0369286 0441932 0564385 0349966 1337208 2348609
 1705242 0349966 1335836 1337208 1706048 2348609 2826298 0522501 1706089 1268822 2825050 0312860 1279919 0040223 1335836 1441565 1517001 1706048 2826298 3541383
 1705535 0870883 2698672 0205171 1720467 1441547 2826298 3245521 0522534 1826796 0035820 1705810 0600138 1826796 1253959 1881507 2700383 2826234 1159432 0597672 0025519 0025520 0042839 2825076
 0150312 0332120 0023884 0025914 0025929 0026809 2826298 3538806 0041281 0041119 0033727 0369286 0441932 0564385 1518422 1547282
 0449911 0333052 2607870 0557702 1272706 1704674 0557702 1272706 1704674 1519193
 0025519 0025520
 1826796 1547282 1883351 0023194 0001390 0031617 0885520 1979885
 0150312 0449450 0332120 0282636 0025519 0025520 0332283 1719822
 0014442 0014445 0001942 0001962 0001975 0030016 0206243 0699809 0439787 0849355 0030011 0812284 1704992
 1412333 0740116 2827735 2981700 0439086 2827736 2981702 0030011 0812284 1704992
 0680022 0030011 1335836 1706048 1335836 1706048 0205396 1550043 1551388 1515655 0021135 1533691 2827718
 0030011 0870883 2698672 1518422 1335836 1706048 2826298 1335836 1706048 2826298 1335836 1706048 1335836 1706048
 1547282 0220807 0220806 0332149 0678594 1705910 2362652 3272558
 1704259 1705987 3538806 1706528 0030011 1335836 1515981 1706048 2826298
 0449911 0333052 2607870 0557702 1272706 1704674 0557702 1272706 1704674 0349966 1337208
 0740116 2827735 2981700
 0030011
 0001942 0001962 0001975 0030016 1719918 0030011 0812284 1704992 2347469 0027303
 0443286 1114821 1524063 0014442 0205160 1513916 2825415 2825491 1547282 0439836
 0035339 0185115 3541890 0008562 0205307 0205390 0439166 0936012 2347086
 1514468 0030020 0030020 2347469
 0681814 1706386 0205174 0884358 0205341
 0441889 1335836 1706048 0205198 1706082 0444505 0349966 1337208
 2827734 2981698 2347469 0444505 1515981 1553033 0073187 0039224 1258169 1444656 1706073 1706074 0558058 0441889
 0441889 0441994 1548802 2003888 0332462 1880834 3538806 0522534 1261552 1704379 1705117 2825408
 0441889 1707455 0183683 1521721 0681841
 0441889 1335836 1706048 0205251 1299352 1550472 0337112 1524075 0870883 2698672 0030011
 1880022 1335836 1706048 0442726 1511790 1515655 1883351 1513371 1705738 2347637 2348146 1524063 0449913 1553451 1704459
 1883351 0030011 0812284 1704992 1273517 0001942 0001962 0001975 0030016 0019944 0023884 0242616 0736268 1265527 1278929 1998793 2346688 0030016 1417734 0205177 0682927 0001975 0027627 0175668 0205436
 0014442 1439852 1998793 0178555
 0332282 0443286 1114821 0370003 2347026 0332293 1522326 0185115 0205390 0747055 3541890 0008562 0205307 0205390 0332128 0439166 2347086
 0812284 1704992 0030020 0038137 0175675 0205396 1550043 1551388 1707455 1883254 0450348
 0001942 0001962 0001975 0030016 0206243 0699809 0439787 0849355 0439836 0812284 1704992 1515981 2826298 0812284 1704992 0392148 0027270 0178555 0349966 1337208 2347469 0332197 1518422 1689985 1518422 1547282
 0014442 1518422 0015272 0205177 0439167 0441655 1561536
 0205117 0332282 1883708 1422637 1426577 0003647 0085732 0392366 0007382 0030011 0812284 1704992
 1422637 1426577 0205177 1274040 1546471 2825142 1518422 1547282
 0449911 0333052 2607870 0557702 1272706 1704674 0557702 1272706 1704674 0349966 1337208
 0439086 2827736 2981702
 0030011 0812284 1704992 1335836 1706048
 0007634 3282337 0086022 0442335 1705099 0206243 0006556 0699952 1505208 0037293 0181496 1710492
 1171362 0185117 0521093 0020985 0750484 0003242 0003250 0003241 0021027 0746619 0441833 1704458 1999270 3537156 1547282 0205090 0752609 1332076 1705626
 0007634 1269647 1704653 1948049 0007634 0121258 0752609 0812263 1332076 1704817 1705626 3282337 0681493 2698021 0007634 0243148 1550141 1882979 2587213 3274648 3282337 0681493 2698021 1184171 0812284 1439852 1704992 2826298
 0007634 0243148 1550141 1882979 2587213 3274648 3282337 0005680 0027567 0085756 0439541 2827624 0681493 2698021 1439852 1710236 0012634 0348080 1705253
 0035339 0185115 3541890 0008562 0205390 0936012 1555029 0025663 0025664 0449851 1552738 0520510
 1514468 0205396 1550043 1551388 1268822 1527178 1705938 2825050
 0332283 1719822 0444505 3538806
 0444505 0740116 2827735 2981700 0439086 2827736 2981702 0030020
 0444505 0439084 0728893 0022203
 0444505 1335836 1706048
 0444505 0030020
 0444505
 1883073 2827424 0205396 1550043 1551388 3538806 0444505 0205396 1335836 1550043 1551388 1706048 0444598 0549183 1552826 1547282 0441833 1999270 3537156
 0681814 1706386 0205173 0884358 3539942 0040223 1632851
 1274040 1546471 2825142 0007634 1301820 3282337 1412340 1522485 1708632 1505208 0037293 0181496 1710492
 0439836 1335836 1706048 0073099 0014442 0014445 0030016 0035298 0086597 0127400
 0006556 0009013 0699952 0037293 0181496 1710492 0332256 2700400 0003316 0600080
 0007634 3282337 1412333 1522485 1708632 0740116 2827735 2981700 0439086 2827736 2981702 0086860 0243148 1550141 1882979 2587213 3274648
 0007634 3282337 0683607 3244092 1171362 0185117
 0027270 0242295 1947943 2348609 0027303 0178555 0812284 1515981 1704992 2826298 1710236
 0752609 1332076 1705626 0439086 2827736 2981702 0812284 1704992 0812284 1704992 1335836 1706048 0349966 1337208 2347469
 1514468 3538806 1335836 1706048 0205396 1550043 1551388 0040223 1441565 1527178 1705938 3541383 1883073 2827424 1707455 0444505 2347469 0444505 1883073 2827424
 0022203 0022203 0030011 0812284 1274040 1504308 1546471 1704992 2825142 0150312 0439962 0449450 1883254
 3244092 0428479 1171362 0185117 0441889 0456079 1547707 2946261 0020985 1711411 1524063 0003250 0003242 0003241 0021027 0746619 0033684
 0752609 1332076 1705626 2349105 1547282 0349966 1337208
 0439086 2827736 2981702 0441833 1999270 3537156
 0175723 0439645 0522510 1521913 1527178 1705938 3244092 0185117 0441889 0740116 2827735 2981700 0439086 2827736 2981702 0007634 3282337 1518422 1547282
 0007634 3282337 0442799 0812284 1704992 0812284 1704992 2362652 0686907 0392760 1314939 0022173
 0022173 0205177 0025914 0025929 0026809 0205397 0752609 1332076 1705626 0369637 0441923 1412333 0369637 0441923 0450355 0812284 1704992 2826298
 0007634 3282337 0015272 0205177 0439167 0441655 1561536 0812284 1704992 0349966 0812284 1337208 1704992 2826298 1184171 1705535 1324481 0205177 0439167 0441655 1561536
 0449911 0333052 2607870 0557702 1272706 1704674 0557702 1272706 1704674 0349966 1337208

 0030011 1335836 1706048
 0025519 0025520 1335836 1706048 0007634 0332128 3282337 0007634 3282337 1413863
 1171362 0185117 0007634 3282337 0600209 0332128 1704732 0020985 0441833 1704458 1999270 3537156 1547282 0205090 1413863
 0007634 3282337 0005680 0027567 0085756 0439541 2827624 0681493 2698021 0007634 0243148 1550141 1882979 2587213 3274648 3282337 0681493 2698021 1184171 1439852 3538806
 0035339 0185115 3541890 0008562 0205390 0936012 1555029 0520510 1552738 0025663 0025664 0449851
 1883073 2827424 0444505 2827734 2981698 0740116 2827735 2981700 0441833 1999270 3537156 0700307 2826298 3538806 3538806
 0444505 0022203
 0444505 3538806
 0444505 1882932 0870883 2698672 0312860 0441833 0444598 0549183 1552826 1999270 3537156 1547282 0205090
 0444505 0622215 0393003 1335836 1706048 2826298 1268822 1527178 1705938 2825050 0040223 3541383 1883073 2827424 0441833 0441994 1548802 1999270 2003888 3537156 1547282 0205090
 0444505 1882932 1504308 1335836 1706048
 0681814 1706386 0205173 0884358 3539942 0040223 1632851
 1274040 1546471 2825142 0007634 1301820 3282337 1098682 1427015
 0030011 0332298 2587213 0220781 1883254 0243125 0699900
 0543484 0699900 1516314 0206243 0699809 0010762 1149063 0010798 0014442 0014445 0439787 0534137 0849355 1325304 1413863
 1335836 1706048 2348205
 0007634 3282337 0185117 1413863 2827421 0699952 0003316 0600080
 0007634 3282337 1439852 2826298 3538806 1710236 1413863 0205177 0439167 0441655 1561536 0007634 0392760 1314939 3282337
 0870883 2698672 1335836 1706048 0150312 0449450 0007634 1518422 3282337 0349966 1337208 2347469
 0870883 2698672 0332257 1552866 2700399 0393003 3538806 0700307 3538806 2826298 0014631 3538806 0700307 3538806 0205396 0813983 1550043 1551388 0205198 1706082 0021485 1272883 1533685 1828121 0349966 1337208 2347469 0444505 2827734 2981698 0740116 2827735 2981700 0444505 1883073 2827424
 0205447 0205198 1706082 0622215 0205396 0393003 1335836 1550043 1551388 1706048 2826298 0150103 1708943 1979963 2003903 1883073 2827424 0349966 1337208 0441994 1548802 2003888 0205090 0441833 1999270 3537156
 0014440 1287349 0441889 0456079 1547707 2946261 0007634 3282337 0600209 1881488 0002778 0007634 0936012 1269647 1524024 1704653 1704732 1948049 0005507 0243073 1510438 0332283 0020985 1524063 0003242 0003250 0003241 0021027 0746619 0349966 1337208 0441833 1999270 3537156
 3244092 0441889 0456079 1547707 2946261 2348205 0014442 0014445 0206243 0699809 0439787 0849355 0030011 1335836 1706048 1518422 1547282
 0449911 0333052 2607870 0557702 1272706 1704674 0557702 1272706 1704674 0349966 1337208
 0439084 0728893
 2986770 0871261 1704632 1706817 2911692 3538806 1335836 1706048
 0007634 3282337 0140278 0040845 0001128 0202406 0597357 0140283 0140278 1421546 0035339 0597357 3536891 0022959 2827421 0243148 1550141 1882979 2587213 3274648 0086860 0013879
 0007634 3282337 0332293 0178602 1522326 1705242 2826298 3538806 1335836 1706048
 0521114 0522498 1514917 0013126 0022959 0017337 0016955 0049081 0007634 0234621 3282337 0430389 0026018 0441833 1999270 3537156
 0871261 1704632 1706817 2911692 0444706 0449770 1150051 0205177 0439167 0441655 1561536 1524063 0016945
 1710236 0016955 0028187 1268822 2825050 0312860 0444706 3541902 1524063 0183400 1511276 1552825 0681493 2698021
 1150051 0205177 0439167 0441655 1561536 0205132 1444656 1550648 1552960 2827624
 0681814 1706386 0205341 1720725 1948050 2348205 1274040 1546471 2825142
 0439836 1335836 1706048 1158404 0025519 0025520 0013935 1709305 2745955 0040300
 1704259 1705987 0040291 0040300 1547928 2828366
 0349966 1337208 2348609 0444505 0349966 1335836 1337208 1706048 2348609 2826298 0444505 0026029 0007634 0035322 0445208 1419621 3282337 0392148 0027270 0027303
 1335836 1706048 0205396 1550043 1551388 1441565 1527178 1705938 1979963 2003903 1883073 2827424 1883254 0349966 1335836 1337208 1706048 2348609 2826298 1883073 2827424
 0026029 0439836 1274040 1546471 2825142 1518422 1547282 0035322 0445208 1419621 0205177 3538806 0205145 1515974 2825164
 0205177 0439167 0441655 1561536 0163885 0014442 0014445 0015576 0030016 0337112 1282927 1524075 1704727 1806781 2350002
 0439836 1335836 1706048 0035322 0445208 1419621 0183683 1521721
 0947630 1514873 1883351 0038592 0037791 1511884 1710236 0178623 0678612 0035322 0445208 1419621
 0205309 1527178 1705938 1704259 1705987 1274040 1546471 2825142 0449450 0332282 0522534 1335836 1706048 2826298 0030011 0205087 2362652 0870883 2698672
 1547282 0014442 0014445 0030011 1314939 3538806 0030011 1314939 1335836 1706048 1519193
 0870883 2698672 1709305 2745955 1882932 0205314 0679622 1704259 1705987
 1512571 0020792 0205396 1521721 2826298 1335836 1706048 0030233 2826298 3503116 0041281
 1880022 0243122 1145667 1167622 0140278 0040845 0001128 0202406 0597357 1323381 1514916 0597358 0243122 1145667 1167622 0140283 0140278 1421546 0035339 0597357 3536891 0243148 1550141 1882979 2587213 3274648 0017262 0185117 0332256 2700400 0600508 0013879 0871261 1704632 1705248 1706817 2911692 0521114 0522498 1514917 0033413 0004793 0017446 0086860 0162326 0162327 0205147 1519249
 0013879 0012591 0004793 0162326 0162327 0205341 0439851 1519249 1705914 1709768 1947931 0041405 0085758 1415587 3536819 0028630 0086972 0205447 0205451 0443299 0687118
 0521114 0522498 0750490 1514917 1706221 0012591 0205341 0439851 1705914 1947931 0028630 0086972 0205451 0443299 0687118 0033413 0314621 0017337 0017446 0086860 0150312 0205147 0332257 1335671 0017337 0140278
 0557651 2603343 1335836 1706048 0017262 0597360 0185117 1524063 0007600 0007634 0205132 1269647 1550648 1552960 1704653 1948049
 0007600 0007634 0205132 0206664 1269647 1550648 1552960 1704653 1948049 0140278 0040845 0001128 0202406 0597357 0140283 0140278 1421546 0035339 0597357 3536891 0332324 1550474
 0007600 0007634 0205132 1269647 1550648 1552960 1704653 1948049 0022959 0243148 1550141 1882979 2587213 3274648 0086860 0013879
 0007634 3282337 0332293 0178602 1522326 1705242 2826298 3538806 1335836 1706048 0007634 3282337 1512335 1150051 0205177 0439167 0441655 1561536 0049081 0220825 0487602 1704680 0349966 1337208 0441833 1999270 3537156
 0040624 0205263 0185117 0086045 1441672 0205250 1299351 1280500 2348382 3538806
 3538806 1621983 0205177 0439167 0441655 1561536 1709793 1524063 0016945
 1710236 0016955 0205242 0333853 0028187 1268822 2825050 0312860 0444706 3541902 1524063 0183400 0349966 1337208
 0205263 0857127 0442799
 0205263 0857127 0369637 0441923 3538806 0449286 1704240 2348205 0950275 0369637 0441923 1301820 1335836 1706048
 0871261 1704632 1706817 2911692 0683162 1292711 0178602 0205132 0205134 0444706 0449719 0869039 0871261 1114758 1704632 1706817 1709471 2911692 3541902 1547282 1335836 1706048 0332462 1880834 1280519 1704419 0600508 0013879 0871261 1704632 1706817 2911692
 0449911 0333052 2607870 0557702 1272706 1704674 0557702 1272706 1704674 0349966 1337208

 1879547 1335836 1706048 3538806 0281666 3538806
 0007634 3282337 0022959 2827421 0243148 1550141 1882979 2587213 3274648 0086860 0013879
 1704458 0007634 3282337 0335038 1333247 1522485 1705915 1709908 2827421 0140283 1421546 0035339 0597357 3536891 0140278
 0007634 3282337 1883708 0332293 0441889 1444656 1522326 2826298 3538806 0281666 3538806 1335836 1706048
 0007634 3282337 1512335 1150051 0205177 0439167 0441655 1561536 0005507 0243073 1510438 0520510 1552738 0025663 0025664 0449851
 1511276 1552825 0007634 3282337 0332293 0178602 1522326 1705242 2826298 3538806 0281666 3538806 1335836 1706048 0033727 0369286 0441932 0564385
 1150051 0205177 0439167 0441655 1561536 0205132 1444656 1550648 1552960 2827624 1282910 0681493
 0007634 3282337 1512335 1150051 0205177 0439167 0441655 1561536 0005507 0243073 1510438 0520510 1552738 0025663 0025664 0449851
 0681814 1706386 0205341 1720725 1948050 2348205 1274040 1546471 2825142
 0140283 0281666 1504308 1879547 3538806 0031851 0001128 0202406 0001128 0202406 0015690 0015684 0001128 0522535
 0140283 1145667 1167622 0013879 0600436 0002055 0037179 0086972 0087136 0178499 0205171 0443299 0687118 1709450 1880279 0073118 0086860 0150312 1419317
 0557651 2603343 1514758 1879547 0005507 0007634 0243073 0335038 1269647 1333247 1510438 1522485 1527178 1704653 1705915 1705938 1709908 1948049 1524063 0007634 3282337 0243148 1550141 1882979 2587213 3274648 0086860 0013879 1515273 1705313 2826302 1260957
 0007634 3282337 0140283 0140278 1421546 0035339 0597357 3536891 0205263 0857127 0281666 3538806 0332197 1689985 0140283 0140278 1421546 0035339 0597357 3536891 0349966 1337208 0681493 2698021
 0009013 0140283 0140278 1421546 0035339 0597357 3536891 0086860 0243148 1550141 1882979 2587213 3274648 0007634 3282337 1260957
 0281666 3538806 1515877 1879547 0040649 0140283 1335836 1706048 0349966 1337208 0681493 2698021
 3538806 1518422 1145667 1167622 0140283 0140278 1421546 0035339 0597357 3536891 0150312 1883712 0140283 1421546 0140278 0035339 0205263 0597357 0857127 2986815 3536891 1274040 1546471 2825142 1707455 1335836 1706048
 1274040 1546471 2825142 0686907 0281666 3538806
 0520510 0557061 2584313 2985663 0557651 1514811 1706462 2603343 1335836 1706048 0870883 2698672 0030233 3503116 0242295 1947943 2348609 1335836 1706048 0017262 0185117
 1335836 1706048 1948023 0017262 0185117 0007634 3282337
 1335836 1706048 1518422 1515877 1879547 0022959 0335038 1333247 1522485 1705915 1709908 2827421 0140283 0140278 1421546 0035339 0597357 3536891
 0205195 1947911 0684224 0700287 3273238 0020792 0205396 1514468 1704444 1826796 0450348 0557651 2603343 1880022 1704259 1705987 1273518
 0522534 1826796 0035331 0030011 0812284 1704992 1412235 0001942 0001962 0001975 0030016 0163885 0015576 0030016 0337112 1282927 1524075 1704727 1806781 1853366 2350002 2362652 0035322 0150312 0445208 0449450 1419621
 0812284 1704992 1335836 1706048 2826298 0030011
 1335836 1706048 0622215 0393003 1335836 1706048 2826298 0030011 0025914 0025929 0026809 2826298 0041281 0021135 1533691 2827718 1705535 1511758 1704259 1705987 1519193
 1710236 1514468 0870883 2698672 0025914 0025929 0026809 0040300 0205409 1548221 0205396 1550043 1551388 1707455 1883073 2827424 1979963 2003903 0024485 0028580 1880022 0037813 0436196 0577559 1306372 3152252
 0439836 1504308 3538806 0150312 0332120 1335836 1706048
 1335836 1706048 0205171 1720467 0030011 1441547 2826298 3245521 1826796 0014442 1273518 1261552 1704379 1705117 2825408 0220781 0439634 1522492
 2607943 2926606 3539655 0522534 1826796 0205177 1261552 1704379 1705117 2825408 1158404 0025519 0025520 1515655
 0220781 1883254 1156369 0243125 0699900 0015576 1704727 0163885 0035298 1278894 0035322 0445208 1419621
 0521116 1705970 0557651 2603343 1704259 1705987 1335836 1706048 2987476 0442799 0349966 1337208 2348609
 0220781 1883254 0040300 0445247 1709305 2745955 0220781 1883254 1709305 2745955 1335836 1706048 0439182 0812409
 0439182 0812409 0470187 1883254 0014442 0014445 0470187 0683454 0021966 0221138
 0005508 1706947 0014653 0205415 0560184 0851285 0005572 0220781 0543484 0699900 1516314
 0010762 0014442 0014445 0332257 1552866 2700399 1413863 0030011 3538806 3538806 0439084 0728893 3538806
 0014442 0014445 0439801 1314939 1428114 0441889 1515981 0001942 0001962 0001975 0030016 0163885 0030016 0337112 1282927 1524075 1806781 2350002 0073099 0030016 0441889 0456079 1547707 2946261 0231239 0441889
 1547282 1413863 0014442 0014445 1335836 1706048
 0442043 1880177 2362314 0439182 0812409 1515655
 0020792 0205396 0557651 2603343 0684224 0700287 3273238 0020792 0205396 0332256 2700400 0598132 0205245 0441833 0542341 0687744 1257890 1552516 1705428 1705429 2700217 0522534 1705188 0337112 1524075 1282927
 0870883 2698672 1279919 1552738 0557651 0947630 2603343 0332283 1539479
 1704259 1705987 0030011 1335836 1706048 2826298 2987476 1705535 1955473
 0870883 1514468 1704444 0205103 1550465 2827755 0030011 0205163 0439185 1335836 1706048 2826298 0664634 0205103 1550465 2827755
 1265611 0025914 0025929 0026809 1324679 1416905 1441672 2826298 0242295 1947943 2348609 0441889 1707455 0025914 0025929 0026809 1301820 0030233 2826298 3503116 0041281
 1290905 1551359 2741673 2981730 0205227 0014442 0014445 0444454 1554204 1705242 0041281 1521801
 1704259 1705987 0443211 1272684 1524063 1171353 0599779 0003062 3161035 0011155 1636779
 0035820 1705810 0681814 1524063 0025914 0025929 0026809 0011155 1636779 1158404 0025519 0025520 0035339 1314939 3536891 1547282 1412235 1412333 0441712 1314939 1545588 1706376 0871261 1704632 1706817 2911692 0031330 0178602 0205464
 1412235 0025914 0025929 0026809 0332324 1550474 1883559
 1441414 1553874 1578820 0439836 3538806 0814150 0012155 0441889 1979886 2699635
 1512612 0750591 0600688 1280500 1407029
 1547282 1412235 1412333 0030011 1314939 1335836 1706048 1335836 1706048 0040649 0140283 1707455 2826298 0281666 3538806
 0332149 1705910 2362652 0522534 1722730 1261552 1704379 1705117 2825408 1511758 1704259 1705987 0359589 1999230 1545588 0220781 0439634 1522492
 2607943 2926606 3539655 1547282 1265611 0870883 2698672 1265611 0205054 0205437 0205447 1265611 1883351 3538806 0560608 1508277 0005910 1305866 0043100 0242821 0460148 1268086 1705104
 1705535 0522534 0678608 0443286 1114821
 0332149 1705910 2362652 1656419 0205177 0439167 0441655 1561536 0023175 0033268 0181586 0205314 0679622 1442948 1522538 2348269 3275067
 1335836 1706048 0040649
 0086045 1446561 1979963 2003903 0441994 1548802 2003888
 0332149 1705910 2362652 1335836 1706048 0870883 2698672 0205177 0439167 0441655 1561536
 0086045 1446561 0023688 2584321 0441889 0184047 0597357 0242210 0033684 0243122 1145667 1167622
 1442162 1550718 3244317 0086045 1446561 1510827 0205410 1335836 1706048 1621296 0023688 0206588 0521447 0597357 2362652
 0037088 0243095 2825141 0014442 0014445 0039869 1883351 0079613 0220781 0439634 1522492 3538806 1273518 1883351 0750591 1516084 3538806 0031437 1285572 0011155 1636779
 0205447 1707959 0013935 0025914 0025929 0026809 0205197 0242297 2347083 3538806 0011065 0231800 1704631
 0543488 1883351 0870883 2698672 0332257 3538806
 0020792 0205396 1291081 0311400 1524026 1704259 1705987 2707259 1722730 1261552 1704379 1705117 2825408 1184743 1522240 0205172 0557651 0947630 2603343 0443211 0035820 1705810 0870883 2698672
 1552616 1706244 1291081 0311400 1524026 1704259 1705987 2707259 0023175 0035339 0181586 0205227 0205314 0456387 1442948 1522538 1705943 2348269 3275067
 0522534 0332283 0030011 1335836 1706048 1709305 2745955 1515655
 1335836 1706048 1515877 1879547 0040649 0140278 0040845 0001128 0202406 0597357 1518422 1145667 1167622 0140283 0140278 1421546 0035339 0597357 3536891
 1704259 1705987 0457083 0557351 0014442 0014445
 0870883 2698672 0018896 1552861 0332272 0162340 0442732 0542341 1875856 0031842 0031843
 2825232 0043227 0027468 0018173 0018684 0021622 1521721 3245503 0260206 0018173 1548284 0018173 1548284
 0597277 1708601
 0016617
 0010186 0220812 0449719 1709471 0220808 0680264 0007961
 1706852 0522501 1706089 0949214
 0205155 1293097 1522472 1552923 1705191
 0333052 2607870 0470187 1522486 0332256 2700400 0349966

 0282413 0376649 1442065 0029087 1555792 0041740 0043038 0179400 1533124 0043038
 0254343 0796520 3272379

 0085205 1549619 1880669
 0013849 1705961 0024492 1538057 1547565 0043038 0059804 0000723 1273517 0042839 0087161 0373745
 0030233 3503116 0073115 0030233 3503116
 0001942 0001962 0001975 0030016 0001942 0001962 0001975 0030016
 1504308 3538806 1504308 0001128 0202406
 0740116 2827735 2981700 0740116 2827735 2981700 0439084 0728893
 0812284 1704992

 0023194 0031617 0885520 0064731 1416905 0023194 0001390 0031617 0042839 0087161 0373745 0885520
 3538806 0040845 0001128 0202406
 0812284 1704992 0035331
 0073099 0030016 0030016
 0140278 0040845 0001128 0202406 0597357 0140278 0040845 0001128 0202406 0597357
 1826796
 0140283 0140278 1421546 0035339 0597357 3536891 0140283 0140278 1421546 0035339 0597357 3536891
 0163885 0030016 0337112 1282927 1524075 1806781 2350002 0163885 0030016 0337112 1282927 1524075 1806781 2350002
 0013879 1705248 0140278
 0013879 1705248 0140283
 0010825
 0008562 0008562 0008565 0008550 0033095 0205250 0302908 0460139 1299351 1304698 1306345 1546699 1561501 2700149
 1516698 1704814 1516698 1704814
 0012591 0205341 0439851 1705914 1947931 0012591 0205341 0439851 1705914 1947931
 0049081 0016945

 0205090 0684010 2603358
 0597277 1708601
 0302523 0700325 3244290
 0031831 1301820 1707664 2348314 3540849
 0031831 1707664 2348314 3540849

 2986676 0031831 1707664 2348314 3540849
 2698653 0003062 0018896 0041281 0442027 1552861
 0031831 1707664 2348314 3540849
 0430389 0018896 0023693 0026018 1306462 1552861 1881376
 0025914 0025929 0026809
 0031831 1707664 2348314 3540849
 0165519 1334523 1708832 0007987 0220781 1883254
 0031831 1707664 2348314 3540849

 2986676 0600659
 0587524 1704729 0041740 0042124 1709854 0035168 0242481 0309872 0456909
 0041740 0042124 1709854 0456909
 1514811 1706462 0520510 0557061 2584313 1514811 1706462 0439267
 0036397 0025141 0369773 2603361

 0852885 0016327 0439133 1553038 0597277 1708601
 0036397 0025141 0852885 0016327 0439133 1553038 0016327 0439133 1553038 0999213 0369718 0441922 1553036

 1417055

 0016327 0439133 1553038 0597277 1708601 0205090 0684010 2603358 2603360 0852885


 0201682

 0016327 0439133 1553038 2347469
 0205090 0684010 2603358
 1708595 3280986 0597277 1708601 0852885 0439394 1706495 3642217

 1418943

 0268596 2700624
 3642273

 2603362

 2347469 1708595 3280986 0016327 0439133 1553038 1551776
 0439267 2603360
 0205090 0684010 2603358
 0852885 0205090 0684010 2603358
 0369637 0441923
 1418943

 0268596 2700624
 3642273

 2603362


 0439267

 0369773 2603361
 2603362
 0033727 0369286 0441932 0564385
 0016327 0439133 1553038 0557775 1511780 0369773 2603361
 2603360

 1418943

 0268596 2700624
 3642273

 2603362

 0439394 1706495 3642217 0369637 0441923
 0033727 0369286 0441932 0564385
 0439267


 0201682
 0439267



 0016327 0439133 1553038 0439267
 0016327 0439133 1553038
 0369773 2603361
 0597277 1708601


 0201682
 0439267 0281162 0427978 2732473 0016327 0439133 1553038

 0201682


 0025141 0369773 2603361


 0017337
 0025141 0369773 2603361
 0439394 1706495 3642217
 0017337
 0025141 0369773 2603361
 0439394 1706495 3642217


 0201682
 0369773 2603361 0597277 1708601
 0205090 0684010 2603358
 0369773 2603361 0008114 1284862





 0000857 0600678 1552863 0281162 0427978 2732473 0016327 0439133 1553038
 0441039 1705854 3540815
 0439267


 0439073 0439082 0025141 0861352 0442982 0554249 2603362

 0439394 1706495 3642217


 0201682
 0033727 0369286 0441932 0564385 2603360 0439114 0597277 1708601 0721226 1551914 0033727 0369286 0441932 0564385

 0007457 0043157 0220938
 0443013 2347469
 0016327 0439133 1553038
 0443013 0439267 0369637 0441923


 0201682
 0007457 0043157 0220938
 0033727 0369286 0441932 0564385 0039286 0410207 1834582 2603362
 0369773 2603361 0443013 0439267 0369637 0441923
 1418943

 0268596 2700624
 3642273

 2603362

 0439073 0439082 1553033 0033727 0369286 0441932 0564385 0007457 0043157 0220938 2347469 0369637 0441923


 0201682

 0205090 0684010 2603358 0597277 1708601


 0201682
 0369637 0441923

 0369637 0441923
 0016327 0439133 1553038
 0369773 2603361 1553033
 0033727 0369286 0441932 0564385



 0597277 1708601 0033727 0369286 0441932 0564385
 0003461 2939124

 0025141 0369637 0441923
 2603360 1532464 2700314

 0205090 0684010 2603358 0557775 0205090 0684010 2603358
 0597277 1708601


 0201682
 0369773 2603361
 0369718 0441922 1553036 0205090 0684010 2603358 0033727 0369286 0441932 0564385
 0439267
 1418943

 0268596 2700624
 3642273

 2603362

 0033727 0369286 0441932 0564385 0165519 1334523 1708832 0369637 0441923
 0033727 0369286 0441932 0564385
 1553033 0597277 1708601


 0201682
 1551910 2347469 2603360
 0369637 0441923
 0243107 0678723 1527148
 0450382 0449205 1538613
 0033727 0369286 0441932 0564385 1551090 2347469
 0205090 0684010 2603358
 0205090 0684010 2603358 1412813


 0201682
 1258169 0439267 0369773 2603361



 0450385 0025141 1258169 0439267 0369773 2603361



 0025141 0033727 0369286 0441932 0564385
 0597277 1708601
 0597277 1708601 0205090 0684010 2603358
 0369637 0441923
 1418943

 0268596 2700624
 3642273

 2603362

 0205090 0684010 2603358


 0205090 0684010 2603358
 2347469 0439267 0205090 0684010 2603358

 0007634 0450387 1269647 1704653 1948049 0025141 0369773 2603361
 0597277 1708601
 0369637 0441923



 0000857 0600678 1552863
 0205090 0684010 2603358
 0033727 0369286 0441932 0564385 2603360
 0036397
 2603360 0112088 0014878 0522667 0730321
 0033727 0369286 0441932 0564385
 0016327 0439133 1553038
 0230467 0741204


 0025141
 0597277 1708601 2603362

 0205090 0684010 2603358
 0369637 0441923
 0007634 1269647 1704653 1948049 0025141 0016327 0439133 1553038 0597277 1708601

 0025141 0369773 2603361



 0025141 0281162 0427978 2732473 0016327 0439133 1553038
 0369718 0441922 1553036 0439267

 0600130
 0025141

 0205090 0684010 2603358
 0597277 1708601


 0025141 0369773 2603361 0369637 0441923
 2347379

 2347379
 0597277 1708601 2347469 0369773 2603361 0369773 2603361

 0325074
 0450355 0025141 0439267 0369773 2603361 0369773 2603361 0369637 0441923


 0025141 0325001 0439267 2603362
 0439267
 2347469


 0201682

 0331964
 2347469 0033727 0369286 0441932 0564385
 0016327 0439133 1553038

 2347379
 0597277 1708601 0369773 2603361
 0205090 0684010 2603358 0325001 0439267
 0349590 1262865 0025141 0439267


 0201682
 0369718 0441922 1553036
 2347469 0369773 2603361 0439267


 0025141 0597277 1708601 1258169 2347469 0369773 2603361 0369773 2603361
 0243107 0678723 1527148
 1527021 1554111 1705606 3541382 1511726 3245479 0333052 0441061 0179636 1824528 0239110 1706852 0239110 1705565 1947976 0687676 1704687 0557854 0013849 1705961 1706852 0282420 1706852 1138432 0239110 0162443 0205314 0033213 1706387 1706852
 0205090 0684010 2603358
 1706852 0597277 1708601
 1706852
 0205090 0684010 2603358
 1706852 0597277 1708601
 0039224 1706073 1706074 0162443 1521991 0162443 0026376 0005532 0009993 0013621 0013622 0013658 0037455 0039401 0596070 1521991 1552856 0005477 0026376 0005532 1521991