 0004083 0439849 0596306 0699792 0017446 0205147 0035647 0011860 0740116 2827735 2981700 0439086 2827736 2981702
 0740116 2827735 2981700 0439086 2827736 2981702 1425625 0439086 2827736 2981702
 0439267


 0439086 2827736 2981702 0740116 2827735 2981700 0439086 2827736 2981702 1704729 0683939 0085142 0205099 0020008 0019994 0205246 1510665 1553889 0006037 0587466 1704729 0036378 0036375 0006037 1709697 2728259 3484370 0017404 0017398 0017399 0032659 1257890 0021622 1272753 0587463 1704729 3539882 0020028 0041740 1704729 0020028 0019994 0041740 0205099 1510665 1879652 0021622 1272753 0683939 0205099 0683935 1709697 2728259 3484370 0041740 0205099 0019994 1510665 0034390 0041740 0205099 0034390 1293097 2919030 2919031 0014137 0019994 1510665 0006037 0439148 1519795 1704753 1880519 0020008 0019994 0205246 1510665 1553889 0006037 1704729 0036378 0036375 0006037 0035171 0035168 0242481 1707689 2983265 0557061 2584313 1514811 1706462 0017337 1705285 1883351 0015127 1524003 0348078 0376315 0475311 0205419 0012634 0348078 0376315 1522492 1880177 3538928
 0017337 1420631 3273648 0017446 0205147 1547282 0023745 1520512 1417727 1832387 0947630 1705535 1521798 0205419 1420631 3273648 0599883 1427926
 0752046 0028630 0032529 0037179 0087136 0205171 0205214 1285573 1522138 1527178 1705938 3245511 1420631 3273648 1707391 0752046 0028630 0032529 0037179 0087136 0205171 0017431 0030705 0243148 1550141 1882979 2587213 3274648 0681850 1550501 1706203 2349001 2697811 0016132 0006823
 0752046 0028630 0032529 0037179 0087136 0205171 0439084 0728893 0017337 3645563 0004083 0439849 0596306 0699792 0005516 1299394 0028873 0456603 1547037 1709380 1522609
 1883708 0017431 0752046 0028630 0032529 0037179 0087136 0205171 0004083 0439849 0596306 0699792 0011860 1320657 0441730 0011847 0011849 0332307 1547052 0441730 0241863 0332307 1547052 0243148 1550141 1882979 2587213 3274648 0681850 1550501 1706203 2349001 2697811 0032356 1707455 1274040 1546471 2825142 1515981
 0456148 0549184 1274040 1546471 2825142 1441672 0370003 2347026 1554961 1705847 0004083 0439849 0596306 0699792 0521114 0522498 1514917 0205419
 1274040 1546471 2825142 0205419 0032214 0600138 0035820 1705810 0035820 1705810 0035820 1705810 0518609 1441672 0017296 0314603 0205349 1514623 1516451 3542952
 0011860 1320657 0441730 0011847 0011849 0332307 1547052 0012634 0017296 0314603 1516998
 0012634 0205214 1522138 3245511 0205419 0456369 1883351 0032214 0600138 0035820 1705810
 1707959 0332257 1552866 2700399 0032529 1882417 0678951 0032529 1882417 2347961 2827734 2981698 0740116 2827735 2981700 0752046 0961737 1413110 0006784 0017446 0028630 0032529 0037179 0087136 0205147 0205171 1882417 0439086 2827736 2981702
 0237607 0596545 0012634 1705535 1280500 0332183 2348561 0032659 0557651 1257890 2603343 1514873 1883351 1274040 1546471 2825142
 0342276 2984262 0011860 0011847 0011849 0332162 0449989 0700597 3463805 0348078 0376315 1522492 1833334 0332162 1279919 1880022 1457869 1861101 0030274 1278931
 0017337 0205309 1883351 0015127 1524003 0342276 2984262 0011860 0011847 0011849 0332162 0449989 0700597 0026882 0017337 1420631 3273648 0000938
 0035820 1705810 0011847 0011849 0205132 1705535 1420631 3273648 0543488 1332838 0017337 3463805 0348078 0376315 1522492
 0023745 1947931 1517519 0017428 0023745 0034606 0205448 0332464 0441633 0444505 2338314 2826292 0348078 0376315 1522492 0011860 1320657 0441730 0011847 0011849 0332307 1547052
 0205419 0205214 1522138 3245511 1518422 0150312 0011860 3463805 0332281 0441730 1320657 0011847 0011849 0205087 0332162 0332307 0348078 0376315 1522492 1547052 0032659 1257890
 0205419 0684224 0700287 3496591 1883351 0007613 0007634 0031843 0542341 0700205 1269647 1704653 1705273 1948049
 1420631 3273648 0030705 0241863 0947630 1547282 0442821 1280500 2348382
 0947630 1518422 0805874 0870077 1446409 1280500
 0376554 0079941 0009219 0017446 0205147 0038951 0175566 0220905 1704735 0205419 0032214 0600138 0035820 1705810
 1883351 2717879 1707520 0348078 0376315 1522492 0011860 1320657 0441730 0011847 0011849 0332307 1547052 1880022 0449774 0752046 0028630 0032529 0037179 0087136 0205171 0680220 1708726 0017431 0005516 0243148 1550141 1882979 2587213 3274648 0681850 1550501 1706203 2349001 2697811
 0035171 0035168 0242481 1707689 2983265 0086912 0035171 0035168 0242481 1707689 2983265 0557061 2584313 1514811 1706462 0815172 1521970 1552738 0740116 2827735 2981700
 0332257 1552866 2700399 1336674 1448979 0037047 3639994 0370003 2347026 0332256 2700400 0681850 1550501 1706203 2349001 2697811 0681850 1550501 1706203 2349001 2697811
 0017446 0205147
 0370003 2347026 0872128 0001779 0150103 1708943 0017446 0205147 1517526
 0030705 1550543 0243161
 1336674 1448979 0600644 1516698 1704814 0271650 0178665 0013220 0017725 0020963 0220929 0221099 0231197 0684336 1704410 1704788 3539106 2827896 1532563 1532563
 0370003 2347026
 3548440 0041703 0027361 0237401 2700400
 0681850 1550501 1706203 2349001 2697811
 0370003 2347026 0009253 0036864 0079399 0150103 1314687 1522384 1708943 0001779 0015031 0079946 0439659 1550512 0079411
 1521970 0039224 1552738 1706073 1706074
 0202042 0455280 0017725 0032105 1550098 0015663 1550565 0029161 0017741 0201778 0178665 0201777 0337438 0595310 0597140 1955477 0013220 0017725 0020963 0022885 0039593 0220929 0231197 0392366 0442027 1515981 1704410 0017735 0017725 0025663 0242417 0444706 0449851 0871511 3541902 0472226 0179038 1706246 0348000
 0449911 0039224 1706073 1706074 0557702 1272706 1704674 0557702 1272706 1704674 0683325 0815172 1521970
 0947630 0150312 0282443 0552371 1552617 1138432 1515981 1552603 1706202 1522634 3242470 3543841 0032529 1882417 0011847 0011849 0032529 1882417 1420631 3273648 0011847 0011849
 1883351 0002778 0332257 0936012 1524024 3538986 0030705 0205087 0332162 1704788 3539106 0342276 2984262 0011860 0011847 0011849
 1274040 1546471 2825142 0205195 1524063 0282458 0920317 0002778 0936012 1042496 1524024
 1285573
 1285573 0884358 1514433 0206415 0231448 1514468 1552738 1880641 1511790 0282597 2348791 0037813 0037812 0040223 0577559 1306372 1555977 2610507 2713504 2984732 3152252 3541383 1524063 1710360
 0450355
 0752046 0028630 0032529 0037179 0087136 0205171 0017431 1720725 1948050 0439812
 0743559 1608199 1883351 1524063 0205173 3539942 0017431 1707455 0743559
 0871424 0002778 0936012 1524024
 1883351 0004083 0439849 0596306 0699792 0011860 1320657 0441730 0011847 0011849 0332307 1547052 1273517 1303103 0002778 0936012 1524024 0022885 0039593 0040722 0242781 0281825 0392366 0394006 1521797 1336674 1448979 0017381 0022885 0039593 0392366 1709450 1524063 0037047 0037047
 0002778 0936012 1524024 0376249 0439603 0871396 1561548 1705502 0027361 0237401 0370003 0750572 2347026 1524063 2700035 0002045 1553907 0037585
 1274040 1546471 2825142 0205195 1524063 0282458 0920317 0002778 0936012 1042496 1524024
 1881065 0392366 1524063 0870608 0022885 0036572 0039593 0392366 0424576 2349186 0205170 0332272 1522427 1552738
 0678594
 1883351 0220825 0678594 0017431 0752046 0028630 0032529 0037179 0087136 0205171 0752046 0028630 0032529 0037179 0087136 0205171 0332256 2700400 0008633
 0332257 3538986 0752046 0028630 0032529 0037179 0087136 0205171 1511693 1880355 0629286 0017446 0205147 0332257 1552866 2700399 0086860 0035696 1883644 0017446 0205147
 0439175 0439810 0752046 0028630 0032529 0037179 0087136 0205171 1711300 2700613 0205145 0439659 1515974 2825164 0444930 2746065 0600680 0017446 0205147
 0752046 0028630 0032529 0037179 0087136 0205171 0205265 1707391 1415284 1527178 1705938 2348395 2825313 0017446 0205147 0752046 0028630 0032529 0037179 0087136 0205171 1524062 0023746 0023745 0281825 0394006 0439792 1527178 1705938
 0752046 0028630 0032529 0037179 0087136 0205171 0205455 1516084 0231174 0680095 0014653 1547026 1883351 0439165 1549488 1561533 0752046 0028630 0032529 0037179 0087136 0205171 1527428 0017270 0376249 0439603 0871396 1561548 1705502 0439084 0728893 0439175 0439810 0036849 1442518 1705195 0752046 0028630 0032529 0037179 0087136 0205171
 1710137 0450316
 0028778 0332206 1533157 1552738
 0752046 0028630 0032529 0037179 0087136 0205171
 0557651 2603343 0439234 0439531 0884358 1948053 1515981 1551362 1710090 1999244 0184511 0332272 1561611 0025663 0025664 0449851 0332253 0752046 0028630 0032529 0037179 0087136 0205171 1524062
 0036849 1442518 1705195 1707391 1524063 0021966 0221138 0369773 2603361 0718133 0073187 0037585
 0336789 3245505 0013682 1524063 2698872
 0022885 0392366 0453882 0205145 1515974 2825164 0034869 0237913 0022885 0332257 0392366 1512571 3538986 0002778 0936012 1524024
 0018591 0205369 1552740 0005516 1707494 0023746 0023745 0281825 0394006 0442821 2987476 0205447
 0470187 1555015
 1883351 0205170 3146287 0752046 0028630 0032529 0037179 0087136 0205171 1882417 0036849 1442518 1705195 0205419 0752046 0028630 0032529 0037179 0087136 0205171 0220825 1707520 0205447 0205099 3540681 0370003 2347026 1552738 1282910 1552828
 0034869 0036849 1442518 1705195 0205419 0017446 0205147 0332307 1547052
 1512571 0205419 1552551 3272371 0205419 0600420 1707391 0036849 1442518 1705195 0376249 0439603 0871396 1561548 1705502 0005516 0205099 0441833 1999270 3537156 3540681 0332307 1547052
 1316572 1317574 1369612 0750572 1518422 0449774 0017446 0205147 0752046 0028630 0032529 0037179 0087136 0205171 0205214 0205447 1522138 1882417 3245511 0450316 0150312 1710090
 0237753 0439175 0439810 0449788 0376249 0439603 0871396 1561548 1705502 2984182 2827734 2981698 1510992 2825518 0017429 0017428 2338314 1139855 0205437 0205447 0205145
 1883712 1707391 0036849 1442518 1705195 0036849 1442518 1705195 0205393 1518422 1510853 2945843 0205145 0444868 1527428 3539085 0332148 0750492 1547282 1522609 0021966 0221138 0369773 2603361 0718133 0073187 0302523 0700325 3244290
 0035171 0035168 0242481 1707689 2983265 0557061 2584313 1514811 1706462 0439659 0557651 2603343 0017446 0205147 0884358 2947996 0282458 0920317 0002778 0936012 1042496 1524024 0017337 0011860 1320657 0441730 0011847 0011849 0332307 1547052 0039224 1706073 1706074
 0456148 0549184 0947630 0237881 0750502 1546944 0332529 1547017 0449738 0032529
 0752046 0028630 0032529 0037179 0087136 0205171 1882417 3645563 0004083 0439849 0596306 0699792 0370003 2347026 0205195 2827734 2981698 0369773 2603361
 0032529 1882417 0814843 0456389 1442162 1550718 3244317 0376249 0439603 0871396 1561548 1705502 0237881 1709380 0038215 0750502 0004093 1762617 2827734 2981698 0039259 0205448
 0449911 0039224 1706073 1706074 0557702 1272706 1704674 0557702 1272706 1704674 0282458 0920317 0002778 0936012 1042496 1524024 0017446 0205147 1274040 1420631 1546471 2825142 3273648 0042789 1947903 0205173 0205341 1883725 1552551 3272371 1512571 1883351 0231448 0439792 0002778 0936012 1524024 0023746 0023745 0281825 0394006 0449774 1272689 0220825 0017446 0205147 1711300 2700613 0017337 1285573 0752046 0028630 0032529 0037179 0087136 0205171 0205099 3540681 1336674 1448979
 0086860 0017446 0205147 0030705 0241863 0752046 0028630 0032529 0037179 0087136 0205171 0205099 0441833 1999270 3537156 3540681 0017431
 0017337 0587081 0035820 1705810 0342276 2984262 0011860 0011847 0011849 0150312 0332162 0332239 0332285 0449989 0700597 0205447 0332257 0587081 0439294 0439267 1518422 0004793 0162326 0162327 1519249 0015295 1517331
 0439175 0439810 0752046 0028630 0032529 0037179 0087136 0205171 0014653 1547026 1524031 1552614 2826545 1285573 0017270 0376249 0439603 0871396 1561548 1705502 0349966 1337208
 0017446 0205147 1547282 0023746 0023745 0281825 0394006 1880371 0004793 0162326 0162327 1519249 0017446 0205147 0442821 0023746 0023745 0281825 0394006 0018591 0028778 0332206 1533157 1706084 2828370 0450355
 0205195 1947911 0178587 1705535 0752046 0028630 0032529 0037179 0087136 0205171 0332148 0750492 0205250 0752046 0028630 0032529 0037179 0087136 0205171 1707520 0017446 0205147 0557651 2603343
 0449911 0333052 2607870 0557702 1272706 1704674 0557702 1272706 1704674 0349966 1337208
 2827734 2981698
 0024779 1706473

 0205132 1550648 1552960 1547282 1953345 0017446 0205147 0205099 0370003 0936012 2347026 3540681
 0017337 0439542 1547282
 0752046 0028630 0032529 0037179 0087136 0205171 0005680 0027567 0085756 0205132 0439541 1550648 1552960 0745732 3272378
 0449719 0332256 2700400 0023746 0079809 0242485 1527178 1705938
 0057717 1706341 1882932 0449286 1704240 0332575 1260956 0023746 0023745 0281825 0394006 2986775 0449820 0740116 2827735 2981700
 0028778 0332206 1533157 0017446 0205147 1420631 3273648
 0018591 0023746 0023745 0281825 0394006 1547282 1280412 0205132 1550648 1552960
 0392148 0018591 0018591 1882932 0008633
 1521827 1524063 0449911 0037585
 1709697 2728259 3484370 1704254 1704922 3542466 0332257 1547713 1511726 3245479 0023746 0002778 0936012 1524024
 1707391 0023746 0023745 0281825 0394006 0024779 1706473 1883351 0869040 0004083 0042153 0439849 0457083 0596306 0699792 0947630 1947944 0332257 0205419
 0752046 0028630 0032529 0037179 0087136 0205171 1518422 0036849 1442518 1705195 0040223 1707391 3541383 0332256 2700400 0005516
 1999230 0005516 0752046 0028630 0032529 0037179 0087136 0205171 1999230 0032863 0752046 0028630 0032529 0037179 0087136 0205171 0012634 0441833 1999270 3537156 0017431
 0752046 0028630 0032529 0037179 0087136 0205171 0441730 1550335 0030705 0241863 0332307 1547052 0017431 0036273 0006823 0332287 0681850 1550501 1706203 2349001 2697811 0015576 1704727 1527178 1705938 0445356 1704623 0039224 1706073 1706074
 0205457 0445482 0022885 0039593 0392366 1547282 3645563 0004083 0439849 0596306 0699792 0441833 1999270 3537156 0039224 1706073 1706074
 0332257 1552866 2700399 0205419 1441672 0814843 1280500 2348382 0282458 0920317 0002778 0936012 1042496 1524024 0039224 1706073 1706074 0557651 2603343 2827734 2981698 0039259 0205447
 1274040 1546471 2825142 1299394 1441672 0043194 0258432 1421478 0039259 0205448
 0443228 0205419 0521114 0522498 1441672 1514917 0442766 2827734 2981698 0205213 0678226 0205251 0376249 0439603 0871396 1299352 1550472 1561548 1705502 3146286 1709380 0039259 0205447 1522609 1274040 1546471 2825142
 0449911 0039224 1706073 1706074 0557702 1272706 1704674 0557702 1272706 1704674 0004083 0439849 0596306 0699792 0011860 0441730 0449570 1320657 0011847 0011849 0022885 0039593 0332307 0392366 1547052 0030705 0205245 0542341 2700217 1511726 3245479 1282914 0017337 1274040 1546471 2825142 0205419 0032214 0600138 0035820 1705810
 1883351 0376649 1442065 0205214 0205419 0439178 1446409 1514241 1522138 1552551 2825490 3245511 3272371 0557651 2603343 0011860 0332281 0441730 1320657 0011847 0011849 0332307 1547052 0884358 0002778 0936012 1524024
 0205435 1279901 0017431 1512571 0030705 0150103 0243148 1550141 1708943 1882979 2587213 3274648 0041703 0681850 1550501 1706203 2349001 2697811
 0205436 0457385 0565930 1561503 1705190
 0557651 2603343 1708726 1883351 2369992 0752046 0028630 0032529 0037179 0087136 0205171 0037640 1947931 1707455 0683954 1274040 1546471 2825142
 0220896 0370003 2347026 0041703 0456148 0549184 0752046 0028630 0032529 0037179 0087136 0205171 1547282 0332120 0011860 1320657 0441730 0011847 0011849 0332307 1547052 0039224 1706073 1706074
 0004083 0205397

 0752046 0028630 0032529 0037179 0087136 0205171 0220825 0205197 0370003 0725685 2347026 1515981 0205419 0205393 0332281 1171304 0011847 0011849 0035647 0205217 0442805 0947630 0023866 0034036 0205156 1515981 1552607
 1705535 0376249 0439603 0871396 1561548 1705502 0032659 0239307 1257890 1535514 1280500 2348382 0541749 1709743 0439787 0849355 2349182 0027361 0237401 0242444 2987720 0035647 0332218 0600644 1516698 1704814 0370003 2347026
 0449911 0039224 1706073 1706074 0557702 1272706 1704674 0557702 1272706 1704674 0752046 0028630 0032529 0037179 0087136 0205171 0370003 2347026
 0035171 0035168 0242481 1707689 2983265 0557061 2584313 1514811 1706462 1420631 3273648 0017337 1273518 0017446 0150312 0205147 0023745 0683954 0439064 0947630 1274040 1546471 2825142 0282458 0920317 0002778 0936012 1042496 1524024 1705535 0752046 0028630 0032529 0037179 0087136 0205171 0011860 0332281 0441730 1320657 0011847 0011849 0205087 0332162 0332307 1547052
 0557651 2603343
 0033204 0205250 1299351 2700149 0205419 0032214 0600138 0035820 1705810
 0205265 1279901 1555582 1705685 0370003 2347026 0183089 0332120 0017446 0205147
 0681367 0085862 0205448 0549177 1299583 0370003 0557651 2347026 2603343 0004083 0456148 0549184 1441672
 1707478 0205419 0035820 1705810 0035820 1705810 1280500 2348382 0035820 1705810 0017296 0314603 0518609 0521116 1441672 0205349 1514623 1516451 3542952
 2700116 0205265 0557651 1279901 1555582 1705685 2603343 1547282 1710082 0205265 0220908 1279901 1305399 1555582 1705053 1705685 0752046 0028630 0032529 0037179 0087136 0205171 0027361 0231175 1883351 0205173 1524062
 0681841 1883351 0332268
 0205435 1279901 0004083 0439849 0596306 0699792 0231239 0231241 2827773
 0042295 1709380 0237753 0449788 0205419 0557651 2603343 1705175 1705176 1705177 1705178 1882348 1420631 3273648 0205447 0557651 2603343 0441833 0687744 1257890 1552516 1552839 1705428 1705429
 0545082 1512346 1947978 1274040 1546471 2825142 2348205 0558058 0206086 0242568 1504315
 0681841 0205419 1280500 2348382 0205156 0205397 0947630 1552607 0441833 1999270 3537156
 1280500 2348382 0205419 0456389 1555307 0679006 1947967
 1442162 1550718 3244317 0456389 1280500 2348382 1883351
 1707959 0002778 0936012 1524024 0442504 1704765 1882509 3496241 1282910 0332297 1145667 1167622 1689898 2349209 0002085 0026193 0205165 0282458 0920317 0002778 0936012 1042496 1282910 1524024 1527178 1705938 0947630
 0332149 1705910 2362652 1710082 0237400 3272377 0439092 0547044 0370003 2347026 0086833 0019409 0205419 1518422 0332281 0035647 0370003 2347026
 0678226 0014406 0370003 2347026 3146286 0205349 1514623 1516451 3542952
 1316572 1317574 1369612 0871508 0022885 0039593 0392366 0947630 0205160 1513916 2825415 2825491 0681841 0017296 0314603 0205349 1514623 1516451 3542952 0150312 0596609 0596610 0014406 0017337 1704675
 1316572 1317574 1369612 3645563 0004083 1425367 1416578 0237881 0038215 0750502 1441672 1546944 0238884 0740116 2827735 2981700
 0439849 1705630 1706279 3540605 0031437 0752046 0028630 0032529 0037179 0087136 0205171 1548673 1705242 0752046 0028630 0032529 0037179 0087136 0205171 1441672 1955473 0332324 2347565 1550474 0242485
 0332300 0332290 0004083 0439849 0596306 0699792 0459471 3173575 0205419 0015127 1524003 3463805 0348078 0376315 1522492 0205419 2987476 1880177 0012634 0205172 0348078 0376315 1522492
 0868928 1706255 1706256 1515021 0017337 0012634 0348078 0376315
 2981279 0017337 0205396 1550043 1551388 0012634 0205214 0348078 0376315 1522138 1522492 3245511 0332257 0342276 2984262 0011860 0011847 0011849 0332162 0449989 0700597 0011053 0018772 0581883 0348078 0376315 0439509 0006142 0678222 0006141 0006826 0998265 1268990 1306459 0294028 0598034 3538722 0299212 1418985 2986918 1955473
 0439792 0017337 0348078 0376315 1705535 1825598 0441712 2348205 2347784 2349179 2826544 0205210 0237876 0444930 1522138 1552961 2347617 2746065 1705535
 0444504 2347634 2348143 0025663 0025664 0449851 1656250 0009015 0449560 1514873 1883351 0243095 0017337
 0033727 0369286 0441932 0564385 1709854 0036397 1879848
 0718133 0073187
 0684017 0684017 1521721 0043227
 0439294 0439267 0557651 2603343 0016617 1521721 0000876 2986512 0016617 2986512 0016617 0015179 0009462 1538431 0423899 0079816 1556038 0035168 0205476 0242481 1551807 0016617 0016617
 2986676 2603360
 1511726 3245479 0871489 0680022 0587081
 0439294 0439267 0439394 1706495 3642217 1709701
 0033727 0369286 0441932 0564385 1514756 0015751 0220828
 0718133 0073187 0441833 1999270 3537156 0015751 0220828
 0439294 0439267 0441833 1999270 3537156 0015751 0220828 0331797 0331904 0331965
 0282413 3273171 0686900 1272683 1522634 1704729 0020008 0019994 0205246 1510665 1553889 0006037
 0013849 1705961 0024492 1538057 1547565 0059804 0587463 1704729 3539882 0020028 0041740 0038995
 0013849 1705961 0024492 1538057 1547565 0034036 0034037 1514756 1704324 0348078 0376315 1272684 1522492 1527075 1548435
 3548440
 0023746 0023745 0281825 0394006 0023746 0023745 0281825 0394006
 0342276 2984262 0332239
 0752046 0028630 0032529 0037179 0087136 0205171 1882417 0752046 0028630 0032529 0037179 0087136 0205171 1882417 1514811 1706462 0035171 0035168 0242481 1707689 2983265 0557061 2584313 1514811 1706462 1527178 1874451
 0429863 3537219 3539772 0039247 0439254 1428813 0678594 2717879 1707520 0017446 0205147
 0454673 1550752 0012836 0205419 0011860 0441730 1171304 1320657 0011847 0011849 0035647 0332307 1547052
 1261322 1516048 0199236 0947630
 0025141 0205090 0684010 2603358 0022773 0439267 0369637 0441923 0369637 0441923 3539617 0145779 3540468 0282458 0920317 0002778 0936012 1042496 1524024 0557651 2603343 0521093 0750484 1456348 0035820 1705810 0012655 0220898 1264642 1547045 0011860
 0025141 0312860 0369637 0441923 0369637 0441923 0369637 0441923 0033727 0369286 0441932 0564385 0439267 0439267 0439254 0002778 0936012 1524024 0036341 1524063 0015576 1704727 0032662 0032659 1257890 1527178 1705938
 0025141 1549972 0439254 0039676 2349943 3539704 0597277 1708601 0033727 0369286 0441932 0564385 0597277 1708601 0597277 1708601 1718783 0597277 1708601 0439267 3539879 1552950 0039247 0042333 0205419 0012655 0220898 1264642 1547045
 0025141 0439254 1549972 0369637 0441923 0023031 0039247 1708726 0008670 0008633 1517519 0017428 0034606 0332464 0441633 0443289 2338314 2826292 0032659 1257890
 0025141 1520135 1708595 3280986 2986463 0230613 1366480 1416656 0439255 0038108 0011198 0017480 3541240 0021966 0221138 0022337 3536614 0796451 0002778 0936012 1524024 0003595 0523511 1412481 0002395 1521724 0012634
 0025141 1428813 0369637 0441923 0201975 3539604 0039247 0369637 0441923 0032529 1882417 0011860 0332281 0441730 1171304 1320657 0011847 0011849 0035647 0205216 0332307 0392756 0442797 1547052
 0025141 3539617 3541894 0441712 0031847 0277785
 0597277 1708601 0033727 0369286 0441932 0564385 0027971 0369637 0441923 3539617 0596611 0026882 0011860 0011847 0011849 0332162 0449989 0700597 0332239 1852093
 0025141 0597277 1708601 0033727 0369286 0441932 0564385 0369637 0441923 0546866 0027971 0033727 0369286 0441932 0564385 0033727 0369286 0441932 0564385 3541894 3539617 0596611 0026882 0011860 0011847 0011849 0332162 0449989 0700597 0332239 1838100 3273648
 0025141 0369637 0441923 0597277 1708601 3539617 0033727 0369286 0441932 0564385 0439267 0016327 0439133 1553038
 0544885 0596611 0026882 0746939 1705285 0015127 1314792 1524003 0011860 2697407 0011854 0011849 0011847 0021641 0851827 1518422 1533581 1579433 1701901 3244310
 0025141 0369637 0441923 0268060 1415529 0369637 0441923 0026882 0011860 2984301 0011849 0332281 0441730 1320657 0011847 0243107 0332307 0678723 1527148 1547052
 0025141 0011860 2984301 1320657 0011849 0441730 0011847 0332307 1547052 1826562 1833382 1826562 1517892 1704666
 0025141 0369637 0441923 0033727 0369286 0441932 0564385 0597277 1708601 0369637 0441923 0033727 0369286 0441932 0564385 3539617 0596611 0026882 1705285 0126037 1420636 1420636 2348633 0342276 2984262 0011860 0332281 0011847 0011849 0332162 0332239 0449989 0700597
 0025141 0145779 3540468 0369637 0441923 0369637 0441923 0023617 2986899 0332120 0017337 0206132 0001779 1417727 1515981 1708726 1832387 1838100 3273648 1520512
 0369637 0441923 0369637 0441923 0439267 0369637 0441923 0597277 1708601 0369637 0441923 0439267 0008630 0017337 1283195 0011860 1320657 0441730 0011847 0011849 0332307 1547052 0332281 1256369 0021641 0036536 0036537 1457869 1533581 1579433 1861101 1517519 0017428 0034606 0441633 2338314 2826292 0015576 1704727
 0439083 0439087 0025141 0558269 1552984 0205419 1420631 0011860 0332281 0441730 1833334 1320657 0011847 0011849 0332162 0332307 1279919 1547052 0574533 0702268
 0022575 1705783 1261082 1551056 2981682 0022337 0032529 1882417 0021655 0332281 2700570 0021641 0237834 1514892 1533581 1579433
 0033727 0369286 0441932 0564385 0033727 0369286 0441932 0564385 0597277 1708601 0596611 0026882 1838100 3273648 1518422 0015127 0205164 1524003 0681850 1550501 1706203 2349001 2697811
 0025141 0036243 1539696 1825840 3539736 0597277 1708601 0369637 0441923 3539617 0042333 0205419 0007457 0043157 0011860 3273872
 0025141 0033727 0369286 0441932 0564385 0205090 0684010 2603358 0369637 0441923 0369637 0441923 0205419 0017337 0681850 1550501 1706203 2349001 2697811
 0000857 0600678 1552863 1266240 1511278 0013754 0560132 1704677 0205419 1422205 0017337 0065110 1420631 0069116 0872184 0271650 0017725 0231199 1744706 1880177 2355652 0032659 1257890
 1418867 1518860 1552158 0021966 0221138 0026882 0337704 0022389 0178443
 0033727 0369286 0441932 0564385 0369637 0441923 0033727 0369286 0441932 0564385 0369637 0441923 0597277 1708601 0369637 0441923 0597277 1708601 0014651 0369637 0441923 0017337 0209278 1420631 0872184 0011860 2697407 0011854 0011849 0011847 0021641 0851827 1518422 1533581 1579433 1701901 3244310
 0025141 0369637 0441923 0039247 0022718 0439209 0439254 1428813 0039593 0392366 0017337 0084821 1415629 0872184 0035647 0011860 1320657 0441730 0011847 0011849 0332307 1547052 0027361
 0369637 0441923 0369637 0441923 0369637 0441923 0039247 0439254 0022718 0439209 1428813 0039593 0392366 0231175 1883351 0521093 0750484 1456348 0004083 0439849 0596306 0699792 0011860 1320657 0441730 0011847 0011849 0332307 1547052
 0022558 0596019 0369637 0441923 1428813 0282458 0920317 0679560 0796344 0002778 0936012 1042496 1524024 0183683 1521721 1880177 0012655 0220898 1264642 1547045 0012634
 0025141 0597277 1708601 0012836 0201975 3539604 0033727 0369286 0441932 0564385 1285573
 0033727 0369286 0441932 0564385 0022337 0369637 0441923 0369637 0441923 0205090 0684010 2603358 0205090 0684010 2603358 0439254 0678594 0017429 0017428 0028778 0086418 0332206 1533157 1706084 2338314 2828370
 3539879 2986904 0022885 0039593 0392366 0017446 0205147 0011854 0011849 0011847 0021641 0851827 1533581 1579433 1701901 3244310
 0025141 0369637 0441923 0008630 1283195 1328885 0600436 0037047 1527178 1705938 1709450 3639994 0002085 0022885 0039593 0392366
 0025141 0369637 0441923 0597277 1708601 0201975 3539604 0205090 0684010 2603358 0014651 1880022 0079941 0009219 0017446 0205147 0314604 0017337
 0025141 3540510 0439254 1707391 0036849 1442518 1705195 0002778 0936012 1524024 1524063 0023746 0023745 0281825 0394006
 0025141 0022773 0439267 0369637 0441923 0145779 3540468 0002778 0936012 1524024 0011860 1320657 0441730 0011847 0011849 0332307 1547052 0597277 1708601
 0032659 1257890 0017398 0017399 0684224 0700287 3273238
 0369637 0441923 0369637 0441923 0369637 0441923 0039247 0439254 0022718 0439209 1428813 0039593 0392366 0231175 1883351 0521093 0750484 1456348 0004083 0439849 0596306 0699792 0011860 1320657 0441730 0011847 0011849 0332307 1547052
 0022718 0439209 1366480 1416656 0369637 0441923 0032659 0039593 0392366 1257890 1273519 1547539 0004083 0439849 0596306 0699792
 0025141 0022337 1419366 0205090 0684010 2603358 0439267 0439660 0011847 0011849 0011053 0018772 0581883 0449560 0162735 2924612 0026882 0037179 0087136 0205171 0750490 1552961 1705285 1706221 2347617 0035724 0017337
 0000857 0600678 1552863 0597277 1708601 0021966 0221138 0369637 0441923 0279354 1704645 0018387 0022337 0033727 0369286 0441932 0564385 1538326 3541325 0020538 1963138 0026882 0015127 1524003 0031727
