 0443264 1705241 1705242 0332297 1145667 1167622 1689898 2349209 0348078 0376315 0369637 0441923


 0033727 0369286 0441932 0564385
 0007226 0021622 0027765 0012634 0036152 1826357 0006754 3146274 0035172 0021622 0035168 0242481 1272753 0587487 1704729 0006754 0041740 3146274 0036152 1826357 0006754 3146274 1704729 0036375 0006754 0041740 3146274 0006754 3146274 0034036 0034037 1514756 1704324 0348078 0376315 1515981 1522492 1527075
 0557061 2584313 1514811 1706462 1704675 0119082 1880389 1883221 3541951 0205543 1691010 1883351 1704675 0681842 1882327 1883351 0205172 0052201 2984964 0052199 1883351 0004083 0439849 0596306 0699792 0007222 0007226 0012634
 0556981 0332268
 1883351 0376649 1442065 0033213 1706387 0597717 0014274 0016315 0040671 0231881 0424589 0459800 0542479 0684213 1442080 1705822 0013845 0678648 0013852 0037812 0231881 0459800 0684213 2713504 2984732 3463986 1273517 1883351 0182400 1704681 2347609 3536729 1514583
 0025663 0025664 0449851 1880389 1883221 3541951 0052201 2984964 0052199 1274040 1546471 2825142 1704675
 1883712 0013845 0013852 0231881 0459800 0684213 3463986 1547282 1880389 1883221 3541951 0560560 0578671 1269909 1299988 2699029 0205172 0012751 0597298 0014020 0041004 0259862 0332297 0597177 0699759 1145667 1167622 1689898 2349209
 1274040 1546471 2825142 1704675 0871161 1882134 2347695 0003595 0523511 1412481 0425382 0026377 0023779 1705242 0439855 1704241
 0557061 2584313 1514811 1706462 0003591 0003591 0086597 1326470 0005528 1317949 3495449 0007634 0178539 0243144 0347980 0032105 1550098 0927232 1269563 0027763 0422837 1269560
 0033684 0332256 2700400 0205448 0332462 1880834 1880389 1883221 3541951 0039686 0205360 1547311 2987476 0023779 0332296 1301808 1442792 1880497 1996904 3148680 2827734 2981698 0740116 2827735 2981700
 0206755 0034571 0043299 0043309 1306645 1962945 0010424 0086894 0851346 2314876 0205088 1705314 1705315 1880389 1883221 3541951 0018882 0205450 0229304 1704821 1705682 0439086 2827736 2981702 1880389 1883221 3541951 0681842 1882327 1883351 0332256 2700400 0205549 2348044 0740116 2827735 2981700
 0597298 0052201 2984964 0442805 0035647 0002395 0439084 0728893
 0439234 0027361 0237401 0019904 0237506 0019425 0035647 0683971 0032659 0205246 1257890 1553889 0439084 0728893
 0597298 0002520 2917660 0001128 0202406 0205171 0205448 0733755 1720467 0052198 0010654 0010654 0052199 0010654 0052201 2984964
 1705241 1705242 0678594 0871161 1292721 0205245 0542341 1274040 1546471 2700217 2825142 1705241 1705242 0681842 1882327 1883351 0001721 0012634
 0205447 0871161 1882134 2347695 0178566 1441414 1553874 1578820 0052201 0243122 0443199 1145667 1167622 1527178 1705242 1705938 2984964 0023825 0065060 0023823 0442811 0023820 0178587 0205251 0442824 1299352 1550472 0052199 0332281 2825490 0007961 0439178 1446409 1514241 1706211 0733755 0243122 1145667 1167622
 0034571 0043299 0043309 1306645 1962945 0206755 0002778 0086894 0205088 0851346 0936012 1524024 1527178 1705314 1705315 1705938 2314876 0308313 0052199 0052201 2984964 0002778 0936012 1524024 1704675 1704788 3539106 1883351 0332257 1552866 2700399 0220781 0439634 1522492 0061472 0220839 1705535 1883351 1880389 1883221 3541951
 0681842 1882327 0392148 0733755 0052201 2984964 0033414 1704675 0061472 0220839 0010654 0052198 0184967 0332270 0337112 0441987 1274040 1289829 1523987 1524075 1546471 2825142 2828395 0681842 1882327 1883351 0061472 0220839 0439092 0547044
 0061472 0220839 1704675 1880389 1883221 3541951 0079870 0079866 0205145 1515974 2825164 3146302 0439851 1947931 0035139 0559956 1555302 0040005 0001898 0061472 0220839 0392747 0558295 1549513 0023825 0023823 0442811 0023820 0178587 0205251 0442824 1299352 1550472 0023821 0023820 0178587 0205250 1299351 2700149
 1515657 2986594 1554088 3161035 0242613 1299987 0009221 1095825 0009221 1095825 0733755 0003595 0523511 1412481
 0332185 0597717 0014274 0016315 0040671 0231881 0424589 0459800 0542479 0684213 1442080 1705822 1121779 0033684 0303920 0699952 1880389 1883221 3541951 1273517 1883351 1516048 0012751 0007634 3282337
 1511726 3245479 1547282 0013682 2827421 0332290 1880389 1883221 3541951 0052201 2984964
 0011008 2348077 0556981 0332268 0443264 0033625 0026377 1148636 0023779 0243122 1145667 1167622 0439673
 0557651 2603343 0012751 1880389 1883221 3541951 0243072 0182400 1704681 2347609 3536729 1524063 0597717 0014274 0016315 0040671 0231881 0424589 0459800 0542479 0684213 1442080 1705822 0013845 0678648 0013852 0037812 0231881 0459800 0684213 2713504 2984732 3463986
 0013845 0242356 0993637 0013852 0231881 0459800 0684213 1511726 1527178 1705938 3245479 3463986 1553520 3161035 1880389 1883221 3541951 1441414 1553874 1578820
 0557061 2584313 1514811 1706462 0520510 0332257 3538986 0580272 1519043 2827734 2981698 0740116 2827735 2981700 0439084 0728893 0066268 0168043 0220806 3274660
 0812225 1150635 1705212 1705213 3273202
 0439084 0728893 0038762 0001128 0202406 0026381 0182400 3274660
 0772274 1959616 0041073 0041175 0077281 0814229 0070813 0024579 0065573
 0012456 0023779
 0025080 0220819 0699733
 1337342 0040018
 0450240
 1550029 0185117 0006556 0052201 1547699 2700640 2984964 1292748 2827421
 0162326 0162326 0917792 0012854 1553778 1561491 1711411
 0003595 0523511 1412481 0014834 0014833
 0007634 3282337 1512335 0024348 0440266 1552738 0441436 0993610 1998480
 0003595 0523511 1412481 1552738 1998793
 0120447 0018320 0120446 1512523 0003595 0523511 1412481 0332256 2700400 3469601 1516695 1516698 1880165 1524063 1698986
 0427716 1304757 0086045 0015347 1707429 0002520 2917660 0001128 0202406 0444686 0486616 1441506 1443182 1555710 0489829 1705501 0033684
 0015347 1707429 2827734 2981698 2827421 0009013 2827734 2981698 0439086 2827736 2981702 0596988 2827734 2981698 0026882 1705285
 1167624 1947902 2827499 0033684 1623737 3539687 0120447 0018320 0120446 1512523 0025402 0013618 2678549 1882074 0020283 0450407 0450408 0450409 0456963 0006353 0009264 0009443 0020746 0234192 0051706 0005367 0973231 2722820 0120447 0018320 0120446 1512523 0013618 0011744 0033727 0369286 0441932 0564385 1524063
 0006353 0456963 0006353 0009264 0009443 0020746 0234192 0392747 0443172 0012789 0439227 0564385
 0370003 2347026 0006353 0456963 0006353 0009264 0009443 0020746 0234192 0678640 1524063 1185738 1706132
 1167624 1947902 2827499 0050456 1521827 0370003 1524062 2347026 0205430 1441565 1185738 1706132
 1167624 1947902 2827499 0024579 0065573 0012403 0038770 0038771 0851343 1521827 0168043 1524062
 0370003 2347026 1439852 0439583 0332582 0181496 2827499 0033684 0008559 0008550 0016107 0017243 0849355 1382104 1185738 1706132 0035191 0184967 0037494 0332152 0740175 1959973 2257086 0013618 0041175 0077281 0814229 2678549 1882074 0020283 0450407 0450408 0450409 0265246 1532188
 0205448 0444505 0016640 0524811 1279919 1514721 2348147 3161031 3542016 1516695 1516698
 0205435 1279901 1882932 0033684 0003595 0523511 1412481
 1264633 1554103 1880165 1524063 0052080 0212301 2349168
 0370003 2347026 0033684 1947931 1708715 0700271 0033684 0025402 0013618 0041175 0077281 0814229 2678549 1882074 0020283 0450407 0450408 0450409 1185738 1706132
 1441565 1516698 1704814 0041175 0077281 0814229 0070813 1524062 1883351 0024501 0010654
 0086045 1446561 0033684 0439294 0086045 0439269 0439526 1446561 1960952 2346927 0333118 0439228
 1301808 1442792 3148680 0030695 0150369 0181904 0596972 1521743 1704646 1524063 0008559 0684296 0008550 0016107 0017243 1382104 2348792 0040223 3541383 1552961 2347617 0750729 0681814
 0003595 0523511 1412481 0597717 0014274 0016315 0040671 0231881 0424589 0459800 0542479 0684213 1442080 1705822 2827421 1521827 1708632
 1167624 1947902 2827499 1883351 2827734 2981698 0597526 0033684 1268822 1708632 2825050 0015347 1707429 0312860 2827734 2981698 0033684
 0037813 0521093 0436196 0577559 0750484 1306372 1708632 3152252 1444656 0442805 0332268 0033684 0577559 1306372 3152252
 0041175 0077281 0814229 0070813 0220781 0439634 1522492 0332174 0439230 0012634 0348080 1705253 0600209 0392756 1516048 1518422 1704732
 1883073 2827424 1516695 1516698 1524063 0427716 1304757 0086045 0265246 1532188 0183395 1710143 0233929 2349995 1328200 0036849 0312860 1442518 1705195
 0370003 2347026 0012456 0439855 1704241 0370003 2347026 1521827 0332283 1719822
 0012456 0439269 1960952 2346927 0439526 0456692 0702093 0182400 1704681 2347609 3536729 0003595 0039686 0523511 1412481 1524062 0439269 1960952 2346927 0439526 2827734 2981698 0439962 1439852 0439583
 0439855 1704241 0012456 0086972 0332296 0443299 0687118 1609982 1880497 1996904 0003595 0523511 1412481 0037633 0525069 0439526 1524062 1704458 1623737 3539687 0037633 0041175 0077281 0814229 2678549 1882074 0020283 0450407 0450408 0450409 0175730 1547937 1561954 1704730
 0370003 2347026 1446863 0439583 0450382 0582523
 0175730 1547937 1704474 0444499 0439526 1264633 1979893 1524063
 0370003 2347026 0086045 1516695 1516698 0265246 1532188
 0370003 2347026 0000039 0216971 0439855 1704241 1552738 0000039 0086972 0216971 0332296 0443299 0687118 1880497 1996904 0003595 0523511 1412481 1704241
 0013682 0597717 0444686 1441506 1443182 0963236 1425233 3540559 0021966 0205163 0221138 0439185 0552449 1547282 0309989 0392148 0332173 0309989
 0309989 1524063 0041249 1514811 1706462
 0185027 1948020 0443238 0552449 1547282 0015347 1707429 0449819 0678544 1421479 1444754 1706316 0016315 0016315 0439175 0439810 1882115 0175659 0349674 1947916 3536777
 0013845 0370003 2347026 2984062 0439294 0439269 0439526 1880165 1960952 2346927 2349168
 0370003 2347026 0265246 1532188 1521827 0086045 0439294 0439526 0003595 0523511 1412481 0205171 0439044 0679994 0012456 0332297 1145667 1167622 1689898 2349209 0439294 0066653 0439526 0014020
 0455052 1521827 0370003 2347026 1439852 0439583 0013845 0678648 0013852 0037812 0231881 0459800 0684213 2713504 2984732 3463986
 0370003 2347026 0037633 0525069 0439294 0439526 0265246 1532188 0456693 1442458 0702093 0003595 0523511 1412481 1524062 0086045 1446561 0439294 0439526 0456693 1442458 0702093
 0003595 0523511 1412481 0014020 0041073 0265246 1532188 1521827 1552738
 0014020 0007703 1880165 0582523 0175730 1547937 1704474 0750554 0312860 0016640 0038636 0439182 0524811 0812409 1161331 1516048 3161031 1882368 0596837 0023693 0439742 0729333 1306462 1881376 1552738
 0086045 1446561 0443211 1272684 1524063
 0014020 0003595 0523511 1412481 1524062 0086045 1446561
 0242356 0993637 0205156 0243122 1145667 1167622 1511726 1527178 1552607 1705938 3245479 0439155 0243122 1145667 1167622 1516240 0031676 0202177 0086045 1446561 0681842 1882327 1883351 0003595 0439083 0439087 0523511 1274040 1412481 1546471 2825142 0014020 0332297 1145667 1167622 1689898 2349209 0450348
 1883351 0013682 0237753 0449788 0370003 0522510 2347026 0037633 0525069 0120447 0018320 0120446 1512523 1521827 1883712 0439268 0439269 1960952 2346927
 0205145 0037914 1415347 1708632 1823107 0013682
 1707455 0012751 0733755 0013682 0332256 2700400 0026882 1705285 0033684 0332256 2700400 0003765
 0449911 0333052 2607870 0557702 1272706 1704674 0557702 1272706 1704674
 1707689 2983265 0392360 2699007 0596988
 0205088 1705314 1705315 1880389 1883221 3541951 0018882 0229304 0332575 1017315 1260956 1704821 1705682 1882932 1880389 1883221 3541951 0018882 0229304 0332583 1017315 1704821 1705682 3161035
 1880389 1883221 3541951 0017446 0086972 0205147 0443220 0443299 0687118
 1550029 0597717
 0041249 0179400 0439542 1638312 0013018 1527169
 0567416 0010654 0231441 1709915 1882936 0179400 1533124 0597717 0014274 0000901 0016315 0040671 0231881 0424589 0459800 0542479 0684213 1442080 1705822
 0041249 1880389 1883221 3541951 0031453 1705285
 2347469 1550029 0013845
 0010654 0205145 1444656 1292748 0026882 0205447 1705285 1709450 1880389 1883221 3541951
 0596493 1883073 2827424 0013845 0175723 0183395 0439645 1516695 1516698 1521913 1710143 0419518 0445022 1709920
 0184108
 1883073 2827424 0439661 3245488 0034606 0439267 0441633 2826292 0032863 0556966 2346753 0205132 0205296 0231441 0487742 1550648 1552960
 0205173 0370003 1705764 1705765 1708632 1883073 2347026 0205199 1547335 1707455 1883073 2827424 0370003 2347026
 0012751 0444686 1441506 1443182 1707643 1883073 2827424 0449774 1882932
 0012751 0444686 1441506 1443182 1524063 0037585 1709697 2728259 3484370 1999230
 1444777 1534709 1881714 1522427 1883073 2827424
 0002778 0936012 1524024 1883073 2827424 0013682 0332128 1167624 1947902 2827499 0013682 0043194 0258432 1421478 1442989 1514811 1706462 2828392 0237753 0445247 0449788 1882115 1415347 1823107
 0175631 2827662 0206243 0699809 0439787 0849355 1524063 3271738 1522486 0037585
 0026344 3161035 2827421 1524063 0444626 0427896 0678594 1533132 1704641 0439086 2827736 2981702 0205088 0596260 1705314 1705315 1880389 1883221 3541951 1709915 1882936 0018882 0026837 0229304 0231441 0231517 0443218 1704821 1705682 1882952 2827483
 0012751 0037914 1277697 0205173 1301820 1415347 1705764 1705765 1708632 1823107 1273517 3161035 0441587 1524072 0080103 0205345 1547039
 0012751 1882932 0012751
 0337112 0441987 1524075 0026377 0442504 1704765 1882509 3496241 0080103 0205345 1547039 0150312 1883351 0037179 0087136 0205171 0332251 0449432 1705248 1883073 2827424
 0733755 0700364 0037179 0087136 0205171 0449432 1705248 0733755 1547282 0449432
 0337112 0441987 1524075 0332148 0750492 0425382 0026377 0205172 0205447 3161035 0457083 0557351 0205171 1720467 0026377 0750501
 0557061 2584313 1514811 1706462 1704675 0003595 0205448 0523511 0678594 1412481 1514583 0030695 0150369 0181904 0596972 1521743 1704646 1880389 1883221 3541951 1292732 1524063 0597717 0014274 0016315 0040671 0231881 0424589 0459800 0542479 0684213 1442080 1705822 1527178 1705938 2827421 0349966 1337208
 0450344 1553633
 0243072 0041249
 0041249 0031453 0559956 1299987 0041249 0010654 0559956 1299987 1273517 1883351 0231441 1314972
 0449911 0333052 2607870 0557702 1272706 1704674 0557702 1272706 1704674
 0002778 0936012 1524024 0003595 0523511 1412481
 0037179 0087136 0205171 0444505 1185738 1706132 0332168 0872291 0040223 0080089 0180979 1705858 3541383 0681814 1706386 1442455 0439228 0815045 1325401 0337174 1698986 1753314
 0336721 0042034 0449468 1552835 1690016 1705102 2700258 0449468 1690016 1705102 2700258
 0205419 1521827 1883351 1516048 0026377
 0052201 2984964
 1527240 0332256 2700400 1555721 1706204 1704675
 0052199
 1167624 1947902 2827499 0033684 0037179 0087136 0205171 0444505 1185738 1706132 0008559 0349966 1337208
 1883073 2827424 0205435 1279901 0023767 0023779 0332296 1301808 1442792 1516695 1516698 1880497 1996904 3148680 0549255 0041249 0449819
 0016315 1709305 0016315 0041249 0597717 0014274 0016315 0040671 0231881 0424589 0459800 0542479 0684213 1442080 1705822
 1705241 1705242 1705535 0597717 0014274 0016315 0040671 0231881 0424589 0459800 0542479 0684213 1442080 1705822 0443228 1704243
 1947971 1883073 2827424 0041249 0205280 2827421 1705241 1705242 1441672 1708632 0449234 1704772 1882133 0597717 0014274 0013682 0016315 0040671 0231881 0424589 0459800 0542479 0684213 1442080 1705242 1705822 0205447
 0455052 1521827 1167624 1947902 2827499 1947971 1274040 1546471 2825142 1879649 1510992 1705241 1705242 2825518 0369773 2603361 1709451 0022885 0038492 0039593 0392366 1551041 1552573
 1511726 3245479 0332290 1880389 1883221 3541951 0052199 1883357 0587267 0023779 0332296 1301808 1442792 1880497 1996904 3148680 0681842 1704675 1880389 1882327 1883221 3541951
 0449911 0039224 1706073 1706074 0557702 1272706 1704674 0557702 1272706 1704674 0449381 0444706 3541902 0012456 0031676 0000039 0216971 0349966 1337208 2347469 1553033
 0243122 1145667 1167622 0003595 0523511 1412481 0031676 0202177 2612461 0597177 0023821 0007806 0007807 0005889 0150312 0302908 0444611 1704353
 0023779 0033684 0332296 1441672 1880497 1996904 0333118 0013682 1705241 1705242 0052199 0031676 0202177 0332297 0443318 1145667 1167622 1301808 1442792 1689898 2349209 3148680 0349966 1337208 2347469 0205447
 0449911 0333052 2607870 0557702 1272706 1704674 0557702 1272706 1704674
 1883073 2827424 0003595 0523511 1412481
 0003595 0523511 1412481
 2347469 1704241
 1704241
 0073187 0003595 0523511 1412481
 0243148 1550141 1882979 2587213 3274648 1883073 2827424 0444706 3541902 0332454 0205372 0678594 0450363 2986797
 1883073 2827424 0205280 0016315 0392756 0015672 1517945
 1883712 0016315 0205216 1274040 1546471 2825142 0333051 2347509 0449819 0332290 0301630 0392756 0441610 1511726 3245479 1518422 1547282
 1704675 0013845 0013852 0231881 0459800 0684213 3463986 0182400 1704681 2347609 3536729 0041249 0013018 1273517 1527169 0947630 0012751 1707455 1880389 1883221 3541951 0052201 2984964 0052199
 1883351 0439849 1705630 1706279 3540605 1880389 1883221 3541951 0013845 0678648 0013852 0037812 0231881 0459800 0684213 2713504 2984732 3463986 0557351
 0733755 0205448 0205088 0205449 0596260 1705314 1705315 1880389 1883221 3541951 0010654 0441587 1524072 1707391 1709915 1882936 0450345
 0596988
 1883712 0596988 0010654 0205447 1880389 1883221 3541951 0450345
 0037179 0087136 0205171 0037914 0596988 0220825 0332621 0439168 0220781 0439634 1522492
 0205171 1720467 0596988 2987476 1749467 1948047 0002778 0936012 1273517 1524024
 0205132 0332479 1550648 1552960 0052201 2984964 0332256 2700400 0037914 0181496 1415347 1823107 2827499 0349966 1337208 1547282
 0332575 1260956 0442822 1524031 1883002
 0037914 0181496 1415347 1823107 1547282 0425245 0449580
 0332290 0205148 0018882 0205450 0229304 1704821 1705682 0037949 1267072 0444626 0308313 0205088 0427896 0678594 1527178 1533132 1704641 1705314 1705315 1705938 1880389 1883221 3541951 0439086 2827736 2981702
 0733755 1547282 0449432 1705248 0332148 0750492 0040704 0205374 0332158 0337611 1705415 0041484 0041485 1421250
 1883073 2827424 0733755 0332290 0162807 0175668 0027627 0037949 0205436 0231441 0443218 0678594 1267072 2827483
 0037914 0181496 1415347 1823107 2827499 0015450 0016538 0018882 0085639 0229304 0238715 0445247 1281591 1704821 1705682 1547282 1704675
 1704675 0449234 1704772 1882133 0205145 0039686 0020944 0332158 0337611 1705415
 0012751 1554088 1880389 1883221 3541951 1706765 0029266 1704322 1704972 3539923 0002778 0936012 1524024 0003595 0010654 0205173 0523511 0596988 0884358 1412481 1705764 1705765
 0037914 0181496 1415347 1823107 0010654 0231441 0733755 0010654 0733755 0450345
 0332120 0332268 1273517 3161035 1514583 1880389 1883221 3541951 0370003 2347026
 0349966 1337208
 1547282 1883073 2827424 0237753 0445247 0449788 1882115 1415347 1823107 1883073 2827424 0442822 1524031 1883002 0444456 1706359 0370003 2347026 0005680 0027567 0085756 0439541 0442822 1524031 1883002 1515051 0442822 1524031 1883002
 1883073 2827424 0332232 1515051 1704675 1709305 2745955
 0012751 1514721 2348147 3542016 0237897 0808080 1705922 0444686 0449774 1441506 1443182 1707643 1883073 2827424
 0010654 0205173 0205449 1705764 1705765 0370003 2347026 0037914 0181496 1415347 1823107 1547282 0936012 1707643 1947971 0012751
 0087130 1705175 1705176 1705177 1705178 1882348 0750591 0743559 1608199 1883073 2827424 0680011 1883073 2827424
 1442162 1550718 3244317 0205251 0441889 0456079 1299352 1547707 1550472 2946261 0750489 0002778 0936012 1524024
 0868928 1533148 0037914 0181496 1415347 1823107 1709450 0086972 0443299 0687118 0439092 0547044 0012751 1883708 1273517 1883351 2827421 3161035 0349966 1337208
 3161035 0017446 0205088 0205147 0596260 1705314 1705315 0026882 0018882 0229304 1704821 1705682 0229304 0678594 0033684 0205266 1554187 0332290
 1442162 1550718 3244317 0029266 1704322 1704972 3539923 0080103 0205345 1547039 0332290 1301820 0349966 1337208
 0449911 0333052 2607870 0557702 1272706 1704674 0557702 1272706 1704674
 0596493 1883073 2827424 0003595 0523511 1412481
 1883073 2827424 0009393 1550604 1705245
 1515051 1882932 0234108 1705536 0370003 2347026
 0036849 1442518 1705195 1883073 2827424 1882932 0237753 0449788
 0036849 1442518 1705195 1522410 1883073 2346753 2827424 0175659 0036849 1442518 1705195
 0596493 1883073 2827424 1314939 0205088 0733755 1705314 1705315 1880389 1883221 3541951
 1707455 0392148 0332197 1689985 1547282
 2347469 0596493 1883073 2827424 1314939 0205088 0733755 1705314 1705315 1880389 1883221 3541951
 1280500 2348382 1708632
 1707455 1883073 2827424 0332256 2700400 0033684 0205132 1550648 1552960 1883073 2827424 0370003 2347026 0332256 2700400 0205132 0332575 1260956 1550648 1552960
 1883073 2827424 1948044 2346753 1719797 2911648 0237753 0445247 0449788 1415347 1823107 1882115
 1707643 0359589 1999230 1533716 1273517 1883351 0679201 0019409
 1709450 0332128 1707643 1301820 0450385 1415347 1823107
 0332290 0017446 0205147 0205108
 0205173 1705764 1705765 1708632 0052201 2984964 0870432 1704675 1273517 1883351 1516048 1280500 2348382 1514583 1880389 1883221 3541951
 0596493 1883073 2827424 0013845 0010654 0205173 0596988 1516695 1516698 1705764 1705765 0003765 0026882 1705285 0733755 1704675
 1441672 1511726 3245479 0037179 0087136 0205171 1515051 1708632 1883073 1705535 0205145 0086972 0443299 0687118 0449255 0542559 1555721 1706204
 1883073 2827424 1998793 0370003 2347026 0349966 1337208 1547282
 0450373 1553636 1517945 0596988 0750489
 0681814 1706386 0205099 1879652 0522510 0369773 2603361 1709451 0022885 0038492 0039593 0392366 1551041 1552573 0596988
 0449911 0333052 2607870 0557702 1272706 1704674 0557702 1272706 1704674
 3161035 1547282 0449830 0332583 0080103 0205345 1547039 0332575 1260956
 1547282 1711300 2700613 0332128 0557651 2603343 0016538 0018882 0229304 0445291 1704821 1705682 0012751 0680240 0733755 1441547 1948027 3245521 0205145 0205145 1292748 1547282
 1547282 0337112 0441987 1524075 0443264 1704675 0556636 1269776
 1883351 1704675 0205103 1548610 1708632 0037914 0003595 0181496 0205430 0332268 0523511 1412481 1415347 1823107 3160715 1708632 0024579 0065573 0439165 1549488 1561533 1514721 2348147 3542016 0427716 0555903 1261360 1304757 0033684 0086045 0439175 0439810 1446561 0439294 0439526
 0868928 1706255 1706256 0596788 1704675 0039686 1517945 0037914 0079240 0181496 0681842 1415347 1823107 1882327 1948037 1882115 0237753 0449788
 0392747 0443172 0439962 1709305 1708632 0003595 0523511 1412481 0024579 0065573 1708632 0003595 0523511 1412481 1511726 3245479 0450376
 1883712 1708632 0003595 0523511 1412481 0205280 0392747 0443172 1274040 1546471 1883073 2827424 0079240 1948037 1518422 1511726 3245479 1518422 1547282
 0021399 0031676 0202177 1516048 1704675 0033684 0332128 0439855 1704241 0012456
 0012456 0205263 0442805 0033684 0301641 0392747 0443172 1705241 1553638
 0023779 0039686 0332296 1441672 1880497 1996904 1883073 2827424 1708632 0596988 1547282 1704675 0337198 1516048 1515051
 1704675 0392756 0012751
 1280500 2348382 2348205 1705535 1704675 0024501 1514583 0023779 0332296 1880497 1996904 0026377 0450373 1553636
 1704675 0205103 1548610
 0439962 0024579 0065573 1708632 0003595 0523511 1412481 0012456 1518422 0392747 0443172 1705241 0237753 0449788 1415347 1823107 1705535 1704675 0013126 1705241 1705242 0205419
 1280500 2348382 0026377 0332128 0349966 1337208 2347469
 0014020 0065060 0023820 0041004 0699759 0023825 0023823 0442811 0023820 0178587 0205251 0442824 1299352 1550472 0008731 0450348
 1280500 2348382 0012456 0003595 0523511 1412481 0014020 0205430 3160715 0337198 1516048 1515051 0033684
 1274040 1546471 2825142 0012751 0442805 0012456 0332297 1145667 1167622 1689898 1707455 2349209 0003595 0523511 1412481
 1704675 1518422 0392747 0443172 1274040 1517331 1546471 1705241 2825142 1883073 2827424 0013845
 0011008 1514811 1706462 2348077 0178566 0206755 0034571 0043299 0043309 1306645 1962945 0010424 0086894 0679201 0851346 2314876 3245504 0079866 3146302 1280500 2348382 0392747 0443172 0520511 1704711 0052199
 1704675 1883351 0004083 0052201 0439849 0596306 0699792 1880177 2984964 0007222 0007226 0012634 0524851 0012634 0332257 0002395 1521724 0012634 0450355
 1511726 3245479 0183683 1521721 1704675 1880389 1883221 3541951 0332268
 0597717 0014274 0016315 0040671 0231881 0424589 0459800 0542479 0684213 1442080 1705822 0013845 0013852 0231881 0459800 0684213 3463986 0443211 1272684 0336791 2827396 0033684 1533716 2371973 0449604 0205145 0033684
 1524063 0597717 0014274 0016315 0040671 0231881 0424589 0459800 0542479 0684213 1442080 1705822 0013845 0013852 0231881 0459800 0684213 3463986 1880389 1883221 3541951 0012751 0052201 2984964 0052199 0393040 1176299 1880389 1883221 3541951 0052199 1706907 0443211 0178566 1521970 1706388 2346469 2348519 0052201 2984964
 1511726 3245479 1999230 0233820 1148636 0023779 0243122 1145667 1167622
 0333051 0243122 1145667 1167622 0012456 1705535 0556030 0014406 0332290 0337112 1524075 0349966 1337208
 0301641 0392747 0443172 1705241 0332290 0947630 0183683 1521721 3161035 1709450 0205154 2697523
 0449911 0333052 2607870 0557702 1272706 1704674 0557702 1272706 1704674
 1280500 2348382 0596493 1883073 2827424 0013845 0052201 2984964 0037914
 0036849 1442518 1705195 1883073 2827424 1882932 0237753 0449788 1883073 2827424 0175659 0349674 1947916 3536777 0080103 0205345 1547039 0036849 1442518 1705195
 1707455 0052201 2984964 0733755 1444656
 2347469 1280500 2348382 1883073 2827424 0013845 0392148 0012456 0014020 0259862
 1515051 3146294 1515051 1883073 2827424 0023779
 1280500 2348382 1708632 0439855 1704241 0012456
 1707455 1883073 2827424 0332256 2700400 0033684 0205132 1550648 1552960 1883073 2827424 0370003 2347026 0332256 2700400 0205132 0332575 1260956 1550648 1552960
 1883073 2827424 1948044 2346753 1719797 2911648 0237753 0445247 0449788 1415347 1823107 1882115
 1511726 3245479 0597717 1273517 1883351 0012751 1524063 0871935 0392148 0013018 1527169
 0013682 0597717 0205217 0442805 0243122 0750482 1145667 1167622 0031676 0202177 0205447 1705535 0012751 1273526 0392756 0547047 0003595 0523511 1412481 0012456 1145667 1167622
 0681814 0332256 2700400 1709915 1882936 0010654 0231441 1547282 0013682 0597717 0205216 0392756 0442797 0442805 0012751 1511790 0597717 0243122 1145667 1167622 0012456
 0233426 0700364 1274040 1546471 2825142
 0349966 1337208
 1547282 0018882 0026377 0205447 0229304 1704821 1705682 0332256 2700400 1709915 1882936 0449286 0542560 0332256 2700400 0026882
 3161035 0349966 1337208 2348205 0034243 0072667 0220781 0332185 0439634 0557651 1441414 1522492 1553874 1578820 2603343 0596988 0439509
 0449911 0333052 2607870 0557702 1272706 1704674 0557702 1272706 1704674

 0314667 0026377
 2347469 0026377
 0012751 0205088 0205450 1515981 1705314 1705315 0041249 1709915 1882936 2348205 2347469
 1709915 1882936 1517331 1709915 1882936
 1709915 1882936 0587267 0441833 1883357 1999270 3537156
 0037088 0243095 2825141 1704675 0012751 1274040 1546471 2825142 1880389 1883221 3541951 0012456 0332297 1145667 1167622 1689898 2349209 0000039 0216971
 1979874 0392148 0014020 1547282 1704675 1705535 1704675 0243122 0392756 1145667 1167622 0205148 0003595 0523511 1412481 0425382 0026377
 1280500 0012456 1705535 0052201 2984964 0425382 0026377 0031676 0202177 0439855 1704241 0205171 0439044 0679994 0014020
 1511726 3245479 0009498 0947630 0183683 1521721 0019409
 0051300 0597358 2266866 1152633 0003595 0205177 0243122 0439167 0441655 0443264 0523511 0597357 1145667 1167622 1412481 1527178 1561536 1705938 0392148 0003591 0486616 1555710 3161035 1441414 1553874 1578820 0205254 0026377
 0557651 2603343 0684224 0700287 3496591 0052199 0052201 2984964 1510827 0052201 2984964 0439155 0243122 1145667 1167622 1516240 1705535 0052201 2984964
 0557651 2603343 0684224 0700287 3496591 0052201 2984964 0332297 0392756 0599530 1145667 1167622 1689898 2349209 0205148 0014020 0032854 0052201 0259862 0542537 1707455 2700379 2984964 0205148 1705535 0026377
 0947630 1511726 3245479 1552961 2347617 0443264 1704675 1880389 1883221 3541951 0486616 1555710 0052199 0037791 1511884
 1704675 0022702 0220865 2825046 0023779 0456389
 0947630 1514873 1883351 0162340 0026377 0392747 0443172 1705241 0243122 1145667 1167622
 0947630 0014020 0449295 0301633 2700094 0013845 0013852 0231881 0459800 0684213 3463986 0205172 0042153 0457083 1947944 1999230 0233820 0065060 0023820 0041004 0699759
 2825232 0043227 0449719 1521721 1709471 0027468
 0010186 0220812 0449719 1709471 0220808 0680264 0007961
 1706852 0522501 1706089 0949214
 0205155 1293097 1522472 1552923 1705191
 0282413 2827734 2981698 0376649 1442065 0021622 1272753 0036152 1826357
 0254343 0796520 3272379

 0085205 1549619 1880669
 0013849 1705961 0024492 1538057 1547565 0059804 0000723 1273517 0003591 0003591
 0597717 0014274 0016315 0040671 0231881 0424589 0459800 0542479 0684213 1442080 1705822 0597717 0014274 0016315 0040671 0231881 0424589 0459800 0542479 0684213 1442080 1705822
 0013845 0013852 0231881 0459800 0684213 3463986 0013845 0013852 0231881 0459800 0684213 3463986
 0024579 0065573 0024579 0065573
 0012456 0012456
 0439084 0728893 0038762 0001128 0202406
 0000039 0216971 0000039 0216971
 0168043 0580272 1519043 2827734 2981698 0740116 2827735 2981700 0439084 0728893 0066268 0168043
 2986676
 1514811 1706462 0557061 2584313 1514811 1706462
 0205090 0684010 2603358 0439394 1706495 3642217
 0369773 2603361 2603362
 1708595 3280986 0597277 1708601
 0033727 0369286 0441932 0564385


 0201682
 0439394 1706495 3642217
 0369773 2603361
 0205090 0684010 2603358 0597277 1708601
 0033727 0369286 0441932 0564385 1431628 1553033
 1553033 0016327 0439133 1553038
 2603360


 0201682
 1553033 0369637 0441923
 0205090 0684010 2603358 0597277 1708601
 0033727 0369286 0441932 0564385 0205090 0684010 2603358


 0036397 0025141 0597277 1708601
 0033727 0369286 0441932 0564385
 0001483
 0201682
 0025141
 0033727 0369286 0441932 0564385


 0369773 2603361
 0439267
 0035853

 0439394 1706495 3642217 0369637 0441923

 0036397 0025141

 3272372
 0369773 2603361
 0033727 0369286 0441932 0564385 0369637 0441923
 2603362
 0033727 0369286 0441932 0564385 2347469

 0016327 0439133 1553038
 0205090 0684010 2603358 0369637 0441923
 1553033 2347469 0035853

 0027855 0000857 0600678 1552863 0439394 1706495 3642217
 0439394 1706495 3642217

 2347469
 0205090 0684010 2603358 0205090 0684010 2603358
 0033727 0369286 0441932 0564385 0369637 0441923
 0369718 0441922 1553036
 0369637 0441923




 0000857 0600678 1552863
 0035853

 1418943

 0268596 2700624
 3642273

 2603362

 2347469
 0369773 2603361
 0597277 1708601
 0033727 0369286 0441932 0564385 0205090 0684010 2603358
 0205090 0684010 2603358

 0036397 0025141 0597277 1708601
 0033727 0369286 0441932 0564385 2603362
 1708595 3280986 0205090 0684010 2603358



 0201682
 0597277 1708601
 0033727 0369286 0441932 0564385

 2347379
 0450355 0000857 0600678 1552863 0369637 0439394 0441923 1706495 3642217 1553033 0369637 0441923
 0205090 0684010 2603358 2603360 0205090 0684010 2603358
 0597277 1708601
 0033727 0369286 0441932 0564385



 0201682
 0369637 0439394 0441923 1706495 3642217 0597277 1708601
 0033727 0369286 0441932 0564385


 0201682
 0205090 0684010 2603358
 0369637 0439394 0441923 1706495 3642217 0205090 0684010 2603358
 1708595 3280986 0597277 1708601
 0033727 0369286 0441932 0564385
 1418943

 0268596 2700624
 3642273

 2603362


 0597277 1708601
 0033727 0369286 0441932 0564385 0205090 0684010 2603358



 0201682

 0597277 1708601
 0597277 1708601
 0033727 0369286 0441932 0564385
 1171362
 0025141

 0597277 1708601
 0033727 0369286 0441932 0564385


 0201682
 0033727 0369286 0441932 0564385
 0005477 0025141
 0369718 0441922 1553036 0582525 0439267
 0005477 0025141
 1652689


 0201682

 0369773 2603361 0205090 0684010 2603358
 0016327 0439133 1553038


 0201682
 0369637 0441923
 0369773 2603361 0439267




 0450955


 0201682
 1553033 0220853 0205090 0684010 2603358
 0597277 1708601
 0439394 1706495 3642217
 0005477 0439509 0025141 0369637 0441923
 0230444 0597277 1708601
 1418943

 0268596 2700624
 3642273

 2603362

 0205090 0684010 2603358 0220853 0597277 1708601

 0439394 1706495 3642217
 0005477 0025141 2603360
 0205090 0684010 2603358
 0205090 0684010 2603358



 0201682
 0025141
 0016327 0439133 1553038 0369637 0441923

 1553033 0369773 2603361
 0439267


 0201682

 0369637 0441923
 0369637 0441923
 2347469 0597277 1708601
 0033727 0369286 0441932 0564385
 0005477 0025141 0450955


 0201682
 0597277 1708601
 0033727 0369286 0441932 0564385 0205090 0684010 2603358


 0057642 0369637 0441923
 2603360
 0205090 0684010 2603358
 0439114




 0025141





 0025141 0325045
 0205090 0684010 2603358
 0439114 0369637 0441923


 0201682

 0369773 2603361 0205090 0684010 2603358
 0439114 0369637 0441923

 2603362


 0201682
 0325045
 0205090 0684010 2603358
 0439114

 2347379
 0439509 0325045
 0205090 0684010 2603358
 0439114


 0201682
 0024171 0024176 2697939 2347469
 0597277 1708601
 0033727 0369286 0441932 0564385


 0201682
 2603362
 2603362
 0205090 0684010 2603358
 0439114


 0201682



 0201682
 2603362
 0033727 0369286 0441932 0564385
 1708595 3280986 0439394 2603362

 2347469 0861352
 0033727 0369286 0441932 0564385
 2603362
 1553033



 0201682
 0597277 1708601
 0033727 0369286 0441932 0564385 0205090 0684010 2603358
 0205090 0684010 2603358
 0439482
 0439394 1706495 3642217 0678579 0369637 0441923
 2603362


 0201682
 0205090 0684010 2603358
 0439114


 0025141 0033727 0369286 0441932 0564385 0369773 2603361 0016327 0439133 1553038 0597277 1708601
 0033727 0369286 0441932 0564385 0369637 0441923



 0201682
