 0020792 0205396 0428462 1287373 0428460 0023779 0229671 0441889 1546774 1550100 0599755 0185125 1947919 2347934 3539080 0032863 0740116 2827735 2981700 0439086 2827736 2981702

 0035168 0242481 2826314 0439148 1519795 1704753 1880519 0872180 0019994 1510665 0023973 0439148 1519795 1704753 1880519 1704729 0008059 0680063 0041740 1212456 0022277 0021622 1272753 0557806 1189407 0041703 0018408 1273810 0237935 3245466 0023973 0282413 0376649 1442065 0035168 0242481 2826314 0439148 1519795 1704753 1880519 0872180 0442650 0019994 1510665
 0254343 0796520 3272379
 0085205 1549619 1880669
 0013849 1705961 0024492 1538057 1547565 1514756
 1527075
 1272684 1548435 0681850 1550501 1706203 2349001 2697811 1514811 1706462 1524063 0449445 0359589 1999230 0205217 0442805 0032863 1883351 0442726 0597336 0392762 0599883 1708726 0015780 0037047 0043210 0086287 0205396 0370003 1550043 1551388 1705497 1705498 1709450 2347026 0597336 0392762 0599883 1708726 0008651 1521702 0008633 1521699 0023956 0449820 0450389 2247199 1515512 0023956 0449820 2247199 1520935 0023956 0449820 2247199 0205448 0023956 0449820 2247199 1521078 1520991 1520988 0023956 0449820 2247199 0205448 0008651 0008633 2346544 0023956 0449820 0450389 2247199 1521007 0023956 0449820 2247199
 2986480 0002778 0936012 1515021 1524024 1705176 1705178 0521091 0205309 0750484 1708698 0020792 0205396 0428462 1287373 0428460 0023779 0229671 0441889 1546774 1550100 1705492 0185125 1947919 2347934 3539080
 1442162 1550718 3244317 0332268 0370003 2347026 0456389 0020124 0178693 0869040 0017398 0017399 0023745 0086418 0947630 1273517 1280500 1822658 0442726 1511790 0242568
 0679083 1547282 1290905 1280500 0332148 0332183 0750492 0242484 0449416 1705919 1524063 3161035 0392756 0032863 0442726 0597336 1136026 0392762 0599883 1708726
 0870071 0449255 0542559 0018896 1552861 1883351 0205557 0205237 0439178 1446409 1514241 2825490 0442805 0032863 0442726 0023745 1883712 0332120 0332148 0750492 0597336 0392762 0599883 1708726
 0681850 1550501 1706203 2349001 2697811 1533716 1514811 1706462 0599883 1427926 0332148 0750492 0439064 1708726 1280500 1268722 0456389
 0185125 1947919 2347934 3539080 0018896 1552861 0012737 1999230 0750572
 0884358 2947996 1517519 0017428 0034606 0332464 0441633 2338314 2826292 0599883 1512693 0597336 0392762 0599883 1708726 3161035 1999230 1546922 1706499 1533716 3242429
 0449432 1705248 1711260 2348152 3161035 0231448 0231449 0439792 0521115 1883351 0220825 0023745 1708726 0796345 0002778 0023745 0936012 1524024 2827734 2981698 0740116 2827735 2981700
 1706852 1292732 0871161 1292721 0037047 1709450
 1261322 1552578 0302523 0700325 0871157 1964257 0947630 0242568 0750572 3161035 0439086 2827736 2981702 0033213 0436331 0439064 1444749 1708726 3161035
 1547282 1880781 1546466 0370003 2347026 0456389 0178693 0869040 0023745 0086418 0947630 1273517 0441730 0242484 0449213 1547727 0023175 0332307 0449416 0743559 1442948 1522538 1524062 1547052 1608199 1705919 2348269 3275067
 0205246 1553889 0599883 0015576 1704727 2986490 0597336 1955473 2986490 2986490
 0444930 2746065 0022885 0039593 0392366 1883351 0019409 0185125 0796345 0002778 0936012 1524024
 0015576 1704727 2986490 0597336 0814843 0456389 0042333 0017296 0314603 1711260 2348152
 0012634 0348080 1705253 0015576 1704727 2986490 0332268 0870071 0015576 1704727 0175668 0205436 0457385 0565930 0597336 1561503 1705190 1548448
 0185125 1947919 2347934 3539080 1273517 1883351 1711330 0033213 0442808 0032863 0442726 0597336 0392762 0599883 1708726
 0582205 0679083 0185125 1515981 1947919 2347934 3539080 1511726 3245479 0428462 0041429 0001675 0034975 0041427 0205173 1706450 1709450
 1524063 0796345 0002778 0023745 0936012 1524024 0205396 1550043 1551388 0017428 0887950 0017446 0205147 0332281 0428460 0023779 0441889 0814896 0237881 0441889 0750502
 0681850 1550501 1706203 2349001 2697811 1533716 1514811 1706462 1274040 1546471 2825142 1524063 0679083 1516048 1880177 0871208 1521828 0796345 0002780 0002778 0023745 0185125 0205448 0449432 0936012 1524024 1705248 1708726 1711260 2348152 2825412 1511726 3245479
 1880177 0441889 0456079 1547707 2946261 0032863 1264633 0032863 1554103 0185125 1947919 2347934 3539080 2707190 0025663 0449851 0871511 0349966 1337208
 0449911 0333052 2607870 0557702 1272706 1704674 0557702 1272706 1704674
 1880177 0032863 0150098 1706233 1264633 0032863 1554103 0185125 1947919 2347934 3539080 2707190 0025663 0449851 0871511
 0009393 1547282 1880177 0005680 0027567 0085756 0439541 0205448 0449432 1515981 1705248 1708726 1711260 2348152 0556636 1269776
 1522508 0205543 1527021 1554111 1705606 3541382
 2986480 1303103 0002778 0936012 1524024 0184511 0332272 1561611 0032863 0442726 1416886 0597336 0392762 0599883 1708726 1414052 1415944
 2986411 2986480 0002778 0936012 1515021 1524024 1705176 1705178 1441672 1711260 2348152 0549177 1280500 3161035
 2986411 0332269 0597336 0392762 0599883 1708726 0370003 0443228 0549177 1704243 2347026 1412526
 0032863 0597336 0851827 1701901 3244310 1547282 1710082 0597336 0392762 0599883 1708726
 0032863 0205251 1299352 1550472 1514721 2348147 3542016 0150098 1706233 0150098 1706233
 0597336 0392762 0599883 1708726 0205396 0237881 0750502 1546944 1550043 1551388 3161035 1880177 3161035 0332283 1521798 1441672
 0868928 1706255 1706256 0679083 0205217 0442805 0032863 1524063 2707190 0025663 0449851 0871511 0205397 0679083 1412526 0037047 1709450
 0002780 0002778 0449432 0936012 1524024 1705248 1711260 2348152
 1515051 0023956 0449820 2247199 0002778 0205448 0936012 1301820 1524024 1708726 0679083 0439742 0679083 0439742
 0237753 0449788 0150098 1706233 1711260 2348152 0023745 0750572 1523987 3161035 0002778 0936012 1524024 0919414
 1552961 2347617 0679083 1711260 2348152 0520511 1704711 0679083 0205435 1279901 2828255
 0449911 0333052 2607870 0557702 1272706 1704674 0557702 1272706 1704674
 1515051 0037179 0087136 0205171 0750572 1708726 0002778 0936012 1524024 0023956 0449820 1441672 2247199 0002778 0936012 1524024 1524063 0449432 1711260 2348152 2986480 0002778 0936012 1515021 1524024 1705176 1705178
 0023733 2346679 0205132 0684320 0684321 0598981 3146232 0807955 1414052 1415944 1282910 1412526 0441994 1548802 2003888 0439742 0242568 1504315 2986480 0002778 0936012 1515021 1524024 1705176 1705178 2347469 0442805 0032863 1883351 0442726 0597336 0042789 1947903 1527021 1554111 1705606 3541382
 1511726 3245479 0679083 1414052 1415944 1552961 2347617 0205173 0205341 1883725 1547282 1711260 2348152 0023745 0750572 1523987 3161035 0085639 1546466
 0023745 0597336 1441672 0549183 0876920 2347635 2348144 2939193 0205435 1279901 1280500 2348382 0150098 1706233 0450355 0150098 1412526 1515981 1706233 0587267 1517001 1522609
 0449286 1704240 0597336 0392762 0599883 0750572 1708726 0023745 0237881 0750502 0205448 1441672 1708726 3161035
 1280500 2348382 0522501 0679083 1414052 1415944 1706089 0242568 1504315 1441672 1707455 0205132
 0439849 1705630 1706279 3540605 0023956 0449820 2247199 0042333 0017296 0314603 1711260 2348152 0205410 1518422 0238767 0597336 1706086 0205448 0750572 1708726 3161035
 1516322 1280500 2348382 0332120 0237753 0449788 0002778 0936012 1524024 0919414 1707494 1883351 0332120 0017446 0023745 0205146 0205251 1299352 1550472
 0450354 1706096 1547282 1280500 2348382 0520511 1704711 0002778 0936012 1524024 1274040 1546471 2825142
 0237753 0449788 0332148 0750492 0545082 1512346 1947978 1280014 1948052 2584321 0237881 0750502
 0150098 1706233 0015127 1314792 1524003 0023733 2346679 0205132 0684320 0684321 1705242 1882932 0598981 3146232 0042295 0871208 1521828 0683454 0021966 0221138 0807955 0205163 1549782 0185125 1947919 2347934 3539080 2707190 0025663 0449851 0871511 0332294 0032863 0678226 2348205 3161035 0185125 0150098 0683454 0021966 0221138 1414052 1415944 1412526
 0871208 1521828 0205557 0596130 3161035 0332269 2584321 0806909 1552615 2826546 0679083
 1883037 0796345 0002778 0023745 0936012 1524024 1274040 1546471 2825142 1517519 0017428 0034606 0332464 0441633 2338314 2826292 1273517 1883351 1708726 0349966 1337208 0041004 0008651 0008633 2346544 0023956 0005516 0444505 0449820 0450389 2247199 0085201 0003591 0023956 0005516 0444505 0449820 2247199 0065058 0125953 1096202 0023820 0065058 0037943 0228341 2239920 0023956 0444505 0449820 2247199
 0332120 0205419 0008668 0008633 0150312 0023956 0449820 2247199 0023956 0449820 2247199 1518422 1292732 1517331
 0332120 0150312 0439828 0201950 0543421 0008377 0439175 0439810 0023824 0202117 0008377 0023822 0392885 0008377
 0449911 0333052 2607870 0557702 1272706 1704674 0557702 1272706 1704674
 0023745 0041004 0444505 0008667 0008633 0085201 0003591 2347469 0065058 0037943 0228341 2239920 1277697 0037047 0370003 1301820 1709450 2347026 0042153 0457083 1947944 1883037 0002780 0796345 0002778 0023745 0449432 0936012 1524024 1705248 1711260 2348152 0001779 0005893 1305855 0518010 0242821 0460148 0577559 0918012 1268086 1306372 1552854 1637833 3152252
 0796345 0002778 0023745 0936012 1524024 0002778 0023693 0037179 0087136 0205171 0936012 1306462 1524024 1708726 1881376 1274040 1546471 2825142 0884358 1517519 0017428 0034606 0332464 0441633 2338314 2826292 0085201 0003591 0065058 0037943 0228341 2239920 1707455 1274040 1546471 2825142 1517519 0017428 0034606 0205435 0332464 0441633 1279901 1301820 2338314 2826292 1274040 1546471 2825142 0205448 0220825 1261322 1301820 1708726 3161035 2707190 2986480 0002778 0025663 0185125 0449851 0871511 0936012 1515021 1515981 1524024 1705176 1705178 1947919 2347934 3539080
 1274040 1546471 2825142 1547282 1517331 1522508 1561567 3161035 1999230 0681850 1550501 1706203 2349001 2697811 0025663 0025664 0449851 0205155 1293097 1522472 1552923 1705191
 1511726 3245479 1274040 1546471 2825142 0205132 1550648 1552960 0237881 0750502 1546944 1517519 0017428 0034606 0037179 0087136 0205171 0205435 0332464 0441633 1279901 1301820 1708726 2338314 2826292 0205132 1550648 1552960
 1979874 1710082 0806909 1552615 2826546 1705176 1705178 0023956 0449820 2247199 0205132 1550648 1552960 2003902 0237881 0750502 1546944 0023956 0205369 0444505 0449820 1515021 1552740 2247199
 2986480 0002778 0936012 1515021 1524024 1705176 1705178 0205396 1550043 1551388 0023745 1521007 0023956 0005516 0444505 0449820 2247199 0085201 0003591 1520935 0023956 0449820 2247199 0005516 0439084 0728893 0065058 0037943 0228341 2239920 0023956 0005516 0444505 0449820 2247199
 0242618 0456389 2986480 0002778 0205396 0936012 1515021 1524024 1550043 1551388 1705176 1705178 0237753 0439175 0439810 0449788 1709707 0037047 0023745 0205396 1550043 1551388 1710082
 0449911 0333052 2607870 0557702 1272706 1704674 0557702 1272706 1704674
 1274040 1546471 2825142 1517519 0017428 0034606 0205448 0332464 0441633 1301820 1708726 2338314 2826292 2986480 0002778 0936012 1515021 1524024 1705176 1705178 0205132 1550648 1552960 0449432 1705248 1707455 1711260 2348152 0205132 1550648 1552960 0041004 1274040 1546471 2825142 0085201 0003591 0065058 0037943 0228341 2239920 0008633 0009647 0450429 1515974 0023956 0449820 2247199 1517519 0017428 0034606 0332464 0441633 2338314 2826292
 1274040 1546471 2825142 0205132 1550648 1552960 0872145 1547282
 0041004 0008668 0008633 1274040 1546471 2825142 0085201 0003591 2347469 0008669 0008633 0065058 0037943 0228341 2239920
 1524063 0002778 0936012 1524024 0597336 0392762 0599883 1708726 0008668 0008633 0041004 0332196 2828389 0023956 0449820 2247199 1547282 0023745
 1524063 0449432 1705248 1711260 2348152 3161035 0332120 1710082 0814896 0017428 0237881 0332464 0441889 0456079 0750502 1547707 1705648 2338314 2946261
 0017446 0205147 0042333 0026343 0678933 0017296 0314603 1711260 2348152 2003902 0587267 0919414
 0750572 1883351 0450387 1280500 0237881 0750502 0750572 1546944 0017446 0205147 1524063 1708726 0008671 0008633 3161035 0450389
 3161035 0750558 1710571 1280500 1274040 1546471 2825142 0008671 0008633 0008672 0008633 0009647
 0750572 1883351 0597336 0008669 0008633 0750572 1883351 0450389 0750572 1883351 0597336 0008667 0008633 0750572 1883351
 1518422 0185125 1632850 1879355 1705565 1947976 0597336 1710082 2986480 0002778 0936012 1515021 1524024 1705176 1705178 0237881 0750502 1546944 1554961 1705847 0008668 0008633 0041004 0332299
 0185125 1705565 1947976 1708726 0442726 1511790 0205171 0439064 1708726 1720467 3161035
 0449255 0542559 1705565 1947976 0205136
 0681850 1550501 1706203 2349001 2697811 1533716 1514811 1706462 0439064 1708726 0023745 3161035 0205172 2827447 0678922 0017296 0314603 0439855 0557651 0599883 1427926 1704241 2603343 0314627 0017337 0014406 0336789 0243148 1550141 1882979 2587213 3274648 0205419
 0870071 3161035 1517001 1883351 0032863 0040223 3541383 0392756 0871208 1521828 0205557
 1547282 0242568 1504315 0178693 0023745 0086418 0947630 0439086 2827736 2981702 0332148 0750492 0242484 0449416 1705919 0220825 1261322
 1280500 0558058 0680844 0681916 0750572 0596130
 3161035 1711260 2348152 0596130 0042333 0017296 0314603 1711260 2348152 0033204 0023956 0449820 2247199 0332148 0750492 1550696 1947971
 0597336 0392762 0599883 1708726 0231175 1883351 0442726 1511790 0205557 1880724 0205237 0439178 1285553 1446409 1514241 2825490 1274040 1546471 2825142 0521115 3161035 0332120 0037179 0087136 0205171 1441672 1708726 3161035
 0205238 0597336 0392762 0599883 1708726 0009647 0205309 0597336 0599883 1524063 3161035
 1705535 0185125 1947919 2347934 3539080 0033213 1547282 0679083 0205217 0442805 0032863 1883351 0442726 0597336 0392762 0599883 1708726 1524063 0037047 1709450
 0449445 0428462 0010992 0002778 0023779 0185125 0229671 0936012 1511726 1524024 1546774 1550100 3245479 0037047 1709450 0034975
 1517519 0017428 0034606 0332464 0441633 2338314 2826292 0205396 1550043 1551388 1274040 1546471 2825142 1299394 0814896 0237881 0441889 0456079 0750502 1547707 2946261 0085201 0003591 0008651 0008633 1515512 0065058 0037943 0228341 2239920 0041004
 1517519 0034606 0441633 2826292 1883708 0205341 0205449 0599883 1427926 3161035 0009647 0002778 0936012 1524024 1274040 1546471 2825142 0002778 0037179 0087136 0205171 0205396 0936012 1524024 1550043 1551388 1552961 2347617
 0449445 0020792 0023745 0205396 0237881 0750502 1546944 1708698 1709380 1522609 0085201 0003591 0008651 1521702 0008633 1521699 1520935 0065058 0037943 0228341 2239920 0041004
 0332196 2828389 0597336 0041004 0597336 0392762 0599883 1708726 1547282 0237881 0750502
 0041004 0002778 0936012 1524024 0205396 1550043 1551388 0444505 1521007 2986480 0002778 0936012 1515021 1524024 1705176 1705178 0023745 0205217 0237881 0442805 0750502 1546944
 0597336 0392762 0599883 1708726 1705492 1524063 0796345 0002778 0023745 0936012 1524024
 1282914 0597336 0392762 0599883 1708726 0042333 0026343 0678933 0017296 0314603 1711260 2348152 2003902 0587267 0919414
 0332268 1880781 0036572 0205448 0441548 1546466 1708726 3161035
 0302523 0700325 1964257 0085732 3161035 1881534 0442805 0032863 1883351 0442726 0597336 0392762 0599883 1708726 1524063 3161035 2827734 2981698 0740116 2827735 2981700
 0205238 0242618 0456389 0237607 3245512 0441730 0332307 0743559 1547052 0332148 0750492 0442805 1524063 3161035 0185125 0370003 2347026 0439086 2827736 2981702
 0449445 0205309 0598312 1708698 1883725 0020792 0205396 0428462 1287373 0428460 0023779 0229671 0441889 1546774 1550100
 1439335 0017337 1426941 0750572 1883351 1836717 0205419 1551359 1709707 2741673 2981730 0032105 0441889 1550098
 1517519 0017428 0034606 0332464 0441633 2338314 2826292 0009647 1708726 0205396 1550043 1551388 0205314 0679622 1708726 0205419 1880177 0065058 0037943 0228341 0441889 2239920 1521078 1520991 1520988
 0947630 1708726 0008651 0008633 0439084 0728893 0008660 0008633 0008661 0008633
 0456148 0549184 1708726 0700364 1883351 1280500 2348382
 0017446 0205147 1518422 0700364 1883351 0475311 1332838 0017337
 0376554 1517519 0017428 0034606 0332464 0441633 2338314 2826292 0205396 1550043 1551388 1708726 1521294
 0017446 0205147 0475311 0017337 0205309 1883351 0001721 0441889 1412058 1426941 0023956 0449820 2247199
 0392756 0547047 0237753 0449788 0017446 0205147 0027552 0686904 1883351 1656250 0009015 0240795 0333164 0947630 2986712
 0445247 0205238 0017446 0205147 1521702 1521699 0017446 0205147 1711300 2700613 0027552 0686904 1883351 0205232 0687757 0024779 1706473
 0023956 0449820 2247199 0332257 1552866 2700399 0017337 0220701 1426941
 0220701 0035334 0035333 1547282 1883351 1521761 0025519 0025520
 0684224 0700287 3273238 1708726 0205419 1880177 0542495 1287372 0428475 0441889 0205447 1521007 1521480
 0220908 1305399 1705053 0684224 0700287 3496591 0332120 1521168 1552213 1515510 1520622
 1708726 0015576 0442726 1511790 1704727 0020474 2712907 0694546 0015576 0020473 0205195 0241888 0814184 1521758 1552219 0011860 0441730 1320657 2347029 0011847 0011849 0015576 0241888 0332307 0370003 1515981 1547052 2347026 1520853
 0597336 0008669 0200867 0002778 0008633 0031437 0205199 0205396 0936012 1285572 1524024 1547335 1550043 1551388 0557651 2603343 0205396 1550043 1551388 0597336
 0282416 1561607 0376298 0557651 2603343 1517519 0017428 0034606 0441633 2338314 2826292
 1518422 1332838 0017337
 0008668 0008633 1426941 0332281 0554103 0154251 1292726 0012634 0024523 0424612 1963165
 0085201 0003591 0017446 0205147 0008667 0008633 0442726 1511790 0041004 0439084 0728893 1711300 2700613 0027552 0686904 1283195
 0185125 1947919 2347934 3539080 0015341 0680034 0015576 0205271 0231448 0231449 0439792 0678594 1511726 1704727 3245479 1272684 1709380 0042295 0332232 0185125 1632850 1879355 0237886 0700314 1947906
 0037047 1709450 0557651 2603343 0302523 0700325 3244290 2986490
 0015576 1704727 0445247 0456389 1551058 0678594 1552821
 0449445 0205171 0205448 0442796 1280500 1550602 1720467 1548448 0597336 0392762 0599883 1708726
 0009566 1171258 1524063 3161035 0332257 1552866 2700399 0743553 1704675
 0205170 0205309 3146287 0032863 1883351 0442726 0743553 0205251 1299352 1550472
 0449432 1705248 1711260 2348152 3161035 0205410 0205411 0871222 0079613
 0449255 0542559 0750572 0678226 1280500 3146286 0332148 0750492 0205448 1708726 3161035 1524063 0449445
 0449445 0336794 0336791 2827396 0871532
 0681850 1550501 1706203 2349001 2697811 0681850 1550501 1706203 2349001 2697811 1533716 1514811 1706462 0002780 0796345 0002778 0023745 0449432 0936012 1524024 1705248 1711260 2348152 3161035 0557351 1285529 1705242
 0205435 1279901 1273517 1883351 0442805 0032863 1883351 0442726 0597336 0392762 0599883 1708726
 1524063 0679199 1517519 0017428 0034606 0332464 0441633 2338314 2826292 0450429 1515974 0023956 0449820 2247199 3161035
 0450429 1515974 0333118 0449432 1705248 1711260 2348152 3161035 0017428 2338314 0441633
 0184661 1948041 2700391 3274430 3538935 3539779 0549178 0332257 0750546 0205396 1550043 1551388 0597336 0392762 0599883 1708726 0332120 0017428 2338314
 0679199 3245505 0442805 0032863 0442726 0023745 0022885 0392366 1280500 2348382 2986823 0028263 1264683 0456603 1547037 1710082
 0184661 1948041 2700391 3274430 3538935 3539779 0425382 0009647 0002778 0936012 1524024 0599883
 0205436 3161035 1273517 1883351 0205557 1880724 1274040 1546471 2825142 3161035 1280500 1708726 0205265 1883351 0237881 0750502 1546944 0205435 1279901 0750591 1708726
 0184661 1948041 2700391 3274430 3538935 3539779 0332183 0425382 0205447 0750591 1883351 2347947 0598312 1883725 0332120 0450429 1515974 0002780 0002778 0449432 0936012 1273517 1524024 1701901 1705248 1711260 1963686 2348152 0220825 2347947 1710082
 0683579 0002780 0002778 0449432 0936012 1524024 1705248 1711260 2348152 1384585 1419693 1539372 1515051 1711260 2348152 3161035 0442796 1280500 1550602 0597336 0392762 0599883 1708726 3242379 1883351 0678226 0237753 0449788 0549177 2987476 3146286 1708726 0079613 3539520
 1515187 1551359 2741673 2981730 1280500 2348382 0022885 0039593 0392366 0456148 1512571 0042333 0017296 0314603 0442796 1550602 1711260 2348152 0205163 0439089 1549782 0919414 1707455 0033204 3161035 0750572
 0449416 1705919 0449445 1708511 1513371 1705738 2347637 2348146 0597336 0392762 0599883 1708726 0205369 1533716 0470187 1512571 1548437 1947971 0033204 0032863 2827734 2981698 0150098 1706233 0442726 0597336 0392762 0599883 1708726 0031843 0542341 0700205 1705273 0439660 0450348
 0031843 0542341 0700205 1705273 0814843 0456389 0439660 0597336 0456603 1547037 1547282 0750572 1273517 0025663 0025664 0449851 1301820 0242568 0392360 0439086 2827736 2981702
 0150098 1706233 0869040 0023745 0947630 1273517 0242568 1504315 0205082 0302523 0700325 1964257 1701901 1963686 0039593 0392366 0439064 1280500 2348382 0700321
 0449255 0542559 1517519 0017428 0034606 0332464 0441633 2338314 2826292 1273517 1883351 0332120 0599883 0242568 0750572 0332148 0750492 1441672 0205447 0597336 0392762 0599883 1708726
 1274040 1546471 2825142 0042333 0017296 0314603 1711260 2348152 0547044 0700321 0597336 0392762 0599883 1708726
 1711260 2348152 0024970 0033204 0750572 0806909 1552615 2826546 0597336 1524062 3161035
 0012634 0348080 1705253 0597336 3161035 1707494 1883351 0205160 1513916 1518422 2825415 2825491
 1711260 2348152 0596130 0042333 0017296 0314603 1711260 2348152 0033204 0023956 0449820 2247199 0332148 0750492 1550696 1947971
 0009566 2362589 0205447 0750558 1710571 0085732 1299581 1517519 0017428 0034606 0332464 0441633 2338314 2826292 1274040 1546471 2825142 0205171 0439044 0679994 0597336 0205396 0392762 0599883 1550043 1551388 1708726 0205172 0242568 0439792 1515981
 1710082 0036149 0678226 0441621 0743559 0870078 1518422 1608199 3146286 0231174 0680095 0442726 0332120 3161035 0205448 0392360 0332218 0237607 3245512
 0205435 1279901 1881451 2984804 1517945 1280500 2348382 0009647 0150108 0150112 1555580 0597336
 0205436 0457385 0565930 1561503 1705190 0033213 1707520
 0015576 1274040 1546471 1704727 2825142 0231175 1883351 1547282 0332120 3161035
 0185125 1632850 1879355 0449445 0442805 1515021 0015576 1704727 1517001 1883351 0032863 1999230 0442805 1711330 0814843 0456389
 0449445 0019409 0370003 2347026 2986480 0002778 0936012 1515021 1524024 1705176 1705178
 2986480 0002778 0936012 1515021 1524024 1705176 1705178 1515021 1999230 0332120 0359589 1999230 1709380 0042295 0558058 0237881 0750502 0023956 0449820 2247199 1515021 0023956 0168634 0449820 1442488 1707455 2247199 0015576 1704727
 2986480 0002778 0936012 1515021 1524024 1705176 1705178 0042153 0457083 1947944 1883525 2346866 1515021 0332257 0332120 1708726
 1273517 0332120 0597336 0037179 0087136 0205171 0220825 1708726 3161035 1883351 1515021 1947971 0332120 3161035
 3161035 0015576 1704727 1547282 0332120 0597336 0332148 0439092 0547044 0750492 2986490 1707520 1280500
 1274040 1546471 2825142 1515021 0205396 1550043 1551388 0023956 0449820 2247199 0699794 0023956 0449820 2247199 0750541 0597336
 0679083 0557651 2603343 0031437 0205450 0284447 0683579 1705242
 0449432 1705248 0597336 0392762 0599883 1708726 0079613 0392752 0442796 0449432 1515981 1518422 1550602 1705248
 0150098 1706233 0284447 1883351 0814843 1280500 0439660 0439792 1274040 1546471 2825142
 1521970 0039224 0684224 0700287 1706073 1706074 3496591
 0449911 0039224 1706073 1706074 0557702 1272706 1704674 0557702 1272706 1704674 0039224 1706073 1706074
 1521970 1955169 1273517 1533716 0002778 3242379 1883351 0017393 0600223 0017296 0205197 0205449 0314603 0005516 0205448 0597336 0392762 0599883 1708726 0005516 0599883 1548448
 0005516 0017431 0017337 0284447 1705648
 0018591 3242379 1883351 0014653 0023745 1547026 2987476
 0002780 0002778 0449432 0936012 1524024 1705248 1711260 2348152 0205450 0220825 0150098 1706233 1511572 1524063 0005516 0005516 0005516
 3241998 0040223 3541383 1948050 1547282 0023956 0449820 2247199 0005516 0002780 0002778 0205448 0449432 0936012 1524024 1705248 1708726 1711260 2348152
 2986480 0002778 0936012 1524024 0206243 0699809 0439787 0849355 0040223 3541383 0002780 0002778 0449432 0936012 1524024 1705248 1711260 2348152 1518422 1999230 0332120 1708726
 1883351 0220825 2986480 0002778 0936012 1524024 0037047 1709450 0205435 1279901 0442808 0680240 0699794 1880177 0023956 0449820 2247199 0005516 0237881 0750502 1301820 1546944 0002778 0936012 1524024
 1524063 1705175 1705176 1705177 1705178 1882348 0806909 1552615 2826546 1705176 1705178 0023956 0449820 2247199 0023956 0037047 0205369 0449820 0806909 1301820 1511559 1515051 1552615 1552740 1709450 2247199 2826546 0205448 1301820 1708726 3161035
 0237881 0750502 0037047 1441672 1515021 1709450 1516048 0441621 0870078 0040223 1632851 0220825 0023956 0449820 2247199
 1709380 1522609 0037047 0441621 0750572 0870078 1709450 1709707 1947971 0023956 0449820 2247199 0205163 1549782 0439093 0443228 1704243 1441672 1709380 1522609 0237753 0449788 0237753 0449788
 0184661 1948041 2700391 3274430 3538935 3539779 0425382 1883351 0220825 0871208 1521828 0205557
 0557651 2603343 0220825 1261322 1514873 1707494 1710082 1441672 0205447 0002778 0936012 1524024
 0237753 0449788 0884358 0032863 0370003 2347026 0725813 0026343 3161035 0205557 0205237 0439178 0871208 1446409 1514241 1521828 2825490
 1883351 2584321 0237753 0449788 1883310 0884358 1883351 0220825
 0150098 1706233 0205448 1518422 1708726 0002778 0936012 1524024 0557651 2603343 0205448 1518422 1708726 0002778 0936012 1524024 0557651 2603343
 0681850 1550501 1706203 2349001 2697811 1261322 1516634 0220825 0034975 0041427 0205173 0683971 0032659 0205246 1257890 1553889 0679720 1883525 2346866 0947630 0012634 0599883 1427926
 0557651 2603343 0086911 0086021 0085546 0454977 0814851 1136380 0015000 0019994 0035168 0205540 0242481 1510665 1527243 2699414 3272372
 1522508 2699424 0523744 0242485 1552738 1522508 1561567
 1521970 0039224 1706073 1706074
 0005893 1305855 0518010 0242821 0460148 0577559 0918012 1268086 1306372 1552854 1637833 3152252 0005910 0043100 0444686 1305866 1441506 1443182 1705104 0205120 0332849 0489786 1552595 0456689 0457242
 2698674 1522609 0444504 2347634 2348143 0002778 0936012 1524024 1554077 2828389
 1517519 0017428 0034606 0332464 0441633 2338314 2826292 0065058 0037943 0228341 2239920 0041004 0205296 1510411 2986775
 0001779 0005893 1305855 0518010 0242821 0460148 0577559 0918012 1268086 1306372 1552854 1637833 3152252 0002778 0936012 1524024
 0449911 0039224 1706073 1706074 0557702 1272706 1704674 0557702 1272706 1704674 0039224 1706073 1706074
 0549183 0876920 2347635 2348144 2939193 2828255 0001779 0005893 1305855 0518010 0242821 0460148 0577559 0918012 1268086 1306372 1552854 1637833 3152252 0428460 0023779 0441889 0002778 0936012 1273517 1524024 1285573 1517519 0017428 0034606 0441633 2338314 2826292 0012854 1527178 1705938 0178913 0229667 1550615 2338243 0444255 0681850 0005767 0005768 0042449 0185115 0229664 0348013 0557651 2603343 3541890 0370003 1550501 1706203 2347026 2349001 2697811
 0034606 0441633 2826292 1314939 1524063 0042153 0457083 1947944 1527178 1705938 1285573 0678932 0814036 0023745 0017296 0024779 0314603 1706473 1552738
 0012751 0024779 1706473 0024779 1527178 1555015 1705938 1706473 0017398 0017399
 0017270 0439603 0370003 0444667 0750572 2347026 0017431 0681850 1550501 1706203 2349001 2697811
 0796345 0002778 0023745 0936012 1524024 2825412 1274040 1546471 2825142 0185125 0449445 1524063 0449381
 0002778 0936012 1524024 0205448 0884358 1306673
 0441766 0205390 0205435 1279901 1300072 1306673 1517519 0017428 0034606 0332464 0441633 2338314 2826292 0205396 1550043 1551388 1274040 1546471 2825142
 0441767 0205390 0205436 0457385 0565930 1300072 1306673 1561503 1705190 1517519 0017428 0034606 0332464 0441633 2338314 2826292 0205341 0205448 1708726 3161035 0599883 1427926 0870432 1274040 1546471 2825142 0009647 0002778 0936012 1524024 0441766 0205390 0205396 0205435 1279901 1300072 1306673 1550043 1551388
 0002778 0936012 1524024 1707455 1274040 1546471 2825142 0205448 0220825 1261322 1301820 1708726 3161035 2707190 2986480 0002778 0025663 0185125 0449851 0871511 0936012 1515021 1515981 1524024 1705176 1705178 1947919 2347934 3539080
 0237881 0750502 1705176 1705178 0023956 0449820 2247199 0441621 0870078 1516048 0150098 1706233
 0449864 1707391 0023745 3161035 1709380 1264625 1522609 1709380 1522609 0023956 0332281 0449820 2247199 0369773 2603361
 1517331 1514873 3161035 2986411
 0681850 1550501 1706203 2349001 2697811 1533716 1514811 1706462 1510755 0237753 0449788 1706078 1706852 0332283 1719822 0950133 0683231 0024554 0025266 0086418 0242538 0728826 1555015 0950133 1412058 1096202 1439335 3539666 0220701 0035334 0035333 1419816
 2986676 0851286 1947908 0041427
 2986676 1709941 1882950 0282411 0947611 1705247
 0043227 0015179 0243098 0376244 1521721 1532290 1425988 3540513 3540513 0376691 3484370
 1709701 1514756 0183683 0237935 1521721 3245466
 1710187 0079152

 1514811 1706462 0681850 1550501 1706203 2349001 2697811 1533716 1514811 1706462 0439394 1706495 3642217
 0796345 0002778 0023745 0936012 1524024



 0325074 0025141 0439394 1706495 3642217
 0796345 0002778 0023745 0936012 1524024
 0325074
 0025141
 0242568 1504315 1706936 0034606 0441633 2826292



 0325074 0450388 0025141 0560020 0439267 0439267
 1514626 0017398 0017399
 0439070 1705160
 1880177 0544712 0205419 0853610

 0325074 0025141 0008669 0008633 2347469 0439394 1706495 3642217 0439267 0369773 2603361 0237400 3272377

 0796345 0002778 0023745 0936012 1524024 0035648 1553898 0035647 1521761 2827422

 0325074 0025141 0008669 0008633 0369637 0441923 0439493 1513009 0369637 0441923
 0012737 0032659 1257890



 0325074 0450388 0025141 0205090 0684010 2603358 0678579 0008669 0008633 1551922 0439394 2603362 2603360
 0023745 0332120 0017296 0314603 0332268 0040627 1521761 2826298 2827422 0079613 1280500 2348382 0085756 0027567 0596070

 2347379 0008669 0043381 0008633 0035567 1140671 1509547 3484401 2603360 1412430 0008669 0008633 0008669 0008633 0439394 1706495 3642217 0008669 0008633 0369637 0441923
 1883712 1552603 1706202

 2347379 1880489 0597277 1708601 0597277 1708601 0033727 0369286 0441932 0564385
 0020557 1522137 0220701 0002520 0035334 0332281 2917660 0001128 0017337 0035333 0202406 0205419


 0325074 0025141 0033727 0369286 0441932 0564385 0205090 0684010 2603358 0439493 1513009 0369637 0441923
 1708726 0542495 1287372 0428475 0041004 0229671 0441889 1546774 1550100 1515498 0019904 0392752 0680043 1283195

 0027960 0324740 0439189 1456781 1824986
 0325074 0205090 0684010 2603358 0439394 1706495 3642217 2603360 0205090 0684010 2603358 0369773 2603361 0369773 2603361
 0683150 0086045 0008633 1520622 0025884 0596070



 0325074 0025141 0108263 0205090 0684010 2603358 2603360 0369718 0441922 1553036 0027609 0033727 0369286 0441932 0564385 1510707
 0597336 0392762 0599883 1708726 0008377 0041004





 0796345 0002778 0023745 0936012 1524024 0011860 1320657 0441730 0011847 0011849 0332307 1547052 0393009 0332120 1520853
 0011847 0011849 0597277 1708601 0402830 0369637 0441923 0033727 0369286 0441932 0564385 0008669 0008633 0205090 0684010 2603358 1709269 1514578 0369637 0441923 0033727 0369286 0441932 0564385
 0796345 0002778 0023745 0936012 1524024 0205173 0205341 1883725 1708726 0199236 0489835 0557651 2603343

 0325074 0025141 1709269 0402830 0369637 0441923 0033727 0369286 0441932 0564385 0439394 1706495 3642217 2347469 1514578
 0332120 0428475 0041004 0441889
 0004153 0025141 0443013 2347469 0443013 2603362 0205090 0684010 2603358 0439267
 0026882 0332281 0154251 1292726 0000854 0012634 0023779 0220777 2347023 2347080 2698776 2825050

 0325074 0025141 0439394 1706495 3642217
 1280500 2348382 0032863 0023745 0557651 0947630 2603343 1883351 2699488 1880177
 0019266 0220848 0025141 2347469 0439267

 0032863 0442726 0743553
 0325074
 0025141 2603362 0068899 0073980 0008669 0008633 0369773 2603361
 0743553 1704675 0205225 1280500 1542147 2348382

 0325074 0740116 2827735 2981700 0205090 0684010 2603358 0205090 0684010 2603358 0008669 0439394 1706495 3642217 0369773 2603361 0369773 2603361
 0332120 0028754 1963185 0814184 1521758 1552219 0025884 0596070



 0325074 0025141 0369718 0441922 1553036 1539794 0016327 0439133 1553038 2603362 0475219 0439394 1706495 3642217
 0597336 0392762 0599883 1708726 0001721 0441655
 0020538 1963138 1538923 0439267 0033727 0369286 0441932 0564385 0369718 0441922 1553036 0369773 2603361
 0796345 0002778 0023745 0936012 1524024 0597336 0185125 0392762 0599883 0065058 0125953 1096202 0023820 0441889
 0041427 0205173
 2347379 0025141
 0002780 0796345 0002778 0023745 0032863 0449432 0936012 1524024 1705248 1711260 2348152 0442726 0597336 0392762 0599883 1708726


 0325074 0025141 1709269 0439394 1706495 3642217 0439267
 0520511 1704711 0796345 0002778 0023745 0936012 1524024
 0325074
 0025141 0205090 0684010 2603358 0205090 0684010 2603358 0004830 0369773 2603361 0008669 0369637 0441923
 0796345 2986480 0679560 0796344 0002778 0936012 1515021 1524024 1705176 1705178
 0325074
 0369773 2603361 1551922 1706917 0086706 0021966 0221138 0439267
 1708726 1417726 1832544 1883351 0442805 0012655 0220898 1264642 1547045 0025884 0596070

 0325074 0025141 1510707
 0034975
 2347379 0439084 0728893 0025141 2603360 0205090 0684010 2603358 0033727 0369286 0441932 0564385
 0017296 0314603 0023820 0003591 1280500



 0008669 0008633 0008669 0008633 0369718 0441922 1553036 0369773 2603361 0379885 1332692 1704902
 0814036 0017296 0024779 0314603 1706473 0086418 1519302 1527178 1705938
 0349590 1262865 0025141 0439267 2603362 0205090 0684010 2603358
 1707455 0599755 0359589 1999230 0598312 1883725 1521281 1520972



 0325074 0025141 1527021 1554111 1705606 3541382 0333052 0239110 1706852 0239110 1705565 1947976 0687676 1704687 0557854 0013849 1705961 1706852 0282420 1706852 0282111 1706852 1138432 0239110 0162443 0205314 0033213 1706387 0003738 0024552 1519021 1554162 1883712 1706852 0369637 0441923
 1706852 2603360

 1706852 0369637 0441923
 1706852 2603360

 2735290 0242456 1522634 0205145 0887933 0947619 0035621 0205090 0439658