 1704259 1705987 0002395 1521724 0012634 1879547
 0740116 2827735 2981700 0369637 0441923
 0871712
 0740116 2827735 2981700
 0740116 2827735 2981700 0205090 0684010 2603358

 0740116 2827735 2981700 0740116 2827735 2981700 0369637 0441923
 0740116 2827735 2981700 0369637 0441923
 0002716 0011560 0611285
 0740116 2827735 2981700 0683939 0205099 0021622 1272753 0587494 1704729 0036375 0027976 0205314 1704729 0036375 0027976 0205314 0683939 0205099 0013227 0025118 0557806 1704729 0027910 1552241 1555991 0870614 0036375 0588053 1547183 0019994 1510665 0282413
 0520510 0025663 0025664 0449851 1514811 1706462 1155604 1704259 1705987 0033684 1521761 0023980
 0557651 2603343 1547282 1155604 0205263 0002395 1521724 0679245 0012634 1279919 0002716 0011560 0611285 0333562 0085151 3538722 0033665 0299212 1418985 1456454 0002716 0011560 0033684 0611285 0872078 1709634 0002726
 0544966 0544966 0042219 0004391 0011305 0333607 0522501 3548489 0678723 0870861 1254042 0024369
 0544966 0042219 0442537 1705182 0002716 0011560 0611285
 0544966 0042219 0004391 0332256 2700400 3538722 3538722 0205250 0299212 0359583 1418985 2986918 1538050 0205177 0439167 0441655 1561536
 0205263 1155604 0221284 3272919 0027836 1512977 0007634 3282337 0449265 0392747 0443172 2348042 2826345 0033268
 1274040 1546471 2825142 1704259 1705987 1879547 0205161 2347472 2699333
 0000723 0030351 1273517 1547566 0047569 0047569
 0002716 0011560 0611285 0002716 0011560 0611285
 0002395 1521724 0012634
 3538722 0085151 3538722 1456454 0033665 0002716 0011560 0033684 0611285 1709634
 0544966 0042219 0004391 0544966 0042219 0004391
 0332255 1708096 0332255 1708096

 1416746 1862225 0560617 1522225
 3538722 0002059 1318717 0031678 1149880 1979842
 1417005 3540600 3540816 0023693 0337112 1306462 1524075 1881376
 0293060 1307407 1414805 1521840 2986546 0293060 1307407 1414805 1521840 2986546

 0872078 0872078
 0520510 0025663 0025664 0449851 1514811 1706462 1155604 0441712 1706376 0038435 1879547 0012634 0348080 0871712
 1879547 0162658 0456389 0442797 2828008 1710236
 0348078 0376315 1522492 1155604 1548602 1704686 2247585 0025255 0596901 1706182 0033684 0439064 0449738 1706214 0332257 1883357 0443301 0029219 0544966
 1184743 1522240 0293060 1307407 1414805 0332298 0024660 0031727 0072980 1521840 1704259 1705987 2587213 2986546 0021641 0851285 1533581 1579433 0164786 0285558 0377800 0033640 0031727 0033684 1704259 1705987 0002520 0023401 0001497 0031727
 0544966 0205286 0699952 0024369 0544966 0042219 0004391 1706701 0030940
 1883712 0729650 1522196 1704259 1705987 1166848 0034850 0699952 1414861 1708111 0544966 3548880 0007634 0333118 1269647 1704653 1948049 0012238 2349986 0456205 1552853
 0449913 1553451 1704459 0038435 0205263 1521739 2707262 0599732 3263722 3263723 1155604 1301808 1521733 1879547
 1155604 0007634 3282337 0026237 0750492 0010957 1883709 0023980 1514873 0162610 0006638
 1155604 1314939 1705285 0033684 0524851 0012634 0332257 1021144 0020179 2919056 0012634
 0015252 0728940 0242656 1947900 0012634 0449258 1517892 1704666 0012634 1155604 0392756 0332621 0439168 0027767 0031843 0205494 0542341 0700205 1705273 2707261
 1155604 0700364 1883351 0474395 1536696 2613145 0149784 0871261 1704632 1706817 2911692 0040537 0332157 0274281 0031847 0277785 0030664 1301808 1521733 0086597 0348078 0376315 1522492 0237876 1521970 1706388 2346469 2348519
 0007620 0038952 0220921 0449379 0599896 1704259 1705987 0002395 1521724 0012634 1314939 1514756 0004268
 0002778 0936012 1524024 1547282 0544966 0544966 0042219 0004391 0027882 0700364 0006104 1269537 2674684 0085103 0333607 0522501 1705535 0031847 0277785
 0333641 1517945 0085400 0220781 0332152 0439634 1522492 0085401 2700455 0011560 1705760 0002716 0333562 0521119 0611285 1515981 0002716 0011560 0030956 0611285
 0002716 0011560 0611285 3146294 0001128 0030956 0202406 0597304 0010813 0596311 1330957 3538722
 3538722 0014442 0171484 0872078 0872078 1538050 1538738 3541303 1332101 1705550 0205447 2982691 0682583 1185625 1382196 0332257 1552866 2700399 0007603 0025255 0032105 0596901 1550098 1706182 0034850 0024369
 3538722 1514468 1704444 0332255 1708096 0299212 1418985 2986918 1538050 0023884 1520150 0025914 0025929 0026809 0544966 0042219 0004391 0085732 1299581
 0557651 2603343 1155604 0006104 0205263 1269537 2363430 0599779 0003062 0030664 0205469 0677042 1515981 3161035 0025936 0003069 0025914 0025929 0026809
 3161035 0205263 0857127 0333562 0002716 0011560 0611285 0544966 0042219 2674684 0085103 0333607 0684336 0024369
 1547282 0544966 0042219 0004391 0205250 0359583 0449432 0243102 0026741 0014442 0205177 0439167 0441655 1561536 0332256 2700400 3538722 0332255 1708096 0449416 1705919 0006104 1269537
 0521390 0007600 0027836 0007634 0205132 1269647 1704653 1948049 1155604 1704259 1705987 0012634 0348080 1705253 0544966 0042219 0004391
 1279919 0205263 0857127 2986594 0814053 3161035 1517892 1704666 0441712
 1274040 1546471 2825142 0520510 0025663 0025664 0449851 1514811 1706462 0205263 0857127 0544966 0042219 0004391 0521114 0522498 1514917
 0544966 0042219 0004391 0700364 0027882 0011306
 1441672 2986594 3161035 0299212 1418985 2986918 0205419
 0025914 0025929 0026809 0439659 1883351 0333562 0002716 0011560 0611285 0333463 0002716 0011560 0332529 0611285 0011305 0004461
 0544966 0042219 0004391 0522498 0025914 0025929 0026809 0150312 0228081 0002716 0011560 0611285
 1979874 0237753 0449788 0332462 0450348 1880834 0205250 1299351 2700149 0001779 0150103 1707455 1708943 0243148 1550141 1882979 2587213 3274648 0544966 0200760 2981742 0042219 0237753 0449788 1527178 1705938 0205549 2348044 1704254 1704922 3542466
 0030664 0205469 0677042 0349966 1337208 0006104 0544966 0042219 0237753 0449788 0700321 1514721 2348147 3542016 0011305 0871712 0544966 0042219 0004391 2674684 0085103 0544966 0042219 0004391 0029219 0349966 1337208 2347469 1553033
 1709707 1550543 0243161 0332257 0456389 1440942 0369637 0441923 0025255 0439801 0596901 1706182 0392148
 0544966 0042219 0004391 0332257 3538986 0522503 0242821 1995017 1167331 0025255 0205101 0558058 0205390 1155604 1300072 1306673
 0006104 1269537 0205396 1550043 1551388 0544966 0042219 0544966 0042219 0004391
 0332256 2700400 0020289 0700321 0439794
 1301725 1609436 0544966 0042219 0006104 0558058 0205263 0857127 3548489 0678723 0870861 1254042 0024369
 0449911 0333052 2607870 0557702 1272706 1704674 0557702 1272706 1704674
 1155604 0006104
 1704254 1704922 3542466 1547282 0332197 1689985 1979963 2003903 0002716 0011560 0611285 1080898 0085103 0442800 1293134 2674684 0085103 2347469 1080898 1979963 2003903 0005558 0520510 2347469
 0544966 0042219 0004391 0332257 1552866 2700399 0544966 0336721 0242821 1995017 0453107 1080898
 0011305 0025914 0025929 0026809 0544966 0042219 0004391 0332183 0205397 0871712 0336721
 1709793 0021966 0221138 0936012 1417005 3540600 3540816 0020985 1704458 1517886 2363430 0205390 0868928 1279919 1300072 1306673 1517320 1533148 1709630 0039676 2349943 3539704 0006104 0025914 0025929 0026809 0299212 0580836 1418985 1515981 2986918 3538722 3538743 1521713 0369718 0441922 1553036 0016327 0439133 1553038 1707455 0243148 1550141 1882979 2587213 3274648 0369718 0441922 1553036 0369773 2603361
 1707156 3274014 3541345 1882932
 0016318 0079603 0025914 0025929 0026809 0205397 1500338 0439267 0336721 0011305 0205117 1515981
 1417005 3540600 3540816 0033727 0369286 0441932 0564385 0336721 0442821 2945706 0444669 1167518 1706352 1882467 3274653 0033727 0369286 0441932 0564385 0085103 0439092 0547044 1522666 0033727 0369286 0441932 0564385 1080898 2936349 0333562
 1417005 3540600 3540816 0205219 0205375 1608508 0021966 0221138 0205378 1704711 0011305 0205172 0336721 0599444 2752549 0702216 1080898 0007776 1176472 2700441 0597277 1708601 0024369
 1273517 1445860 0003241 0021027 1417005 3540600 3540816 1883351 1257890 1185625 2986730
 0597298 0087044 0103404 0021966 0221138 0026045 3146294 0544966 1155604 0205263 0392148 0918012 1552854 1637833
 1562562 0441926 0456949 0441889 0949466 0005863 0002778 0442726 0936012 1511790 1524024 1705493 0018220 0556636 1269776 0006104
 1562562 0441926 0441889 2363430 1555603 0439792 0205390 1300072 1306673 1299392 2705716 0001779 0001792 0150103 0205307 0439166 1707455 1708943 1999167 2347086 0243148 1550141 1882979 2587213 3274648 0369773 2603361 0369773 2603361
 0441925 0441889 0456079 1547707 2946261 0150312 0449450 1265611 0035853 0995005 1518422
 0392747 0443172 1705241 0205263 0857127
 0001675 1706450 0025914 0025929 0026809 0870432 1562562 0441926 0456949 0441889 0016327 0439133 1553038 1704458 0001779 0025914 0025929 0026809 0150103 1707455 1708943 0369718 0441922 1553036 0369773 2603361 0016327 0439133 1553038
 1167624 1947902 2827499 1417005 3540600 3540816 0205250 1299351 2700149 0080103 0205345 1547039 0025914 0025929 0026809 0349966 1337208 0439267 0033727 0369286 0441932 0564385 0597277 1708601 0024369 0025914 0025929 0026809 1707455 0349966 1337208 0021966 0221138
 1417005 3540600 3540816 0205378 0349966 1337208 0597277 1708601 0024369 0392148 0332281 0544966 0042219 0349966 1337208 0439267 0597277 1708601 0024369
 0333262 0439064 0333463 0033727 0369286 0441932 0564385
 2674684 0085103 0002716 0011560 0587267 0611285 0333562 0237753 0449788 0033727 0369286 0441932 0564385 0205160 1513916 2825415 2825491 0033727 0369286 0441932 0564385 1080898 0558058 1301808 1442792 3148680 2674684 0085103
 1155604 0205263 0442824 1279919 0439775 0702240 0006104 1306673 1705535 0205263 0857127 0871261 1704632 1706817 2911692
 1883351 1292732 0205263 0857127 0936012 1562562 0441926 0456949 0441889 0332174 0439230 0876934 1540677 1555824 0332257 0011560 1705760 0333562 0025914 0025929 0026809

 0544966 0042219 0004391 0205379 0085103 0349966 1337208 0002716 0011560 0611285 2347469 0332183
 1527178 1705938 0038951 0025914 0025929 0026809 1704254 1704922 3542466 0025914 0025929 0026809 0919414 0150312 0449450 1704254 1704922 3542466 0025914 0025929 0026809 0544966 0042219 0062074 0205447 1415458 3539897 0440042 1521738 2346620 2349184 3539073
 0002778 0936012 1524024 0521093 0750484 0021149 0220856 0175173 0025914 0025929 0026809 0544966 0042219 0004391 0439064 0369718 0441922 1553036 0369773 2603361 0025914 0025929 0026809 0871712
 1562562 0441926 0456949 0441889 0949466 0005863 0002778 0936012 1524024 1705493 0205250 3163633 0369718 0441922 1553036 0369773 2603361 0332197 1689985 0392747 0443172 1705241 0441925 0441889
 0597879 0150312 0449450 0599444 0025914 0025929 0026809 0349966 1337208 0016327 0439133 1553038 0021966 0221138 0599444 0011305 0439267 0033727 0369286 0441932 0564385 0332174 0349966 0439230 0580836 1337208 0025914 0025929 0026809
 0449774 0011305 0205330 0025914 0025929 0026809 0349966 1337208 0021966 0221138 0439092 0547044 0025914 0025929 0026809 0349966 1337208 1707455 0033727 0369286 0441932 0564385
 0302523 0700325 3244290 1155604 0699749 0012634 0205263 0205390 1300072 1306673 0025914 0025929 0026809 1883712 0449560 0333606 0025914 0025929 0026809 0580836
 0449911 0333052 2607870 0557702 1272706 1704674 0557702 1272706 1704674
 0020792 0205396 0019564 0949582 1029104 1284077 0025914 0025929 0026809
 0199219 0025914 0025929 0026809 1547282 0544966 0042219 0004391 2347469 0336721 0040223 1632851 0332183 0025914 0025929 0026809
 0376249 0439603 0871396 1561548 1705502 0440042 1521738 2346620 2349184 3539073 1553033 0237753 0444504 0449788 2347634 2348143 0440042 1521738 2346620 2349184 3539073 0871712 0934502 1521991 1522408 1561599 0369718 0441922 1553036 1547282
 0020985 0002778 0936012 1524024 1167624 1947902 2827499 0349396 1150640 0179407 3538722 0025914 0025929 0026809 1547282 0439775 0702240 0369773 2603361 3538722 0025914 0025929 0026809 1707455
 0871712 0369773 2603361
 0369773 2603361
 1707156 3274014 3541345 1882932
 0597879 0205217 0442805 0580836 3538743 1416378 0025914 0025929 0026809 0332183 0015272 0449774 0033727 0369286 0441932 0564385 0597277 1708601 0336721 0522498 0016327 0439133 1553038 0021966 0221138
 1707156 3274014 3541345 0016327 0439133 1553038 0439267 0021966 0221138 0369637 0441923
 0033727 0369286 0441932 0564385 0597277 1708601 0369637 0441923
 0443264 1185625 1382196 1327340 0025519 0025520 3538722 0034850 1820044 0449432 1710236 1880177 0025255 0439801 0596901 1706182 0544966
 3538722 3538722 0014442 0299212 1418985 2986918 0684224 0700287 3496591 1883351 2346714 0449432 0544966 0042219 0392752
 0521093 0750484 0333463 0003250 0003241 0021027 0746619 1708632 0299212 1418985 2986918 0349966 1337208 0002716 0011560 0611285 2347469
 1527178 1705938 0544966 0042219 0004391 0678594 0000938 0299212 0439083 0439087 1418985 2986918 0349966 1337208
 0006104 0025914 0025929 0026809 0349966 1337208 0871712 0030705 0349966 1337208 0016327 0439133 1553038 0003241 0021027 1820118 0025255 0439801 1167041 0037179 0087136 0205171 1820118 0025255 1167041 0349966 1337208 0336721
 0025255 0205171 1720467 0678594 0228081 0442726 1511790 0871712 1080898 0332290 2611772 0220781 0439634 1522492 0544966
 0026237 0007603 0025255 0032105 1550098 0333262 0010834 0037791 1511884
 0449911 0333052 2607870 0557702 1272706 1704674 0557702 1272706 1704674
 0333463 0544966 0042219 0025914 0025929 0026809
 0598179 0007776 1176472 2700441 0003241 0021027 0299212 1418985 2986918 1547282 0299212 1418985 2986918 0333463 0392752
 1624602 1708632 1979963 2003903 0011389 0332461 0333463 1704711 3053990 2347469
 0597879 0205396 1550043 1551388 0544966 0042219 0004391 2674684 0085103 0003062 0871712 0006104 1269537 0016327 0439133 1553038
 1080898 1167624 1947902 2827499
 0299212 1418985 2986918 0336721 1518685 1820118 0544966 1167331 0025255 0042219 0205101 0392752 0439801 0596901 1706182 1167041 0026237 1518422 0007603 0025255 0032105 1550098
 0332283 1318876 0037125 0038128 0947651 1305285 1627358 2349975 0299212 1418985 2986918 0006104 0086418 0884358 1269537 0011900 0016327 0439133 1553038
 0302523 0700325 3244290 1517331 1292732 0332149 1705910 2362652 1155604 1704259 1705987 0544966 0042219 0004391 2945843 0205145 1515974 2825164
 1273517 0016030 0007634 3282337 0002059 1318717 0031678 1149880 1979842 3538722 0086418 0026809 0591833 0445079 0007600 0815000 0007634 0027819 0205132 0700095 1269647 1704653 1948049 3540583 1280500 2348382 1327340 0025519 0025520
 0002716 0011560 0611285 1704458 3538722 0521390 0002716 0011560 0611285 1511276 1552825 0445079 1518422 3161035 0205263 1155604 0007634 3282337 0072980 1999216 0023401 0205217 0442805 0237753 0449788 0002716 0011560 0611285 0205090 0332257 0544966 0080103 0205345 1547039 0007634 3282337 0168634 1442488 0010453 0012634 0220814 0348080 0430400 1705253 2242979 0229671 1546774 1550100 0002716 0011560 0611285 0205091 1552822
 0066746 0205198 1706082 0025255 0205287 0678594 0596901 0544966 0042219 0004391 0042219 0392752 0549177 0678594 0871712 0023401 0205091 1552822
 0205263 0857127 1155604 1517001 0016318 0079603 0007634 0010834 0332155 3282337 0444598 0549183 1552826 0032659 1257890 0042219 0023401 0007634 3282337 0444598 0549183 1552826 0007634 3282337 0205090 0521093 0750484 0332120 0349966 1337208 0002716 0011560 0611285 2347469
 0007634 3282337 0010454 0009458 0205197 0439536 0725685 1705217 3244283 0010453 0220814 0430400 2242979 0441833 1704458 1999270 3537156 1547282
 0229671 1546774 1550100 0002520 2917660 0001128 0202406 0023401 0871712 0205263 0004391
 0150312 0205263 0857127 0007600 0007634 0205132 1269647 1704653 1948049 3538722 0445079 0023401 0871712 0039798 0087111 1522326 1533734 1705169 3538994 0871712
 0087111 0205250 3163633 1562562 0441926 0456949 0441889 0871712 0441889 0293060 1307407 1414805 1521840 2986546 0205345 0080103 1547039 0332155 0444706 3541902 0007634 3282337
 0449911 0333052 2607870 0557702 1272706 1704674 0557702 1272706 1704674
 0205263 0857127 3538722 0007634 3282337
 1704254 1704922 3542466 1547282 0392747 0443172 0336721 0007634 3282337 0009458 0205197 0439536 0725685 1705217 3244283 0002716 0011560 0611285 0205091 1552822 0023401 0002716 0011560 0611285 0205090 0033727 0369286 0441932 0564385 0007634 0038108 1515981 3282337 0392148 0002716 0011560 0611285 0205091 1552822 0332197 1689985 0002716 0011560 0611285 0205090 0229671 1546774 1550100
 1279919 0544966 0042219 0023401 0205397 0007634 1269647 1704653 1948049 2347469
 0303920 1167624 1947902 2827499 0066746 2827893 0205091 1552822 0003241 0021027 0444598 0549183 1552826 3538722 0205090 0007634 3282337 1511276 1552825 2346714 0009458 0205197 0439536 0725685 1705217 3244283 1704458
 0871712 0949466 0521093 0750484 1456348 0393009 0332120 0293060 1307407 1414805 1521840 2986546 0369773 2603361 0293060 1307407 1414805 1521840 2986546 0205263 0857127 0023401 0871712 0072980 0021467 0021469 1628982 3463820 3538722 0445079 0007634 3282337
 0020985 0007634 3282337 0293060 1307407 1414805 1521840 2986546 0007634 3282337 0445247 1441547 3245521
 0439849 1705630 1706279 3540605 0079411 3146294 0349966 1337208 0002716 0011560 0611285 2347469 0443211 1272684 1441672 1155604 0033727 0369286 0441932 0564385 0023401 0036536 0036537 0369718 0441922 1553036 0369773 2603361 0369718 0441922 1553036 0369773 2603361 0080103 0205345 1547039 0014441 0444706 3541902 0555903 1261360
 0205263 1155604 0036536 0036537 0369718 0441922 1553036 0369773 2603361 0007634 0332155 1707455 3282337 0002716 0011560 0611285 0441889 0007634 3282337
 0814908 0002778 0936012 1524024 0443289 0439849 1705630 1706279 3540605 0556082 1261361 0242297 0002520 2917660 0301630 0392756 0441610 0369773 2603361 0369773 2603361 0205263 0857127 1155604 1515981 0023401 0871712 0033268 0369773 2603361 0369773 2603361
 1274040 1546471 2825142 0025663 0205263 0205436 0449851 0457385 0521093 0565930 0750484 0857127 0871511 1155604 1561503 1705190 0072980 0033268
 1280500 2348205 1521798 0033268 0442805 1444656 0456603 1547037
 0443264 0002520 0017890 0042285 0009458 0439536 1705217 3244283 1301751 1280500 2348382 0349966 1337208 0002716 0011560 0611285 2347469
 0037088 0243095 2825141 0332290 1155604
 0441889 0441889 1518422 0392747 1155604 0443264 0349966 1337208 0871712
 0332128 1280500 2348382 0079411 3146294 1820186 0349966 1337208 0016327 0439133 1553038 0445079 0349966 1337208 0439267 0033727 0369286 0441932 0564385
 1155604 0023401 0369773 2603361 0349966 1337208 0439267 0369773 2603361 0033727 0369286 0441932 0564385 1155604 0023401 0242297 0205216 0392756 0442797 0441889 0369773 2603361 0033727 0369286 0441932 0564385
 0449911 0333052 2607870 0557702 1272706 1704674 0557702 1272706 1704674
 0079411 3146294 0443264
 0441889 2347469 0332255 1708096 1553033 0871712 0014441 0444706 3541902 0007634 3282337 0444953 0033727 0369286 0441932 0564385 0004391 0023401 0023401 1515877 1879547 1155604 0023401 0023401 0072980 1518422 0001721 0004391 0009458 0162867 1254021 0042285
 0042295 0243148 0439165 0684224 0700287 1550141 1705241 1705242 1882979 2587213 3274648 3496591
 0369773 2603361 0439092 0547044
 0681814 0441889 0016327 0439133 1553038 0007634 3282337 0439267 0033727 0369286 0441932 0564385
 1707156 3274014 3541345 1882932
 0475264 1744691 0449432 1524063 1167624 1947902 2827499 0007634 3282337 1441672 0002716 0011560 0611285 0449432 0544966 0042219 0392752 0444498 1552738 0392752 1185625 1382196 0018042 0034850
 1524063 0003241 1185625 1382196 0349966 1337208 0002716 0011560 0611285 2347469
 0299212 1418985 2986918 0003241 0033684 0439851 1947931 0205102 1553872 1619620 0449432 1820044 0007634 3282337 0349966 1337208 0871712
 0002778 0392762 0936012 1524024 1547282 1709707 0299212 1418985 2986918 1538050 0332281 0544966 0042219 1185625 1382196 0450355 0016327 0439133 1553038
 0150312 0544966 0042219 0004391 1185625 1382196 2700400 0017446 0205146 1710082 0040223 1632851 0205250 1299351 2700149 1185625 1382196 2348205 0006104 1269537 0349966 1337208 0871712
 0025914 0025929 0026809 0003241 0021027 1444656 0475264 1744691 0544966 0042219 0004391 0349966 1337208 0439267 0033727 0369286 0441932 0564385
 0449911 0333052 2607870 0557702 1272706 1704674 0557702 1272706 1704674
 0544966 0042219 0004391 0007634 3282337 0006104 0449432 0299212 1418985 2986918 1538050 0007634 3282337
 0475264 1744691 2347469 0299212 1418985 2986918 1538050 0871712 0003241 0021027 0205225 0332197 0439631 1515981 1689985 0444953 0033727 0369286 0441932 0564385 0332197 1689985 0023401
 1709793 0544966 0042219 0004391 1185625 1382196 2700400 0017446 0205146
 1707156 3274014 3541345 1882932
 0439267 0332283 1318876 0037125 0038128 0947651 1305285 1627358 2349975 0025914 0025929 0026809 0299212 0580836 0884358 1418985 2986918 3538722 3538743
 0205177 0439167 0441655 1561536 1179435 0449432 1820044 0947630 1179435 0033684 0449432 0005507 0243073 1510438 0205177 0439167 0441655 1561536 0002716 0011560 0027552 0079411 0611285 0686904 3146294 1264633 0544966 0042219 0004391 0007634 3282337
 0544966 0042219 0004391 1264633 0205409 1548221 0424215 2003939 1882508 1264633 0521093 0002716 0011560 0349966 0611285 0750484 1337208 0020985 1515981 1524063 0003241 1419194 0018296 0332281 1155604
 0332290 0007634 0024369 0557651 0947630 2603343 3282337 3538722 0349966 1337208
 1264633 0205250 0299212 0359583 0441889 1418985 2986918 1538050 0080103 0205345 1547039 0038528 1264633
 0544966 0042219 0004391 0332256 2700400 0814896 0441889 0332255 1708096
 3538722 0018042 0034850 0359583 1264633 1554103 0370215 0332293 0009458 0162867 1254021 1522326 0332268 0023401 0007634 3282337 0229671 1546774 1550100
 0007634 3282337 1265611 0521108 0441994 1548802 2003888
 0299212 1418985 2986918 2346714 1264633 1554103 0871712 1265611 1264633 0018042 0034850 1515981
 0449911 0333052 2607870 0557702 1272706 1704674 0557702 1272706 1704674
 0332120 0544966 0042219 0004391
 0041623 0024369 0007634 3282337 0949466 0005863 0002778 0936012 1524024 1705493 0378071 2347469 1419194 3538722 0332255 1708096 0299212 1418985 2986918 0205088 0332255 1705314 1705315 1708096 1538050
 0544966 0042219 0004391
 0024369 0024369
 1185625 1382196 0034850
 0369773 2603361 0441436 0993610 1998480
 1383501
 0369637 0441923 0026237
 1708639 0849355 0007457 0043157 0205132 0220938 1550648 1552960 1316572 1317574 1369612
 0871208 1521828 0038528 1264633 0007634 3282337 0009458 0162867 0229671 1254021 1546774 1550100 0205091 1552822 0023401 0009458 0162867 1254021 0205090
 0441436 0993610 1998480
 0871712 1709707 0038528 1264633 0871712 0229671 1546774 1550100 0205263 0023401 0007634 3282337
 0229671 1546774 1550100 0023401 0012634 0348080 1705253 1547282 0205177 0439167 0441655 1561536 1264633 0205263 0857127
 0439267 0018042
 0544966 0042219 0004391
 0002778 0936012 1524024 0544966 0042219 0004391
 0010813 0596311 1330957 1514468 1705242 0870432
 0237753 0449788 0002520 2917660 0001128 0010813 0202406 0205145 0205543 0596311 1330957 1515974 2825164 0002716 0011560 0030956 0611285
 0205177 0439167 0441655 1561536 1264633 0299212 1418985 2986918 0017337 1880274 0560617 1522225 0086418 0299212 1418985 2986918 0560617 1281743 1522225 1415707 2931875 1415707 2931875
 0237753 0449788 0439232 0700321 0702093 1282918 1551058 2347166
 0441889 0009458 0150312 0332285 0439536 1705217 3244283 0014441 0442726 1511790
 0042295 0743559 1442162 1550718 1608199 1704970 1707156 3244317 3274014 3541345
 1524063 0016349 1710236 0079809 0242485 0205177 0439167 0441655 1561536 0007634 3282337 0229671 1546774 1550100 0023401 0871712 0150312 0007634 0024369 3282337 3538722 1264633 0332256 2700400 0205177 0439167 0441655 1561536 0439161 0038164 0033684 0936012 1527178 1874451
 0024369 2984253 0018042 0026029 0018042 1264633 0332256 2700400 0205177 0439167 0441655 1561536 0080103 0205345 1547039 0007634 3282337 1264633
 0171484 0205177 0439167 0441655 1527178 1561536 1705938 1265611 1185625 2986730 0544966 0042219 0004391 0171484 0205177 0439167 0439175 0439810 0441655 1561536 1551359 2741673 2981730 0007634 0024369 0521108 3282337 3538722 0229671 1546774 1550100 0871712
 0026029 0034850 1264633 1547282 0439092 0547044 1527178 1874451 0171484 0029219 2346714 0750482 0205250 1299351 1551359 1709707 2700149 2741673 2981730 0439175 0439810 0521108 0205177 0439167 0441655 1561536
 2607943 2926606 3539655 0007634 0024369 3282337 3538722 0023401 0009458 0162867 1254021
 0012634 0348080 1705253 0205263 0857127 0441994 1548802 2003888 0871161 1292721 0007634 0205263 0205397 3282337 1511726 3245479
 0007634 3282337 0205177 0439167 0441655 1561536 0007634 0205177 0439167 0439175 0439810 0441655 1269647 1561536 1704653 1948049 0026029 0205430 1264633 1554103 3160715 0205217 0442805 1883351
 0205263 0012634 0348080 1705253 1185625 1382196 1264633 0332256 2700400 0171484 0205177 0439167 0439175 0439810 0441655 1561536 1705535 0205177 0439167 0441655 1561536 0333051 1185625 1382196 2347509 0544966 0042219 0004391 1155604 0205263
 0002778 0936012 1524024 1444656 0010813 0596311 1330957 0544966 0042219 0004391 0205145 1515974 1709305 2825164 0016327 0439133 1553038 0558058 2607943 2926606 3539655 0010813 0596311 1330957 1710236 1185625 1382196
 0010813 0596311 1330957 1514468 1704444 1518422 0010813 0596311 1330957 1439852 1710236 0033727 0369286 0441932 0564385 1514468 1704444 1518422 0205103 1550465 2827755
 0002716 0010813 0011560 0205369 0596311 0611285 1330957 1514468 1552740 1704444 1979874 1264633 1514468 1704444 1517331 0205242 0333853 0547044 0700321 1514468 0040223 3541383 0231448 0231449 0439792 0020283 0450407 0450408 0450409 0441994 1272755 2003888 0470187 1415570
 0010813 0596311 1330957 0872078 0521093 0750484 1456348 0010813 0596311 1330957 0016349 0299212 1418985 2986918 0205369 1552740 0005507 0243073 1510438 0205177 0439167 0441655 1561536 0205409 0299212 0560617 1281743 1418985 1522225 1548221 2986918 1281743 0086418 0299212 1418985 2986918 1415707 2931875
 0010813 0596311 1330957 0441994 1548802 2003888 0007634 3282337 0544966 0042219 1707455 0007634 3282337 0439267 0006104 1269537 1547282 0205177 0439167 0439175 0439810 0441655 1561536 1710236 0311403 1524063 0243077
 0010813 0596311 1330957 1281743 0007634 3282337 3146294 0002716 0011560 0611285 0007634 3282337 0033727 0369286 0441932 0564385
 0332290 0086045 1446561 0311403 0171484 0205177 0439167 0441655 1561536 1264633 0007634 3282337 1511726 3245479
 0010813 0596311 1330957 0444706 0521450 1264633 3541902 0392760 0872078 1314939 1442161 1511760 1880274 1264633 0024369 0544966 0042219 0439792 0547044 1515981 0332256 2700400 1150095 0205177 0439167 0441655 1561536
 0205177 0439167 0441655 1561536 1518422 0183683 1521721 0079411 3146294 0002716 0011560 0033268 0332269 0611285 1527178 1705938 1281743
 0520510 0025663 0025664 0449851 1514811 1706462 1511726 3245479 1999230 0332120 0002716 0011560 0611285 0544966 0042219 3146294 1155604
 1155604 0205263 0006104 0221099 0684336 1269537 0025914 0025929 0026809 0002716 0011560 0030664 0332152 0611285 1521733 1522538 0332256 2700400 0544966 0042219
 0205263 0857127 0332120 0233426 0700364 0544966 0205250 0441889 1515981 3163633 0040715 2987521 0005516
 0392747 0443172 0332120 0025914 0025929 0026809 0299212 0332174 0439230 0580836 1418985 1515981 2986918 3538722 0011560 1705760 0333562 1705535 0205263 0857127 1704632 0871261 1706817 2911692 0332291 0002716 0011560 0085862 0611285 1299583 1518422
 0441471 3541888 0205263 1155604 1518422 0205309 3258183 0449416 0332257 0348078 0376315 1521761 2827422 0205263 0857127 1155604 1880177 0031847 0277785 1704259 1705987 0205087
 0205263 0857127 2363430 0332290 0597297 0031227 0243127 0443331 0332664 0085103 0205170 1545588 3146287 0234402 0026237 0541749 0205136 1155604
 1521970 1706388 2346469 2348519 1521713 0006104 0449560 0019564 0949582 1029104 1284077 0006104 0205397 1269537
 1166757 3548425 0242821 1995017 1552738 0027765 0012634 0205494 1301808 2707261 0998924 0449719 1709471 1882932 0205087 0205177 0205390 0439167 0441655 1300072 1306673 1561536 0012238 2349986
 1979874 0150312 2674684 0085103 0332256 2700400 1709707 0544966 0042219 0004391 0684336 0024369
 3158384 0085103 0034963 0544966 0042219 0004391 0560560 0578671 1269909 1299988 2699029 0699952 1414861 1708111 0085103 0599444 2752549 0007634 0242821 0460148 1268086 1269647 1704653 1948049
 0441471 0456205 1552853 1637379 1881707 0544966 0042219 0004391 0024369 2984253
 1184743 1522240 0442799 0332120 2986569 0544966
 2674684 0085103 2986569 0544966 0042219 0004391 1457869 1861101 0678723 0870861 1254042 0332148 0750492 1511758 0243125 0699900
 1511726 3245479 1999230 0332120 0002716 0011560 0611285 0205447 3146294 0449560 2986569 1707059
 0544966 0042219 0004391 0205171 1518422 1720467 0332256 2700400 0002716 0011560 0611285 0332255 1708096 0171484 0205177 0359583 0439167 0441655 0851827 0872078 1561536 1701901 3244310
 0333463 0392079 1521713 0006104
 1511726 3245479 0521093 0750484 1456348 2607943 2926606 3539655 0299212 1418985 2986918 1538050 0024369 0359583 0544966 0042219 0004391 1518422 0024369 0947630 0449416 1705919
 2607943 2926606 3539655 0302523 0700325 1521721 3244290 0238190 0007637 0027121 0242821 0460148 1268086 1512693 0012634 0348080 1705253 1709305 2745955 0205101 0027763 0422837 1269560 0332256 2700400 3538722 0299212 1418985 2986918
 0947630 0230825 0242821 1995017 0013080 0039082 0423866 2626739
 1155604 0442805 0337051 0002716 0011560 0220781 0439634 0611285 1522492 1880177 1184743 1522240 0001128 0014406 0024369 0029219 0439849 0445223 2984253 0033414 0759909 1135895
 0040223 3541383 0002716 0011560 0611285 1155604 3146294
 1155604 1948023 0544966 0042219 0004391 0085639 0238715 1155604 0311403
 0544966 0042219 0004391 0037080 0332291 1155604 0293060 1307407 1414805 1150423 0024660 0031727 0072980 0205177 0439167 0441655 1521840 1561536 2700387 2986546 0037083 3537152 1704259 1705987
 0012634 0348080 1705253 0033268 0544966 0205421 3548489 0678723 0870861 1254042 0024369 1517001 1883351 0442805 0237753 0449788 0441889 0349966 1337208
 0002716 0011560 0611285 1883351 0205145 3146294 0027882 0332257 0034850 0018042 0449822 0302523 0700325 1551359 2741673 2981730 3244290 0002716 0011560 0611285 0024369 1327616 3538722 0007634 3282337 1155604 0311403
 1704259 1705987 0566001 0018042 0541749 0205136 1155604 0029219 1457900 0002716 0011560 0079411 0611285 1880177 3146294 0449719 1709471 1155604
 0009452 0449913 1553451 1704459 0359589 1999230 1155604 3146294 0007634 0391871 1283071 3282337 1166848 0034850 1819371 0282114 0566001 1185625 1382196 0282443 1552617 0042789 1947903
 0030685 0391871 0439180 0680255 1283071 1963578 0544966 0042219 0004391 0332149 1705910 2362652 0441712 1706376 0030685 0033164 0391871 0439180 0680255 1283071 1441414 1553874 1578820 1963578 1751192 0544966 0042219 0332466 0439851 1293131 1947931 0007603 0025255 0032105 0596901 1550098 1706182
 1316572 1317574 1369612 0221102 0030657 1136169 0002716 0011560 0611285 1327616 0002716 0011560 0611285 0700364 1883351 0677881 1511636
 0449911 0333052 2607870 0557702 1272706 1704674 0557702 1272706 1704674
 3161035 1318746 0428255
 0242656 0449258 0230822 0024369
 0012634 0348080 1705253 1274040 1546471 2825142 2347469 1553033 1517001 1883351 0033414 0079411 3146294 0332257 0221099 0684336 3548489 0678723 0870861 1254042 0024369 2347469 0205263 0857127 1553033
 0027882 0544966 0042219 0004391 0024369 1272688 1280477 0522498 0027882 0205397 0871712
 0598953 0005528 1317949 3495449 1156129 0011305 1882932 0205447 3548489 0678723 0870861 1254042 0024369 0002716 0011560 0079411 0332152 0611285 1522538 3146294 0544966 0042219 0004391 0243125 0699900
 0544966 2981742 0042219 0205251 0237753 0449788 1299352 1527178 1550472 1705938 0006104 0205307 0439166 0442726 1269537 1511790 2347086 1155604 0032214 0600138 0035820 1705810 0349966 1337208
 0441889 0205263 0857127 0002716 0011560 0611285 0544966 0042219 3146294 0024369 1881707 0332256 2700400 0030940 0030946 1947941
 0010957 1883709 0085103 1710236 0743226 1155604 1704259 1705987 0332466 1293131 0205421 3272602 0002716 0011560 0611285 0544966 0042219 0205369 0449560 1552740 3146294
 0544966 0332281 0237881 0750502 1546944 3263722 3263723 0033268 0205397 1707959 0876926 0043250 0043251 3263723 0270611 0006104 0332663 1269537 3263722
 0237753 0449788 0544966 0042219 0004391 0205286 2674684 0085103 1155604 1880177 1706803 0002716 0011560 0175996 0178719 0611285
 1883712 0035648 1553898 0035647 1521761 2827422 0332257 0001811 0026882 1511726 3245479 3548489 0678723 0870861 1254042
 1551359 2741673 2981730 0449719 1709471 0030664 0205469 0677042 1706803 0026882 0872078 0015127 1524003 0025914 0025929 0026809 0872078 1515981 3538722 0080103 0205345 1547039 1514559 3538722 0205171 0439044 0679994
 0947630 0544966 0042219 0006104 1269537 0002723 0000938 0002716 0011560 0175996 0178719 0237881 0449416 0611285 0750502 1546944 1705919
 1155604 1704259 1705987 1363844 1882365 1882932 0449738 0543483 0699748 0039798 0087111 1363945
 0520510 0520510 0025663 0025664 0449851 1514811 1706462 0040300 0332128 0677862 0370003 0016733 0205123 0007776 1176472 2700441 1516695 1516698 1883351 0521093 0750484 1456348 0332147 0011900 1704338 1704656
 0205453 0868928 1533148 0439234 0150312 1883351 1550543 0243161 0370003 0439234 0150312 1883351 0205307 0439166 2347086
 1521970 1552738
 0040300 1547928 0231441 0443218 2827483 0991865 0006353 0031603 0031701 1601799 2678549 1882074 0020283 0450407 0450408 0450409 0029385 0029383 0991865 0006353 0031603 0031701 1601799
 0011175 0001962 0885054 0001975 0040300 1547928 0035191 0059460 1707903
 0199219 0028778 0332206 1533157 0332256 2700400 0333463 0392079 0000925 1883724 0205155 1293097 1522472 1552923 1705191 0444499 0205155 1293097 1522472 1552923 1705191 0000925 1883724 0205155 1293097 1522472 1552923 1705191
 0205155 1293097 1522472 1552923 1705191 0950318 1522408 0442504 0077854 0000975 0008857 0376259
 1883712 1273517 0004398 0580205 0848632 0231441 0443218 2827483 0440746 0459385 0006104 0040300 1269537 1547928 1272530 2336112 0599720 0205146 1522384 0001792 1301820 1999167 0079399 0009253 0027361 0036864 0237401 1314687 0001779 1514721 2348147 3542016 0439234
 0004398 0580205 0848632 1272706 1273517 0033727 0369286 0441932 0564385 0439092 0547044
 1524063 1513822 1880171 0443211 0034975 0162791 0220845 0282423 0332305 0243161 1441414 1553874 1578820
 0027361 0237401 0220825 1517886 2363430 0011900 0205390 0876934 1279919 1300072 1306673 1540677 1555824 0175173 0175196 0332256 2700400 0333463 0441771 0439070 1705160
 0680398 0441833 0687744 1257890 1552516 1705428 1705429 0001779 0150103 0868928 1533148 1708943 0332529 1550543 0243161 0175196
 0441833 0687744 1257890 1552516 1705428 1705429 0001779 0150103 0868928 1533148 1708943 0332529 1883351 0205307 0439166 2347086 0175173 0019564 0949582 1029104 1284077 0175196 1289526 0085400 1273517
 0040300 0565990 1552471 0001554 0042610 0205099 0205476 1301820 1533734 3245459 0205099
 0449286 1704240 0521093 0199219 0750484 1524063 0038128 0018964 0487602 1704680 1293957 1318876 0038128
 0025936 0003069 0025914 0025929 0026809 0026882 1705285 0299212 1418985 2986918 0332174 0439230 0557651 2603343 3538743 3538743 0001779 0150103 1708943 0243148 1550141 1882979 2587213 3274648
 0003241 0034760 0003241 0002716 0011560 0611285 1273517 0014441 1552738 0004950
 1273517 1883351
 1524063 0299212 0475264 1273517 1418985 1744691 2986918 0007634 3282337
 0041740 0031525 3538722
 1301820
 0369773 2603361
 1553316 0041740 0006823
 0003250 0002716 0011560 0030956 0611285 1709915 1882936 0002716 0011560 0030956 0611285 1709915 1882936 0332255 1708096 3538722 0869011
 0293060 1307407 1414805 1521840 2986546 0439175 0439810 0369773 2603361 0037083 0007634 0039421 0869011 1269647 1704653 1948049 3537152 1419194 1301820
 0332257 3538986 0005574 1414266 0024874 0041740 0003250 0009013 0018042 1522642 0108187 1413107 0005574 0871712
 1881534 0302891 0021966 0221138 0033684
 0066746 0007634 0376558 1524062 3282337 0456693 1442458 0702093 0544966 0042219
 0443264 0185117 1552738
 0205263 0857127 0185117 0007634 3282337 0332293 0440102 1522326 0450442 1254351 0443264 1155604
 0007634 3282337 0058217 0641456 1314677
 0456148 1281743 0019994 1510665 0006823 0058217 0641456 0010453 0220814 0430400 2242979 0025402
 0009458 0162867 1254021 0745732 3272378 0058217 0641456 1576824 3661596 0034354 0037473 0244104 0597484 0242295 1947943 2348609 0042890 0026691 1705240 1839259 1301820
 0681814 0002520 2917660 0001128 0202406 0728725 1979886
 0072980 1273517 1883351 0205263 1155604 1273517 1883351 0018790 0237477 0392351 0521111 2611772 0220781 0439634 1522492 0544966
 0039798 0087111 1522326 1533734 1705169 3538994 0007634 3282337 0002778 0016318 0079603 0936012 1273517 1524024 0026019 2984656 0013852 0026018 0036397 0231441 0443218 2827483 3463986 1720830 1823521 2678549 1882074 0020283 0450407 0450408 0450409 1548982 1720830 1823521
 0007634 3282337 1283828 1551357 0017814 0231441 0443218 2827483 0006353
 0079604 0016318 0026018 0079603 0014441 0870883 2698672 0332255 1708096 0949466 0005863 1705493 0002778 0936012 1524024 0884358 1552738
 0949466 0005863 0002778 0936012 1524024 1705493 0024369 0884358 3538722 0445079 1881488 3642279 0021966 0221138 0419358 1417005 3540600 3540816 0293060 1307407 1414805 1521840 2986546 0369773 2603361 0293060 1307407 1414805 1521840 2986546
 0002778 0936012 1524024 0544966 0042219 0370215 0884358 0007634 3282337 0007634 3282337 1417005 3540600 3540816 0182400 1704681 2347609 3536729 1419194 3538722 0332255 1708096 0205088 0332255 1705314 1705315 1708096 1538050
 0016318 0079603 0234621 0181839 1706379 0179533 0442015 1654607 1706254 1883674 1415718 0037585 1626420 0023089 0034606 0181839 0441633 0458142 1023865 1706315 1706379 1524063 0018017 1571702 0936012 1524063 0037585
 0949466 0086296 1561571 1561572 1704254 1704922 3542466 0086296 1561571 1561572 0183115 0441633 1710020 2642841
 0002778 0936012 1524024 0884358 1524063 1704254 1704922 3542466 0027468 0333052 2607870 0370003 2347026 0037585 0205132 1514721 2348147 3542016
 0868928 1533148 1708639 2347946 0849355 1883351 0562342 1171285 1706765
 0035687 2610186 0007457 0043157 0205132 0220938 1444656 1550648 1552960 0449719
 1521713 0006104 0031001 0729936 1512335 0038636 1161331 1707903 0439583 0016701 0677542 0180202 0213052 0369637 0439509 0441923 1280412 0205155 1293097 1522472 1552923 1705191 1417005 3540600 3540816
 1167624 1947902 2827499 0205396 1550043 1551388 1524063 1626420 0023089 0034606 0181839 0441633 0458142 1023865 1706315 1706379 0018017 1571702
 0205155 1293097 1522472 1552923 1705191 0009968 2347872 2348263 0442504 1415284 1704765 1882509 2348395 2825313 3496241 0204514 0002778 0936012 1524024 0028013 2348274 1415284 2348395 2825313 1167624 1947902 2827499 0001861 1512080 2827485 3536832 0142906 0597484 0037473 0074745 1720830 1823521 0332283 0441648 0790233 0043047 0599638 1550678 1439852 1720830 1823521 0011744 0033727 0369286 0441932 0564385
 0205155 1293097 1522472 1552923 1705191 1439852 0003241 0021027 0205225 0439583 0439631 0108187 1413107 0072354 1150347 1418224 0012771 0022202 0033684 1301820 0935616 0450376 1415347 1823107 1548982 0040223 1632851 0003241 0018026 0021027 0027627 0175668 0205436 0312860 0522529 1304897 1439852 1979849 0086388
 1627358 2349975 0086388 0299212 1418985 2986918 0006104 1269537 0884358
 0009932 0681814 0003241 0021027 0034493 0205307 0439166 2347086 0229671 1546774 1550100 2827734 2981698 0003241 0021027 0205225 0439631 0725813 1273517 0746619 0935616 1439852 0450376
 1415284 2348395 2825313 1548982 1720830 1823521 0011744 0033727 0369286 0441932 0564385 1439852 0003241 0021027 0086388
 1415284 2348395 2825313 1548982 2984971 0077854 0000975 2986582 0008857 0376259 0181845 0013852 0181839 0332128 1706379 3463986 3161035
 1704254 1704922 3542466 0179533 1654607 1706254 3161035 0598124 0037585 0179533 0449913 1515981 1553451 1654607 1704459 1706254 0683758
 1704254 1704922 3542466 0349966 1337208 0002716 0011560 0611285 2347469 0007634 3282337 0086296 1561571 1561572 0030351 1547566 0033161 0183115 0441633 1710020 2642841
 0002778 0392762 0936012 1524024 1704254 1704922 3542466 3538722 1704254 1704922 3542466 0369718 0441922 1553036 1704254 1704922 3542466 0205088 1546485 0237753 0449788 0440042 1521738 2346620 2349184 3539073 2984756 1443022 0199219 0234621 0750480 1705566 1524063 0552502 0243161 0443211 1272684
 0025914 0025929 0026809 0184661 1948041 2700391 3274430 3538935 3539779 0185125 0025914 0042947 0025929 0026809 0441833 0687744 1257890 1552516 1705428 1705429 1273517
 0455052 1521827 0007600 0007634 0205132 1269647 1550648 1552960 1704653 1948049 3538722 1415707 2931875 1881840 0007634 3282337 0229671 1546774 1550100 0439583 0205263 0205177 0439167 0441655 1561536
 0681814 0544966 0042219 0004391 0007634 0024369 0205409 1548221 3282337 3538722 0205307 0229671 0439166 1546774 1550100 2347086 0009458 0162867 1254021 0332268 0023401
 1524063 0442711 1507394 1522729 2348563 0392747
 0007634 3282337 1512335 0028158 0332454 1510420 1550581 2700618 0007703 0086972 0443199 0443299 0687118 1705242 0205435 1279901 0678536 0441436 0993610 1998480 0332256 2700400 1264633 1554103 1515981 0007634 3282337 0441436 0993610 1998480 0205436 0457385 0565930 1561503 1705190 1550101 0441436 0993610 1998480 0544966 0042219 0359583 0024369 0026237
 1264633 1554103 0024369 0544966 0042219 0086972 0205448 0443299 0687118 1264633 1524063 0439182 0812409 0025869 0025869
 1264633 1554103 1301820 0179834 1550101 0560020 0720544 0439267 0450376
 0441436 0993610 1998480 1264633 1554103 0332256 2700400 1709707
 1264633 0441436 0993610 1998480 0006353 0185023 0282083 0728733 1522662 0936012 0005863 0949466 1705493 1947931 2717977 0005507 0014442 0243073 1510438 1552738
 1883351 0370215 1875400 0544966 0042219 0004391 1521751 0025921 0025914 0025929 0026809 0033727 0369286 0441932 0564385 2348531 1720154 0005910 1305866 0333746 1300563 0042670 0043100 0242821 0439267 0439269 0460148 1268086 1705104 1960952 2346927 0445115 0036082 0205307 0439166 2347086 0033727 0369286 0441932 0564385 0162388
 0023884 1512335 1524063 0181200 0007704 0007703 0178587 0439182 0812409 0204727 0205409 0220862 0544966 0042219 0004391 0007600 0007634 0205132 1269647 1704653 1948049
 0005507 0243073 1510438 1510844 0038528 1264633 1554103 0029053 0205170 1261286 1709027 1882150 3146287 0005971 1139930 3537155
 0370003 2347026 0041175 0077281 0086045 0205088 0814229 1446561 1546485 1720119 1948037 0020283 0450407 0450408 0450409 0013618 0047101
 0075804 0036849 1442518 1705195 0370003 2347026 1440942 0171484 0369637 0441923 1999216 0702093
 0016349 1710236 0002508 0025033 0086045 0205088 0369637 0441923 1446561 1524062 1546485 0005971 1139930 3537155 0370003 2347026 0005971 0034754 0303920 1139930 1514743 1705179 1706461 3537155 1524063 0180860 0581406 1522664 1704449 1704684 1875155 0180860 0581406 1522664 1704449 1704684 1875155
 0205177 0439167 0441655 1561536 0016315 0205217 0442805 0444706 3541902 0205171 1720467 0205242 0333853
 1524063 0872318 0037813 2945612 0436196 0577559 1306372 3152252 0370003 2347026 0332256 2700400 0025255 0182400 1704681 2347609 3536729 2717789 0597410 0008565 0684296 0008550 0205390 0302908 1185738 1304698 1546699 1555029 1561501 1706132 0184967 1289829 1720154 2828395
 0370003 2347026 0456693 1442458 0702093 0016576 0885348 0001128 0202406 0050456 0439182 0812409 3469601 0205390 0231435 1273517 1552449
 1185738 1706132 1948027 0039421
 0243148 1550141 1882979 2587213 3274648 0370003 2347026 0332197 1689985 1521827
 1522508 1561567 0439165 1549488 1561533 0030956 0002716 0011560 0611285 1518422 0010813 0596311 1330957 0037813 0037812 0577559 1306372 2713504 2984732 3152252 0030956 0004391 0370215 0450367 0392148 0024369 0171484 1999216
 2936424 0520510 0470187 1415570
 2986676

 0439114
 0024369
 0033727 0369286 0441932 0564385
 0033727 0369286 0441932 0564385
 0439267

 0035168 0242481 0004083 0439849 0596306 0699792 1521721 0018173 1417831 1420758 1548284 3542925 0027468 0018684 0021622 3245503 0018173 0021622 0018173 1548284 0238884 0035172 0018684 0021622 0035168 0242481 1272753 0018173 1548284
 1515023 1272684 1548435 2827734 2981698 1514811 1706462 0520510 0025663 0025664 0449851 1514811 1706462 0597277 1708601 0021966 0221138
 0021966 0221138
 2603360
 0033727 0369286 0441932 0564385
 2603360




 1417005 3540600 3540816 0005516 0007589 1511938 1522240 2945687 0237820 1555688 2004454 0027720

 0597277 1708601
 1553033
 2945617
 2349138 0369637 0441923
 2603360


 0023693 1306462 1881376 0242697 0026845 1304649 0030705 0751713 0238190 0007637 0027121 0242821 0460148 1268086 1512693 1833373 1833672 0026848



 0000857 0600678 1552863 0002716 0011560 0611285


 1879547 0871261 1704632 1706817 2911692 0449445


 1417055

 0025141 0016327 0439133 1553038
 0033727 0369286 0441932 0564385


 0066746 0005516



 0025141 0024369 2603362

 0332583 0024369
 2348507 0369637 0441923


 0002716 0011560 0611285 0015127 1314792 1524003 0750901 0814120 0277793 1833334 0332162 0025936 0003069 0025914 0025929 0026809
 0027882
 0025141 0369773 2603361 0002716 0011560 0611285
 0369718 0441922 1553036
 0024369
 0369773 2603361
 0369718 0441922 1553036


 2603362
 2603360


 2266326 0021467 0021469 1628982 3463820 0032930 1444748 0162638
 0027960 0324740 0439189 1456781 1824986
 0007634 1269647 1704653 1948049

 0033727 0369286 0441932 0564385


 0332305 0679846


 0025141


 0871935 1274040 1546471 2825142 0004391





 1948049 2349967 1185625 2986730
 0007587 0007634 0011065 1269647 1306577 1704653 1948049
 0025141 0024369
 0369637 0441923
 0002716 0011560 0611285


 2825879 0333463 2936349 0010097 0162512 0013080 0039082 0423866 2626739


 1417055

 0450382 0025141 2603362

 0369637 0441923

 0205090 0684010 2603358
 0454851 0369637 0441923
 0871712
 0871712

 0002716 0011560 0611285


 1819354 0475264 1744691 0442805 1279919 0002716 0011560 0611285 0006104 1269537 0002395 1521724

 0001811
 0025141 0369637 0441923


 0597277 1708601
 0369637 0441923
 0221982 1266881 1280542 0369637 0369773 0441923 2603361
 0002716 0011560 0611285


 0026882 1519606 2986594 3161035 0025936 0521110 0030664 0205469 0677042


 1417055

 0025141 0439267

 0007587 0007634 0011065 1269647 1306577 1704653 1948049 1880371 0441712
 0002808


 0025141 0016327 0439133 1553038





 0201682
 0024369
 0205090 0684010 2603358
 0369773 2603361



 0243125 0699900 0004391
 0036397
 0439267 0016327 0439133 1553038
 0439267
 0016327 0439133 1553038
 0205090 0684010 2603358
 0205090 0684010 2603358

 0033727 0369286 0441932 0564385

 0331964 0597277 1708601
 0024369
 0444649

 2931257 0299212 1418985 0872078 1425075 0332120 2611786 0014239 0018042 0035295 0205103 1185625 1550465 2827755 2986730 0598268


 2347379
 0025141 0369773 2603361 0369637 0441923
 0597277 1708601
 0021966 0221138
 0033727 0369286 0441932 0564385
 0369773 2603361
 2347469



 1290905 0033666 1709694


 0597277 1708601


 1006780 0369637 0441923

 0369637 0441923
 0024369




 0002716 0011560 0205217 0442805 0611285 0006104 0025914 0025929 0026809 0299212 1418985 0872078
 0349590 1262865
 0025141 0002716 0011560 0611285 1708595 3280986

 0947630 2698671 2611772 0220781 0439634 1522492


 0000857 0600678 1552863 0002716 0011560 0611285 1708595 3280986

 0947630 2698671 3548489 0678723 0870861 1254042


 0000857 0600678 1552863 0871712

 2347469
 0033727 0369286 0441932 0564385






 0439084 0728893 0025141 0205090 0684010 2603358


 2347469



 0243114 1998793 1880022 0006104 1269537


 0201682
 2347469
 0033727 0369286 0441932 0564385
 0439267


 2350332

 0025141 0439267





 0392747 0443172 0024369 0229671 1546774 1550100 2349954 2825032 0871712 0002520 2917660 0012634 0348080 1705253


 0025141 1539794 0369773 2603361


 0443193 1446614 2700387 1704259 1705987


 2347379

 0025141 0871712


 1326207 0004391 0441712 1706376 0079427 1325410
 0029016
 0450348 0025141 0369637 0439114 0441923 0369637 0369773 0441923 2603361


 0205090 0684010 2603358

 2347469
 0002716 0011560 0611285
 0369637 0441923


 1419212 1948023 0041904 0162493 0547043 0851285 1282911 1327622 0442805 0428479 0441889 0033268


 0201682
 0002716 0011560 0611285 0205090 0684010 2603358
 0454851 0016327 0439133 1553038
 1551641



 0002716 0011560 0611285 0243107 0678723 1527148 0013080 0039082 0423866 2626739
 0230467 0741204

 0022877

 0025141 0024369 0369718 0441922 1553036


 1006780 2603362
 0369773 2603361
 0597277 1708601
 1261259 0021966 0221138
 0205090 0684010 2603358

 0582521

 0031437 1285572 0206243 0085151 3538722 1564139 1456454 0033665 0002716 0011560 0033684 0611285 1709634 0282641 0299212 1418985


 0025141

 1514468 0004391 0004461 0598953 0005528 1317949 3495449


 0000857 0600678 1552863 0033727 0369286 0441932 0564385 2603360
 1708595 3280986 0369773 2603361
 2603362
 0369637 0441923

 0597277 1708601


 0035691 0042776 0521026

 0162443 0369718 0441922 1553036
 2603360

 0450955 2603360
 2603360


 2603360


 1417005 3540600 3540816 1334043 1820118 0025255 0392752 0544966 1709694

 0369718 0441922 1553036

 0450955 2603362

 2603360


 1417005 3540600 3540816 1414901 1421924 0025255 0392752 0596901 1706182 0220781 0348078 0376315 0439634 1522492 0725813

 3642273
 2603360


 0002520


 2603360 0021966 0221138
 0205090 0684010 2603358
 0016327 0439133 1553038
 0369718 0441922 1553036
 2603362
 0369637 0441923


 0002520 0021641 1533581 1579433 0243148 1550141 1882979 2587213 3274648 0597304 0293060 1307407 1414805 0024660 0072980 0080103 0869014 1521840 2986546 0227525
 0201682
 0025141 2603360 0021966 0221138 0369637 0441923
 2603360
 0033727 0369286 0441932 0564385
 1415618
 2603362


 0035820 1705810 0596402 0334227 2698007 0007634 3282337
 0007587 0007634 0011065 1269647 1306577 1704653 1948049
 0025141 0443021 0369637 0441923
 0999213 0369637 0441923

 0369637 0441923


 0080045




 0299212 1418985 0872078 0528480 1418986 0872078 0015272 0185027 1948020 0441655


 0201682
 0439267 0439267

 0205090 0684010 2603358
 0033727 0369286 0441932 0564385
 0871712


 0521390 0185117 0016733 0549224
 0860630



 0025141 0205090 0369773 0684010 2603358 2603361
 0205090 0684010 2603358 2603362
 0556636 1269776
 0722969
 0330232 0002716 0011560 0611285
 0423899 3539536

 1513112 0024369 1515981




 0024369
 0033727 0369286 0441932 0564385


 0204727 0205409 0220862 1882726 0023884 0034693 0034721 0736268 1278929 2346688 0543482 1880022


 0000857 0600678 1552863 0369637 0441923
 2603360
 0205090 0684010 2603358
 2603362

 0402830 0871712
 2347469
 0369637 0441923


 0681840 0220825 1261322 2986904 0002395 1521724 0012634


 1417055

 0025141 0369637 0369773 0441923 2603361

 0369637 0439114 0441923
 0369637 0441923
 0002716 0011560 0611285


 1150129 0205177 0439167 0441655 1561536 0872250 0520511 1704711


 0201682
 0369637 0441923

 0597277 1708601


 0002716 0011560 0611285 0010957 1883709
 0027910 1552241 1555991
 0025141 0369773 2603361


 0851285 1327622 0035820 1705810 1512977 0007634 3282337
 0063789 3272375



 0025141
 0369637 0441923
 0240986 0024369
 0033727 0369286 0441932 0564385
 2347469


 0017337 0205224 0162402 0231448 1880641
 0036397
 2603362

 0369637 0441923 2603362
 2347469
 0369637 0441923
 0016327 0439133 1553038

 1551730 0024369


 0002395 1521724 0012634 0034975 0443211 1513822 1880171

 0038136
 0027855
 0000857 0600678 1552863 2603362 0369718 0441922 1553036
 0871712


 1881534 0011900 1704338 1704656
 0206415
 0230467 0741204

 0022877

 0025141 0369718 0441922 1553036
 0450955 0369637 0441923
 2603360



 0002778 0936012 1524024 0871261 1704632 1706817 2911692 0038187 1524063 0025936 0003069 0025914 0025929 0026809 0005516
 0027960 0324740 0439189 1456781 1824986

 0007634 1269647 1704653 1948049
 0369637 0441923


 0205263 0857127 0871712 0002520 2917660 1882726 0023884 0034693 0034721 0736268 1278929 2346688
 0349590 1262865
 0025141 0021966 0221138 0369637 0441923


 0205263 0857127 0015127 1314792 1524003 0392747 0443172

 0439086 2827736 2981702 0025141 0024369 1538923
 0033727 0369286 0441932 0564385



 0185125 1947919 2347934 3539080 0011900 1704338 1704656 0002395 1521724 0012634


 1417055

 0025141 0002716 0011560 0611285 0369637 0441923
 0369637 0369773 0441923 2603361


 0449913 1553451 1704459 0543483 0699748 0002395 1521724 0282443 1552617

 2347379
 0025141 0002716 0011560 0611285 0369637 0369773 0441923 2603361
 0369637 0441923


 0449913 1553451 1704459 0442893

 0451119 1444662
 0439086 2827736 2981702 0025141 0002716 0011560 0611285

 0033727 0369286 0441932 0564385
 1006780

 0369637 0441923


 1314939 0002395 1521724 0012634 0200742 0079835 0026018 0557651 2603343


 1417055

 0025141 2603360


 0076836 1199517 1419603 3539732 1334043 0243148 1550141 1882979 2587213 3274648 0004391


 0201682
 1553033


 0029237 0029246 0220885 1300196 1522486 0004461 0027882


 0033727 0369286 0441932 0564385 0871712
 0369637 0441923
 2603362
 0002716 0011560 0611285
 2347469
 0030211



 0299212 1418985 0872078 1538050 0085151 3538722 1456454 0033665 0002716 0011560 0033684 0611285 1709634 0205177 0439167 0441655 1561536 0230812 0025255 0392752 0521450 0596901 1706182


 0201682
 2603362 0369637 0441923
 0016327 0439133 1553038
 2603362


 0299212 1418985 0872078 0442805 0441889 1185625 1382196 1159343 1159342 1704259 1705987


 0025141
 0332319 0016327 0439133 1553038

 0369773 2603361


 0441887 0456387 1705943 0037080 0243148 1550141 1882979 2587213 3274648 1155604


 0201682
 2347469


 2603362
 0337841 0439267
 0016327 0439133 1553038
 0016327 0439133 1553038
 0205090 0684010 2603358

 0439114


 0021467 0021469 1628982 3463820 0205263 0004391 0040539 0600688 0012578 1704307 0025914 0025929 0026809 0020179 2919056 0683033 0684309 0012634 3161035

 0325074
 0025141 0369637 0441923
 0369718 0441922 1553036
 0002716 0011560 0611285
 0033727 0369286 0441932 0564385
 0812297 1705148 2347469
 0024369



 0004391 0035820 0010957 1883709 0043240 0374711
 0004391
 2827734 2981698
 0369773 2603361 1539794


 0243148 1550141 1882979 2587213 3274648 0597297 0597304 1623036 1335665 0033684 0243125 0699900


 0000857 0600678 1552863 0369773 2603361 1539794
 0033727 0369286 0441932 0564385
 0033727 0369286 0441932 0564385


 1442460 1524063 0034632
 1417055
 2347379
 0025141 0369773 2603361 2603360
 0033727 0369286 0441932 0564385
 0369637 0441923
 0021966 0221138



 1547011 1879746
 0001483
 1417055


 0025141 0597277 1708601
 0597277 1708601
 2758676 0369637 0441923

 0597277 1708601


 1157519 3537096 0851285 1327622 0002520 2917660 0001128 0202406 1621636 0293060 1307407 1414805 1521840 2986546
 1314939 0007600 0007635 3282338 0677626 0007634 0023903 2239176 3282337


 0201682
 0554249 0033727 0369286 0441932 0564385 0597277 1708601


 0597277 1708601




 0025141 0998924 0597277 1708601 0871712


 0475264 1744691 0333463 0392079 0002395 0011265 0497327


 0025141 0033727 0205090 0369286 0441932 0564385 0684010 2603358 0002716 0011560 0611285
 0016327 0439133 1553038
 3495095
 0027366 1850625 2826269
 0033727 0369286 0441932 0564385
 0016327 0439133 1553038
 0033727 0369286 0441932 0564385
 0369773 2603361
 0597277 1708601


 0230825 0242821 1995017 0332281 0030664 0205469 0677042



 0205090 0684010 2603358 0369637 0441923
 0759909 1135895

 0014442 0014445 0725066 0150312 0332285 0035168 0242481
 0027882
 0025141
 0369637 0441923
 2347469
 1825831 1837329

 0206116 0007634 3282337 0441722 0563538 0004112 0050325 0960756 1521761 2827422


 0025141 1006780 0033727 0369286 0441932 0564385

 0024369

 1538923
 0452875 1123019 1145701 3496086 0369637 0441923
 0002716 0011560 0611285


 0544966 0042219 0004391 0171484 0699919 0085151 3538722 1325278 0033665 1456454 1537044 0002716 0011560 0033684 0359583 0441655 0611285 1709634 0475264 1744691
 0063789 3272375



 0025141 0013153 0449444 1879941


 1527021 1554111 1705606 3541382