 0037455 0596070 0005477 0026376 0005532 1521991
 0185117 0036536 0036537 1280500 0034036 0034037 1514756 1704324 2827734 2981698 0740116 2827735 2981700
 2827734 2981698 0740116 2827735 2981700 2827734 2981698 0740116 2827735 2981700 2827734 2981698 0740116 2827735 2981700
 2827734 2981698 0740116 2827735 2981700 0439086 2827736 2981702
 2827734 2981698 0740116 2827735 2981700 2827734 2981698 0021622 1272753 0740116 2827735 2981700 0035172 0021622 0035168 0242481 1272753 1704729 0013227 0025118 0030664 0205469 0677042 0006754 0041740 3146274 0036152 1826357 1514811 1706462 0000857 0600678 1552863 0017070 1761610 0205955 1186181 0017067 0027882 0040452 0205095 0242726 1258666 1318154 1705917 0232902 0023825 0023823 0442811 0023820 0178587 0205251 0442824 1299352 1550472 0052201 0003591 0052199 1260953 3158384 0085103
 0947630 0815000 0007634 3282337 0052199 0086418 0006556 1280500 2348382 0332128
 0007634 3282337 1327616 1265611 0439272 0439269 1960952 2346927 0033727 0369286 0441932 0564385
 0332197 1689985 0023820 3158384 0085103 2348205 0007634 3282337
 0007634 3282337 0023825 0023823 0442811 0023820 0178587 0205251 0442824 1299352 1439852 1550472 0523560 0023820 0007806 0007807 1300565 0439526 0031676 0041004 0202177 0740116 2827735 2981700 2827734 2981698 0014020 1547282 0301630 0392756 0441610 0392756 0547047 0021467 0021469 1628982 3463820 0007634 0052199 1327616 3282337 0392148 0449416 1705919 0231448 1880641 0205217 0442805
 0023825 0023823 0442811 0023820 0178587 0205251 0442824 1299352 1550472 0439792 1709305 2348205 0052199 0007634 3282337
 0023823 0023820 0178587 0205251 1299352 1550472 0012456 0014020 0205171 0439044 0679994 0008377 0439855 1704241 1301751 1280500 2348382 1441672
 1280500 2348382 0003595 0523511 1412481 1441672 0332256 2700400 0023821 0023820 0178587 0205250 1299351 2700149
 1280500 2348382 0052201 2984964 0007634 0028778 0332206 2983591 3282337 0062507 0008173 1154250 0022942 1416933 0332281 0597357 0033684 0444868 3539085 0309872 0243144 0347980 0034821 1366529 1416912 0242972 0748025 0023823 0597357 0065059 0023820 0033684 0178587 0205251 0439849 0445223 1299352 1550472
 1511726 3245479 1705535 1327616 0003595 0523511 1412481 0699040 0023820 0871786 1704259 1705987
 0441712 1706376 0052201 2984964 0015264 1280500
 1511726 3245479 1705535 0052201 2984964 1547282 1883351 0332281 0015576 0205087 0241888 0332162 0002395 1521724 0012634 0205422 0018790 0237477 0392351 0521111 1160367 0242656 1947900 0012634 0449258 1880177
 0003591 0003595 0003591 0033684 0009219 0805701 0017337 0008661 0008633 0032214 0600138 0035820 1705810 1156530 1373181 0025519 0025520 0041004 0034821 1366529 0023823 0065059 0599283 0023820 0178587 0205251 0597357 1299352 1550472 0034821 1366529 1416912 0242972 0748025 0023823 0597357 0065059 0023820 0033684 0178587 0205251 0439849 0445223 1299352 1550472 1416912 0597357 0087044 0103404 0033684 0740116 2827735 2981700 0003595 0003591 0032214 0600138 0035820 1705810 0927232 1269563 0027763 0422837 1269560 0439086 2827736 2981702 0003595 0205172 0205449 0523511 1412481 0205438 1706303 0032105 1550098 0023884 0736268 1278929 1883254 2346688 0003595 0523511 1412481 0004112 0006104 1269537 0439084 0728893 0597298 0425245 0449580 0022169 0000936 0017243 2981153 0002520 0733755 2827734 2981698 0597298 0052199 0010654 0003765 0052198 0010654 0052201 2984964 0003765
 0597298 0002085 0205449 0679058 2700640 1708726
 0052201 0003591 0332185 1547282 1883351 0002395 0332281 1521724 0243083 0012634 1276871 1520853 1520839 0449721 0008661 0575519 0008633 0205107 0205166 0446516 1269078 1269612 1706317 1517892 1704666 0332256 2700400 1708726 2827734 2981698 0024752 1306056 1527116 0205435 1279901 3642141 0002085 0332281 0015576 0205087 0241888 0332162 0348078 0376315 1883357 0439083 0439087 0868928 1533148 1551359 2741673 2981730 0004083 0439849 0596306 0699792 0521093 0441833 0687744 0750484 1257890 1552516 1552839 1705428 1705429 0017270 0376249 0439603 0871396 1561548 1705502 0683971 0032659 0205246 1257890 1553889 0030705 0032659 0440102 1257890 0205087 0332162 0015576 1704727 0035647 0442805 0439083 0439087 0206132 0001779 0392756 0547047 0439234 0237753 0449788 3642141 0002085
 0019904 0205423 0439543 1274040 1546471 2825142 0001779 1521970 1706388 2346469 2348519 0392148 0007776 1176472 2700441 0002716 0011560 0611285 0333562 0085400 0348078 0376315 1522492 0027882 0007776 1176472 2700441 0019564 0949582 1029104 1284077 0002708 0003595 0003591 0332281 0333463 0392079 0085400 0006104 0030705 0150312 0449450 0441712 1706376 0439849 0445223 0439673 1280500 2348382 0027882
 0332128 1280500 2348382 0052201 2984964 0021135 1533691 2827718
 0027882 1439852 0232902 0023825 0023823 0442811 0023820 0178587 0205251 0442824 1299352 1550472 0023825 0023823 0442811 0023820 0178587 0205251 0442824 1299352 1550472 0699759 0008377 3158384 0085103 0205384 0205217 0442805 0450348 1883712 2348205 0023825 0023823 0442811 0023820 0178587 0205251 0442824 1299352 1550472 0392756 0205384 0231448 1880641 0450348 0231448 1880641 0947630 0150312 0052199 0052201 2984964 0023825 0023823 0442811 0023820 0178587 0205251 0442824 1299352 1524062 1550472 1883357 1280500 0027882 0017070 1761610 0010453 0220814 0430400 2242979 0007634 1707455 3282337 0023825 0023823 0442811 0162339 0007634 0023820 0178587 0205171 0205251 0439044 0442824 0679994 1299352 1439852 1550472 3282337 0023825 0023823 0332293 0442811 0023820 0052199 0086418 0178587 0205251 0332287 0442824 1299352 1522326 1550472 1547282 0205384 0231448 1880641 0007634 3282337 0023825 0023823 0332293 0442811 0023820 0052201 0178587 0205251 0332287 0442824 1299352 1522326 1550472 2984964 3158384 0085103 0302523 0700325 3244290 1547282 1280500 2348382 0052201 2984964 1552738 1524063 0007600 0815000 0007634 0027819 0205132 0700095 1269647 1550648 1552960 1704653 1948049 3540583 0010453 0220814 0430400 2242979 0150312 0449450 0947630 0427861 0007634 3282337 0006556 1883708 0332128 1280500 2348382 3158384 0085103
 0023825 0023823 0442811 0023820 0178587 0205251 0442824 1299352 1439852 1550472 0523560 0023820 0007806 0007807 0007634 3282337 1265611 0052201 2984964 0887824 1705241 1705242
 3158384 0085103 0021467 0021469 1628982 3463820 0007634 3282337 0034760 0205309 1883351 0028778 0332206 1533157 1706084 2828370 0243122 1145667 1167622 0871786 1704259 1705987 0012456 0009458 0325564 0392747 0439536 1551720 1705217 3244283 0117953 0016327 0439133 1553038 1414499 2827734 2981698 0242295 1947943 2348609 0033308 2757070 0034170 0036580 0040679 1442762 0244223 0008173 0037473 0597484 1154250 0062507 0022942 1416933 0041073 0772274 1959616 0869011 1719918
 0007452 0015965 0229671 0521457 1140701 1546774 1550100 0021641 1533581 1579433 0039421 0376558
 0038880 0043194 0258432 0331865 1421478
 1135440 1254351 1705493 3540513 2827734 2981698 2827734 2981698 0439086 2827736 2981702 0439086 2827736 2981702 0026381 0043194 0182400 0258432 1421478 1521991

 0007600 0815000 0007634 0027819 0205132 0700095 1269647 1550648 1552960 1704653 1948049 3540583 0598079 0010453 0220814 0332307 0430400 0596070 0869011 1516698 1547052 1704814 2242979
 0007806 0007807 0005889 0302908 0444611 1704353 1301820
 2986463
 0455052 1521827 0023825 0023823 0442811 0023820 0178587 0205251 0442824 1299352 1550472 0439267 0439526 0324547 0027978 0007457 0032105 0034493 0043157 0205314 0205409 0220938 1548221 1550098 0342895 0521974 0301585 0012155 1442959 1519433 2983588 0008395 0523560 0439267 0439526 0041609 0205409 1548221 0032105 1550098 0034493 1301820 0342895 0324335
 0523560 1548982 0041609 1720092 1948045 1300565 0439526
 0023820 0439267 0439526 0041609 0205409 1548221 1552738 0439086 2827736 2981702 1548982 1720092 1948045 0037633 0525069 1300565 0439526
 0439267 0439526 0041609 0205409 1548221 0013855 0342895 0012155 1442959 1519433 2983588 0332256 2700400 3255733 0056060 0009210 0028908 1135796 1365545 1517288 3257521 0008377 0023825 0023823 0442811 0023820 0178587 0205251 0442824 1299352 1550472 0025663 0449851 0450355 0871511 0021966 0021968 0885449 2348268 0684296 0008550 0849355 1185738 1706132
 0333262 1521827 1552738 0012456 0205171 0439044 0679994 0439269 1960952 2346927 0008377 1883712 0439269 1960952 2346927 0005036 1549535 0016698 1512080 2827485
 0520510 1883708 0168944 0037494 0369637 0439526 0441923 1959973 0596019 3541329 1882074 0013618 0020283 0450407 0450408 0450409 2827734 2981698 0456693 1442458 0702093 1524063 3540513 0542559 1318139 0439261 0520510 0456692 0702093 0179834 1550101 1273517 0007634 3282337
 0052199 1521827 1552738 0023779 0205430 3160715 0456603 1547037 1883357 0439269 1960952 2346927 0439269 1960952 2346927 1883708 0028158 0442540 1512080 1550581 2827485
 0441436 0993610 1998480 1883708 3642199 1416653 0041175 0077281 0439526 0596019 0814229 0013618 0020283 0450407 0450408 0450409 2827734 2981698 0006353 1552738 0520510 1883708 0456692 0702093 0179834 0582523
 0486616 1555710 0740116 2827735 2981700 0041073 1959616 2827734 2981698 1709500 2919747
 0456389 0332437 0543482 0700329 0700619 1441647 0026019 0085194 2984656 0013852 0026018 0205160 0487602 1513916 1704680 2825415 2825491 3463986
 0455052 1521827 0032136 1706853 1555265
 2827421 0332256 2700400 0086860 1414404 1880904 0031831 0439267 1707664 1999230 2348314 3540849 0002424 0442592 2986512 0016617 1555265 1273517 1883351 0439851 1947931 1171362 0185117 0016955 1883712 2827421 0332256 2700400 0015295 0021920 0205435 0205452 1279901 0002055 0015295 0178499 0205436 0457385 0565930 1561503 1626935 1705190 1880279 0025646 0314604 1412481 0017337 0332283 0003595 0006556 0523511 1412481
 2827421 0205280 0332300 0332256 2700400 0021920
 0017446 0205147 0006556 0043194 0258432 0522506 1421478 0332283 0600436 0004793 0002055 0162326 0162327 0178499 0230171 1519249 1709450 1880279 0314604 1412481 0017337 0332256 2700400 1710082
 0003595 0523511 1412481 0021107 0441587 1512796 1883719 2827421 0599566 0086022 0442335 1999230
 2603362


 0021622
 0029266 1704322 1704972 3539923 0521093 0750484 1553778 1561491 1524063 0205554
 2827421 0205543 1691010 1883351 1537525 1414404 1880904 0006556 1414404 1880904 0006556
 0012854 0205448 1998793 0055134 0007886 0008203 0041609 0332490 0439182 0596019 0812409 1883351 0022885 0039593 0392366 2827421 0085080 0018555 0007634 0008120 0018557 0029939 0152035 0227898 1278992 3282337 0427861 1947950 0553257 0007634 3282337 0086597 0127400 0086045 1446561 0009458 0439536 1705217 3244283 0444706 3541902 1552738
 3244092 0441889 0052201 2984964 1511726 3245479 1518422 1547282
 0033268 0205200 1366752 1537525 1414404 1880904 1414404 1880904 1524063 0442711 1507394 1522729 2348563 0007634 0243148 1550141 1882979 2587213 3274648 3282337 1366752 0205171 0439044 0679994 0332282 0442711 1507394 1522729 2348563 0007634 3282337 0018270 0220844 1621966 2911660 1707391 0009458 0162867 1254021 0332256 2700400 0007452 0015965 0229671 0521457 1140701 1546774 1550100 0052009 0119053 0039421
 0439158 1707391 0205229
 0036536 0036537 0052201 2984964 0005863 0162518 1552738
 0003595 0699040 0007634 0205148 0332297 1145667 1167622 1269647 1689898 1704653 1948049 2349209 0003595 0523511 1412481 0007634 3282337 0033727 0369286 0441932 0564385 1314677 0009458 0439536 1705217 3244283 0229671 1546774 1550100 0009458 0439536 1705217 3244283 0242295 1947943 2348609 0023825 0023823 0442811 0023820 0178587 0205251 0442824 1299352 1524062 1550472 1955160 1300565 1637390 0439267
 0009458 0439536 1705217 3244283 0392747 0443172 0033727 0369286 0441932 0564385 1720092 1948045
 0003595 0523511 1412481 0684224 0700287 3496591 0150312 0449450 0332282
 0009458 0162867 1254021 1516695 1516698 1883712 0179834 1883351 0007634 3282337
 0872351 1548982 1720830 1823521 0700308 0033727 0369286 0441932 0564385 1439852 0439526 1414499 0332256 2700400 0019215 0038880 0071513 0085732 1299581 0030685 0391871 0439180 0680255 1283071 1963578 0003595 0523511 1412481 0699040 0007634 0205148 0332297 1145667 1167622 1269647 1689898 1704653 1948049 2349209 0003595 0523511 1412481 0009458 0439536 1705217 3244283 1882443 2828366 1719918 0007703 0456692 0702093
 0441436 0993610 1998480 1548982 0040223 1632851 0006353
 0003595 0523511 1412481 0007634 0185115 3282337 3541890 0332282 0015252 0728940 1524063 0006353 0596019 1882074 0020283 0450407 0450408 0450409 0332256 2700400 0037494 1959973 0013618 0068941 0068940 0439509 0031493 0016327 0064858
 0370003 2347026 0071500 0017243 0071499 0439182 0812409 0013855 0332256 2700400 0037506 0074769 0058632 0037473 0038720 0475337 0597484 3536965 1552738 0439509 0033684 0348011 0030351 1547566 0332293 0003595 0020960 0086418 0523511 1412481 1522326 2827734 2981698 0079240 1948037 0034493 0442818 0031831 0033727 0369286 0441932 0564385 0597277 1707664 1708601 1999230 2348314 3540849 0021622
 0020985 0003242 1979003 0003241 0021027 0027627 0034493 0175668 0205436 0324145 1439852 0019941 0027021 0031179 0330510 0522529 0939835 1110641 1318719 2827734 2981698 0079240 1948037 0683758
 0441648 0849355 1883720 3244314 0003241 0021027 0442726 1511790 1524063 0683758 0302828 1442085 3263700
 1709793 0332297 1145667 1167622 1689898 2349209 0007634 1327616 3282337 0011321 0034606 0441633 0183115 1710020 1826357 0544357 1532459 0032105 0052199 0086418 0205134 1442989 1527178 1550098 1705938 1998793 2828392 0052201 2984964
 1414499 0332256 2700400 0007452 0015965 0229671 0521457 1140701 1546774 1550100 0052009 1300565 0439526
 0332173 0439228 0439505 0681814 1706386 1548602 1704686 0007634 3282337 0200940 0699799 0005971 1139930 1414499 3537155 0007452 0015965 0229671 0521457 1140701 1546774 1550100
 0007634 3282337 0683607 1883351 0032167 0231441 1139930 0011744 0033727 0369286 0441932 0564385 1883708 0010454 0009458 0010453 0220814 0430400 0439536 1705217 2242979 3244283 0009458 0392747 0439536 0441960 0443172 1705217 3244283 0023820 0086045 0442808
 0033727 0369286 0441932 0564385 0009458 0162867 1254021 0009458 0439536 0445247 0559956 1299987 1705217 3244283 0023820 0033727 0369286 0441932 0549178 0564385 1524062
 0023820 0007806 0007807 0009458 0439536 0441960 1705217 3244283 1883712 0007634 3282337
 0007634 3282337 1414499 1548982 0332256 2700400 0036774 0036773 0728877 0001924 0007452 0229671 1140701 1546774 1550100 0700308 0033727 0369286 0441932 0564385 2986582 1524062 3641135 1552738 0017814 0231441 0443218 2827483 0560268 2349105
 0027882 1302285 0016315 1513371 1705738 2347637 2348146 1704254 1704922 3542466 0449913 1553451 1704459 1540289 2698590 1704254 1704922 3542466 1704254 1704922 3542466 0039152 0449913 1553451 1704459 1704254 1704922 3542466 3541314
 1704254 1704922 3542466 1880022 0009219 0805701 0439828 0444706 3541902 2827734 2981698 0237753 0449788 0887879 0699040 1325523 0007634 0016538 0033363 0205148 0348018 1269647 1704653 1704788 1948049 3539106 2825407 1301886 0027882
 0740116 2827735 2981700 0205384 0449956 1830425 0237753 0449788 0085103
 0439086 2827736 2981702 0231448 1880641 1444754 1706316 0449770 0599444 2752549 0203910 1305852 0007634 0242821 0444706 0460148 1268086 1269647 1704653 1948049 3541902
 0681814 1706386 0085103 0444706 3541902 1274040 1546471 2825142 0444504 0449450 2347634 2348143
 0947630 1280500 2348382 0243077 1149323 0243122 1145667 1167622 1416912 0597357 0033684 0007634 3282337 0700308 0033727 0369286 0441932 0564385 1439852 0009458 0439536 1705217 3244283 0332256 2700400 0086045 0008173 1154250 0062507 0332281 0597357 0033684
 1883708 0023825 0023823 0442811 0023820 0178587 0205251 0442824 1299352 1550472 1524062 0033727 0369286 0439175 0439810 0441932 0549178 0564385
 0034760 0023825 0023823 0442811 0023820 0178587 0205251 0442824 1299352 1550472 1524062 2986904 0033727 0369286 0441932 0564385
 0009458 0162867 1254021 0023825 0023823 0442811 0023820 0178587 0205251 0442824 1299352 1515981 1550472 0033727 0369286 0441932 0559956 0564385 1299987
 0004083 0439849 0596306 0699792 0243125 0699900 0033727 0369286 0441932 0564385 0020498 0205171 0439044 0679994
 0023825 0023823 0442811 0023820 0178587 0205251 0442824 1299352 1550472 0060916 0086376 1300565 1637390 0439267 1524062 0033727 0369286 0441932 0549178 0564385
 0009458 0439536 1705217 3244283 0040900 1157973 0001128 0023820 0202406 0243125 0699900 0936012 1514468 1749467 1948047 1552738 0007634 3282337 0020746 0442504 1704765 1882509 3496241 1548982 1720830 1823521 0332256 2700400 0036774 0036773 0728877 0001924 0007452 0229671 1140701 1546774 1550100 1549535
 0004083 0439849 0596306 0699792 0007634 0034553 0178539 0444706 0449770 1524063 0677601 1705206 0017011 1552644 2349976 0348000 0004083 0439849 0596306 0699792 1708632 0007634 3282337 0033727 0369286 0441932 0564385 0020498 0009458 0439536 1705217 3244283
 0023825 0023823 0442811 0023820 0178587 0205251 0442824 1299352 1550472 1708632 0060916 0086376 1300565 1637390 0439267 1521827 1552738 1524062 0033727 0369286 0441932 0549178 0564385
 0007634 3282337 1548982 1720830 1823521 0070066 0231441 0443218 2827483 0560268 2349105
 0243144 0347980 0023825 0023823 0442811 0023820 0178587 0205251 0442824 1299352 1550472 1708632 0026022 0016315 0026018 0234621
 1883351 1265611 0007634 3282337 0444930 2746065 0007634 3282337 0184933 0444082 1524063 1510844
 0007634 0185115 0441436 0993610 1269647 1512080 1704653 1948049 1998480 2827485 3541890 0001963 0936012 1524063 0312860 0233929 0312860 2349995 0038137 0175675 0001963 1273517 1709793
 0004083 0439849 0596306 0699792 1537525 1524063 0053915 0034760 0239971 1552738 1883708 0230704 0023779 0597177 1439852 0700308 0033727 0369286 0441932 0564385
 0370003 2347026 0008550 1979893 1185738 1706132 0331955 1418486 0013618 1720830 1823521 2826285 0806140 0871208 1521828 0439445 0702093
 1264633 1516695 1516698 0008377 0936012 0041004 0423896 0456205 0444706 0677601 1705206 3541902 0348000 0936012 1524063 1709451 0022885 0039593 0392366
 1274040 1546471 2825142 0441889 0009458 0439536 1327616 1705217 3244283 0699040 0007634 0205148 0332297 1145667 1167622 1269647 1689898 1704653 1948049 2349209 0052199 0052201 2984964 0949466 0005863 0002778 0936012 1516048 1524024 1705493 0011321
 0007634 3282337 1327616 0439272 0033727 0369286 0441932 0564385
 0052199 0007634 3282337 1265611 0699040 0007634 0205148 0332297 1145667 1167622 1269647 1689898 1704653 1948049 2349209 1514721 2348147 3542016 0439269 1960952 2346927 0007634 0033684 1269647 1704653 1948049
 0423896 0456205 0007600 0007634 0205132 1269647 1704653 1948049 0439272
 1265611 0439272 0439269 1960952 2346927 0007600 0007634 0052201 0205132 0205397 1269647 1704653 1948049 2984964
 0023825 0023823 0442811 0162339 0023820 0178587 0205251 0442824 1299352 1550472 1518422 1280500 2348382 1327616 0205148 0332297 1145667 1167622 1689898 2349209 0150312 0449450 0007634 3282337
 0681814 0007600 0007634 0205132 1269647 1704653 1948049 1327616 1265611 0009013 1522642 0439272 0439269 1960952 2346927 0052201 2984964 0009013 1522642 0439272 0439269 1960952 2346927 1273517 1883351 1753129 0018270 0220844 1621966 2911660
 0007634 3282337 0009458 0439536 0441960 1705217 3244283 0023825 0023823 0442811 0023820 0178587 0205251 0442824 1299352 1550472 1705241 1705242 0052199 0007634 3282337
 0009458 0439536 1705217 3244283 0023825 0023823 0442811 0023820 0178587 0205251 0332256 0442824 1299352 1550472 2700400 0449774 0522501 1705242 1274040 1546471 2825142 0085103 0007634 3282337
 0007634 3282337 0023825 0023823 0442811 0023820 0178587 0205251 0442824 1299352 1439852 1550472 0085103 0450344 1553633 0007634 0052201 1327616 2984964 3282337 3158384 0085103 1260953 0450345
 0052199 0052201 2984964 0205384 0006556 0033727 0369286 0441932 0564385 0009458 0439536 1705217 3244283 0023825 0023823 0442811 0023820 0178587 0205251 0332256 0442824 1299352 1550472 2700400 1955160 1300565 1637390 0439267
 1705241 1705242 0332197 1689985 0392148 0444706 0449770 0237753 0449788 0007634 1269647 1704653 1948049 0205384 0231448 1880641 0349966 1337208
 0042295 0033727 0369286 0441932 0564385 1439852 0009458 0439536 1705217 3244283 0023825 0023823 0442811 0023820 0178587 0205251 0442824 1299352 1550472 0036849 1442518 1705195
 0185117 0052201 2984964 1518422 0237753 0449788 0205384 0231448 1880641 0007634 3282337 0009458 0439536 0441960 1705217 3244283 0332197 1689985 0023820 0349966 1337208
 0349966 1337208 1547282 0023825 0023823 0442811 0023820 0178587 0205251 0442824 1299352 1550472 0442805 1274040 1546471 2825142 0237753 0449788 0027882 0007634 0243148 1550141 1882979 2587213 3274648 3282337 0007634 1515981 3282337 1327616 0052199 0023826 0023825 0023824 0023823 0442811 1955160 0029053 0860920 1300565 1637390 3276464 0065055 0008377 0023820 0178587 0205217 0205251 0439267 0439509 0439526 0442805 0442824 1299352 1550472 1291138 0007634 0052199 1327616 1707455 3282337 0009458 0439536 1705217 3244283
 0018563 1281583 1552914 0392148 0023821 0151691 0023825 0023823 0442804 0442811 0023820 0178587 0205251 0442824 1299352 1550472 0007634 3282337 1327616 0052201 2984964 1547282 0301630 0392756 0441610 0007634 0052201 1327616 1707455 2984964 3282337 0009458 0439536 1705217 3244283
 0023825 0023823 0442811 0162339 0023820 0178587 0205251 0442824 1299352 1550472 0205384 0231448 1880641 0229579 1553033 0007634 1515981 3282337 1883351 0052199 0052201 2984964
 0007634 3282337 0009013 0052199 1522642 0009013 0052201 1522642 2984964 0033727 0369286 0441932 0564385 1439852 0205171 0439044 0679994 0023825 0023823 0442811 0023820 0178587 0205251 0442824 1299352 1550472
 0009458 0162867 1254021 0033727 0369286 0392747 0441932 0443172 0564385
 0007634 3282337 2986582 0231441 0443218 2827483 0449381 0444706 3541902
 1511726 1552961 2347617 0007634 0242485 1301820 3282337 0085103
 1511726 3245479 0439165 0449450 1522609 1549488 1561533 0007634 0243148 1301820 1550141 1882979 2587213 3274648 3282337 0205171 0439044 0679994
 1511726 3245479 0444504 2347634 2348143
 0042295 0007634 0243148 1301820 1550141 1882979 2587213 3274648 3282337 0009458 0205171 0439044 0439536 0441960 0679994 1439852 1705217 3244283 0332283 1719822 0007634 1269647 1704653 1948049 0439086 2827736 2981702
 0205384 0085103 0740116 2827735 2981700
 1444754 1706316 0369637 0441923
 1441506 0441889 0456079 1547707 2946261 0237881 0750502 1280500 2348382 0023825 0023823 0442811 0023820 0178587 0205251 0442824 1299352 1550472 1274040 1546471 2825142 1511726 1707455 3245479 0007634 0445247 1301820 3282337 0023825 0023823 0442811 0023820 0178587 0205251 0442824 1299352 1550472 0683454 0021966 0221138 0009458 0205171 0439044 0439536 0441960 0679994 1705217 3244283
 0369773 2603361
 0450300 0369773 2603361 0369773 2603361 1552738 0017070 1761610 0205955 0228071 1186181 0007634 0017067 0040452 0205095 0242726 1258666 1318154 1705917 3282337 0450348 0023825 0023823 0442811 0023820 0178587 0205251 0442824 1299352 1550472 0205171 0439044 0679994 0085103 0205217 0205384 0442805 1274040 1546471 2825142
 0349966 0450354 1337208 1706096 1547282 0023825 0023823 0442811 0023820 0178587 0205251 0442824 1299352 1550472 0007634 3282337 0237881 0442805 0750502 1546944 1274040 1546471 2825142 0205384
 1883712 0023822 1522133 0023826 0023824 0860920 0065055 0008377 0023821 0007634 3282337 0870432 0205384 0009458 0205171 0439044 0439536 0441960 0679994 1705217 3244283
 1979874 0007634 3282337 1883351 1547282 0205384 0023825 0023823 0442811 0023820 0178587 0205251 0442824 1299352 1439852 1550472
 0392756 0547047 1518422 2584321 0237881 1709380 0038215 0750502
 0231448 1880641 0007634 0205217 0442805 3282337 1327616 0052199 0023825 0148335 0023823 0023821 0151691 0442811 0442804 0023820 0086045 0178587 0205251 0442824 1299352 1439852 1522410 1550472
 1979874 0007634 3282337 0231448 1880641 0442824 1260953 0023825 0023823 0442811 0023820 0086045 0178587 0442824 1446561 1708760 1273517
 1274040 1546471 2825142 0349966 1337208 1552738 0007634 1527178 1705938 1707455 3282337 1518422 1515187 1551359 2741673 2981730 0007634 3282337
 0007634 0332232 3282337 0231448 0887879 0699040 1325523 0007634 0016538 0033363 0205148 0348018 1269647 1704653 1704788 1948049 3539106 2825407 1301886
 0349966 1337208 1547282 0750489 0023825 0023823 0442811 0023820 0178587 0205251 0392148 0442824 1299352 1550472 0007584 0237753 0449788 0085103 0205217 0442805 0439175 0439810 0522501
 0018563 1281583 1552914 0007584 0237753 0449788 0231448 0392756 0243148 1550141 1707455 1882979 2587213 3274648 0007634 3282337
 0007634 3282337 0023825 0023823 0442811 0023820 0178587 0205251 0442824 1299352 1439852 1550472 0205171 1518422 1720467 0231448 1547282 0442805 0085103
 0007634 3282337 0023825 0023823 0442811 0023820 0178587 0205251 0392148 0442824 1299352 1550472 1547282 0085103 1282927 1806781 2350002
 0023825 0023823 0442811 0023820 0178587 0205251 0442824 1299352 1550472 0162339 0085103
 0007634 3282337 1439852 0349966 1337208 1552738
 0440042 1521738 2346620 2349184 3539073 1707391 0439165 1549488 1561533 0870432 0085103 0444706 3541902
 1511726 3245479 1704970 0205173 0884358 3539942
 0439165 1549488 1561533 0085103 0332283 1719822 0007634 0243148 1550141 1882979 2587213 3274648 3282337 0243148 1550141 1882979 2587213 3274648
 0007634 3282337 0052199
 0007634 3282337 0052201 2984964
 0369773 2603361 0243148 1550141 1882979 2587213 3274648 0369773 2603361 0243148 1550141 1882979 2587213 3274648 1883351 0218063 0023825 0023823 0442811 0023820 0178587 0205251 0442824 1299352 1550472 0052199 0007634 3282337 0678226 0205419 1518422 1522642 1704387 3146286 1705241 1705242 0036536 0036537 0423896 0456205 0007600 0007634 0205132 1269647 1704653 1948049 0681814 0884358 0007600 0007634 0205132 1269647 1704653 1948049 1327616 0052199 0052201 2984964
 0023825 0023823 0442811 0023820 0178587 0205251 0442824 1299352 1550472 0052199 0443199 1280500 1705242 1274040 1546471 0052201 2984964
 0023825 0023823 0442811 0023820 0178587 0205251 0442824 1299352 1550472 0007634 0052201 0444868 1327616 2984964 3282337 3539085 1547282 0301630 0392756 0441610 0205384 0231448 1880641 0007634 3282337 0870432 0237753 0449788 0205384 0231448 1880641 0007634 1707455 3282337 0009458 0332268 0439536 0441960 1705217 3244283 0449416 1705919
 1883351 0052201 2984964 0028778 0332206 1533157 1706084 2828370 0231448 1880641 0205263 0332523 2825977 0007634 3282337 0033727 0369286 0441932 0564385 1439852 0009458 0205171 0439044 0439536 0441960 0679994 1705217 3244283 3158384 0085103
 0009458 0439536 1705217 3244283 0392747 0443172 0007634 3282337 1439852 1524062 0033727 0369286 0441932 0564385 0023825 0023823 0442811 0023820 0178587 0205251 0332256 0442824 1299352 1550472 2700400 1955160 0439267 0439526
 0023825 0023823 0442811 0023820 0178587 0205251 0442824 1299352 1550472 1518422 0392756 0547047 0231448 1880641 0007634 1707455 3282337 0009458 0205171 0439044 0439536 0441960 0679994 1439852 1705217 3244283 1511726 3245479 1518422 1547282
 0700364 0052201 2984964 0018790 0237477 0392351 0521111 0231448 1880641 1518422 0015127 1524003 0332523 2825977 0231448 0231449 0439792
 0023820 1273517 1883351 0003595 0523511 1412481 0023825 0023823 0442811 0023820 0178587 0205251 0442824 1299352 1550472
 0007634 3282337 0023820 0699759 1280500 2348205 1274040 1546471 0231448 1880641 0023825 0023823 0442811 0023820 0178587 0205251 0442824 1299352 1301820 1550472 0029053 1291138
 1547282 0007634 3282337 1327616 0052199 0523560 1439852 1547282 0442805 0427850 0007634 3282337 1547282 0021467 0021469 1628982 3463820
 0681814 0023823 0023820 0178587 0205251 1299352 1550472 0008377 0204695 0205263 2987508 0023820 0439086 2827736 2981702 1273517
 0052199 0007634 3282337 1518422 0023823 0023820 0178587 0205251 1299352 1550472 1955160 0086706 1300565 1637390 0439267 1705241 1705242 0007634 0243148 1550141 1707455 1882979 2587213 3274648 3282337 0009458 0205171 0439044 0439536 0441960 0679994 1705217 3244283 1511726 3245479 1518422 1547282
 0018563 1281583 1552914 1327616 0007634 3282337 0205171 1720467 1274040 1546471 2825142 0301630 0392756 0441610 0442805 0007634 0243148 1550141 1882979 2587213 3274648 3282337 0007634 3282337 0439083 0439087 1522609 0009458 0439536 0441960 1301820 1705217 3244283 0007634 3282337 1522609 0009458 0439536 0441960 1301820 1705217 3244283
 0023828 0014020 1273517 1516084 0332307 1547052 0003595 0011209 0523511 0559563 1412481 1514873 1705822
 0014020 0259862 0205171 0439044 0679994 0012456 0008377 0439855 1704241 0052199 1439852 0007634 3282337 0086045 0439267 0031676 0202177 1300565 1637390 0439267 0086045 0600688 1407029
 0947630 1301751 1280500 2348382 0007634 3282337 1511726 3245479 1518422 1547282
 1547282 1704241 0086597 1323371 2753408 0062151 0151691 0023821 0597358 1149323 0205250 0243122 1145667 1167622 1299351 1510827 2700149 0018563 1281583 1552914 0230704 0597177 0052199 0041004 0031676 0202177 0332256 2700400 0597177 0312860 0015127 1524003 1627358 2349975 0007634 3282337 0332281 0021467 0021469 1628982 3463820 0007634 3282337
 0453882 0030608 0456389 0597177 1514873 1883351 0449265 1280500
 0543488 1883351 1316572 1317574 1369612 0011209 0559563 1705822 0007634 3282337 1518422 0700364 1883351 0443199 1280500 1514873 1705242 2348382
 0947630 1524063 0023820 1705535 0023820 0086597 1280500 0052201 2984964
 0349966 1337208 1547282 1883712 0007806 0007807 0005889 0205409 0302908 0444611 1548221 1704353 0439267 2699156 0439526 0015127 1524003 0021467 0021469 1628982 3463820 0007634 3282337 0442805 0007634 3282337
 0023820 0007806 0007807 0065055 1955160 0065058 0125953 1096202 1300565 1637390 0008377 0023820 0086045 0439267 0439509 0439526 1273517 1446561 1524063 1280500 2348382 2348205 1301820 0023825 0023823 0442811 0023820 0178587 0205251 0442824 1299352 1524063 1550472 0086045 1446561
 1280500 2348382 0231448 1880641 0007634 3282337 1883351 0052199 0052201 2984964
 0007634 3282337 0023825 0023823 0442811 0023820 0178587 0205251 0442824 1299352 1439852 1550472 0023820 0439267 0439526 1552738 2729544 0349966 1337208
 1511726 1552961 2347617 1882932 0242485
 1511726 3245479 0444504 0684224 0700287 2347634 2348143 3496591
 1441506 1441672 0884358 1552738 2729544 0349966 1337208
 0369773 2603361 0369773 2603361 0023820 0439267 0439526 0033684 0936012 0423896 0456205 0486616 1555710
 0456603 1547037 0033684 0332232 2827734 2981698 2348205 0007806 0007807 0005889 0012984 0302908 0444611 0684224 0700287 1280551 1704353 3496591 0439086 2827736 2981702 0023820 0439267 0439526 0332256 2700400 0003595 0523511 1412481 0085201 0003592 0021966 0221138 0600209 0013862 0037506 0058632 0071500 0596607 0074769 0056270 0054051 0056269 0234621 0487602 1260957 1704680
 1274040 1546471 2825142 2348205 0086418 0023820 0439086 2827736 2981702 0085732 1145667 1167622 0023825 0023823 0442811 0023820 0178587 0205251 0442824 1299352 1550472 0332128 1883351 1705241 1705242 0052199 0007634 3282337 0678226 0052199 0085732 1327616 1705242 3146286 0052201 2984964 0011209 0559563 1705822 0443602 0023779
 0947630 0023825 0023823 0442811 0023820 0178587 0205251 0442824 1299352 1550472 1273517 1883351 0243122 1145667 1167622 0243144 0347980 1157973 0243125 0699900 0007634 3282337
 1265611 0332297 1145667 1167622 1689898 2349209 0023825 0023823 0442811 0023820 0178587 0205251 0442824 1299352 1550472 2348205 0007634 3282337 0441994 1548802 2003888 0003595 0007634 0205397 0243148 0523511 1412481 1518422 1550141 1882979 2587213 3274648 3282337
 1157973 0243125 0699900 0052199 0007634 3282337 2348205
 0700321 0237881 0023825 0023823 0442811 1157973 0021966 0023820 0178587 0205251 0221138 0243125 0392756 0442824 0547047 0699900 1299352 1550472 0007634 3282337 0003595 0007634 0243148 0523511 1412481 1518422 1550141 1707455 1882979 2587213 3274648 3282337
 0681814 1706386 0007634 3282337 1439852 0023825 0023823 0442811 0023820 0178587 0205251 0442824 1299352 1550472 1708632 0871786 0052199 0007634 3282337
 0332282 0871786 0024369 0184047 0522510 0205351 1881707 0947630 1705241 1705242 0023825 0023823 0442811 0023820 0178587 0205251 0442824 1299352 1550472 1708632 0052199 1441672 0007634 3282337
 0185115 0684295 1709793 0007634 3282337 1439852 0023825 0023823 0442811 0023820 0178587 0205251 0442824 1299352 1550472 1708632 1955160 1300565 1637390 0439267 0033727 0369286 0441932 0564385 0521093 0750484 0596764 1998467 0243144 0347980 0023825 0023823 0442811 0023820 0178587 0205251 0442824 1299352 1550472 1708632 2348205 0007634 3282337
 0007634 0243148 1550141 1882979 2587213 3274648 3282337 0439272 0007634 0033684 1269647 1704653 1948049 0052199 0007634 3282337 0439272 0007634 0033684 1269647 1704653 1948049
 1883351 0003595 0523511 1412481 0230704 0023779 0597177 1145667 1167622 0150312 0449450 0007634 1327616 3282337 1439852 0052199 0052201 2984964 0523560 0052199 0003595 0523511 1412481 0023826 0023824 0860920 0065055 0008377 0439267 0523560 0041004 1979893 0599209
 0003595 0332232 0523511 1412481 0023825 0023823 0332281 0442811 0023820 0178587 0205251 0442824 1299352 1550472 0523560 0052199
 1705241 1705242 0052201 2984964 0332281 0230704 0023779 0597177
 1883351 0597357 1314939 0086597 1280500 0052201 2984964 1273517 0243077 0028778 0332206 1533157 1706084 2828370 0243122 1145667 1167622 0871786 1704259 1705987 0034821 1366529 0023823 0065059 0599283 0023820 0178587 0205251 0597357 1299352 1518422 1550472 1704259 1705987 1280500 2348382
 0023825 0023823 0442811 0023820 0178587 0205251 0442824 1299352 1550472 0007634 3282337 0700308 0033727 0369286 0441932 0564385 0062507 2945590 0439526 0008173 1154250 0597357 0033684 0332281 1300565 0439526 0022942 1416933 1300565 0439526
 1149323 0243122 1145667 1167622 1416912 0597357 0033684 1621790 1148608 1624592 1523843 1621789 0243122 1145667 1167622
 0062507 0008173 1154250 0597538 0028778 0332206 1533157 1149323 0023820 0243122 1145667 1167622 0062503 1419892 0019143 0033692 0038720 0475337 2327880 3536965 1416912 0597357 0033684 0597357 0033684 0332281 0028778 0332206 1533157 1706084 2828370 1149323 0243122 1145667 1167622 1416912 0597357 0033684
 0034760 0444868 3539085 1547282 1883351 0018790 0237477 0392351 0521111 0243144 0347980 0023825 0023823 0442811 0023820 0178587 0205251 0359583 0442824 1299352 1550472 1416912 0597357 0033684 0023825 0023170 0023823 0442811 0023820 0178587 0205251 0349966 0442824 1299352 1337208 1550472 1547282 0205171 0439044 0679994 1948023 3158384
 1292856 1948023 0023825 0023823 0442811 0023820 0178587 0205251 0442824 1299352 1550472 1517331 0007634 0052199 2349975 3282337 0522501 0007634 0052201 0311403 1327616 2984964 3282337
 1883712 0062507 0597357 0033684 0332281 1518422 0028778 0332206 1533157 1706084 2828370 0023825 0023823 0442811 0023820 0178587 0205251 0442824 1299352 1550472 0007634 0243148 1550141 1882979 2587213 3274648 3282337 0007634 3282337 1518422 0003595 0523511 1412481 1705535 0023825 0023823 0442811 0023820 0178587 0205251 0442824 1299352 1550472 0205171 0439044 0679994 0034821 1366529 0023823 0065059 0599283 0023820 0086597 0127400 0178587 0205251 0597357 1299352 1550472
 0034760 0028778 0332206 2983591 1280500 1327616 0003595 0523511 1412481
 0008173 1154250 0039798 0087111 1522326 1533734 1705169 3538994 1883712 0309872 1292856 1948023 0007634 3282337 0023825 0023823 0442811 0023820 0178587 0205251 0442824 1299352 1439852 1550472 0205216 0392756 0442797 0231448 1880641 0023825 0007634 3282337 1327616 0052199
 0008173 1154250 0062507 0597357 0033684 0332281 0028778 0332206 2983591 0021467 0021469 1628982 3463820 0007634 0052201 0205397 2984964 3282337 0427850 0007634 3282337 0162339 1518422 0021467 0021469 1628982 3463820 1547282 0231448 1880641
 0392148 0062507 0008173 1154250 0597357 0033684 0332281 0007634 3282337 3158384 0085103 2348205 1441672 0023825 0023823 0442811 0023820 0178587 0205251 0442824 1299352 1550472 1720477 1948054 0007634 0243148 1524062 1550141 1882979 2587213 3274648 3282337 0332197 1689985 0003595 0523511 1412481
 0392148 0034760 0023823 0442811 0023825 0023820 0442824 1518422 0028778 0332206 2983591
 0022942 1416933 0028778 0332206 2983591 1280500 0052201 2984964
 0750482 1260953 0023825 0023823 0442811 0023820 0178587 0205251 0442824 1299352 1550472 0007634 0243148 1550141 1882979 2587213 3274648 3282337
 1511726 3245479 1547282 0021467 0021469 1628982 3463820 0023825 0023823 0442811 0023820 0178587 0205251 0442824 1299352 1550472 1704259 1705987 0309872 1292733 1280500 0052201 2984964
 0557061 2584313 1547282 0052199 0052201 2984964 1280500 2348382 0027882 0017070 1761610 0007585 0007634 3282337 1524062 0007634 3282337 0023825 0023823 0442811 0023820 0178587 0205251 0442824 1299352 1550472 0450348 0007634 1707455 3282337 0023825 0023823 0332293 0442811 0162339 0007634 0023820 0178587 0205171 0205251 0439044 0442824 0679994 1299352 1522326 1550472 3282337 0023825 0023823 0442811 0023820 0178587 0205251 0442824 1299352 1439852 1550472 0052199 0205384 0231448 1880641 0007634 3282337 0052201 1439852 2984964 0023825 0023823 0442811 0023820 0178587 0205251 0442824 1299352 1515981 1550472 1547282 0392756 0547047 0231448 1880641 0947630 0023825 0023823 0442811 0023820 0178587 0205251 0392148 0442824 1299352 1550472 0523560 0023820 0007806 0007807 0014020 0041004 0031676 0202177 0220781 1883254 0036536 0036537 0052201 2984964 1280500
 0007634 3282337 1327616 1265611 0052201 2984964 1705417 0449774 0023820 0332197 1439852 1689985
 1883712 0023882 0700321 2700395 0009458 0439536 1705217 3244283 1300565 1637390 0439267 0015127 1524003 1705241 1705242 0205384 0007634 3282337
 0205384 0231448 1880641 0007634 0052199 0205217 0442805 3282337 1184743 1522240 0442824 0007634 0052201 0311403 2984964 3282337
 1280500 2348382 0678226 0205419 1518422 1522642 1704387 3146286 1274040 1546471 2825142 1301820 1524063 0205132 1327616 0441889
 1280500 2348382 0007634 3282337 0851827 1701901 3244310 0589507 1158830 1704686 1753129 0220781 0439634 1522492 0023825 0023823 0442811 0023820 0178587 0205251 0442824 1299352 1550472 1711239 0007634 0052201 1327616 1524062 2984964 3282337 0085103 0205431 1518422 0085103 0332523 1274040 1546471 2825142 2825977
 1547282 1883712 0023825 0023823 0442811 0023820 0178587 0205251 0442824 1299352 1550472 0523560 0023820 0007806 0007807 0014020 0052199 0007634 3282337 3158384 0085103 1709305 2745955
 1704259 1705987 0035820 1705810 1883351 0449475 1327616 0003595 0523511 1412481 2827734 2981698 1547282 0003595 0523511 1412481 0007634 1327616 3282337 0023820 0009458 0439536 1705217 3244283
 1883712 0003595 0523511 1412481 0062503 1419892 0019143 0699040 0007634 0033692 0038720 0205148 0475337 1269647 1704653 1948049 2327880 3536965 0238767 1706086 1184743 1522240 0086597 0023820 0243144 0347980 1416912 0597357 0087044 0103404 0033684 1511726 3245479 1704259 1705987 0052201 2984964
 1511726 3245479 0332290 1883712 0003242 0034805 1445860 0003241 0021027 1416912 0028778 0332206 2983591 1280500 2348382 0231448 1880641 0178708 1145640 0027882 0682701 0007600 0814990 0007634 0205132 0521390 1269647 1550648 1552960 1704653 1948049 0010453 0220814 0430400 2242979
 1511726 3245479 0183683 1521721 0035820 1705810 0086597 0023825 0023823 0442811 0023820 0178587 0205251 0442824 1299352 1550472 0205171 0439044 0679994
 0078394 1152819 0597357 1145667 1167622 0023820 1314939 0086597 0243144 0347980 1518422 0007634 0150312 0449450 3282337
 1547282 0023820 1145667 1167622 0062503 1419892 0019143 0699040 0007634 0033692 0038720 0205148 0205265 0475337 1269647 1704653 1948049 2327880 3536965 1883708 1416912 0065059 0597357 0023820 0033684 0348011 0439849 0445223 0871786 0439855 1704241 0007634 3282337 2827734 2981698 0003595 0523511 1412481 1621296 0023688 0332257 1416912 0597357 0033684
 0042444 0348005 0023825 0023823 0442811 0023820 0178587 0205251 0442824 1299352 1550472 0523560 0023820 0007806 0007807 0014020 2698977 0003595 0359583 0523511 1412481 1514873 1883351 1521840 2986546 0052199 0052201 2984964 0003595 0443199 0523511 0597298 0683607 1280500 1412481 1705242
 0597298 1708320 0007634 3282337 0052199 0035820 1705810 0052201 2984964 0035820 1705810 3158384 0085103
 0205132 1705535 1280500 3158384 0085103 0175668 0027627 0205436 0010853 1748451 0443264 1706853 1879748 2362652
 0007634 3282337 1883712 0026046 0205170 0205431 1274040 1546471 2346714 2825142 3146287 0392148 0231448 1880641 0007634 3282337 0052201 1439852 2984964 0023825 0023823 0442811 0023820 0178587 0205251 0442824 1299352 1515981 1550472 0332256 2700400 0041348 2937342 3158384 0085103 0221099 0684336 0681828 0205474 0947630 1547282 0052199 0332281 0033684 0024779 1706473 0052201 2984964 1518422 0052199 0085732 0024779 1706473 0184512 0026046
 0302523 0700325 3244290 1705535 0052199 0052201 2984964 0450382 0441712 1706376 0052201 2984964 0001721 3158384 0085103 1522634 0439851 1947931 1280500 2348382 0010853 1748451
 1280500 2348382 0003595 0523511 1412481 0870509 1880554 0034850 1522196 0010834
 1705535 0003595 0523511 1412481 0010834 1709305 2745955 0052199 0052201 2984964 1280500 2348382 1710082 0205177 0392747 0439167 0441655 0443172 1561536 1705241 0183683 1521721 1260953 0231448 1880641
 1709305 2745955 0332282 0871786 0037083 0441471 0443199 1705242 3537152 3541888 0052199 0205263 0052201 2984964 0332282 0243122 1145667 1167622 0699040 0205148
 0459471 3173575
 0023825 0023823 0442811 0023820 0178587 0205251 0442824 1299352 1550472 0523560 0052199 0392148 0052201 2984964 1947971 1280500 2348382 0947630 1515981 0684224 0700287 3496591 0450348 1518422 0927232 1269563 0027763 0422837 1269560 0027769 0205099 0449913 0599851 1553451 1704459 1709305 1879652 2745955
 0007806 0007807 0005889 0302908 0444611 1704353 0332256 2700400
 1547282 0086418 0007806 0007807 0005889 0302908 0444611 1704353 0332256 2700400 0032659 1257890 0332256 2700400 0003595 0523511 1412481 0085201 0003592 0021966 0221138 0439086 2827736 2981702 0052207 2348205 0869040 0947630 1273517 0085732 1299581 0086597 1280500 2348382 3158384 0085103
 1883712 1280500 2348382
 0023820 0007806 0007807 0042444 0011209 0559563 1705822 0052199 0052201 2984964
 2825232 0043227 0449719 1521721 1709471 1955970 0027468 0018684 0021622 3245503 1514476 1074110 1955974 0027468 0018684 0021622 3245503
 0010186 0220812 0449719 1709471 0220808 0680264 0007961
 1706852 0522501 1706089 0949214
 0205155 1293097 1522472 1552923 1705191
 0376649 1442065 0036397 0041740 0022277
 0282413 0376649 1442065 0007222 0007226 0012634 0369773 2603361
 0439114
 0179400 1533124 0036152 1826357
 0254343 0796520 3272379

 0085205 1549619 1880669
 0000723 1273517 0003591 0003591
 0002395 1521724 0012634
 0023825 0023823 0442811 0023820 0178587 0205251 0442824 1299352 1550472 0232902 0023825 0023823 0442811 0023820 0178587 0205251 0442824 1299352 1550472
 0007806 0007807 0005889 0302908 0444611 1704353 0007806 0007807 0005889 0302908 0444611 1704353
 0023823 0023820 0178587 0205251 1299352 1550472 0023823 0023820 0178587 0205251 1299352 1550472
 1416912 0597357 0033684 0034821 1366529 1416912 0242972 0748025 0023823 0597357 0065059 0023820 0033684 0178587 0205251 0439849 0445223 1299352 1550472
 0017070 1761610 0205955 1186181 0017067 0040452 0205095 0242726 1258666 1318154 1705917 0017070 1761610 0205955 1186181 0017067 0040452 0205095 0242726 1258666 1318154 1705917
 0523560 0023825 0023823 0442811 0023820 0178587 0205251 0442824 1299352 1550472
 0062503 1419892 0019143 0033692 0038720 0475337 2327880 3536965 0062508 0033692
 0009458 0325564 0392747 0439536 1551720 1705217 3244283
 1414499 0117953 0016327 0439133 1553038
 0007452 0015965 0229671 0521457 1140701 1546774 1550100 0007452 0015965 0229671 0521457 1140701 1546774 1550100
 0012456 0012456
 1720830 1823521 0991865 0006353 0031603 0031701 0036082 1601799
 2827734 2981698 2827734 2981698 0439086 2827736 2981702 0439086 2827736 2981702
 0023821 0023820 0178587 0205250 1299351 2700149
 0597357 0033684 0332281 0597357 0033684 0332281
 0205384
 0369773 2603361
 2603362
 0205090 0684010 2603358

 0205090 0684010 2603358

 1274040 1546471 2825142
 2986676
 0006556 0052201 2984964
 0031831 1707664 2348314 3540849
 0018896 1552861 0599566 0086022 0442335
 0031831 1707664 2348314 3540849

 0023825 0023823 0442811 0023820 0178587 0205251 0442824 1299352 1550472 0597357 0033684 0332281
 0031831 1707664 2348314 3540849
 0026018




 1514811 1706462 0205090 0684010 2603358

 0036397 0025141 0597277 1708601
 0033727 0369286 0441932 0564385
 0001483
 0201682
 0025141 0205090 0684010 2603358

 0597277 1708601 2603362
 0033727 0369286 0441932 0564385 0597277 1708601
 0033727 0369286 0441932 0564385


 0201682
 0369637 0441923
 0016327 0439133 1553038 0205090 0684010 2603358 2603362
 2603360 1553033
 0021966 0221138
 0597277 1708601 0369637 0441923
 0205090 0684010 2603358
 0439267

 1315013

 0025141 0369718 0441922 1553036

 0205090 0684010 2603358

 0369637 0441923
 1418943

 0268596 2700624
 3642273

 2603362

 0000857 0600678 1552863 0205090 0684010 2603358

 0597277 1708601 2603362
 0033727 0369286 0441932 0564385 0205090 0684010 2603358



 0025141
 0597277 1708601 0205090 0684010 2603358
 0205090 0684010 2603358

 0369637 0441923

 1315013

 0025141 0033727 0369286 0441932 0564385 3613423 0597277 1708601
 2347379
 0025141 0205090 0684010 2603358 0205090 0684010 2603358 2603360
 0597277 1708601 0439267 1553033 0205384 0033727 0369286 0441932 0564385


 0025141

 0439267
 0035853

 1418943

 0268596 2700624
 3642273

 2603362

 0439083 0439087 0000857 0600678 1552863
 0033727 0369286 0441932 0564385


 0369773 2603361
 0439267
 0035853

 0439394 1706495 3642217 0369637 0441923

 0036397 0025141 0369773 2603361 2603362
 0777169 0025141 0439267


 0597277 1708601 0205384
 2603360
 0027882 0025141

 3272372
 0369773 2603361
 0033727 0369286 0441932 0564385 0369637 0441923
 2603362
 0033727 0369286 0441932 0564385 0205384

 0016327 0439133 1553038
 0205090 0684010 2603358 0369637 0441923
 1553033 0205384 0035853

 0027855 0000857 0600678 1552863 0439493 1513009 0369637 0441923
 0439267 0205090 0684010 2603358
 0554249 0439267

 0205090 0684010 2603358
 2603362
 0369718 0441922 1553036



 0325074
 0025141 1006780 1553033 0033727 0369286 0441932 0564385

 0033727 0369286 0441932 0564385
 2603360
 0597277 1708601

 0205384 0007457 0043157 0220938
 0369637 0441923
 2603360
 1706910 0369637 0441923
 0033727 0369286 0441932 0564385
 0439267

 0205384 0439394 1706495 3642217
 0005595 2603360
 0439267




 0325074
 0025141 0369637 0441923
 0439394 1706495 3642217
 0597277 1708601
 0027855 0000857 0600678 1552863 2603360 1553033 0439114 0369773 2603361
 0027855 0000857 0600678 1552863 0597277 1708601 0597277 1708601 0439394 1706495 3642217 2603360 0597277 1708601
 0369773 2603361 0369637 0441923
 1704648


 3613423 0597277 1708601


 0025141
 0672708 0369718 0441922 1553036 1553033 0033727 0369286 0441932 0564385
 0439267



 0325074
 0025141 2603362
 0080045
 0439394 1706495 3642217



 2827734 2981698 0025141 0439267

 0597277 1708601 0597277 1708601
 0033727 0369286 0441932 0564385 0205090 0684010 2603358
 0205090 0684010 2603358


 2347379
 0000857 0600678 1552863 0205384
 0369773 2603361
 0597277 1708601
 0033727 0369286 0441932 0564385 0205090 0684010 2603358
 0205090 0684010 2603358

 0036397 0025141 0205384
 0369773 2603361 3538705 0369718 0441922 1553036 0205090 0684010 2603358
 0205090 0684010 2603358



 0201682
 0205090 0684010 2603358

 0205090 0684010 2603358


 0369718 0441922 1553036

 0268596 2700624
 3642273
 0025141 0205090 0684010 2603358



 0201682

 0205090 0684010 2603358
 0369637 0441923
 2603360
 0439394 1706495 3642217 0205090 0684010 2603358



 0201682
 0205090 0684010 2603358
 0439482
 0678579 0369637 0441923
 2603362
 1418943

 0268596 2700624
 3642273

 2603362

 0000857 0600678 1552863 0205090 0684010 2603358
 2603360
 0597277 1708601
 0033727 0369286 0441932 0564385 1825319
 0439394 1706495 3642217



 0000857 0600678 1552863
 0205090 0684010 2603358
 0021966 0221138


 0025141 2603360
 0205090 0684010 2603358
 0205090 0684010 2603358



 0201682
 0025141 0205090 0684010 2603358
 0017596 1947936
 0597277 1708601
 0369637 0441923


 0201682
 0369773 2603361

 0205090 0684010 2603358 2603362
 0205384


 0369637 0441923


 0201682
 0205090 0684010 2603358
 0597277 1708601 0205384
 0349590 1262865 0025141 0369773 2603361
 0080045
 0439267
 0027882 0025141
 0016327 0439133 1553038 2603360
 0009017 0009015 0475311 0999213
 0033727 0369286 0441932 0564385
 0025141
 0439267
 0033727 0369286 0441932 0564385
 1417055
 2347379
 0025141 2603362

 0205090 0684010 2603358



 0201682

 2603362
 0597277 1708601 0678579 0369637 0441923
 2603362

 0025141 0205090 0684010 2603358
 2603360
 0439394 1706495 3642217 0205090 0684010 2603358

 0003850 0740116 2827735 2981700 0000857 0600678 1552863 0205090 0684010 2603358
 2603360

 0369718 0441922 1553036 0205090 0684010 2603358

 0003850 0000857 0600678 1552863 2603360

 2603362
 1708595 3280986 0597277 1708601
 0033727 0369286 0441932 0564385 0205090 0684010 2603358



 0201682
 0369637 0439394 0441923 1706495 3642217 1553033 0369637 0441923
 0205090 0684010 2603358 2603360 0205090 0684010 2603358
 0597277 1708601
 0033727 0369286 0441932 0564385



 0201682
 0205090 0684010 2603358
 2603360
 0439394 1706495 3642217 0205090 0684010 2603358



 0201682
 0369773 2603361
 2603360 0439267
 0439394 1706495 3642217
 1418943

 0268596 2700624
 3642273

 2603362

 0000857 0600678 1552863
 0439267


 0025141 0205090 0684010 2603358



 0000857 0600678 1552863 2603360

 0597277 1708601 0678579 0369637 0441923
 0439482


 0201682
 0678579 0369637 0441923
 0439482 0205090 0684010 2603358
 1553033
 0439394 1706495 3642217



 0740116 2827735 2981700
 0205090 0684010 2603358
 0205384 0205090 0684010 2603358
 0006463 0439267
 0439394 1706495 3642217
 1418943

 0268596 2700624
 3642273

 2603362

 0000857 0600678 1552863
 0205090 0684010 2603358 0597277 1708601
 0033727 0369286 0441932 0564385

 0369637 0441923

 0035853




 0450382 0025141
 0597277 1708601
 0033727 0369286 0441932 0564385

 0033727 0369286 0441932 0564385 0369637 0439394 0441923 1706495 3642217 0205090 0684010 2603358 0369637 0441923
 1551090
 0205090 0684010 2603358 1551910 0033727 0369286 0441932 0564385 1553033 0439267
 0369637 0441923
 0035853

 1417055

 0025141 0597277 1708601
 0033727 0369286 0441932 0564385 0205090 0684010 2603358
 0205090 0684010 2603358





 0205090 0684010 2603358
 0205384
 0369773 2603361 0205090 0684010 2603358




 0025141 1551910 0033727 0369286 0441932 0564385 0439267 0597277 1708601
 0033727 0369286 0441932 0564385

 0035853




 1417055

 0025141 0037455 0596070 0005477 0026376 0005532 1521991