 0037455 0596070 0005477 0026376 0005532 1521991
 0332255 0486805 0439855 1704241 0002716 0002395 1521724 0012634 0034036 0034037 1514756 1704324 0348078 0376315 1515981 1522492 1527075 0369637 0441923
 1419788 3274822 3274823 2827734 2981698 0000872 0027976 0565990 1552471 0041740 0205099 0205314 0205476 0027976 0205314 0035172 0021622 1272753 0565990 1552471 0205099 0205476 2825232 1514811 1706462 0597879 0333463 0150312 0392079 0449450 0085400 0006104 1269537
 0003595 0523511 1412481 0021135 1533691 2827718 1515981 0597298 1145667 1167622 0033414 0729650
 2607943 2926606 3539655 1328885 0004083 0439849 0596306 0699792 0002085 1512571 0003595 0523511 1412481 0035820 1705810 0443264
 0597879 0150312 0449450 0268380 0268381 0281479 0002726 0392366 0332255 0486805 0004083 0205396 0439849 0596306 0699792 1550043 1551388 0002723 0002716 0011560 0611285
 1705175 1705176 1705177 1705178 1882348 1517331 1704675 0002716 1998793 0002723 0002716 0011560 0611285 1449651 0225328 0031069 0006309 1417104 0015576 0015967 0240321 0241888 0268381 2939462 0002726 0205225 0439631 0557651 2603343 0004083 0439849 0596306 0699792 0002723 0002716 0011560 0611285 1456454 0033684
 0868928 1706255 1706256 0332255 0486805 0005863 0949466 0442726 1511790 1705493 1449651 0002716 0011560 0225328 0611285 1998793
 0002778 0936012 1524024 0205396 1550043 1551388 0332255 0486805 2348205 0012238 0040018 2349986 0332256 2700400 0017446 0205147
 0003595 0523511 1412481 0220781 0332325 0439634 0439855 1522492 1704241 2827757 1274040 1546471 2825142 0441889 0449286 0542560 1561545 2348088
 2607943 2926606 3539655 1274040 1546471 2825142 0333463 0392079 1301820 1705535 2827734 2981698 0332255 1708096 1449651 0002716 0011560 0225328 0611285 0439855 1704241 0597304 1515655 0740116 2827735 2981700 0003595 0523511 1412481 0033414 1706803 0205225 0439631 0678594 1709634
 0002726 0012634 0242972 0748025 0041667 0026385 0005910 0033684 0043100 0205251 1299352 1305866 1521991 1550472 1705104 1749467 1948047 0333562 0205266 1554187 0040300 0868946 1880371 0178784
 1880371 1456454 0033684 0425382 0162807 0027627 0175668 0205436 0678594 2349187 0225328
 0225328 0312860 0332464 0237876 0871161 1292721 0009742 1293958 0487602 1704680 1510827 2603360
 1521970 1706388 2346469 2348519 0002716 0237876 0332307 1522138 1521761 2827422 0332281 0012634 0030664 0348080 1521733 1705253 0243082 1292711 0205474 0449719 0542559 1318139 1709471 0449911 0011560 1705760 0333562
 0332257 1552866 2700399 0086045 1446561 0005889 0302908 1521806 0040300 0392148 0002721 0449432 1705248 0085828 0740116 2827735 2981700 0033692 0439086 2827736 2981702 0439084 0728893 0003595 0003591 0003595 0523511 1412481 0055966 1413514 2609437 0003591
 0368670 1456454 0033684 0032214 0600138 0035820 1705810 1706803 0150312 0449450 0439673
 0003595 0003591 0150312 0449450 1159709 0005528 0008377 1314939 1317949 3495449 0542341 0700630 3263722 3263723 1328885 0004083 0439849 0596306 0699792 0002395 1521724 0012634 0012634 0348080 1705253 0333562 0522501 1880022 0006104 1269537 0002723 0038164 1456454 0033684 1512571 0003591 1947931 0002726 0543483 0699748 1314939 0681814 1524063 0003595 0523511 1412481 0032105 0205409 1548221 1550098 0003595 0523511 1412481 1334043 1547282 0033684 0348078 0376315 1522492 0439855 1704241 0033414 0220781 0439634 1522492 0021135 1533691 2827718 0450348 0205132 0003595 0523511 1412481 0333463 0392079 0392148 1705535 0003595 0523511 1412481 0032214 0600138 0035820 1705810
 0947630 1441616 1547282 0003595 0523511 1412481 0332281 0002726 0332307 0332257 0013080 0039082 0423866 2626739 0439849 0445223 1527338 1510489 0085220 2931784 0002716 0011560 0042373 0611285 0003595 0071744 1413772 0003594 0534343 1610537 0003591 0010646 0205419 0439849 0445223 0162534 0085584 0022802 0012634 0332281 0002716 0011560 0033164 0611285 0003595 0523511 1412481 0002716 0011560 0205396 0611285 1550043 1551388 0442893 0012634 0205373 0333562 0348078 0376315 0221014 3536715 0002726 0027627 0175668 0205436 0031069 0006309 1417104 0015576 0015967 0240321 0241888 0002723 0002716 0011560 0439849 0445223 0611285 0268381 2939462 0002726 0205225 0439631 0002716 0011560 0611285 0751448 0152025 0003595 0523511 1412481 0522498 0238239 0012634 0023693 0333562 0337112 0442726 0746619 1306462 1511790 1524075 1881376 0023693 1306462 1881376 1333947 0018852 0012634 0750591 0022828 0348078 0376315 0004083 0439849 0596306 0699792 0332307 1705535 0003595 0523511 1412481 0003595 0003591 0205246 1553889 1184743 1522240 0220781 0439634 1522492
 1705175 1705176 1705177 1705178 1882348 1517378 0233820 0003595 0523511 1412481 1456454 0033684 0005863 0949466 1705493 1880022 0003595 0523511 1412481 0332255 0486805 1708096 0002716 0011560 0611285 1998793 1711351 0868928 1533148 0002723 0002716 0011560 0611285
 0557651 2603343 0243122 1145667 1167622 0032105 0205409 1548221 1550098 1456454 0033684
 0038164 1449651 0225328 0025663 0205409 0449851 0871511 1419788 1548221 3274822 3274823 0771377 0040300 1547928 0030705 0031069 0006309 1417104 0015576 0015967 0240321 0241888 0268381 2939462 0002726 0205225 0439631
 0439267 0037494 0168944 0008203 0037473 0369637 0441923 0596019 0597484 0439267 0179834 0456693 1442458 0702093 1550101
 0184661 1948041 2700391 3274430 3538935 3539779 0205341 1550101 1268822 2825050 0312860
 1883708 1709915 1882936 0790233 0043047 0599638 0681549 1550678 0439267 0179834 0700308 0033727 0369286 0441932 0564385
 1449651 0225328 0003595 0003591 0205295 0577559 0700364 1306372 3152252 0934502 1522408 1561599 0043047 0599638 1550678
 0016698 0002722 1456454 0002723 0002716 0011560 0033684 0611285 0008562 0687276 1579831 0008565 0008550 0205250 0302908 0597198 1299351 1304698 1546699 1561501 1882330 1998793 2700149 0042789 1947903
 1449651 0225328 0120447 0018320 0120446 0369637 0439526 0441923 1512523 0041175 0077281 0814229 0012789 0020283 0450407 0450408 0450409 0033727 0369286 0441932 0564385 1883171 2348236 0005903 0039476 1547703
 0439526 0000983 0000985 0001128 0202406 0981805 1524062 0037633 0525069 0003595 0003591 0185125 1185738 1706132 0332529 2827734 2981698 0141993 1119999 0074343 0439267 2700323 0141991 1119999 0074343 0439267 0331955 0120447 1440942 0018320 0120446 0369637 0441923 1512523 0000983 0000985 0001128 0202406 0981805
 0332255 0486805 0008559 1148476 0008550 0205409 0456389 0680251 1548221 2828389 1449651 0225328 0681850 1550501 1706203 2349001 2697811 0597410 0684296 0008550 0043047 0439182 0812409 0003595 0050456 0040982 0001128 0202406 0020283 0450407 0450408 0450409
 3469601 0312860 0030695 0150369 0181904 0596972 1521743 1704646 0444505 1709595 2349200
 1449651 0225328 1264633 0008559 0016107 0017243 1301820 1382104 0008562 0687276 1579831 0008565 0008550 0205250 0302908 0597198 1299351 1304698 1546699 1561501 1882330 2700149 0681850 1550501 1706203 2349001 2697811 0600209 0013862 0037506 0074769 0058632 0071500 0596607 0013855 0017243 0037473 0038720 0071499 0475337 0597484 1382104 3536965 0033684 0348011 0700308 0033727 0369286 0441932 0564385 0063412 1524063 0006353 0020283 0450407 0450408 0450409 0332256 2700400 0001963
 0025255 0011682 0026131 0028778 0205222 0332206 0349374 0444318 1512080 2825079 2983591 0037494 0008203 0037473 0596019 0597484 0041415 1882074 0020283 0450407 0450408 0450409 0011744 0033727 0369286 0441932 0564385 2348236 0005903 0039476 1547703 1883708 1439852 0439583 0003241 1979003 0312586 0003241 0023693 0337112 1306462 1524075 1881376 0683758 0313106 0947659 0003595 0003591 0003250 0442818 1709915 1882936 0052196 0003595 0523511 1412481 2827734 2981698
 0036945 1123019 0025914 0025929 0026809 0683758 0018019 1265549 1510458 0034493 0051979 0018019 0034493 1265549 1510458 1512888 0003241 0021027 0205436 0457385 0565930 1273517 1561503 1705190 0079240 1948037 0003595 2827734 2981698
 0020985 0162524 0234621 0683758 0812225 1150635 1332684 1450278 1705212 1705213 3273202 2348235
 0020960 0003595 0086418 0439267 0523511 1412481 1439852 1998793 0003595 0523511 1412481 1720119 1948037 2827734 2981698 0036774 0036773 0728877 0041175 0006353 0036082 0077281 0814229 2678549 1882074 0020283 0450407 0450408 0450409 0041119 0033727 0369286 0441932 0564385 2348236 0005903 0039476 1547703
 0751970 1514534 0162801 0002778 0936012 1524024 0206243 0699809 0003595 0070342 0003591 0030956 0033684 0439787 0849355 1268874 0243072 0205396 1550043 1551388 1524063 0179038 1706246 0008848 0242298 0344349 3262831
 0003595 0003591 0007776 0869011 1176472 2700441 0041538 0036774 0036773 0728877 0001924 0007452 0229671 1140701 1546774 1550100 0869011 1719918
 1882508 0033684 0600209 0013862 0037506 0058632 0071500 0596607 0074769 0162801 0002778 0004793 0162326 0162327 0936012 1519249 1524024
 0086418 1709595 2349200 0003595 0523511 1412481 1273517 0332148 0750492 0597298 0052199 0032659 1257890
 0037633 0040982 0001128 0202406 1521827 0050456 0002520 2917660 0001128 0002778 0202406 0936012 1524024 1524063 0179038 1706246 0043047 1524063
 0037633 0525069 0439294 0128666 0439269 0439526 1960952 2346927 1881534 0041175 0077281 0814229 2678549 1882074 0020283 0450407 0450408 0450409 1510844 1698986
 1510844 0681814 1273517 1552738 0439267 0003595 0523511 1412481 0002723 0002716 0011560 0439267 0611285 1439852 0439294 0439267 0041175 0077281 0814229 2678549 1882074 0020283 0450407 0450408 0450409 0040223 3541383 2348236 0005903 0039476 1547703
 1524062 0439962 0017243 0071500 0017243 0071499
 0033684 0123400 0063412 0348011 0442726 1511790 1524063 0003595 0523511 1412481 0432616 0002723 1624602
 0243148 1550141 1882979 2587213 3274648 0003595 0681814 0041538 3152252 0577559 1306372 1532717 0036774 0036773 0728877 0001924 0007452 0229671 1140701 1546774 1550100 1524063 0002716 0011560 0030956 0611285 1273517 0003595 0523511 1412481
 0868928 1533148 0002723 0002716 0011560 0611285 0043367 0001962 0041175 0006353 0036082 0077281 0814229
 0034997 0027021 0031179 1318719 0020281 0020275 0031180 0523702 0885426 0001963 0456693 1442458 0702093
 0036774 0036773 0728877 0041175 0006353 0036082 0077281 0814229 0205155 1293097 1522472 1552923 1705191 0003595 0018019 0086418 0523511 1265549 1412481 1439852 1510458 0052196 0003595 0003591 0079240 1948037 0034493 0018019 1265549 1510458 0019941 0027021 0031179 0330510 0939835 1110641 1318719 1708632 1512888 1412113 1516077 0700308 0033727 0369286 0441932 0564385
 0443286 1114821 0442726 1511790 1524063 0175960 0020281 0020275 0031180 0523702 0885426 0041175 0077281 0814229 2678549 1882074 0020283 0450407 0450408 0450409
 0020960 0003595 0086418 0523511 1412481 1998793
 0021044 1547282 0003595 0523511 1412481 1708632 2936349 0333562 1552738 0597879 0205197 0001674 0003595 0523511 1412481 0037791 1511884 0349966 1337208
 0021044 0003595 0003591 0003242 0003241 0021027 0181496 2827499 0005847
 0687760 1551065 1882932 0205155 1293097 1522472 1552923 1705191 0003595 0003591 0001674 0003595 0523511 1412481 0086418 1998793 0003595 0523511 1412481
 0185115 0991883 0036082 0043047 0184661 0599638 0684295 1550678 1948041 1998793 2700391 3274430 3538935 3539779 0008559 0008550 0017243 1382104 1440942 0018320 0120446 0369637 0441923
 0600209 0013862 0037506 0058632 0071500 0596607 0074769 0443289 1711351 3152252 0577559 1306372 0162801 0002778 0004793 0162326 0162327 0936012 1519249 1524024 1547282 1334043 2697616 0023693 0337112 1306462 1524075 1881376 0349966 1337208
 0036679 0237868 1881713 0444505
 0444505 0205450 0332849 1264633 2347469 0073187
 0002778 0936012 1524024
 0002716 0004793 0011560 0162326 0162327 0205088 0611285 1519249 1705314 1705315 0002723 0002716 0011560 0611285 0033684 0003595 0030956 0523511 1412481 1515981 1998793
 0243114 1998793 0008562 0687276 1579831 2717789 0597410 0008565 0008550 0205250 0205390 0302908 0597198 1299351 1304698 1546699 1555029 1561501 1882330 2700149 1185738 1706132 0003594 1524063 0439182 0812409 0040982 0001128 0202406
 0003595 0003591 0332464 0444505 0037638 0038128 0056269 0600209 0013862 0037506 0074769 0058632 0071500 0596607 0013855 0017243 0037473 0038720 0071499 0475337 0597484 1382104 3536965 1449651 0225328 0008562 0687276 1579831 0008565 1264633 0008550 0205250 0302908 0597198 1299351 1304698 1515981 1546699 1561501 1882330 2700149 2347469
 1711351 0577559 1306372 3152252 0150312 0449450 1264633
 0150312 0449450 0332255 1708096
 0949466 0005863 0002778 0936012 1524024 1705493 2347469 0073187 1524063 0003241 0021027 1547282 0175723 0439645 1521913 0175723 0439645 1521913
 0002716 0011560 0611285 1301820 0750572 0332283 1719822
 0456603 1547037 0003595 0523511 1412481 0056269 0011321 1260957 2986582 1532717 0175723 0175723 0439645 1521913
 0456603 1547037 1264633 0017446 0185125 0205146 1554103 1979963 2003903 0008562 0687276 1579831
 1883708 0017446 0205146 0017446 0205146 0439175 0439810 1979963 2003903 0008562 0687276 1579831
 0002778 0936012 1524024 0443289 0002716 0011560 0205164 0611285 1711351 1883712 1532717 0449432 1705248 0205397 1264633
 0003595 0002716 0003591 0011560 0596448 0611285 1711351 0003242 0003241 0021027 0337112 1524075 1518422 1547282
 1883712 0175723 0150312 0449450 0450354 1706096
 0949466 0005863 0002778 0936012 1524024 1705493 1524063 0003242 0003241 0021027 0162524 0234621 1450278 1511790 0443289 0175723 0439645 1521913 0449432 1705248
 0231174 0680095 0442726 0003595 0523511 1412481 0597879 1264633 1554103 1444656 0150312 0449450
 1264633 0008562 0687276 2347469 0073187 0017243 0025255 0063412 0348011 0596901 1706182 0175723 0162801 0002778 0004793 0162326 0162327 0205088 0936012 1519249 1524024 1705314 1705315 0681850 1550501 1706203 2349001 2697811
 0004793 0162326 0162327 1519249 0443289 0332255 1708096 0733755 1518422 1547282
 0175723 0439645 1521913 0332255 0486805 0733755 0439659 1456454 0033684 0349966 1337208
 2936349 0002716 0011560 0185115 0333562 0611285 3541890 0052196 0003595 0003591 0332232 2825550 0456603 1547037 0003595 0523511 1412481 0002716 0011560 0611285
 0243114 1998793 1550369 0036082 0043047 0185115 0599638 0684295 0884358 1550678 0332283 0036679 0237868 1881713 0008562 0687276 1579831 0008565 0008550 0205250 0302908 0597198 1299351 1304698 1546699 1561501 1882330 2700149 0450373 1553636
 0184661 1948041 2700391 3274430 3538935 3539779 0444505 0037638 0205450 1264633 1709595 2349200 2347469 0073187 0600209 0013862 0037506 0058632 0071500 0596607 0074769
 0230715 0175723 0439645 1521913 0150312 0449450 1264633 0449432 1705248 0032521 0442726 1264633 1511790 0450375
 0162801 0002778 0004793 0162326 0162327 0936012 1519249 1524024 0443289 1709915 1882936
 0004793 0162326 0162327 1519249 0205280 0002723 0349966 1337208
 0162326 0205396 1550043 1551388
 1264633 0005863 0949466 1705493 0681850 1550501 1706203 2349001 2697811 1524063 0003242 0003241 0021027 0003595 0003591 0175723 0332464 0439645 1521913 1264633 1554103 0450376
 0597879 0205197 0001674 0020960 1260953 0003595 0523511 1412481 0558058 0037791 1511884
 0175723 0439645 1521913 0003595 0205266 0523511 1412481 1554187 1532717 1705535 0332255 0486805 0002723 0332281 0002716 0011560 0611285 1711351
 0597301 0243114 1998793 0008562 0687276 1579831 2717789 0597410 0008565 0008550 0205250 0205390 0302908 0597198 1299351 1304698 1546699 1555029 1561501 1882330 2700149 1185738 1706132 0003594 1524063 0439182 0812409 0040982 0001128 0202406
 0002723 0002716 0011560 0611285 0003595 0003591 0332464 0444505 0037638 0600209 0013862 0037506 0074769 0058632 0071500 0596607 0013855 0017243 0037473 0038720 0071499 0475337 0597484 1382104 3536965 1264633 0008562 0687276 2347469
 1711351 0150312 0449450 1264633
 0449432 1705248 0032521 0442726 1264633 1511790 0949466 0005863 0002778 0936012 1524024 1705493 2347469 0073187 1524063 0003241 0021027 0162524 1450278 0443289 0449432 1705248
 0231174 0680095 0442726 0003595 0523511 1412481 0597879 1444656 0150312 0449450
 0449445 1273517 0033684 0017243 0077068 0086972 0443299 0687118 0025255 0063412 0348011 0596901 1706182
 0449719 0008562 0687276 1579831 0162326 0002723 0002716 0011560 0611285 0003595 0332255 0523511 1412481 1515981 1708096 0439659 0733755 0349966 1337208
 1705175 1705176 1705177 1705178 1882348 1292732 0003595 0523511 1412481 0150312 0449450 1264633 1554103 0884358 0949466 1524063 0003250 0205369 1552740
 0230715 0175723 0439645 1521913 0003595 0205266 0523511 1412481 1532717 1554187 1441672 0004083 0205171 0439849 0596306 0699792 1720467 0225328
 0439211 0002723 0002716 0011560 0439267 0611285 1439852 1998793 0033727 0369286 0441932 0564385 2348236 0005903 0039476 1547703 0041175 0077281 0814229 2678549 1882074 0020283 0450407 0450408 0450409 0449432 1705248 0020985 0949466 0002778 0442726 0936012 1511790 1524024 1705493 1524063 0003595 0523511 1412481 1553637 1624602 1518422 1547282 0439855 1704241 0332325 2827757 0205431
 0012634 0348080 1705253 0071500 0017243 0071499 0439855 1704241 0003595 0003591 0333051 0425245 0449580 0523511 1412481 2347509 1274040 1546471 2825142
 0220781 0439634 1522492 0442726 1511790 0003595 0523511 1412481 0041538 0439267 1439852
 0314672 0002723 0002723 0002716 0003595 0011560 0220825 0439962 0523511 0611285 1412481 1511790 0003242 0432616 0002723 0002716 0003241 0011560 0021027 0332287 0611285 1705690 0949466
 0002723 0002716 0011560 0611285 0205171 0439044 0679994 0444953 0033727 0369286 0441932 0564385 1439852 2348236 0005903 0039476 1547703 0041175 0077281 0814229 2678549 1882074 0020283 0450407 0450408 0450409 1547282 0348078 0376315 0449432
 1979874 0002723 0002716 0011560 0611285 0003595 0523511 1412481 1439852 0052196 0003595 0003591 2825550 0456603 1547037 0003595 0523511 1412481 0002716 0011560 0611285 0012634 0348080 1705253 1282910 1552828 0233426 0700364 1274040 1546471 2825142 0017243 1382104 1265611 0596448 0002723 0449432
 0002723 0002716 0011560 0611285 0036774 0036773 0728877 1547282 1705117 0002723 0002716 0011560 0611285 1707455 0205171 0439044 0679994 1518422 1547282
 0681814 1706386 1524063 0175723 0150312 0449450
 0002716 0003595 0011560 0205393 0439962 0523511 0611285 1412481 1704458 3272897 0017243 0449432 1518422 1547282
 1274040 1546471 2825142 0332290 0392148 0003595 0523511 1412481 0301642
 0003595 0003591 0003595 0003591 0439267 0444499 0002723 0002716 0011560 0611285 0439267 0041175 0077281 0369637 0441923 0814229 1439852 2678549 1882074 0020283 0450407 0450408 0450409 0033727 0369286 0441932 0564385 2348236 0005903 0039476 1547703
 0258024 0006353 0370003 1272691 1883712 2347026 0370003 2347026 0600209 0013862 0037506 0074769 0058632 0071500 0596607 0013855 0017243 0037473 0038720 0071499 0475337 0597484 1382104 3536965
 1540850 0123400 0033684 0003242 0003241 0003595 0021027 0442726 0523511 1412481 1511790
 0003595 0523511 1412481 0205171 0439044 0679994
 0003595 0523511 1412481 0002723 0002716 0011560 0611285 1439852
 3152252 0577559 1306372
 0003595 0523511 1412481
 0014963 1457900 0939261 1588750 0003595 0523511 1412481 0002723 0002716 0011560 0611285 1439852 1552738 0071500 0017243 0071499
 0033684 0949466 0003242 0003241 0021027
 0333051 2347509 0558058 0220781 0439634 1522492
 0003595 0523511 1412481 0205171 0439044 0679994
 0003595 0523511 1412481 0002723 0002716 0011560 0611285 1439852 0002723 0002716 0011560 0611285 1439852 0205171 0439044 0679994 0003595 0523511 1412481
 0370003 2347026 0600209 1704732 0123400 0025255 0063412 0348011
 0033684 0002723 0003242 0432616 0002716 0003241 0011560 0021027 0442726 0611285 1511790
 0441889 0449286 0542560 1561545 2348088 0150312 0449450 0003595 0523511 1412481
 0002723 0002716 0011560 0611285 0205171 0439044 0679994
 0002723 0002716 0011560 0611285 0003595 0523511 1412481 1439852
 3152252 0577559 1306372
 0003595 0523511 1412481 0033684 0205164 0205448 0332255 0486805 0012238 2349986
 0205088 1705314 1705315 1880389 1883221 3541951 1709915 1882936 0678594 0332256 2700400 0004793 0162326 0162327 1519249 0086597 1323371 1149323 0597358 0243122 1145667 1167622 0034821 1366529 0023823 1979874 0332255 1708096 0205360 1547311 0023820 1145667 1167622 0086597 0450355 0034037 1704324 0037088 0243095 2825141 1709915 1882936 0004083 0439849 0596306 0699792 0002722 1456454 0033684 1511726 3245479 0231448 0439792 0302523 0700325 1964257
 0332255 0486805 0003595 0016018 0332255 0520997 0523511 0596260 1412481 1708096 0002716 0011560 0611285 1998793
 0332255 1708096 0017446 0205147 2986575 0205088 1705314 1705315 1880389 1883221 3541951 0002723 0002716 0011560 0611285 1998793 0349966 1337208
 0332255 0486805 0332185 0333463 0392079 1301820 1514861 1882932 0010813 0040018 0596311 0597304 1330957 1947941 3161035 0450355 1706765 0332281 0002716 0011560 0611285 0002722 1456454 0033684 0002723 1547282 1514861 1882932 1440044 0003595 0523511 1412481 0332255 0486805 1708096 0002723 0002716 0011560 0611285 1456454 0522527 0002716 0011560 0033684 0332297 0611285 1145667 1167622 1689898 2349209 1515655
 0040018 0205242 0333853 0036734 0444498 2717971 0030940 0030946 0036720 1947941 0002716 0003595 0011560 0439855 0523511 0611285 1412481 1704241 0205431
 0805874 0870077 1446409 0439787 0849355 0003595 0523511 1412481 0243114 1881707 1998793
 0003595 0523511 1412481 0332255 0486805 0949466 0005863 0002778 0936012 1524024 1705493 0150312 0449450 1264633
 0243114 1998793 0332255 1708096 0002723 0002716 0011560 0611285 0002716
 1522634 0004083 0439849 0596306 0699792 0333562 1883351 0376649 1442065
 0332148 0750492 0220781 0439634 1522492 1704675 1880389 1883221 3541951
 1323371 0597358 1149323 0243122 1145667 1167622 0205088 1705314 1705315 1880389 1883221 3541951 0003595 0523511 1412481 0004083 0439849 0596306 0699792 0086597 0127400 0444930 0567416 0596260 2746065 0450355 1517331 0558058 1280500 2348382 0525038 1555721 1706204 0003595 0004083 0439849 0523511 0596306 0699792 1412481 3154893 3539897 0456387 1705943
 0004083 0439849 0596306 0699792 0205309 1883351 0003595 0086597 0127400 0523511 0596260 1412481 0443526 0597298 0733755 1145667 1167622 0023821 0023820 0178587 0205250 1299351 2700149 0392148 0309049 0243122 1145667 1167622 0442811 0178587 0205251 0442824 1299352 1550472 0065063 0023820 0178587 0205103 1550465 2827755 0392337 1710548 1883351 0520511 1704711 0441712 1706376 0052201 0597298 1510996 1551359 2741673 2981730 2984964 0205250 1299351 2700149 1883351 0392366
 0003595 0003591 2698977 1704675 0332325 2827757 1704675 0085220 2931784 0002723 0002716 0011560 0013331 0042373 0205419 0611285 1832428 0348078 0376315 1522492 1301725 1609436 1522508 0243122 1145667 1167622 0034037 1704324
 1524063 0003595 0003591 0036849 1442518 1514798 1705195 0017446 0205147 0003595 0444930 0523511 0596260 1412481 2746065 0002520 2607943 2926606 3539655 1705535 0243122 1145667 1167622 0205369 1552740 0558058 0678607 1704675 0026377 0002716 0237876 1522138 1705242
 0162807 0027627 0175668 0205436 0678594 0681842 0018882 0229304 1704821 1705682 0023779 0017446 0205147 0002716 0011560 0030956 0611285
 2362652 0003591 0237876 0018882 0229304 1017315 1704821 1705682 1704675
 0205419 0348078 0376315 1522492 0002716 0011560 0611285 1419798 1419799 0002723 1709634 0003591 0023821 0023820 0178587 0205250 0332281 1299351 2700149 0439509 0332185 0150312 0085201 1412468 2698168 1145667 1167622 0033414 0021135 1533691 2827718 0237753 0449788 1449651 0002716 0011560 0225328 0444930 0611285 2746065 0441839 0441833 0687744 1257890 1552516 1705428 1705429 0001347 0439557 0205178 0205390 1184743 1522240 0729650 0225328 1709060
 0037088 0243095 2825141 0607868 0030956 0003595 0523511 1412481 0043227 1524063 1883254 0450348 0003595 0003591 0035820 0205246 0523511 1412481 1552961 1553889 1705810 2347617 1706803
 2825550 0456603 1610540 0002723 0002716 0011560 0611285 0021135 1533691 2827718 0681814 1273517 1521805 0032105 0150312 1550098 0231162 0012634 0348080 1705253 0003595 0523511 1412481 1419798 1419799
 1419798 1419799 0001347 0439557 0205178 0205390 0683150 0086045 1446561 3263722 3263723 0021368 0541749 1709743 0023693 0337112 0746619 1306462 1441547 1524075 1881376 3245521 0205309 1883351 0441889 0205393 0868928 1533148
 0086045 1273517 0021135 1533691 2827718 0205172 0030664 1521733 0012634 0348080 1705253 0003595 0205463 0441889 0523511 1412481 1709634
 0003595 0003591 0003595 0441839 0003591 0030664 0079613 0205447 0441833 0687744 1257890 1521733 1552516 1705428 1705429 0243041 0033414 0332621 0439168 0026377 1449651 0225328
 0332197 1689985 0238239 0012634 0023693 1306462 1881376 1333947 0018852 0012634 0750591 0022828 0348078 0376315 1705535 0003595 0523511 1412481 0175921
 1704675 0002716 0001347 0439557 0205178 0205276 0205390 0033692 1709634 0003595 0523511 1412481 0205309 1883351 1145667 1167622 0035820 1705810 0003595 0523511 1412481 0220781 0439634 1522492 0332148 0750492 0037791 1511884 0002716 0011560 0611285 2987476 1709634 0597298
 0205108 0004083 0597298 0684224 0700287 3496591
 1328885 0004083 0439849 0596306 0699792 0052201 2984964 1510996 0558058 0037791 1511884 0597298 0543483 0699748 1704259 1705987 0445356 1704623 0333562
 0332185 0684224 0700287 3496591 0003595 0523511 1412481 0018790 0237477 0392351 0521111 0332621 0439168 0021135 1533691 2827718 2348205 0005889 0302908 1521806 1290905 0678226 1517586 1705242 2987476 3146286 0012634 0348080 1705253 0450348 0332149 1705910 2362652 0003595 0523511 1412481 1280500 2348382 1515655 0003595 0086045 0205276 0523511 1412481 0725813 1709634
 0205463 0441889 0003595 0523511 1412481 0035820 1705810 1709634 0700364 1883351 0003591 0332281 0055966 1413514 2609437 0003591 0005889 0302908 1521806 1515655 0040300 0043240 0374711 0031227 0243127 0443331 0205217 0442805 0599732 3263722 3263723 0003595 0523511 1412481 1514559 2584321 0086045 0150312 0005775 1516559 0003595 0523511 1412481 1280500 2348382 1709634
 0542559 1318139 0439064 0443302 1521761 2827422 0001721 0004927 2707008 1301808 1442792 3148680 0030011 0004083 0439849 0596306 0699792 0392148 0205390 1300072 1306673 0871261 1704632 1706817 2911692 0003595 0003591 0439855 1184743 1522240 1704241 1314939 2348011 0086045 0003595 0003591 0368670 1456454 1137947 0002716 0011560 0033684 0036849 0332281 0611285 1442518 1705195 0003595 0523511 1412481 0003591 0443619 0033692
 1955394 0040048 0443264 0599156 2700061 0225328 1948066
 0162340 0002716 1521761 2827422 0443264 0220781 0439634 1522492 0175566 0679199 0002726 0012634
 2825232 0043227 0027468 0018173 0018684 0021622 1521721 3245503 0023175 1442948 1522538 2348269 3275067 0004446
 1292711 0449719 1709471 0037455 0332181 0449450 0556656 0027910 1552241 1555991 0331781 0016253
 0010186 0220812 0449719 1709471 0220808 0680264 0007961
 1706852 0522501 1706089 0949214
 0205155 1293097 1522472 1552923 1705191
 0282413 0376649 1442065 0030664 0205469 0677042 0000872 0027976 0565990 1552471 0041740 0205099 0205314 0205476 0108844 0027976 0205314 0027976 1879958
 0254343 0796520 3272379

 0085205 1549619 1880669
 0000723 1273517 0002721 0449432 1705248
 0008562 0687276 1579831 0008565 0008550 0205250 0302908 0597198 1299351 1304698 1546699 1561501 1882330 2700149 0008562 0687276 1579831 0008565 0008550 0205250 0302908 0597198 1299351 1304698 1546699 1561501 1882330 2700149

 1419798 1419799 0002723 1709634
 0002723 0002716 0011560 0611285 0002723 0002716 0011560 0611285
 0002395 1521724 0012634
 0179586 1657858 1706092 0439086 2827736 2981702 0001128 0202406
 0036774 0036773 0728877 0001924 0007452 0229671 1140701 1546774 1550100 0036774 0036773 0728877 0001924 0007452 0229671 1140701 1546774 1550100
 1704732 0013862 0071500 0596607 0013855 0017243 0071499 1382104

 0369637 0441923
 0302523 0700325 3244290
 1514811 1706462 0011646 0225328 0225328 0369637 0441923
 0439394 1706495 3642217 2347469 0022877

 0025141 2603360
 1553033
 2347469
 0025141 0037386 1611690
 0205090 0684010 2603358 0022877

 0025141 0037386 1611690
 0005595 2603360
 2603360
 0369718 0441922 1553036 0451119 1444662


 0740116 2827735 2981700 0021966 0221138

 0369773 2603361 0205090 0684010 2603358
 0025141 0033727 0369286 0441932 0564385 3613423 1532717 2347379
 0025141 2603360 2347469

 0025141 0369718 0441922 1553036
 0033727 0369286 0441932 0564385 1532717 2603360 0369637 0441923

 0025141 0205090 0684010 2603358

 0036397 0025141
 1532717
 0439394 1706495 3642217
 0439394 1706495 3642217
 0205090 0684010 2603358
 1532717
 0033727 0369286 0441932 0564385
 0205090 0684010 2603358
 0369773 2603361
 1670412 0369637 0441923

 0369637 0441923

 1315013
 0025141
 1553033
 0225328

 2347379
 0025141 1512006
 0450382 0439083 0439087 0025141 0439267
 0439267


 2347379

 0025141 0444649
 0439267 0369718 0441922 1553036
 0439267 2347469
 0439394 1706495 3642217 1532717
 1418943

 0268596 2700624
 3642273

 2603362

 0000857 0600678 1552863
 0439267
 0439267 1418943

 0268596 2700624
 3642273

 2603362

 0000857 0600678 1552863 0402830
 0021966 0221138
 0489654 2603362
 0861352
 1532717 1532717 0230467 0741204


 0025141
 0442982
 0205090 0684010 2603358 0369637 0441923
 2347469 0439394 1706495 3642217
 1532717

 2603360 0369637 0441923
 2347469

 0025141
 0033727 0369286 0441932 0564385


 0369773 2603361
 0439267
 0035853

 0439394 1706495 3642217 0369637 0441923
 0036397 0025141

 0439267
 0035853
 1418943

 0268596 2700624
 3642273

 2603362

 0439083 0439087 0000857 0600678 1552863
 1532717
 0033727 0369286 0441932 0564385
 0439394 1706495 3642217
 0439267

 0035853

 1418943

 0268596 2700624
 3642273

 2603362
 0439083 0439087 0402217 2347469 0051767 0057671 0336168 0033727 0369286 0441932 0564385 0349590 1262865 2603360
 2603360 2347469


 0000857 0600678 1552863
 1532717
 0033727 0369286 0441932 0564385 1979971 2603362
 0205090 0684010 2603358

 0073187 2603360 2347469 0035853



 1315013
 0025141 0439114 0439267 0439394 1706495 3642217 0369637 0441923
 0205090 0684010 2603358 2347469 0225328

 0439267 2603360 0033727 0369286 0369718 0441922 0441932 0564385 1553036 2347469


 0000857 0600678 1552863 1419788 3274822 3274823
 1553033
 1315013

 0025141 0033727 0369286 0441932 0564385 0439267 0003461 2939124

 0025141 0225328 1419788 3274822 3274823 2347469

 1517844
 0025141 1553033 0369637 0441923
 0205090 0684010 2603358 1532717
 0033727 0369286 0441932 0564385 0205090 0684010 2603358

 0036397 0025141
 0205090 0684010 2603358 0439394 1706495 3642217
 0369773 2603361 2603362
 1708595 3280986 1532717
 0033727 0369286 0441932 0564385

 0201682
 2603360 2603360 2347469 0777169 0025141 0205090 0684010 2603358
 0439394 1706495 3642217

 0402217 0033727 0369286 0441932 0564385
 2347469 1708595 3280986

 1315013

 0025141 1553033 0033727 0369286 0441932 0564385 0003850 0000857 0600678 1552863 1532717
 0033727 0369286 0441932 0564385

 2347379
 0450355 0000857 0600678 1552863
 0225328 2603360 0205090 0684010 2603358
 1553033 2347469

 0025141
 0369773 2603361 0443013 0369637 0441923
 1532717 0011198 0017480 3541240 0033727 0369286 0441932 0564385
 0439267
 0439267

 0023779
 2347379
 0000857 0600678 1552863
 0225328
 0369637 0441923


 2347379

 0025141
 1532717 0369773 2603361

 0439267
 2603362
 2603360 0439114 0369718 0441922 1553036
 0225328 2603360
 0439267
 0369637 0441923
 2347469
 1418943

 0268596 2700624
 3642273

 2603362
 0000857 0600678 1552863
 0369773 2603361 0369718 0441922 1553036 0205090 0684010 2603358
 0033727 0369286 0441932 0564385 1418943

 0268596 2700624
 3642273

 2603362

 0000857 0600678 1552863 1532717
 0369773 2603361



 1417055

 0000857 0600678 1552863
 0033727 0369286 0441932 0564385 1532717 0439267 1315013
 1417055
 1517844
 0025141 1532717
 0033727 0369286 0441932 0564385 2603362
 1708595 3280986 0205090 0684010 2603358
 0205090 0684010 2603358

 0439394 1706495 3642217 0326937
 2603360

 0201682
 1532717

 0439267 1532717
 0033727 0369286 0441932 0564385 0369773 2603361
 2603360 1708595 3280986
 1418943

 0268596 2700624
 3642273

 2603362

 0000857 0600678 1552863 0033727 0369286 0369718 0441922 0441932 0564385 1553036 2603360 2347469

 0025141 0325808 0439267

 2347469

 1418943

 0268596 2700624
 3642273

 2603362

 0000857 0600678 1552863 0369637 0441923
 0369637 0441923
 2603360

 0439267




 0201682
 0037455 0596070 0005477 0026376 0005532 1521991