 0037455 0596070 0005477 0026376 0005532 1521991
 1880022 0314604 1445865 0017337 0052191 1412478 0017262 0314604 1445865 0017337 0185117 0034036 0034037 1514756 1704324 0348078 0376315 1515981 1522492 1527075 0439267
 2827734 2981698
 0443058 0740116 2827735 2981700 0021853 1708548
 0740116 2827735 2981700 0023884 0736268 1278929 2346688
 1511325 2827734 2981698 2827734 2981698 0022877 3244292 0025519 0025520 0041740 0027976 0205314 0027976 0205314 0740116 2827735 2981700 1704729 0031330 1524059 0036375
 1514811 1706462 0947630 1524063 0025936 0003069 0025914 0025929 0026809 0017262 0185117 0023884 0736268 1278929 2346688 0021852 1268998 1519375 0599780 0332298 0012854 0013879 1504308 2587213 1554191 0079613
 0185117 0332298 1880389 1883221 2587213 3541951 0028630 1704788 3539106 0185117 0021852 0013879 0733755 0582519 0017337 0028630 0052191 1609817 0003594 0017337 0439070 1705160
 0684224 0700287 3273238 0024779 1706473 0086222 0052191 1609817 0003594 0028630 0086860 0439070 1705160 1711300 2700613
 0013879 0052191 0600436 1609817 0002055 0003594 0178499 0332256 0439070 1705160 1709450 1880279 1880389 1883221 2700400 3541951 0205410 0439851 1947931 0449774 0682610 0004457 0013303 0020885 0999597 1522496 1704711 0025914 0025929 0026809 0021853 1708548
 0013879 1879547 1514485 0014597 1273342 0677646 0007634 0221908 3282337 0008328 1413167 1515981 1257890 0036751 0524979 0007634 3282337
 1710252 2954564 0028630 0205101 0314604 0017337
 1545588 0596608 0949632 0333051 2347509 0005507 0243073 1510438 0205396 1550043 1551388 0004793 0600436 0002055 0162326 0178499 1709450 1880279 0028630 0052191 1609817 0003594 0086418 0439070 1705160 1145667 1167622 0028589 0086418 0150312 0449450 0682610 0007600 0007634 0205132 1269647 1550648 1552960 1704653 1948049
 0162326 0052191 1609817 1335144 0003594 0017337 0025914 0025929 0026809 0439070 1705160 1709346
 0013879 1705248 0086222 1515655 0205396 0449913 1550043 1551388 1553451 1704459 1999230 0851827 1701901 3244310 0449774 0443211 1272684 1314677 0836205 0014609
 1883712 0040648 0040649 1521761 2827422 0086222 1145667 1167622 0205177 0439167 0441655 1561536
 0003591 0003591 0021853 1708548 0729650
 0002783 0014507 0947630 0583325 0441889 0004153 0035647 0205217 0442805 1707520 0021149 0220856 0042789 1947903 1514811 1706462
 0583325 0441889 1947931 0683150 0003592 0021853 0032105 0086045 0439849 0445223 1446561 1550098 1708548 0740116 2827735 2981700 0025936 0003069 0025914 0025929 0026809 0545798 0021853 1708548 0205217 0442805 0023820 0175630 0441889 0023821 0023820 0178587 0205250 1299351 2700149 0439086 2827736 2981702 1521751 0025921 0025936 0003069 0025914 0025929 0026809 0441889 0023884 0021149 0220856 0205307 0439166 1707455 2347086 0521974 0012161 0332157 0301585 0012155 0205250 0424612 1299351 1442959 1519433 2700149 2983588 0439084 0728893 1883712 0025914 0025929 0026809 1514559 0282641 0004153 0003595 0011155 0025914 0025929 0026809 0523511 1412481 1636779 1707455 0342895 0012155 1442959 1519433 2983588 0021853 1708548 0227525 2325931 0014597 0021852 0282637 1268998 1519375 0007634 0021853 0205225 0221908 0401925 0700321 1269647 1515981 1704653 1708548 1881379 1948049 0814997 0682610
 0947630 0001675 0086418 0205307 0439166 1301820 1706450 2347086 0033727 0369286 0441932 0564385 0015663 0456962 0700308 0033727 0369286 0441932 0564385 1444656 0021853 1708548 0439148 1519795 1704753 1880519 1880192
 0021853 1708548 0205615 0682610 0337094 1550550 1880192
 0185117 0682610 0205197 0600210 1533574 1881827 0314604 0017337 0008653 0008633 1555715 1704332 0332256 2700400 0052191 1609817 0003594 0439070 1705160 1416522 0017337 0349966 1337208
 0599780 0013879 0007600 0007635 3282338 0427861 0677626 0007634 0023903 2239176 3282337 0025936 0003069 0025914 0025929 0026809 0227525 1515981 1522062 0700364 1883351 0600436 0002055 0028630 0178499 1709450 1880279 0439659 0439086 2827736 2981702 0025936 0003069 0025914 0025929 0026809 0557651 0947630 2603343 0332255 1708096 0332256 1880389 1883221 2700400 3541951 0021853 1708548 0015295 0021920 1518422 0021852 1268998 1519375 0021853 0700321 1708548
 1521761 0700364 1883351 2982691 0332255 1708096 0028630 0231448 0439792 0314604 0017337 0332255 1708096 0029266 0031843 0542341 0700205 1704322 1704972 1705273 3539923 0439851 1947931 0185117 0442504 1704765 1882509 3496241 3541329 2827734 2981698 0015295
 0185117 0003592 0021853 0035696 0086418 1704788 1708548 3539106 0035668 0021852 0442048 1519375 2700416 0001675 0021853 0025914 0025929 0026809 0205107 0205437 0700321 1706450 1512909 1521827 0052191 1609817 0003594 0332197 0439070 0443318 1689985 1705160 0015295 0021920 0162326 0205369 1552740 0282637 0449774 1518422 0557651 1704788 2603343 3539106
 0002778 0936012 1524024 0052191 1609817 0314604 0003594 0017337 0086418 0332256 0439070 1705160 2700400
 0017258 1555715 1704332 0314604 1430347 1445865 0012931 0012854 0002778 0040669 0936012 1273517 1524024
 0332255 1708096 0868946 1519179 1854580 0066198
 0596988 1707531 0868946 1706214 0032136 0849355 1883720 3244314 0021853 1708548 0332283
 0012931 0012854 0205200 1514485 0282560 0007634 3282337 0005507 0243073 1510438 0008169 0884358
 1274040 1546471 2825142 0205177 0439167 0441655 0444504 0449450 1561536 2347634 2348143 1519179 1854580 0080103 0205345 1547039 0008169 0001068 0001390 0008168 0021853 1301820 1708548 3541314 0205171 0439044 0679994 0040669
 1533716 0470187 0040627 2826298 0079613 1521761 2827422 0442043 2362314 0449774 0226890 1280750 0014609 0449719 1709471 0005507 0243073 1510438 1515655 1514873 1883351 0449381
 0004457 0999597 1522496 0205448 1428114 0205447 0442043 2362314 0027552 0686904 1883351 0750591 0220825 0017337 0185117 0282641
 0282637 1881379 0227276 0007634 1269647 1704653 1948049 1136335 0038250 0007634 0242767 1186763 1441547 3245521 3282337 0002055 0178499 1880192 1880279 0487470 0332490 1880192 1706214 3244320 0032659 1257890
 1881379 0205197 1709697 2728259 3484370
 0227276 0007634 3282337 0205104 0205615 0600210 1533574 1881827 0002055 0178499 1880279 1880192 0682610 0506994 0007634 3282337 0524979 0007634 3282337 0205615 0175723 0205128 0232902 1880192 0227266 1519988 1710706 2827057 0227266 1519988 1710425 3282898 0007589 1511938 2945687 0237849 0205449 0376691 1709697 2728259 3484370 1881379 0205197 0439228 0450348 1709697 2728259 3484370 0004457 0013303 0020885 0999597 1522496 1548673 0017262 0017337 0185117 0449475 0007634 0007613 0031843 0220825 0332307 0542341 0700205 1269647 1547052 1704653 1705273 1948049 1301808 1442792 3148680 0007634 1269647 1704653 1948049 0683454 0021966 0221138 0733755 0450429 1515974
 1948052 1273517 0025936 0003069 0025914 0025929 0026809 0007600 0007635 0024779 1706473 1517331 0086222 0332256 2700400 0017258 1555715 1704332 0314604 1883351 1280500 0227266 1519988 0004457 0999597 1522496 1883351 0028589 0443264 0205177 0439167 0441655 1561536
 0040669 0040704 0205374 0005507 0243073 1510438 1524063 0332255 0486805 0028630 1441547 3245521 0314604 0017337 0012238 0205409 1548221 2349986 0012906 0014442 0014445 0443288 0349966 1337208 1547282
 0684192 0332255 0486805 1272693 2746065 0012888 2257063 0332255 1708096 1524062
 0012854 0008169 0001068 0001390 0008168 0021853 0868946 1519179 1708548 1854580 3541314
 0008169 0001068 0001390 0008168
 0554249 0041740 0332256 2700400 0314604 0003592 0017337 0021853 0028630 0086418 1708548 1366498 0008169 0017339 0314613 0001068 0001390 0008168 0017337 0521009 1517892 1704666 0032136 1883708 0007704 0055134 0007703 0007886 0008203 0178587 0439182 0596019 0812409 1998793
 0007600 0007634 0205132 1269647 1704653 1948049 0040278 0019633 2713035 0040300 0332307 0596070 1301820 1516698 1547052 1547928 1704814 0009458 0325564 0392747 0439536 1314677 1551720 1705217 3244283 0015965 0229671 0230445 0521457 1305418 1546774 1550100 0242295 1947943 2348609 0018873 0009458 0205224 0439536 0547040 1524031 1705217 2945599 3244283
 0007634 3282337 0032167 0005971 0020498 1139930 3537155 0033727 0369286 0441932 0564385 1439852 0004178 0678214 0332256 2700400 0001861 3536832
 0205173 3539942 1139930 0022885 0032136 0039593 0392366 0439267 0439267 0439267 0205054 0521447 1521761 2827422 0205054 0521447 1521761 2827422 0032136 0007634 3282337 0017861 0033727 0036974 0369286 0441932 0564385 0040669 1512335 0033727 0369286 0441932 0564385
 0016955 0005507 0243073 1510438 0008169 0884358 1552738 1265611 0008169 0001068 0001390 0005507 0008168 0243073 1273517 1510438 0205163 0439185 3244092 0185117
 1151952 1151922 0205177 0439167 0441655 1561536 1707455 0439165 1549488 1561533 0008168 0003592 0021853 0439070 1301820 1705160 1708548 0332256 2700400 0012931 0012854 1514798 0008169 0001068 0001390 0008168 0021853 1301820 1708548 3541314 0243148 1550141 1882979 2587213 3274648 0162326
 0079411 3146294 0332256 2700400 0441587 1743766 1883719 0028630 0332529 0314604 0017337 0015295 0021920
 0012854 1273517 1883351 0030761 0545798 0021853 1708548 0600436 0002055 0066198 0178499 1519179 1524062 1709450 1854580 1880279 0332255 1708096 0332256 2700400 0052191 1609817 0314604 0003594 0017337 0028630 0086418 0439070 1705160
 0205145 1515974 2825164
 0032136 0020283 0021853 0066198 0450407 0450408 0450409 1708548 0205396 1550043 1551388 0332256 2700400 0332255 1708096 0449738 0040649 1555715 1704332 0052181 0008653 0008633 0349966 1337208
 0600436 0002055 0066198 0178499 0439083 0439087 1524062 1709450 1880279 0332255 1708096 0052191 1609817 0003594 0028630 0439070 1705160
 1517891 0012854 0020283 0021853 0066198 0450407 0450408 0450409 0868946 1708548 0032136 0020283 0021853 0066198 0450407 0450408 0450409 1708548 0205396 1550043 1551388 0332255 1708096 0052191 1609817 0029266 0043194 0258432 1421478 1521805 1704322 1704972 3539923 0021853 1708548
 0813036 0020283 0021853 0066198 0450407 0450408 0450409 1708548 0011516 0391871 1283071 1998793 0029974 0029045 0232904 1301820 0015780 0086287 1254211 1260875 0024554 0086582
 0263541 0332256 2700400 2827421 0012854 0039259 0205396 0419358 0868946 1550043 1551388 1710133 0005862 1148472 0012854 0332255 1708096 0205145 0231448 0439792 1515974 1519179 1854580 2825164 0015295 0314604 0017337 0600436 0002055 0178499 0205145 1515974 1709450 1880279 2825164 0015295 0030761 0443211 1272684 1314677
 0003062 0337189 0441239 2718082 1511572 0023693 1515981 0342895 0012155 1442959 1519433 2983588 1879743 3538743
 1880022 0005862 1148472 0002778 0392762 0750572 0936012 1524024 1710133 0012854 0025936 0003069 0025914 0025929 0026809 1521827 0030761
 0035668 0023884 0205409 0736268 1278929 1548221 2346688 0458956 0458953 0021852 0442048 1268998 1519375 0021853 0205107 0205437 0700321 1708548 0006104 1269537 1524063 0008238 0205266 0872403 1947912 0013856 0521093 0596607 1706746 0449774 0040300 1439852 1704788 3539106 0439267 0035668 0041119 0033727 0369286 0441932 0564385 0450355 0450385 0370003 2347026 1883708 0018364 0020289 1148844 0030016 0530908 0950373 1417734 0014241 0035541 0035542 0868946 1413227 1719918 0086045 1446561 0439267 0439445 0439526
 0443286 1114821 1514468 0936012 0596607 0071500 0017243 0071499 1382104 0332256 2700400 0041942 0332283 0004400 0005507 0180860 0243073 0392762 0581406 1510438 1522664 1704449 1704684 1875155 0750480 1705566 0450355 1316572 1317574 1369612 0947630 1711411 0182400 1704681 2347609 3536729 1518422 0332255 1708096 0025936 1517914 1513853 0003069 0023884 0025914 0025929 0026809 0736268 1278929 1439852 1518422 2346688 0021853 0035668 0037179 0087136 0205171 0947630 1441616 0439227 0025936 0003069 0025914 0025929 0026809 1514756 0021493 0021485 0442120 1272883 1533685 1828121 0006233 0011535 0178602 0869039 1114758 0560741 1508277 0333746 0005910 1305866 0043100 0242821 0460148 1268086 1705104 3495433 0011535 1719918 0178602 0869039 1114758 0439272 0022718 0439209 0439269 1960952 2346927 0007634 3282337 0205390 0205548 0681205 1268998 1318303 0021852 1519375 0849355 1516835 0028778 0332206 1417861 1533157 1706084 2828370 2987294 0053963 1879896 0016382 0037633 0525069 1883708 0016184 0442504 1704765 1882509 3496241 0033727 0369286 0441932 0564385 2348236 0005903 0039476 1547703
 0021853 1708548 1548982 0040223 1632851 0175566 0184898 2338258 0004457 0999597 1444754 1522496 1706316 0522487 0442504 1704765 1882509 3496241 0016533 0452627 0085185 0030415 1707903
 0205155 1293097 1522472 1552923 1705191 0000925 1883724 1883708 0062230 0011198 0017480 1524112 3541240 0325045 0036397 0022237 0043047 0599638 1550678 0006353 0233660 0332206 1720830 1823521 0991865 0006353 0031603 0031701 0036082 1601799 2827734 2981698 0560267 0036774 0036773 0728877 0001924 0007452 0229671 1140701 1546774 1550100 1719918 0349375 0026131 0349374 0444318 2825079 0146951 0133689 0242759 0702093 2348236 0005903 0039476 1547703
 0020960 1720119 1948037 2827734 2981698 0006353 0233660 0332206 1720830 1823521
 0020960 0332257 3538986 0021853 1708548 0331828 1999230 0019994 1510665 0035487 1512909 0021853 1708548 0041740 0034493 0036751 0683758 0008328 1413167 1709915 1882936 0022877 1619828 0026794 1416945 3541379 0332282 0444330 1548982 1720830 1823521 0332283 0006353 0233660 0332206 1720830 1823521
 0003313 0442726 1511790 1524063 0229671 1151254 0021853 1708548
 0079240 1948037 2827734 2981698 0229671 1151254 1512909 0021853 1708548 0036751
 0079240 1948037 2827734 2981698
 0003241 1301820
 0005575 1708632 2700256 1524063 0812225 1150635 1705212 1705213 3273202 2316368 0040300 0185125 1547928 0205155 1293097 1522472 1552923
 0003313 0442726 1511790 1524063 0075278 1719918 1300565 0439526
 0009932 0243148 0681814 1550141 1882979 2587213 3274648 0443289 0021966 0221138 0003241 0027627 0175668 0205436 0456148 0549184 1708632 2316368 0040300 0332297 1145667 1167622 1547928 1689898 2349209 0205155 1293097 1522472 1552923 1705191 0332197 1689985 0003241 0021027 0229671 0392148 1151254 0040300 0332441 0205307 0439166 0456148 0549184 2347086 1947971 1710082 0003592 0021853 0086418 0229671 1151254 1439852 1708548 0332283 0003241 0021027 0027627 0175668 0205436 1522485 1708632 0439070 1705160 0079240 1948037 0021853 1708548 1719918 0020960 0205197 0028778 0332206 2983591 0085732 0014597 0282637 0007634 0017189 0221908 0699819 1269647 1704653 1948049 1881379 0025914 0025929 0026809 0282641 1511726 3245479 1518422 1547282
 0205155 1293097 1522472 1552923 1705191 0283960 0001804 0037733 0060520 0124209 0206359 0947608 1262902 1439852 1708632 3257531 0037733 1262902 0017890 0522461 0086045 1446561 1300565 0439526 1301820 1719918 0037791 1511884 0037791 1511884 0227276 0007634 3282337 0442711 1507394 1522729 2348563 0283960 0001804 0037733 0947608 1262902 3257531 2348205 0332300 0349375 0026131 0349374 0444318 2825079 0006353 0233660 0332206 0750563 1720830 1823521 0205155 1293097 1522472 1552923 1705191 0023206 1439852 0033727 0369286 0441932 0564385
 0441648 1720830 1823521 0332283 0205447 0441648 1720830 1823521 0449878 0017861 2827734 2981698 2827734 2981698 0560268 2349105 0332256 2700400 0439084 0728893 0740116 2827735 2981700 0028822 1719918
 0449913 1553451 1704459 0018017 0020940 0023317 0023318 0028908 0038561 0996842 1278892 1517288 1571702 2827727 1273517 1883351 0034606 0441633 2826292 0205155 1293097 1522472 1552923 1705191
 0205155 1293097 1522472 1552923 1705191 1552738 2986582 0441633 1524063
 2828366 0007634 3282337 1442449 0332173 0439228 0439505 0205200 0442711 1507394 1522729 2348563 1552738 0332255 1708096 0017337 0052191 1609817 0332256 2700400 0205177 0439167 0441655 1561536
 0332255 1708096 1883708 0012238 2349986 0011516 0205145 0205447 0444930 1708632 2746065 0045186 1524063 0012888 2257063 0332255 1708096
 0182400 1704681 2347609 3536729 0028589 0949374 0060916 0086376 0033684 0205430 0439267 0521447 3160715 0007600 0007635 0036774 0036773 0728877 1639518 1947986 0205160 0243148 1513916 1550141 1882979 2587213 2825415 2825491 3274648 0449468 1690016 1705102 2700258 0019215 1882074 0020283 0450407 0450408 0450409 0016071 0012789
 0332282 0030016 1417734 0020289 1719918 1426700 1521827 0439265 0086045 0205088 0439148 1446561 1519795 1524062 1546485 1704753 1880519
 2348236 0005903 0039476 1547703 0443286 1114821 0037633 0525069 1272691 1883712 0332256 2700400 0041175 0077281 0814229 0020283 0450407 0450408 0450409 0013618
 0439211 0439267 1883708 1524062 0443286 1114821 0450385 1439852 0456693 1442458 0702093
 0439962 0185115 3541890 0008238 0031428 0070570 1720725 1948050 0028606 0001128 0007610 0001962 1882443 0013343 1708715 0013855 0681850 1550501 1706203 2349001 2697811 0071500 0017243 0071499 0332256 2700400 0041942
 0028952 0028953 0182400 0052191 1609817 0033413 0003594 0086860 0439070 1705160 0017446 0205147 0011519 0011522 0012238 0021853 1708548 2349986 0028589 1883254 0444930 2746065 1708632 1524063 0045186 0012888 2257063 0332255 1708096
 0021853 1708548 0028630 0314604 0017337
 0028630
 0205195 1947911
 1704972 1704973 0004793 0028953 0162326 0162327 1519249 0332283 1719822 0021853 1708548 0439084 0728893
 0439084 0728893
 0439084 0728893 0028630 0392747 0443172 0028953 0282413 0349966 1337208 1882932 0028630 1167624 1273517 1947902 2827499 1285529
 0443286 1114821 0884358 1552738 0005507 0243073 1510438 0332300 0060916 0086376 0720544 0439267 1273517 0449468 0332302 0012854
 0028953 0182400 1704681 2347609 3536729 0332257 0443286 1114821 3538986
 0439962 2348236 0005903 0039476 1439852 1547703 0702093 1514468 0013862 0071500 0596607
 0005507 0243073 1510438 0041740 0036825 1304893 0229671 1151254 1417834 0036378 0036375 1524062 0037633 0525069 0702093 1439852 1524062 0596607 0013855 0017243 1382104
 0002778 0936012 1524024 0314604 0017337
 0332255 1708096 0444930 2746065 1708632 0036774 0036773 0728877 1518434 2828366 0028589 0949374 1514485 1521827 0007634 3282337
 1707455 0017337
 0205146 0013879 0021853 1708548
 0733755 0013879 0021853 1708548 1547282 0042789 1947903 1527021 1554111 1705606 3541382
 0598490 0002778 0936012 1524024 1524063 0021853 1708548 0052191 1609817 0314621 0003594 0017337 0086860 0332256 0439070 1705160 2700400
 0028953 0013879 0021853 1708548 1883254 1527121 0087044 0103404 0033684 1439852 0028589 0205200 1521827 1514485 0018873 0740116 2827735 2981700 0439086 2827736 2981702 1882932 0439855 1704241 0205431 2828366 0439855 1704241 0205369 1552740
 0175723 0205369 1552740
 1979886 1273517 0005507 0243073 1510438 0332256 2700400 1518434 0521447 2828366
 1273517 0021853 1708548 0028953
 1979886 0042789 1947903 0025664 0184661 2700391 1518434 0205430 0521447 3160715 1552738
 0596988 1524084 0740116 2827735 2981700 0026882 0740116 2827735 2981700 0026882
 1518434 0521447 2828366 0282560 0007634 3282337 1979882 0028953 0205173 1439852 1705764 1705765 0013879 0021853 1705248 1708548
 0205369 1552740 0205369 1552740 1417834 0003241 1883708 1524062 0549178
 0939261 1588750 0487261 0003241 0021027 0205054 0521447 1521761 2827422
 0013879 1705248 0017262 0017337 0185117 0040669 0040704 0205374 0005507 0243073 1510438 0884358
 0332255 0486805 1547282 1883351 0028630 0522505 0442504 1704765 1882509 3496241 0314604 0017337 0008169 0001068 0001390 0008168 0335038 1522485 1705915 1709908 1517892 1704666 0008169 0001068 0001390 0008168 0032136 1524063 0040669 0040704 0086418 0205374 0443211 0682610 1272684 1273517 0007600 0007634 0205132 1269647 1550648 1552960 1704653 1948049 0007600 0014597 0007634 0205132 0221908 1269647 1550648 1552960 1704653 1948049 0018873 0007600 0007634 0205132 1269647 1550648 1552960 1704653 1948049
 0040669 0007634 0884358 1514485 3282337 0205200
 0947630 0443211 1272684 0314604 0017337 0282560 0007595 0007634 3282337 1883712 0052191 1609817 0003594 0439070 1705160 1424630 1708579 0442805 0282560 0007634 3282337 0349966 1337208
 0600436 0002055 0028630 0066198 0178499 0332255 0439083 0439087 1708096 1709450 1880279 1711300 2700613 0442805 0332462 1880834
 0028630 0700364 1442161 1511760 1880274 1280500 2348382 0349966 1337208
 1280500 0028630 0205369 1552740
 0442805 0018873 0007634 3282337 0003592 1424630 1708579 0205171 0439044 0679994 1511726 3245479 1518422 1547282
 0947630 0521093 0750484 1456348 0013879 0332298 2587213 0017262 1861886 0017337 0185117 0243148 1550141 1882979 2587213 3274648 0185117 1515655 0237753 0449788 3146294
 0205132 0443211 1272684 2827421 0028630 0332529 0314604 0017337 0015295 0021920 0332283 0600436 0002055 0028630 0178499 0332255 0332256 1708096 1709450 1880279 2700400 0314604 0017337 0029266 1704322 1704972 3539923 0017337
 0205447 1548681 0002778 0936012 1273517 1517331 1524024
 0030761 0028630 0332268 0439849 0443211 0445223 1272684 2827421 0052191 1609817 0003594 0439070 1705160 0683454 0021966 0221138 0017337 0162326 1882932 0332256 2700400 0600436 0002055 0013879 0028630 0178499 0439083 0439087 1705248 1709450 1880279 1711300 2700613
 0205132 1550648 1552960 1548682 0002778 0936012 1273517 1517331 1524024
 0030761 1273517 1514811 1706462 0680022 0332256 2700400 0085201 0003592 0021853 0028630 0086418 1708548 0015295 0021920 0600436 0004793 0002055 0178499 1709450 1880279 0035696 0680022 0332256 2700400 0085201 0003592 0021853 0028630 0086418 1708548 0015295 0021920 0332283 0028630 0314604 0017337 1316572 1317574 1369612 0035696 0021852 1268998 1519375 0002778 0936012 1524024 1517914 0023884 0736268 1278929 2346688 0021853 1708548 0006104 1269537
 1514861 1882932 1273517 1883351 0025914 0025929 0026809 0205132 0185117 0282641 0023884 0736268 1278929 2346688 0185117 0282641 0021852 1268998 1519375 1548681 1548682
 0035711 0036025 0043392 0043393 0717551 1537998 0007634 0035668 0178539 0439175 0439810 2717940 0007634 0205200 0205409 0332173 0439228 0439505 0687676 1548221 1704687 3282337 2347109 0007634 0035668 0178539 0439175 0439810 0023884 0205409 0736268 1278929 1548221 2346688 0458956 0458953 0021852 0442048 1268998 1519375 0021853 0205107 0205437 0700321 1708548 0006104 1269537 0205132 0025936 0003069 0025914 0025929 0026809
 0035696 0332255 1708096 0336721
 0025914 0025929 0026809 0030761 0205450 0035696 0450354 1706096
 0678587 0683927 0205361 0441889 1301808 1442792 3148680 0035668 0001675 0030761 0680022 1706450 1521827 2348205 1511726 3245479 1518422 1547282
 1518422 0868928 1706255 1706256 0678587 0683927 0205361 0441889 1301808 1442792 3148680 0001779 0001792 0205132 0205450 0680022 1999167
 1514721 2348147 3542016 0022378 1278922 2348205 0025936 0001675 0003069 0025914 0025929 0026809 1441672 1706450 0028630 0052191 1609817 0003594 0439070 1705160 1707455 1548681
 1442161 1511760 1880274 0052191 1609817 0003594 0439070 1705160 0004793 0162326 0162327 1519249 0183683 1521721 0185117 0021852 0185117 0022378 1278922 1280500 2348382 0023884 0736268 1278929 2346688
 0301630 0392756 0441610 1518422 1280500 2348382 0449682 1705686 0001675 0003069 0030761 0205448 0680022 1441672 1706450 1511726 3245479 1518422 1547282
 0185117 0205132 0450354 1706096
 0037179 0087136 0205171 0038951 0004927 1883351 1707455 0851827 1701901 3244310 0007589 0449774 0449774 0185117 0017337
 0001675 1706450 0332256 2700400 0021853 1708548 0227266
 0033684 0014597 1273342 0677646 0007634 0221908 3282337
 0580327 0003241 0557651 0947630 2603343 1512909 0003592 0021853 0025914 0025929 0026809 1708548 0439851 1947931 0005516 0026794 1416945 3541379 0023206 0283960 0001804 0037733 0947608 1262902 3257531 0017906 0001675 0680220 1706450 1519373 2924433 0506994 0814997 0007634 3282337 1444656 3274651 1881379 0332256 2700400 0441889 1511726 3245479 1518422 1547282
 0002778 0936012 1524024 0443289 0028630 0028630 0017262 0185117 1514485 0014597 1273342 0677646 0007634 0221908 3282337 0682610
 0449774 0004457 0999597 1522496 0025914 0025929 0026809 0030761 0052191 1609817 0003594 0017337 0028630 0332256 0439070 1705160 2700400 1548681 0052191 1609817 0003594 0017337 0028630 0332256 0439070 1705160 2700400
 0205155 1293097 1522472 1552923 1705191 0052191 1609817 0003594 0439070 1705160
 0205155 1293097 1522472 1552923 1705191 0034493 1439852 0025914 0025929 0026809 0229671 1151254
 0003313 0060520 0124209 0206359 0234621 0324145 0522529 0034493 0229671 1151254
 0066198 1512909 0021853 1708548 0227266 0332281 0682610 1519988
 0033684 0205397 0018042 0332281 0699040 0007634 0243111 1947951 3282337 1179187 0920995 1515981 2330124 2700402 0558058 0036536 0036537
 0205155 1293097 1522472 1552923 1705191 1547282 0520511 1704711 0682610 1179187 0920995 2330124 2700402 1880192
 0274281 0332157 0066198 1547282 0185117 0021853 1708548 0227266 0221205
 0021853 1708548 0750489
 0441833 1999270 3537156 0016327 0439133 1553038 1522424 0025914 0025929 0026809 0052191 1609817 0003594 0439070 1705160 1514756 0021493 0021485 0442120 1272883 1533685 1828121 0681205
 0205155 1293097 1522472 1552923 1705191 0003592 0018019 0021853 0086418 1265549 1439852 1510458 1708548 0229671 1151254
 0003313 0018019 0229671 0234621 0324145 0522529 1151254 1265549 1510458 0075278
 1514485 0677646 2963400 0007634 3282337 0229671 0442726 1151254 1511790 0487602 1704680
 0205155 1293097 1522472 1552923 1705191 0003592 0021853 0086418 0229671 1151254 1708548 2986582
 1316572 1317574 1369612 0520511 1704711 0004457 0999597 1522496 0205280 0001779 0001792 0025914 0025929 0026809 1441672 1999167 0030761 0042789 1947903
 0274281 0332157 0021853 1708548 0440277 0475654 1313858 1514485 0332583 0014597 1273342 0677646 0007634 0221908 3282337
 0369637 0441923
 0947630 0021852 1268998 1519375 0025914 0025929 0026809 1705535 0038250 0870134 0301868 0332283 1719822 0205447 0600210 1533574 1881827 1880192 2827057 1710425 3282898
 1704259 1705987 0007634 3282337 0205265 0205171 0439044 0679994 0332283 0439861 0036751 0332283 0036534 2752584 0205171 0439044 0679994 0036751 0205171 0439044 0679994
 1704259 1705987 0007634 3282337 0061355 1333664 0014361 0332283 0017151 0017687 0030956 0332287 0376180 0876232 0332283 0017151 0332287 0376180 0036534 2752584 0205171 0439044 0679994
 1704259 1705987 0007634 3282337 0205171 1720467 0017132 0030956 0038351 1704242 3463820
 0036751 0007634 3282337 1257890 0947630 1524063 0036751 0229671 1151254 0443289 0524979 0007634 3282337 1518422 0332256 2700400 0441889 1511726 3245479 1518422 1547282
 0002778 0936012 1524024 1444656 1880389 1883221 3541951 0001675 1706450 0025921 0025922 1511406 0025914 0025929 0026809 0227266 0231448 0332281 0439792 0682610 1519988 0013303 1278921 0022378 1278922 0013303 1278921 0022378 1278922 0020885 1278923 0557651 1704788 2603343 3539106 0444598 0549183 1552826 0205108 0458953 0021852 1268998 1519375 0021853 0205437 0700321 1708548
 0332256 2700400 0013879 1705248 0028630 0021853 1708548 0227266
 0449774 0004457 0999597 1522496 0393040 1176299 1512909 0003592 0021853 0025914 0025929 0026809 1708548
 0017337 0282641 1514485 0013303 0014597 1273342 0677646 0007634 0221908 3282337 0349966 1337208 0016327 0439133 1553038
 0430389 0023693 0205288 0947630 1306462 1881376 1524063 0026794 1416945 3541379 0283960 0001804 0037733 0947608 1262902 3257531 0231175 1883351 0442726 0021853 1708548 0227276 0007634 3282337 0506994 0439178 0007634 0023206 1446409 1514241 2825490 3282337 1511726 3245479 1518422 1547282
 0036751 0524979 0007634 3282337 0282641 0349966 1337208
 0007634 3282337 1518422 1265611 0025936 0003069 0025914 0025929 0026809 1316572 1317574 1369612
 0242842 0205288 0947630 0185117 0036751 0524979 0007634 3282337
 0205155 1293097 1522472 1552923 1705191 0052191 1609817 0003594 0439070 1705160 0003592 0018019 0021853 0086418 1265549 1439852 1510458 1708548 0229671 1151254
 0003313 0234621 0324145 0522529 0018019 1265549 1510458 0229671 1151254
 0066198 0021853 1708548 0332120 1179187 0920995 1515981 2330124 2700402
 0205219 0487602 1704680
 0449911 0205234 0444660 1547282 0036751 0229671 1151254 2986582
 0524979 0007634 1269647 1704653 1948049 0332120
 1704254 1704922 3542466 0185117 0036751 1269775 0221205 0332583
 0369637 0441923
 0185117 0014597 1273342 0677646 0007634 0221908 3282337 0185117 0036751 0524979 0007634 3282337 0332256 2700400 2827421 0314604 0017337
 0520511 1704711 0004457 0999597 1522496 1514861 1882932 0007634 3282337 0030761 0025914 0025929 0026809 1441672 0205171 1720467 0332256 2700400 0028630 0349966 1337208 0016327 0439133 1553038 1511726 3245479 1518422 1547282
 0038951 1444656 0025914 0025929 0026809 1518422 0021853 1708548 0282637 1881379 0506994 1511726 3245479 1518422 1547282
 1883357 2607943 2926606 3539655 0683607 1883351 0917903 0052191 1609817 0314604 0003594 0017337 0028630 0086418 0439070 1705160 0332256 2700400 1516561 0162326 0205410 0439851 1947931 0449774 0314604 0017337 0682610 0025936 0003069 0025914 0025929 0026809 0393040 1176299 1512909 0003592 0017337 0021853 0025914 0025929 0026809 0205227 0205266 1554187 1708548
 0028630 0332268 1516561 0162326 1260953 0185117 1514485 0014597 1273342 0677646 0007634 0221908 3282337 1515981 1257890 0036751 0524979 0007634 3282337
 1710252 2954564 0185117 0524979 1518422 0017446 0205147 1882932 0028630
 0013879 0052191 1609817 0003594 0028630 0086418 0332256 0439070 1705160 2700400 1145667 1167622 1518434 2828366 1521827 0332173 0439228 0439505 2584321 0205200 0052191 0600436 1609817 0002055 0003594 0178499 0332255 0439070 1439852 1705160 1708096 1709450 1880279
 0947630 1524063 0021853 1708548 1444656 0205145 0033684 0150312 0449450 2828366 1553637
 0205145 1515974 2825164 0028630 0231448 0439792 0021853 1708548 0028630 0205145 1515974 2825164 1711300 2700613
 0021853 1708548 0028589
 1518422 1553637
 0086418 0017337 1547282 0441889 0449286 0542560 1561545 2348088 0205101 1518422 0205145
 0162326 1273517 1883351 1552603 1706202 0242356 0993637 0002055 0178499 1511726 1880279 3245479
 0021853 1708548 1547282 2348205 0079160 0004793 0162326 0162327 0376298 1519249 0012591 0205341 0439851 1547730 1705914 1947931 0237753 0439828 0449788 0028630 0439084 0728893
 0004793 0162326 0162327 1519249 1514562 0028630
 1710052 2348205
 0028953 0013879 0021853 1708548 1883708 1883254 1527121 1518434 0521447 1439852 2828366 0018873 0282560 0007634 3282337
 0021853 1708548 0678713 0012854 0728990 1273517 1514575 1705542 0348078 0376315 2828366
 0439855 1704241 0349966 1337208 1553638 0205369 1552740
 0348078 0376315 0028630 1553638
 0348078 0376315 1273517 1553638
 0028778 0332206 1533157 1706084 2828370 1706853 1879748 0028589 0021853 1708548
 0021853 1708548 0028778 0332206 1533157 1706084 2828370 0220781 0439634 1522492 0348078 0376315 1145667 1167622 0028589
 0796357 0002778 0936012 1524024 0443289 0205448 0220781 0439634 1522492
 0045143 1883254 0439267 0392747 0443172 0042789 1947903
 0028630 1705285 0439855 1704241 1518422 0205431
 0680022 1547282 1883351 1314939 0017262 1445865 0017337 0185117 0596608 0949632 0017243 0333051 0425245 0449580 1382104 2347509 0005507 0243073 1510438 0884358 1524063 0003241 0205054 0521447 1521761 2827422 1417834 0087044 0103404 0815047 0003591 0033684 0220905 1704735 1518434 0521447 2828366 0021853 1708548 0439855 1704241 2347469 0205431 0013879 1705248 0033684
 0939261 1588750 0348078 0376315 1522492 1518434 0521447 2828366 0205054 0521447 1521761 2827422 0392148 0205054 0521447 1521761 2827422 0033684
 0439855 1704241 1518422 0003241 0021027 0392760 0455052 1314939 1521827 1883712
 0456148 0549184 1704241 1417834 0087044 0103404 0815047 0003591 0033684 0220905 1704735 1883712
 0947630 0013879 0884358 1705248
 0205054 0521447 1521761 2827422 1417834 0087044 0103404 0815047 0003591 0033684 0220905 1704735 0205431 1439852 2828366 1511726 3245479 1518422 1547282
 0884358 0040669 0040704 0205374 0005507 0243073 1510438 1280500 0185117 0205200 1514485 0282560 0007634 3282337
 1293116 1875307 0007634 3282337 0332256 2700400 0008169 0001068 0001390 0008168 0332281 0332462 0442805 1880834 1151952 1151922 0205177 0439167 0441655 1561536 0008169 0349966 1337208
 0442805 0558058 1704675 1552738 0005456 0682969 0205145 0243122 1145667 1167622 1515974 2825164 0028630 0314604 0017337 0032136 0007634 3282337 0332256 2700400 0021966 0221138 0021853 1708548 0008169 0085202 0001068 0001390 0003592 0008168 0021853 1708548 1517892 1704666 0021853 1708548 0013879 0205171 1705248 1720467 2825407 0008169 0001068 0001390 0003592 0008168 0021853 1708548 1517892 1704666 1151952 1151922 0205177 0439167 0441655 1561536 0008169 0205217 0442805 0332462 1880834 0008169 0001068 0001390 0003592 0008168 0021853 1707455 1708548 0349966 1337208
 0442805 0052191 0600436 1609817 0002055 0003594 0178499 0332255 0439070 1705160 1708096 1709450 1880279 1705242 0600436 0002055 0178499 0332255 0439083 0439087 1708096 1709450 1880279
 0021853 1708548 0600436 0002055 0178499 1709450 1880274 1880279 2827421 0205342 1518422 1441672 0349966 1337208
 1280500 2348382 1514559 1301751 1280500 2348382 0018873 0007634 3282337 0332256 2700400 0012854 1511726 3245479 1518422 1547282
 1883712 0332255 0486805 0008169 0001068 0001390 0001483 0001486 0008168 0086860 0205087 0205164 0335038 1522485 1552907 1705915 1709908 2827421 1517892 1704666 0040669 0040704 0205374 0005507 0243073 1510438 1151952 0008169 1151922 0001068 0001390 0008168 0205177 0439167 0441655 0884358 1552738 1561536 0205217 0442805 1709305 1511726 3245479 1518422 1547282
 1280500 2348382 0185117 0021853 1708548 0282560 0007634 3282337
 0032136 0032136 0332256 2700400 0052191 1609817 0003594 0028630 0086418 0439070 1705160 0021853 1708548 0596988 0042789 1947903 0349966 1337208 0008169 0001068 0001390 0003592 0008168 0021853 1708548 1517892 1704666
 1274040 1546471 2825142 0205177 0439167 0441655 0444504 0449450 1561536 2347634 2348143 1519179 1854580 0080103 0205345 1547039 0008169 0001068 0001390 0008168 0021853 1301820 1708548 3541314 0205171 0439044 0679994 0040669
 1883357 1511726 3245479 1705535 0243122 1145667 1167622 0028630 0442805 0040649 1704675 0028630 0085732 1880177 0052191 1609817 0003594 0439070 1705160 0439851 1947931 0017262 0314604 1417166 0017337 0185117
 0750541 1518422 1704675 1514873 1442162 1550718 3244317 0884358 2947996 0031843 0542341 0700205 1705273 1515655
 0021853 0185117 1514873 1515655
 1518422 0700364 1883351 1145667 1167622 0205054 0521447 1521761 2827422 0085732 0013879 0021853 1705248 1708548 0243122 1145667 1167622 0028589 1705535 0205145 0205214 1522138 3245511 0040648 0040649 1521761 2827422 0005456 0682969 0243122 1145667 1167622 0243122 1145667 1167622 0205145 1515974 2825164
 0557061 2584313 2825142 1517586 1274040 1546471 0449450 0684224 0700287 3273238 0017262 0185117 0851827 1701901 3244310 0086860
 0314604 0017337 0227525 0682610 0052181 0003592 0227266 0332281 0682610 1519988 0439509 0439611 0947630 0025936 0003069 0025914 0025929 0026809 0004927 0185117 0392148 0052191 1609817 0003594 0017337 0439070 1705160 1880389 1883221 3541951 0086222 0086222 0017446 0205147 0733755 3242339 1883351 1280500 2348382 0185117 1708726 0683454 0021966 0221138 1882932 0525013 0023953 0017446 0205147 0243148 1550141 1708726 1882979 2587213 3274648
 1516048 0085732 0028630 0052191 1609817 0003594 0439070 1705160 0439851 1947931 0851827 1701901 3244310 0449774 0017262 1416522 0017337 0185117
 0004793 0600436 0002055 0162326 0178499 1709450 1880279 1879547 0220781 1883254 2936320 0282637 1881379
 1521970 1706388 2346469 2348519 0017262 0017337 0185117 0021852 1268998 1519375 0021853 0700321 1708548 0025936 0003069 0025914 0025929 0026809 1564097 0013879 0040649 0205245 0220905 0542341 0750729 0947630 1283195 1704735 1706473 2700217 0034987 0017337 0227266 0332281 0682610 1519988 0183683 1521721 0851285 1327622 0017262 0017337 0185117 1881379
 0205435 1279901 0013879 0700364 1883351 0243148 1550141 1882979 2587213 3274648 0185117 0227266 1519988 1704711 1880192 0004457 0999597 1522496
 0205238 1173118 1705674 0751455 0017337 0078741 0163315 1333524 0060095 0684153 1335665 1333524 1706127 0751455 0017337 0288613 1414515 1334805 0288613 1414515 0314604 0017337 0449774 0700364 1883351 1504308 0079613 1710252 2954564 1173118 1705674 1333524 1706127 0288613 1414515
 0683610 1514485 0014597 1273342 0677646 0007634 0221908 3282337 0392148 1173118 1705674 1333524 1706127 0028941 1420044 0038634
 1879547 1880192 0332183 0332281 0185117 1548788 3537135 3542467 0282637 0007634 1269647 1704653 1948049 1881379
 1707520 0205435 1279901 1548602 1704686 0439792 1881379 1883351 2987476 0443228 1704243 0237753 0449788 0183683 1521721 0185117 0558058 0449286 0542560 0183683 1521721 0589507 1158830 1704686
 0185117 0599780 0678226 0013879 0332197 1504308 1689985 3146286 0079613 0282641 1145667 1167622 1336789 0007634 3282337 0282637 1881379 0227276
 0282641 0036849 1442518 1705195 0444706 0449770 1706778 1709305 1880192 2745955
 0025914 0025929 0026809 0332256 2700400 0314604 1533585 0017337 0557651 1552738 2603343 0025914 0025929 0026809 0332256 2700400 0028630 0034693 0034721 1333524 1706127 0169964 0376560 0037663 0018270 0019932 0086418 0220844 0335038 1522485 1621966 1705915 1709908 2911660 1517892 1704666 0282641 0205125 0205450 1515981 1881379 0332149 1705910 2362652 0032659 1257890 0677646 0183683 1521721 0185117 0282641 1524063 0242349 1274040 1546471 2825142 0678118 0026019 0007589 0013852 0034037 0040722 0205288 0242781 0947630 1511938 1521797 1704324 1707520 2945687 3463986 2984656 1136335 0450348 0025936 0025914 0025929 0026809 0038250 0007616 1524063 0007634 0017189 0204727 0205409 0220862 0242767 0699819 1186763 1273517 3282337 0680022 0335038 2700640 0033684 1704222 0017337 1514468 0439178 0683607 1446409 1514241 2825490 2347338 0036576 0205160 1513916 2825415 2825491 0079366 0007616 0007634 0016315 0237886 0700314 1269647 1704653 1879547 1947906 1948049 2348480 1515655
 1299586 1524063 0682610 0007600 0007634 0205132 1269647 1704653 1948049 0205177 0439167 0441655 1561536 1515655 0205145 1145667 1167622
 1707959 2348205 0013879 0522501 1705242 1979874 1516240 0183683 1521721 0185117 0282641
 1301808 1442792 3148680 0007589 1511938 2945687 0183683 1521721 0017262 0185117 0557651 2603343 0681814 0205132 1550648 1552960 0004927
 0205156 1552607 0557651 2603343 1707520 0449774 0004457 0999597 1522496 0025914 0025929 0026809 0441655 0007589 0205615 0282560 0007634 3282337 1705535 0007589 0205615 0007634 3282337 0014406 0682610 1282910 1880192 0733755 0227266 1519988 0700364 0025936 0003069 0025914 0025929 0026809 1704774 1704775 2347946 0040669 0040704 0205374 0947630 0004927 0007600 0205132 0836205 0014609 0017189 0699819 1441547 3245521
 2825232 0043227 0449719 1521721 1709471 0027468 0439267
 0010186 0220812 0449719 1709471 0220808 0680264 0007961
 1706852 0522501 1706089 0949214
 0205155 1293097 1522472 1552923 1705191
 1709854 0002458 0004083 0018787 0439849 0596070 0596306 0699792 1281570 1510825 1696107
 0282413 0376649 1442065 0022877 3244292 0025519 0025520 0041740 0108844 0027976 0205314 0027976 1879958
 0254343 0796520 3272379

 0085205 1549619 1880669
 0000723 1273517 0003591 0003591
 1417834 0087044 0103404 0815047 0003591 0033684 0220905 1704735 1417834 0087044 0103404 0815047 0003591 0033684 0220905 1704735
 0008169 0001068 0001390 0008168 0008169 0001068 0001390 0008168

 0012591 0205341 0439851 1547730 1705914 1947931 0012591 0205341 0439851 1547730 1705914 1947931
 0060520 0124209 0206359 0060520 0124209 0206359
 0023821 0023820 0178587 0205250 1299351 2700149 0023821 0023820 0178587 0205250 1299351 2700149
 0205054 0521447 1521761 2827422 0205054 0521447 1521761 2827422
 1720830 1823521 0991865 0006353 0031603 0031701 0036082 1601799
 0006233 0011535
 0600436 0002055 0178499 1709450 1880279 0600436 0002055 0178499 1709450 1880279
 0582519 1709450
 2986676 0242842 0205288 0947630
 1514811 1706462
 0033727 0369286 0441932 0564385
 1519179 1854580 0439114 0439267
 2603360

 0033727 0369286 0441932 0564385
 0369718 0441922 1553036
 1414400


 0025141

 0033727 0369286 0441932 0564385 0369637 0441923
 0439267 0402217 0033727 0369286 0441932 0564385

 0003850 0000857 0600678 1552863 1415618 1511325
 0023884 0736268 1278929 2346688


 0201682
 0252873

 1519179 1854580
 0205090 0684010 2603358
 0369637 0441923
 1418943

 0268596 2700624
 3642273

 1519179 1854580

 0000857 0600678 1552863 0252873
 0205090 0684010 2603358


 0439267 1519179 1854580
 0369637 0441923
 0349590 1262865 0025141
 1519179 1854580
 1511325
 0023884 0736268 1278929 2346688
 1418943

 0268596 2700624
 3642273

 1519179 1854580

 0332583
 0033727 0369286 0441932 0564385
 0205090 0684010 2603358
 0033727 0369286 0441932 0564385 0205090 0684010 2603358



 0017163 0025141 0597277 1708601
 1519179 1854580
 0597277 1708601
 0027960 0324740 0439189 1456781 1824986
 0007634 1269647 1704653 1948049

 0025141 0597277 1708601
 1553033
 0021853 1708548


 0201682


 1519179 1854580
 0597277 1708601
 0036397 0025141 0205090 0684010 2603358
 0023884 0736268 1278929 2346688 1519179 1854580
 0597277 1708601
 0027960 0324740 0439189 1456781 1824986
 0007634 1269647 1704653 1948049

 0000857 0600678 1552863 0999548 0016327 0439133 1553038



 0201682
 3538705 0205090 0684010 2603358 1519179 1854580 1519179 1854580
 0597277 1708601


 0201682
 0369718 0441922 1553036 0597277 1708601 1511325
 0023884 0736268 1278929 2346688

 2347379
 0000857 0600678 1552863
 0021853 1708548 0439267
 0597277 1708601






 0025141
 0021853 1708548 0369637 0441923
 0023884 0736268 1278929 2346688



 0025141 0033727 0369286 0441932 0564385


 0002808
 0025141 0439267
 0033727 0369286 0441932 0564385 0369637 0441923



 0007634 0439509 1269647 1704653 1948049 0025141 0597277 1708601

 0021853 1708548
 1418943

 0268596 2700624
 3642273

 1519179 1854580

 0000857 0600678 1552863 0033727 0369286 0441932 0564385



 0002808
 0025141 0033727 0369286 0441932 0564385



 0002808
 0025141 0033727 0369286 0441932 0564385


 0002808
 0025141 0033727 0369286 0441932 0564385



 0002808
 0025141 0597277 1708601
 0439482

 0021853 1708548


 0000857 0600678 1552863 0597277 1708601

 0021853 1708548



 0554249
 2603360 1511325
 0023884 0736268 1278929 2346688


 0201682
 0016327 0439133 1553038
 0443021


 0369718 0441922 1553036
 0003461 2939124

 0025141
 0016327 0439133 1553038 2603360
 0009017 0009015 0475311 0369718 0441922 1553036 1511325
 0023884 0736268 1278929 2346688

 2347379
 0450355 0000857 0600678 1552863 1519179 1854580
 0443058 2603360
 0597277 1708601

 0033727 0369286 0441932 0564385
 0021853 1708548


 0000857 0600678 1552863 1519179 1854580
 0369637 0441923


 0201682


 0023884 0736268 1278929 2346688
 1519179 1854580 0205090 0684010 2603358
 0439267

 0025141


 1418943

 0268596 2700624
 3642273

 1519179 1854580

 0000857 0600678 1552863 0205090 0684010 2603358
 0369637 0441923
 0036397 0025141




 0201682
 0016327 0439133 1553038
 0439267
 1519179 1854580 0016327 0439133 1553038


 1519179 1854580
 0597277 1708601
 0027960 0324740 0439189 1456781 1824986
 0007634 1269647 1704653 1948049

 0000857 0600678 1552863 0205090 0684010 2603358
 0023884 0736268 1278929 2346688

 1519179 1854580 1519179 1854580
 0597277 1708601
 0027960 0324740 0439189 1456781 1824986
 0007634 1269647 1704653 1948049

 0025141 1519179 1854580
 0597277 1708601
 1418943

 0268596 2700624
 3642273

 1519179 1854580

 0000857 0600678 1552863 0369718 0441922 1553036
 0043016
 0369637 0441923
 1519179 1854580
 0021853 1708548
 0369637 0441923


 0201682

 0021853 1708548 0016327 0439133 1553038
 1519179 1854580
 0023884 0736268 1278929 2346688
 1519179 1854580
 0597277 1708601
 0005477 0025141 1519179 1854580

 1519179 1854580 0369718 0441922 1553036 0144237 0033727 0369286 0441932 0564385

 0369637 0441923
 0005775 1516559
 0443058 2603360
 0597277 1708601

 0021853 1708548


 0201682
 0369637 0441923
 1519179 1854580

 0021853 1708548


 0000857 0600678 1552863
 1431628 0439267

 0033727 0369286 0441932 0564385
 0439267



 0033727 0369286 0441932 0564385


 0002808
 0025141 0033727 0369286 0441932 0564385


 0002808
 0025141
 0016327 0439133 1553038 0369637 0441923
 0205090 0684010 2603358
 0021853 1708548


 0000857 0600678 1552863 0033727 0369286 0441932 0564385






 0369718 0441922 1553036
 0021853 1708548


 0201682
 0037455 0596070 0005477 0026376 0005532 1521991