 0037455 0596070 0005477 0026376 0005532 1521991
 0678594 1708726 0314604 0608460 1412481 0034036 0034037 1514756 1704324 2827734 2981698 0740116 2827735 2981700 0043016 2827734 2981698 2827734 2981698 2827734 2981698 0740116 2827735 2981700 0008114 1284862 2827734 2981698 0441039 1705854 3540815 2827734 2981698 0740116 2827735 2981700 2827734 2981698 0740116 2827735 2981700 0439086 2827736 2981702 2827734 2981698 0021622 1272753 0740116 2827735 2981700 0035172 0021622 0035168 0242481 1272753 0439086 2827736 2981702 1704729 0006754 0041740 3146274 0036152 1826357 0520510 1514811 1706462 0000857 0600678 1552863 0037791 1511884 0023884 0736268 1278929 2346688 1708726 0314604 0608460 1412481 0017446 0205054 0205147 0243148 1550141 1882979 2587213 3274648 0582519
 0011519 1148702 0004793 0162326 0162327 0557651 0947630 1519249 2603343 1524063 1518434 0521447 2828366 0205396 1550043 1551388 0005456 0028589 0033618 0949374
 0002778 0936012 1524024 0443289 0449604 0011519 1148702 0011522 0021966 0205145 0221138 0332281 0017446 0205147 0449604 0205145 0332281 1412481 0003595 0017337 0523511 0205396 1550043 1551388
 1880389 1883221 3541951 1510827
 1880389 1883221 3541951 0023884 0185117 0736268 1278929 1514873 2346688 1272570 0017446 0205054 0205147 0243148 0392366 1550141 1882979 2587213 3274648 1412481 0017337 0332128 2004054 0205177 0439167 0441655 1561536
 0441635 0332256 2700400 0314642 0162326 0220905 1704735 0023884 0040649 0205177 0205369 0439167 0441655 0443225 0736268 1278929 1514873 1552740 1561536 2346688 0441635 3244092 0441889 0023884 0736268 1278929 2346688
 2827421 0332256 2700400 0017446 0205147 0332232 1705535 0185117 0282641 0332291 0043194 0085862 0258432 0733755 1158478 1299583 1421478 1705422
 1883727 1883357 0871161 1292721 0332290 0525013 0023953 0017446 0205147 0243148 1550141 1708726 1882979 2587213 3274648 0185117 1412481 0017337
 0003591 0003595 0003591 0017968 2827734 2981698 0449432 1705248 0332257 0443616 0008731 1325761 3272697 0023825 0023823 0442811 0023820 0178587 0205251 0442824 1299352 1550472 0023821 0023820 0178587 0205250 1299351 2700149 0740116 2827735 2981700 0439086 2827736 2981702 0332620 0040300 0023884 0736268 1278929 2346688 0443616 0055672 0008731 0086597 0127400 0243144 0347980 0597357 1325761 1514873 3272697 0740116 2827735 2981700 0003595 0523511 1412481 0040300 1705242 0003595 0175630 0205172 0439083 0439087 0523511 1412481 0544357 0032105 0086418 1550098 0023884 0227525 0736268 1278929 2346688 0740116 2827735 2981700 0597357 0243122 1145667 1167622 0205419 0031437 1285572 0020479 0332281 0441731 0020476 0332307 0439070 1547052 1705160 0004153 0740116 2827735 2981700 1709305 2745955 0205419 0002085 0243132 1554210 2349975 2745955 1517892 1704666 0011389 0332461 0333463 0333562 0599878 1521970 0439084 0728893 0314604 1412481 0017337 0444930 1555715 1704332 2746065 1445865 0017337 0008661 0008633 0444868 3539085 0029266 1704322 1704972 3539923 0017337 0052189 0033799 0522506
 0017337 0052190 0150312 0033799 0052189
 0017337 1457900 0332256 2700400 0015295 0021920 0733755 2348205 1705535 1517488 0015576 1704727 0205214 0332253 0870134 1522138 3245511 2827734 2981698 0017262 0185117 0023884 0736268 1278929 2346688 1547282 0205265 1883351 0392148
 0947630 0017446 0205147 0017446 0205147
 0017446 0205147 0332256 2700400 0162326 0439851 1947931 0185117 0003595 0523511 1412481 0017337 0023884 0037791 0736268 1278929 1511884 2346688 0314621 0017337 0086860 1880177 2827421 0332268 0017446 0205147 1518422 0205251 0441889 1299352 1550472 1517914 0023884 0736268 1278929 2346688
 0205177 0439167 0441655 1561536 1706449 0332255 1708096 1999230 2827421
 0392148 0332268 2713393 0086860 1412481 0017337 0162493 0040649 1514873 1879547
 1274040 1546471 2825142 1705535 1704675 0017446 0205147 0004793 0162326 0162327 1519249 0086860 0439851 1947931 0185117 0023884 0736268 1278929 2346688
 0557651 2603343 0231448 0439792 2607943 2926606 3539655 0205172 1521970 1706388 2346469 2348519 0205177 0439167 0441655 1561536
 0243095 0332255 1708096 0683317 0017446 0205054 0205147 0205177 0243148 0439167 0441655 0441889 0443225 1514873 1550141 1561536 1882979 2587213 3274648 1706449 0683928 0028589 0033618 0949374 0002518 1314939 0017446 0205147 0011519 1148702 0011522 0020517 0021966 0023884 0205369 0205402 0221138 0520946 0736268 1278929 1552740 1880022 2346688
 1274040 1546471 2825142 0034378 1561524 1610034 0332306 0205177 0439167 0441655 1561536
 0520510 0939975 0455052 1521827 0023899 1518434 0521447 2828366 0040300 0025663 0205409 0449851 0871511 1548221 0392747 1554963 1552738 1518434 0521447 2828366 0025663 0449851 0871511 1521827 0597603 0040712 0597295 1519614 1414685 3538717 1415629 0040649 0040712 0449913 0597295 1519614 1553451 1704459 1883254 0072149 0043193
 0006556 0108685 0036152 1826357 0006556 1414685 3538717 0000872 0565990 1552471 0020898 0041740 0205099 0205476 0008044 0020898 0021764 0022271 0006556 0041740 0006556 0006754 0041740 3146274 0009013 0086022 0442335 0049896 1883708 0728990 1273517
 0455052 1521827 0332255 0486805 1708096 0012854 0332255 0486805 1708096 0441084 0012893 0182400 0332255 1708096 0009013 1826357
 0086022 0442335 1705099 0012906 0014230 0443288 3146294 0444930 0013862 0071500 0596607
 0332255 0486805 0444930 2746065 1708632 1883708 1998793 1185738 1706132 0006353 0039462 1705540 1698986 2678549 1882074 0020283 0450407 0450408 0450409 0013618
 1709450 0028606 0597549 0001128 0007610 0202406 0220781 0449913 1553451 1704459 1883254 1883708 0006353 0332256 2700400 1882074 0020283 0450407 0450408 0450409 0012789 0037871 0013618
 1514468 1998793 0013862 0071500 0596607 1883708 0032545 1418707 0012854 0031727 1708632 0150312 0332285 0392148 0162326 2827734 2981698
 0740116 2827735 2981700
 0439086 2827736 2981702

 0439084 0728893

 0108685 1553033 0450348 1427248 1420631 3273648 0455052 1521827 0684192 0332255 0486805 0013856 0596607 1706746 1883708 1708632 0045191 0012888 2257063 0332255 1708096 1552738 1519187 0017446 0205147 0032136 0332256 2700400 0684192 0332255 0486805 0012906 0014442 0014445 0443288 0868946 0444930 2746065 0045191 1708632 0012888 2257063 0332255 1708096 0684296 0008550 1185738 1706132 1998793
 0017446 0205054 0205147 0243148 0332255 0486805 1550141 1708096 1882979 2587213 3274648 0032520 0337112 0443286 1114821 1335439 1524075 0205145 0444930 2746065 3146294 0205145 0444930 3146294
 1514468 0868946 0013856 0596607 1706746 0009013
 0332255 1708096 0332256 2700400 1412481 0004793 0017337 0162326 0162327 1519249 0441587 0205117
 0004793 0028630 0162326 0162327 1519249 0017446 0205147 0162802 0162326 0162801 0521093 0200898 0002778 0004793 0012854 0162327 0439851 0750484 0936012 1519249 1524024 1947931 1524063 0028953 0949632 0005507 0243073 1510438 0206243 0699809 0439787 0849355 1552738 1518434 0521447 2828366 0032411 0071406 0032400 0071360 0439267 0747726 1439852 3538902 3541881 0702093 0006353
 0370003 1524062 2347026 1439852 0702093
 1883708 1524062 2828366 1439852 0456693 1442458 0702093
 0370003 2347026 0013855 1514893 2699488 0071500 0017243 0071499 0146923 0006353 0006007 0041175 0077281 0814229 0013618 1883708 0017243 1382104 1512080 2827485 0004400 0332128
 1283195 0205409 1548221 1552738 0040300 0025936 0003069 0025914 0025929 0026809 1704689 2827421 2827421 0332256 2700400 1412481 0314604 0017337 0949645 1883644 0004793 0162326 0162327 0230171 1519249 0332255 1708096 0332255 1708096 0332256 2700400 0205177 0439167 0441655 1561536
 0441436 0993610 1998480 0041175 0006353 0077281 0814229 2678549 1882074 0020283 0450407 0450408 0450409 0037874 0037871 0013618 0012789 0031493 0016327 0332256 2700400 0017861
 0007610 0439526 1720119 1948037 0006353 0332256 2700400 0017861
 1883708 1510844 0020746 1439852 0456692 0702093 1265611 0011519 1148702 0011522 0021966 0221138
 0443286 1114821 0444499 1831960 1440942 0013618 0369637 0441923 1883712 3642200 2348935 3642219 0439268 1635169 0700308 0033727 0369286 0441932 0564385
 1510844 0031428 0070570 0185115 3541890 0012854 0001962 1882443 1883708 0006353 0039462 1705540
 0012854 0012906 0014442 0014445 0443288 0868946 1548787 0013855 1514893 2699488 1706746 0017243 1382104 0025255 0028736 0348011 0740034
 0025255 0012854 0182400 0439583 1704681 2347609 3536729 0205088 1546485 1548982 0037494 1959973 0142825 0008857 0037473 0376259 0597484 0456693 1442458 0702093 1883708 0004400 0332128
 0005507 0243073 1510438 0005507 0243073 1510438 0206243 0699809 0439787 0849355 1552738 0392747 1554963
 0007610 0205409 1548221 0205155 0332152 1293097 1522472 1552738 1552923 1705191 1883708 0449468 1548982 2678549 1882074 0020283 0450407 0450408 0450409 0037874 0037871 0013618 0592198 1555265 0045267 0006353 0445247 0086045 1446561 0439526
 1510844 0439526 1439852 0702093
 1883708 0128666 0439526 2678549 1882074 0020283 0450407 0450408 0450409 0037871 0013618 0012256 0023870 1524062 0439962 1439852 0702093
 0439962 0439267 0179834 0702093 0993610 1548982 0040223 1632851 2678549 1882074 0020283 0450407 0450408 0450409 0037494 1959973 0037874 0037871 0012256 0592198
 0028581 0337143 0521447 0439446 0006353 0439526 0868946 2945590 0439526 0012906 0014230 0443288 0179245 0043047 0150141 0599638 1550678 0011744 0033727 0369286 0441932 0564385
 1510844 0332256 2700400 0439526 0456081 0012893 0012854 0032136 0182400 0439267 0868946 1704681 1883357 2347609 3536729 1524062
 0439962 0700308 0033727 0369286 0441932 0564385 1439852 0040822 1883708 0006353 0205163 0205430 0449468 1549782 1690016 1705102 2700258 3160715 0439267 0179834 0456692 0702093
 0993610 1550101 0086972 0443299 0687118 2347840
 0993610 1548982 0006353 1720092 1948045 0005889 0302908 0444611 1704353
 0993610 1550101 0059256 0030946 0597277 0868946 1622131 1708601 1947941 0031428 0070570 0185115 3541890 0012854 0001962 1882443
 0012854 0013855 1514893 2699488 1706746 0017243 1883708 0017243 1512080 2827485 0004400 0332128 0332255 0486805 0183115 1710020
 0079411 3146294 0002778 0936012 1524024 1273517 1883351 0025936 0003069 0025914 0025929 0026809 0001779 0043084 0439230 0012854 0039259 0185115 3541890 0441635 0263541 0005862 1148472 0002778 0205396 0936012 1524024 1550043 1551388 1710133 1707513 0237753 0449788 1948062 1709793 1710133 0005862 1148472 0179038 1706246 1136140 0022341 1524063 3272453 0012854 0017428 0887950 0332282 0020202 1300517 1524063 0182400 1704681 2347609 3536729 0007634 0035668 0178539 0439175 0439810 0025936 0003069 0025914 0025929 0026809 0040300 0205409 0440102 1548221 0002778 0014241 0035541 0035542 0332128 0936012 1524024 1545588 1552738 0332283 1709793 0179038 1706246
 1265611 1554108 1561573 0443286 1114821 1707455 0030695 0150369 0181904 0596972 1521743 1704646 1265611 0001271 0005507 0243073 0444706 0445247 1510438 3541902 1524063 0035683 0182400 1704681 2347609 3536729
 2827421 0205448 0205451 1515981 0003069 0205132 0936012
 0004793 0028630 0162326 0162327 1519249 0332256 2700400 0220905 0444868 1533716 1704735 3539085 1412481 0017262 3244092 0003595 0017337 0185117 0441889 0443225 0523511 1514873 0023884 0736268 1278929 2346688 0004793 0162326 0162327 1519249 0332255 1708096 0349966 1337208 0449719 0424215 2003939 0029266 1704322 1704972 3539923 0017446 0205147 0079160 0004793 0162326 0162327 0376298 1519249 0450355 0002358 0086282 1611821 0015576 0680022 1704727 2698041 0205448 0439849 0445223 0441635 2350002 0004793 0086972 0162326 0162327 0439828 0443299 0687118 0699759 0750482 1282927 1444754 1519249 1706316 1806781 1706317 0004793 0162326 0162327 1519249
 0332255 1708096 0017446 0205147 0028630 0205088 0205437 0205448 0332529 1705314 1705315 0002358 0015576 1704727 0028630 0002358 0442050 0004793 0015576 0162326 0162327 0205437 0205447 0332529 0443299 0444598 0549183 1519249 1552826 1704727
 0449719 0028630 0332529 1518422 0332256 2700400 0449719 0015576 1704727 0020202 0220825 1300517 1511726 3245479 3272453 1518422 1547282
 0162801 0002778 0004793 0162326 0162327 0936012 1519249 1524024
 0179400 1638312 1882932 0017446 0205147
 0336721 1514562
 0205119 0011519 1148702 0011522 0021966 0205145 0221138 0681828 0021135 1533691 2827718 0443289 0557651 2603343
 0205132 1550648 1552960 0162775 0004793 0162326 0162327 1334043 1519249 2697616
 0242210 0242210 1512007 0011519 1148702 0017446 0205054 0205147 0243148 0332255 0439751 0444667 0884358 1444754 1550141 1706316 1708096 1882979 2587213 3274648 1524063 1517914 0023884 0736268 1278929 2346688 0007592 1518434 0521447 2828366
 0443289 0349966 1337208 0017446 0205054 0205147 0243148 0444930 1550141 1882979 2587213 2746065 3274648 1555715 1704332
 0439084 0728893 0521447 1521761 2827422 0700364 1883351 2984079 0023884 0359583 0736268 1278929 2346688
 0439086 2827736 2981702 1521761 2827422 2346714 0023899 1518434 0521447 2828366
 0017446 0205147 0205166 1706317 1704972 1704973
 1512007
 0684192 0332255 0486805 0440102 0521447 1265611 1439852 1518434 2828366 1517914 0023884 0736268 1278929 2346688 0018873 0007634 3282337 0011519 1148702 0011522 0021966 0221138 0868946 1265611 1705242
 0012854 0185115 3541890 0017243 1514893 1553778 1561491 2699488
 0332255 0486805 1273517
 0332255 1708096 0444930 1708632 2746065 1704972 1704973
 0444930 1708632 2746065 1704972 1704973
 0332255 1708096 0444930 1708632 2746065 1704972 1704973
 0444930 1708632 2746065 1704972 1704973
 0023884 0736268 1278929 2346688 0023899 1518434 0521447 2828366
 0018873 1518434 0521447 2828366
 0439267 0443286 1114821
 1707156 3274014 3541345
 1720485 1882932 0011519 1148702 0011522 0021966 0205145 0221138 0450429 1444656
 0011519 1148702 0011522 0021966 0205145 0221138 0442726 1511790 0017446 0205147 0686907 0033618 0243122 1145667 1167622 0028589 0949374 0349966 1337208
 0205145 2346714
 0017446 0205147 0075804 1514562 1948062 0162326 0336721 1444656 0349966 0687760 1337208 1551065 1707156 3274014 3541345
 0205447 0011519 1148702 0011522 0021966 0205145 0221138 1515974 2825164 0150312 0449450 0028630 0193959 0205117
 0205145 1515974 2825164 0442726 1511790 1704972 1704973 0028630 0205447 1514562 1518422 0442726 1511790
 0205145 1515974 2825164 0205402
 0011519 1148702 0011522 0021966 0205145 0221138 0442726 1511790 0017446 0205054 0205147 0243148 0332255 1550141 1708096 1882979 2587213 3274648 2963144 1518422 1441672 2362652 0558058 0004093 1762617 0033618 0033684 0243122 1145667 1167622
 0011519 1148702 0011522 0021966 0205145 0221138 0002358 0004793 0015576 0017446 0162326 0162327 0205147 0442726 1511790 1519249 1704727
 0205117 0004793 0162326 0162327 1519249 0205145
 0947630 1552738 1547282 0017446 0205147 1518422 0017446 0205054 0205147 0205177 0243148 0439167 0441655 1514873 1550141 1561536 1882979 2587213 3274648 1706449 0237881 0750502 1880389 1883221 3541951
 0243122 1145667 1167622 0949632 0521093 0017243 0333051 0750484 1382104 2347509 0005507 0243073 1524063 0023899 1518434 0521447 2828366 0028953 0017446 0205147 0349966 1337208
 0162326 0205392 3540770 0332256 2700400 1334043 2697616 0949632 0005507 0017243 0243073 0333051 1382104 1510438 2347509 1273517 1883351 1292732 0439849
 1883712 0040648 0040649 1521761 2827422 0332281 0023884 0185117 0736268 1278929 2346688 2349975 1883254 0005507 0243073 1273517 1510438 1292732 0035820 1705810
 0949632 0017243 0333051 1382104 2347509 0005507 0243073 1510438
 0023899 1518434 0521447 2828366 0521447 1521761 2827422 0028953 0444930 1439852 1708632 2746065 0162326 0680240 1883254 0079160 0162326 0004793 0162327 0376298 1519249
 0028953 0205369 1273517 1552740
 0370003 2347026 0936012 0013862 0071500 0596607 1547282
 1517914 0023884 0736268 1278929 2346688
 0028953 0175723 0441889
 0004793 0162326 0162327 1519249 1518422 1145667 1167622 0108685 1553033 1420631 3273648 1415629 1511726 3245479 1518422 1547282 1145667 1167622 0333051 2347509 0175723 0439645 1521913 0175723 0205164 0439645 1521913 0023899 0023884 0736268 1278929 2346688 2828366 0349966 1337208 0441833 1999270 3537156
 0332256 2700400 0424215 2003939 0004793 0162326 0162327 1519249 0013879 1705248 0028630 0086860 1442762 0017337 0949632 0005507 0243073 1510438 0028953 0314642 0004793 0040679 0162326 0162327 0220905 1442762 1519249 1704735 0028589 0033618 0949374 0182400 1704681 2347609 3536729 0349966 1337208
 1274040 1546471 2825142 1705535 1521761 2827422 0015576 1704727 0004793 0162326 0162327 1519249
 0004793 0162326 0162327 1519249 1518422 1145667 1167622 0108685 1553033 1420631 3273648 1415629 1511726 3245479 1518422 1547282
 0449719 0162775 1334043 2697616 1415629 1415629 0021135 1533691 2827718 0040649 0040712 0449913 0597295 1519614 1553451 1704459 0332297 1145667 1167622 1689898 2349209 0028953 0442824 1511726 3245479 1518422 1547282
 0028953 0079160 0004793 0162326 0162327 1519249 1274040 1546471 2825142 1705535 0086282 1611821 0680022 2698041 1880177
 0028630 0231448 0231449 0439792 1444754 1706316 0175723 0439645 1521913 1441672
 0004793 0162326 0162327 1519249 1518422 1145667 1167622 0108685 1553033 1420631 3273648 1511726 3245479 1518422 1547282
 0949632 0017243 0333051 1382104 2347509 0005507 0243073 1510438 0521093 0750484 0033618 0242210 0243122 1145667 1167622 0004793 0162326 0162327 1519249 0349966 1337208 0441833 1999270 3537156
 1420631 3273648 1415629 0108685 1553033 1518422 0013879 1145667 1167622 1705248 1511726 3245479 1518422 1547282
 0017446 0205054 0205147 0243148 1550141 1882979 2587213 3274648 0332256 2700400 1514562
 1514562 0314642 0004793 0162326 0162327 0444669 1167518 1519249 1706352 1882467 3274653 1145667 1167622 0015576 1704727 0314621 0017337 0017645 0086860 0205396 1149093 1550043 1551388 0525013 0023953 0017446 0205147 0243148 1550141 1708726 1882979 2587213 3274648 1564871 1521761 2827422 0040300 0205396 1547928 1550043 1551388 0028953 0005456 0682969 1333663 1530719 0205145 0205250 0243122 1145667 1167622 1299351 1427248 1510827 1515974 2700149 2825164 0086860 1273517 0949632 0017243 0333051 1382104 2347509 0005507 0243073 1510438
 0175723 0439645 1521913 0028953 0023899 0023884 0736268 1278929 2346688 2828366 1333663 1530719 0028953 1427248 1516960 0349966 1337208 0035820 1705810 0232741 2587213 0031843 0542341 0700205 1705273
 0004793 0162326 0162327 1519249 0162775 1334043 2697616 0033684 0599566 0086022 0185117 0442335 1705099 0028953 0332297 1145667 1167622 1689898 2349209 0230715 0175723 0439645 1521913 0023899 0023884 0175723 0205447 0736268 1278929 2346688 2828366 3146294 0349966 1337208
 0332148 0750492 0086282 1611821 0680022 2698041 0004793 0162326 0162327 1519249
 1283195 0004793 0017337 0162326 0162327 1519249 0008546 1325550 0007610 1292732 0392148 0017446 0205147 1412481 0003595 0017337 0205170 0332281 0523511 2827421 3146287 1524063 0007610 1539661 2827421 3146294 2827421 1412481 0314604 0003595 0017337 0086418 0205197 0523511 0725685 0332529 0949645 1883644 0017446 0205147 0230171 0439084 0728893 0332255 0522506 1708096 0332256 2700400 2827421 0349966 1337208
 2827421 0205250 0441889 1299351 2700149 0205171 1720467 0023884 0736268 1278929 2346688 0185117 0017446 0205054 0205147 0205177 0243148 0439167 0441655 1550141 1561536 1882979 2587213 3274648 1706449 0439851 1947931 0441635 0036667 0312418 0427965 1511883 1522640 2346484 2349185 0004793 0162326 0162327 0230171 1519249 0332255 1708096 0007610 0023884 0205409 0736268 1278929 1548221 2346688 0022646 0227665 1278978 1514845 1521713 0006104 1269537 1704689 2827421 0011519 1148702 0011522 0021966 0086045 0221138 0442808 0868946 0456692 0702093 0020746 1708639 0268226 0011519 1148702 0011522 0021966 0221138
 3272453 0012854 0017428 0887950 1998793 0012906 0014442 0014445 0443288 0868946 1519179 1854580 0441833 1999270 3537156 0011516
 0370003 2347026 1706746 0017243 0036681 0086972 0443299 0687118 1382104 1883708 0025255 0028736 0740034
 0011519 1148702 0011522 0021966 0205145 0221138 0011519 1148702 0011522 0021966 0205145 0221138 0020202 0443289 1300517 0182400 1704681 2347609 3536729 1444656 1707156 3274014 3541345 0444930 0332255 0486805 0012238 0443288 1441547 3245521 0175723
 1384585 1419693 1539372 0175723 1158478 1705422 0150312 0449450
 0336721 0011519 1148702 0011522 0021966 0205145 0221138
 2945706 0449604 0011519 1148702 0011522 0021966 0205145 0221138
 1519179 1854580 0011516
 1552616 1706244
 0336721 0011519 1148702 0011522 0021966 0205145 0221138
 2945706 0449604 0011519 1148702 0011522 0021966 0205145 0221138
 1519179 1854580 0011516
 1883351 0449604 0205145 0332281 0282641 1539661 0205409 1548221 0007610 0006104 1269537 1517673 0022646 0227665 1278978 1514845 1439852 0011519 1148702 0011522 0021966 0221138
 1883708 0012854 0185115 3541890 0182400 0017446 0205147 2827421
 0349966 1337208 1547282 0441833 1999270 3537156 0718133 0349966 1337208 0205145 0008546 0205396 1325550 1550043 1551388 0282641 1704711
 0205145 0040300 0442726 1511790 0332128
 0205145 0023884 0205369 0736268 1278929 1552740 2346688 0205447 0205448 0205447 0205447 0457138 0441635
 0449604 0205145 0011519 1148702 0611310 0011522 0021920 0021966 0205145 0205436 0221138 0457385 0565930 1561503 1705190 0011519 1148702 0011522 0017446 0021966 0205145 0205147 0221138 0017446 0205147
 0011519 1148702 0011522 0021966 0205145 0221138 0017446 0205147 0004793 0162326 0162327 1519249 1547282 1883351 0205145 0332324 0359583 0597094 1550474 0002778 0936012 1524024 0349966 1337208
 0162326 0003069 0023884 0185117 0205369 0736268 1278929 1514873 1552740 2346688 0449719 1514873 1883351 0439851 1947931 0017262 0185117 0023884 0736268 1278929 2346688 2827421 1521827 0017446 0205054 0205147 0243148 1550141 1882979 2587213 3274648 0349966 1337208 0017428 0332255 0887950 1539661 1708096
 1273517 1883351 0025936 0003069 0025914 0025929 0026809 0185117 0040300 0332128 0440102
 0947630 1547282 2827421 0028630 0030551 0332255 1708096 2699423 0205250 0441889 1299351 2700149 0023884 0736268 1278929 2346688 0022646 0227665 1278978 1514845
 0185117 0013879 0439178 0851285 1446409 1514241 2825490 1412481 0314621 0003595 0017337 0086860 0523511 1136185 0013879 1515981 0021920 0456743 0205108 0450429 1515981 0205177 0439167 0441655 1561536 1706449 0185117 1518422 0017446 0205054 0205147 0243148 0332255 0392760 1314939 1550141 1708096 1882979 2587213 3274648 0185117 0597937 0205102 0243148 1550141 1553872 1619620 1882979 2587213 3274648 0002778 0936012 1524024 0205177 0439167 0441655 1561536
 0185117 0002778 0014241 0035541 0035542 0936012 1524024 1545588 0349966 1337208
 0456603 1547037 0023884 0736268 1278929 2346688 0237753 0449788 1707455 2827421 0017428 0025914 0025929 0026809 2338314 0025936 0003069 0012854 0025914 0025929 0026809 0444706 1709793 1710133 3541902 0005862 1148472
 1707455 1444656 0011546 0439857 2698668 1707513 0237753 0449788 1948062

 1709367 1325786 0450429 0336721 0011519 1148702 0011522 0021966 0205145 0221138 0282579
 0205396 0227192 0600281 1414864 1524067 1550043 1551388 0450429 1442162 1550718 3244317 0441655 0179400 1444656 1638312
 0449774
 0597416 0014241 0035541 0035542 1545588 0005507 0243073 1510438 0040300 0025936 0003069 0025914 0025929 0026809 1547282
 0332306 0423896 0456205 0597416 0014241 0035541 0035542 1283174 1545588 0005507 0243073 1510438 0182400 1704681 2347609 3536729 1274040 1546471 2825142 0205090 0441833 1511276 1552825 1999270 3537156 1547282
 0175723 1547282 0175723 1517001 0035696 0332255 0486805
 1547282 0439851 1947931 3244092 0441889 0023884 0736268 1278929 2346688
 0205177 0439167 0441655 1561536 0205163 0439185 0332257 1552866 2700399 1880389 1883221 3541951
 1274040 1546471 2825142 1705535 0017446 0205147 0332256 2700400 0439084 0728893 1518422 1158770 0017446 0040649 0205054 0205147 0205177 0243148 0439167 0441655 0443225 1514873 1550141 1561536 1882979 2587213 3274648 1706449 1880389 1883221 3541951 1518422 0017446 0205054 0205147 0205177 0243148 0439167 0441655 1550141 1561536 1880177 1882979 2587213 3274648 1706449
 0301630 0392756 0441610 1880274 0162326 0332256 2700400 0332462 1880834 1274040 1546471 2825142 0205172 0301630 0392756 0441610 0205177 0439167 0441655 1561536
 2827421 0205171 1720467 0028630 1547282 0185117 1511726 3245479 1518422 1547282
 0332255 1708096 1880274 0028630 0333118 0740116 2827735 2981700 0162326 0011519 1148702 1510853 2945843 0011522 0021966 0205145 0221138 0444868 3539085 0205177 0439167 0441655 1561536 0205163 0439185
 2827421 0185117 1707455 2827421 1442161 1511760 1880274 0028630 1705241 1705242 1705535 0441635 0205224
 1883727 1883357 1274040 1546471 2825142 1444656 0017446 0205147 0017446 0205054 0205147 0205177 0243148 0439167 0441655 1514873 1550141 1561536 1882979 2587213 3274648 1706449 0332257 1552866 2700399 0004793 0162326 0162327 1519249 0017446 0205147 0332255 0332256 1708096 2700400
 0004083 0439849 0596306 0699792 0332149 1705910 2362652 0017446 0205147 0028581 0023884 0337143 0521447 0736268 0750490 1278929 1706221 2346688 0005507 0243073 1292732 1510438 0005507 0243073 1510438 0332255 1708096 0349966 1337208 0205430 1883357 2827421 3160715 1412481 1539661 0003595 0017337 0523511 0332529 0332255 0486805 1708632 1883708 0028581 0205409 0337143 0455052 0521447 1439852 1521827 1548221
 0012854 0332255 0486805 1708096 1518422 0028581 0337143 0521447 1145667 1167622 0086972 0443299 0687118 0007703 0520511 1704711 0441436 0993610 1998480 0337143 0034553 0522531 0332296 1880497 1996904 0013856 0596607 1706746
 0349966 1337208 1547282 0034553 1412481 1539661 0003595 0017337 0523511 2827421 0012854 0034553 0012854 0017446 0205054 0205147 0243148 1550141 1882979 2587213 3274648
 0332255 1708096 1547282 0004083 0439849 0596306 0699792 0441436 0993610 1998480
 1707455 0028630 0002358 0015576 0205197 0441635 0725685 1704727 0332529 0332255 0486805 0150312 0441436 0993610 1998480
 0332255 0486805 1547282 0243122 1145667 1167622
 2607943 2926606 3539655 1705535 0449719 0205251 1299352 1550472 1510827 1412481 0017337 0230171 0017446 0205147 1518422 0750490 1706221 0028581 0337143 0521447
 1510827 0028581 0337143 0521447
 0032136 0206243 0868946 0444930 2746065 1708632 0045191
 0028581 0337143 0521447 0025925 1517914 0023884 0025914 0025929 0026809 0205409 0736268 1278929 1548221 2346688 0007610 1883708 0868946
 0182400 0337143 1439852 0700308 0033727 0369286 0441932 0564385 0993610 1550101 0007703 0086972 0443299 0687118
 0012854 0185115 3541890 1883708 0013855 1514893 2699488 1706746 0017243
 0017243 1512080 2827485 2986957
 0370003 2347026 0182400 0439175 0439810 1704681 1708632 2347609 3536729 1264633 1554103 1264633 1554103
 0681827 0947630 0024779 1706473 0017446 0205147 1708726 0332255 1708096 0086860 0185117 1417166 0017337 0851827 1701901 3244310
 0332197 1689985 0017446 0205147 0017262 0185117 0023884 0736268 1278929 2346688
 0162326 0439792 0522505 0150312 0017262 0185117 0017337 0052189 0023884 0736268 1278929 2346688
 0037088 0243095 2825141 1412481 0017262 0003595 0017337 0023884 0185117 0444868 0523511 0736268 1278929 2346688 2698977 3539085 0332256 2700400 1883633 0017446 0205054 0205147 0243148 0522506 1550141 1882979 2587213 3274648 1881534 2713393 1710548 0023884 0736268 1278929 2346688
 0441712 1706376 1999230 3244092 0441889 0441889 0040649 0023884 0736268 1278929 2346688 0851827 1701901 3244310
 1274040 1546471 2825142 0449450 0871161 1292721 0205177 0439167 0441655 1561536 1710548 1880177
 1514534 0002778 0936012 1524024 0949632 0017243 0333051 1382104 2347509 0005507 0243073 1510438 0443289 1335532 0015576 1704727 0332255 1145667 1167622 1708096
 0015576 0205393 1704727 0332529 0439064 0680022 0332183 0150312 0449450 0007634 0449475 0332307 0445247 1269647 1547052 1704653 1883357 1948049 1148673 0012854 0243122 1145667 1167622 0004793 0162326 0162327 1519249 1521970
 0680022 0015576 1704727 0084821 0205177 0439167 0441655 1561536 0035820 0015576 1704727
 1517331 0439611 0557651 1261322 1552578 1710028 2603343 1514873 1883351 0086282 1611821 0680022 2698041 0017446 0205054 0205147 0243148 1145667 1167622 1550141 1880389 1882979 1883221 2587213 3274648 3541951
 1415629 0015576 1704727 0017262 0017337 0023884 0185117 0205369 0736268 1278929 1552740 1880177 2346688 0683454 0017337 0021966 0221138 0745732 3272378
 1511726 3245479 1518422 1547282 0209278 1420631 0040648 0023884 0040649 0332183 0736268 1273517 1278929 1521761 2346688 2827422 0021135 0599566 1515563 1533691 2827718 0006556 0040712 0086022 0185117 0442335 0597295 1519614 1705099 3146294 1518422 0004793 0162326 0162327 1145667 1167622 1519249 0017446 0205147
 0040648 0040649 0456148 0549184 1521761 2827422 0557651 1292732 2603343 1145667 1167622 1883351 0004793 0162326 0162327 1519249 0205396 1550043 1551388 2827734 2981698 0086860 1412481 1511726 3245479 1518422 1547282 0332290 0439851 1947931 0017262 0017337 0185117 1880389 1883221 3541951 0028630 0700364 1883351 0017446 0205147
 1444754 1706316 0205177 0439167 0441655 1561536 0017446 0205147
 0441635 0332256 2700400 0205448 0023884 0205369 0736268 1278929 1552740 2346688 0007952 0486537 2350015 0023884 0205369 0736268 1278929 1552740 2346688
 0002778 0936012 1524024 2827421 0332255 0486805 0332462 1880834 2267000 0301630 0392756 0441610
 0013879 1705248 0439851 1947931 0185117 0205177 0439167 0441655 1561536 0004793 0162326 0162327 1519249
 1948062 0004793 0150312 0162326 0162327 1519249 0205449 1948062 1706276
 0162326 0205451 0011519 0332281 1148702 0011522 0021966 0205145 0221138 1883357 0750492 0020517 0023884 0205369 0205402 0520946 0597094 0736268 1278929 1551359 1552740 2346688 2741673 2981730 1325557 0008546 0442726 0444667 0521447 1325550 1511790 0450429 1515974 0349966 1337208 0205145 1515974 2825164
 1514562 0086860 0150312 0086222 0023884 0736268 1278929 2346688 0205081 1881878 0441889
 0086860 0314604 1514562 1145667 1167622 0040648 0040649 1521761 2827422 0205369 1552740 0543488 1514562 0019534 0012940 1148673 0009802 0058610 0162326 0242210 0019534 0033684 0205250 0425245 0441833 0449580 0687744 1257890 1299351 1552516 1705428 1705429 2700149 0011119 0079613 0700231 2584296 1292748 0012854 0005456 0682969 0205145 0243122 1145667 1167622 1515974 2825164 0441472 3266814 1517001 1883351 0011519 1148702 0011522 0020517 0021966 0221138 0520946 1274040 1546471 2349975 2825142
 0242210 1514562 0004793 0162326 0162327 1519249 0017446 0205147 0205263 0301641 2754304 0392747 0443172 1705241
 0205145 1521970 1706388 2346469 2348519 0684063 0282443 1709940 0150312 0332285 0439509 0332281 0013879 0220905 0332464 1704735 1883525 2346866 0034987
 0024779 1706473 0011519 1148702 0011522 0021966 0205145 0221138 0282641 1539661 1704711 0205451 0205369 1552740
 1539661 0205171 0439044 0679994 1880389 1883221 3541951 1518422 0023884 0736268 1278929 2346688 0243095 0449604 0449638 0205145 1515974 2825164 0011519 1148702 0011522 0021966 0205145 0221138 0449604
 0017446 0205147 1412481 0017262 0003595 0017337 0185117 0205054 0523511 1511726 3245479 1547282 1883633 0017446 0205147 0205410
 2827421 0936012 0023884 0205177 0205369 0439167 0441655 0443225 0736268 1278929 1552740 1561536 2346688 1274040 1546471 2825142
 1707455 0332255 1708096 1883633 0025936 0003069 0025914 0025929 0026809 2827421 3146294 0035696 0441889
 1514721 2348147 3542016 0085862 0205132 0205452 1299583 1948062 0205448 0332128 2827421 1705535 0205177 0439167 0441655 1561536 0332291 0085862 0733755 1158478 1299583 1705422 2827421 0017428 2338314
 0871161 1882134 2347695 2348205 0314604 0017337 0017262 0185117 0007600 0007635 3282338 0025936 0003069 0025914 0025929 0026809 1547282 1883351 0686907 0037088 0243095 2825141 0449719 0017446 0205147 1412481 1539661 0003595 0017337 0332255 0486805 0523511 1518422 0017446 0205147 0332290
 0004793 0162326 0162327 1519249 0205117 0085862 0733755 1514873
 1274040 1546471 2825142 0332185 0684224 0700287 1955473 2607943 2926606 3496591 3539655 0557351 0007592 0521447 1518434 2828366 0028630 1518422 0442726
 0917903 0332255 1708096 0028630 0086222
 1524063 0042153 0457083 1947944 3245505 1705241 1705242 0086022 0442335 1705099 1705242 1707478 1708698 0349590 1262865
 0683954 1274040 1546471 2825142 0034037 1511726 1704324 1883357 1883727 3245479 1880389 1883221 3541951 0017446 0205054 0205147 0205177 0243148 0439167 0441655 0443225 1514873 1550141 1561536 1882979 2587213 3274648 1706449
 0017446 0205147 0205224 0011519 0332281 1148702 0011522 0020517 0021966 0023884 0205369 0205402 0221138 0520946 0736268 1278929 1552740 2346688
 0332148 0750492 0205145 0205117 0021920 0033413 0017446 0086860 0205107 0205147 1515981 0205177 0439167 0441655 1561536
 1883712 2698977 0017446 0205054 0205147 0243148 0441472 1550141 1880177 1882979 2587213 3266814 3274648 0017262 0017337 0185117 0023884 0736268 1278929 2346688
 0013879 0007952 0017446 0205054 0205147 0243148 0486537 1550141 1710548 1880177 1882979 2350015 2587213 3274648 1533716 0017262 0185117 0013879 0205195 0332256 1710548 1947911 2700400 1883633 0017446 0205147
 2825232 0043227 0449719 1521721 1709471 0027468 0555633 0018173 0040607 0220931 1548284 2673163
 0010186 0220812 0449719 1709471 0220808 0680264 0007961
 1706852 0522501 1706089 0949214
 0205155 1293097 1522472 1552923 1705191
 0004793 0028630 0162326 0162327 1519249 0030351 0684224 0700287 1547566 3496591 0598211 1515023 0242356 0442598 0872261 1511726 3245479 0598211
 0282413 0376649 1442065 0021622 1272753 0392148
 0439114
 0179400 1533124 0036152 1826357
 0254343 0796520 3272379

 0085205 1549619 1880669
 0000723 1273517 0003591 0003591
 0017446 0205147 0017446 0205147
 0205250 0425245 0441833 0449580 0687744 1257890 1299351 1552516 1705428 1705429 2700149 0205250 0425245 0441833 0449580 0687744 1257890 1299351 1552516 1705428 1705429 2700149
 0013862 0071500 0596607 0013862 0071500 0596607 0013855 0017243 0071499 1382104
 0032520 0337112 0443286 1114821 1335439 1524075 0032520 0337112 0443286 1114821 1335439 1524075
 0071109 0071109 0206794 0001128 0202406
 0582519
 0600436 0002055 0178499 1709450 1880279
 0011519 1148702 0011522 0021966 0205145 0221138 0011519 1148702 0011522 0021966 0205145 0221138
 2986676 0007457 0043157 0220938 0018896 0455052 0600659 1521827 1552861
 1514811 1706462 0597277 1708601

 0439267
 0205090 0684010 2603358

 0369637 0441923
 1418943

 0268596 2700624
 3642273

 2603362

 0000857 0600678 1552863 0205090 0684010 2603358
 2603360
 2603362
 1708595 3280986 0597277 1708601
 0033727 0369286 0441932 0564385

 2347379
 0000857 0600678 1552863 0205090 0684010 2603358

 0036397 0025141 0678579 0369637 0441923

 0439394 1706495 3642217
 0036397 0025141

 0439267
 0035853

 1418943

 0268596 2700624
 3642273

 2603362

 0439083 0439087 0000857 0600678 1552863

 3272372
 0392148
 0033727 0369286 0441932 0564385 0369637 0441923
 2603362
 0033727 0369286 0441932 0564385 2347469

 0016327 0439133 1553038
 0205090 0684010 2603358 0369637 0441923
 1553033 2347469 0035853

 0027855 0000857 0600678 1552863
 0597277 1708601

 0369637 0441923
 0678579
 2603360 0439394 1706495 3642217 0369637 0441923
 0439267 0369637 0441923
 0033727 0369286 0441932 0564385 0369718 0441922 1553036 0597277 1708601


 0369637 0441923
 0035853

 0777169 0025141 2347469 0392148 0206461 2603360 1708595 3280986

 0325074
 0025141 0051767 0057671 0033727 0369286 0441932 0564385
 0597277 1708601 0439267

 0392148 2603362
 0597277 1708601 1511325
 0439394 1706495 3642217


 0201682
 2603362
 0043016 0369718 0441922 1553036

 2347469
 0369637 0441923


 0201682

 0369718 0441922 1553036 2603362

 0439114 1551756 0369637 0441923
 0597277 1708601
 0033727 0369286 0441932 0564385 0205090 0684010 2603358

 0369637 0441923


 0201682

 0369718 0441922 1553036 0205090 0684010 2603358
 2603362

 0369637 0441923


 0201682

 0369718 0441922 1553036 2603362

 0369637 0441923


 0201682
 0597277 1708601

 0043016

 0369637 0441923


 0201682

 0597277 1708601 2603360
 0392148 0043016
 0439267

 0369637 0441923


 0201682
 0369718 0441922 1553036
 1511325
 0439394 1706495 3642217 0554249


 2347379
 0000857 0600678 1552863 0597277 1708601
 0007634 1269647 1704653 1948049 0025141
 0205090 0684010 2603358
 0205090 0684010 2603358
 0439267
 2347379 0028606
 0000857 0600678 1552863 2603360
 0016327 0439133 1553038
 0009017 0009015 3538926 0022877 3244292 0475311 0035561 0205090 0684010 2603358
 0033727 0369286 0441932 0564385
 0205090 0684010 2603358
 1708595 3280986
 0027960 0324740 0439189 1456781 1824986
 0007634 1269647 1704653 1948049

 0025141 0016327 0439133 1553038 0439267
 0369718 0441922 1553036 0369637 0441923
 0369637 0441923
 2347379 0028606
 0000857 0600678 1552863 0016327 0439133 1553038
 0443021
 1708595 3280986

 2603360 1511325
 0439394 1706495 3642217


 0201682

 2347469
 2603362
 0033727 0369286 0441932 0564385
 0027960 0324740 0439189 1456781 1824986
 0007634 1269647 1704653 1948049

 0025141 0324335 2347469
 0723760 0016327 0439133 1553038 0205090 0684010 2603358
 2603360



 0201682
 2347469
 2347469 2603362
 0369637 0441923
 0007634 1269647 1704653 1948049 0025141 0205090 0684010 2603358
 0999213 0033727 0369286 0441932 0564385
 0369637 0441923
 0369637 0441923
 0597277 1708601 0205090 0684010 2603358

 1418943

 0268596 2700624
 3642273

 2603362

 0000857 0600678 1552863 0439267

 0439394 1706495 3642217
 0205090 0684010 2603358

 0025141 0205090 0684010 2603358
 0326117 0439267
 0033727 0369286 0441932 0564385

 0369637 0441923

 0025141 0331895

 0205090 0684010 2603358
 0036397 0025141 0554249 2603360
 1418943

 0268596 2700624
 3642273

 2603362

 0000857 0600678 1552863
 0021966 0221138
 0597277 1708601 0016327 0439133 1553038 2603362 2603362
 0033727 0369286 0441932 0564385
 0349590 1262865 0025141 0369718 0441922 1553036 0205090 0684010 2603358 2347469 2603362
 2347379 0028606
 0000857 0600678 1552863 0439261 0392148 0452875 1123019 1145701 3496086 0392148 0439394 1706495 3642217 0369718 0441922 1553036
 2347379 0028606
 0000857 0600678 1552863 0016327 0439133 1553038

 0000857 0600678 1552863 2603362

 0205090 0684010 2603358


 0201682
 0016327 0439133 1553038 0392148
 0392148 0369637 0441923
 0369637 0441923
 2347379 0028606
 0000857 0600678 1552863 1538463 0369637 0441923

 0443013
 0369718 0441922 1553036
 2603360 0033727 0369286 0441932 0564385 0331897 0369637 0441923



 0000857 0600678 1552863 0597277 1708601 0205090 0684010 2603358
 0007634 0450388 1269647 1704653 1948049 0025141 2603362

 0597277 1708601
 0040833 1521798 0325074
 0439086 2827736 2981702 0450329 0205090 0684010 2603358
 0439394 1706495 3642217 0677535 0205090 0684010 2603358
 0439394 1706495 3642217
 1418943

 0268596 2700624
 3642273

 2603362

 0000857 0600678 1552863 0557775 0439394 1706495 3642217
 0392148
 0033727 0369286 0441932 0564385
 0027960 0324740 0439189 1456781 1824986
 0007634 1269647 1704653 1948049

 0025141 0392148 0597277 1708601
 0392148 0392148 1553033
 0021966 0221138


 0201682
 2347469 0016327 0439133 1553038 2347469
 0027960 0324740 0439189 1456781 1824986
 0007634 1269647 1704653 1948049

 0000857 0600678 1552863 0016327 0439133 1553038 1553033 0369637 0441923
 0369637 0441923


 0201682
 0033727 0369286 0441932 0564385 2603360 2603360


 0201682
 0392148
 0205090 0684010 2603358


 0201682
 0205090 0684010 2603358 0205090 0684010 2603358
 2603362
 0369637 0441923
 0027960 0324740 0439189 1456781 1824986
 0007634 1269647 1704653 1948049

 0025141 0597277 1708601
 2346601 0597277 1708601
 0369637 0441923
 1418943

 0268596 2700624
 3642273

 2603362

 0000857 0600678 1552863 0369637 0441923
 0033727 0369286 0441932 0564385
 0016327 0439133 1553038
 1418943

 0268596 2700624
 3642273

 2603362

 0000857 0600678 1552863 2603360 0439267 0205090 0684010 2603358
 2347379 0028606
 0000857 0600678 1552863 0037455 0596070 0005477 0026376 0005532 1521991