 0037455 0596070 0005477 0026376 0005532 1521991
 0243114 1998793 0599946 0002716 0011560 0611285 0740116 2827735 2981700 0369637 0441923
 2827734 2981698
 0871754 2827734 2981698 0002716 0011560 0611285
 0740116 2827735 2981700
 0740116 2827735 2981700
 2827734 2981698 2827734 2981698 1880355 1293097 2919030 2919031 0013227 1546858 0022877 1619828 0562547 3160718 0020898 0740116 2827735 2981700 0587487 1704729 0008044 0041740 0008044 0520510 1274040 1546471 2825142 1514811 1706462 0003595 0003591 0002085 0002395 1521724 0012634 0021149 0220856 1517892 1704666
 0003595 0003591 1547282 1883351 1145667 1167622 0002716 0011560 0611285 0030956 0205418 1883351 0348078 0376315 1522492 0449432 1705248
 0043227 0052199 0002716 0011560 0611285 1145667 1167622 1510996 0052201 2984964 0002716 0011560 0611285 0439267 0201682
 1511726 1979874 3245479 1524063 0443526 0597298 0002716 0011560 0611285 0033727 0369286 0441932 0564385 0369637 0439394 0441923 1706495 3642217 0439267 0035853 2919042 0041703 0002716 0011560 0268596 0439083 0439087 0611285 1418943 2700624 3642273
 2699488 1290905 0243122 1145667 1167622 0052199 0332161 0599946 0243114 1998793 1184743 1522240 0332257 1552866 2700399 0301642
 1707455 0439155 2247768 0243122 1145667 1167622 1516240 0010454 0040284 0009458 0010453 0040300 0220814 0430400 0439536 1547928 1705217 2242979 3244283 0023825 0023823 0442811 0023820 0178587 0205251 0442824 1299352 1550472 0003591 0205448 0449416 1998793
 1704675 2827734 2981698 0740116 2827735 2981700 0439086 2827736 2981702 0439084 0728893 0450348 0450355 0439509 0030956 0003595 0003591 0600209 0013862 0071500 0596607 0005863 0332283 0002716 0011560 0611285 0597879 0003595
 0441889 0456079 1547707 2946261 0443228 1704243 0439855 1704241 1707455 0162518 0009458 0439536 1705217 3244283 0052199 0052201 2984964 0009458 0439536 1705217 1998793 3244283 0002716 0011560 0332297 0611285 1145667 1167622 1689898 2349209 1510996
 1524063 0003595 0003591 0032105 1550098 0052199 0019904 0052199 1710236 0052201 2984964
 0003595 0003591 0023820 0032105 1550098 1998793 0015272 0037791 1511884 0002716 0011560 0611285
 1274040 1546471 2825142 1705535 0455052 1521827 1710236 0003595 0003591 1517331 0026377 0003595 0005532 0205177 0205460 0439167 0441655 1561536
 0003595 0003591 0003595 0003591 0449432 1705248 0023688 0079613 0065059 0597357 0596846 0005528 1317949 3495449 0449297 1382187 2825073
 0003595 0523511 1412481 0006104 1269537 2827734 2981698 0871261 1515981 1704632 1706817 2911692 3263722 3263723 0205100 0740116 2827735 2981700 0027769 0599851 0439086 2827736 2981702 0449913 1553451 1704459
 0086418 0003595 0003591 0597298 3539520 0010654 0010654 1537525 0010654 1514468 1708726
 0392148 0052198 0052199 0683607 0597298 0348078 0376315 1522492 0596448
 0332185 3642141 0002085 0052201 0150312 0449450 0030705 0205422 0015576 0241888 0439084 0728893 0002395 1521724 0012634
 0023745 0678226 0017296 0314603 3146286 0035820 1705810 0543483 0699748
 1521970 1706388 2346469 2348519 0392148 0002716 0011560 0030956 0332621 0611285
 0441712 1706376 0030664 0205469 0677042 1880177 0205369 0597298 1552740 1704675 1704970 2987476 0002716 0011560 0611285
 0003595 0523511 1412481 0002716 0011560 0611285 0333463 0392079 0597551 0002716 0011560 0030956 0611285 1145667 1167622 0021135 1533691 2827718 0010454 0040284 0009458 0010453 0040300 0220814 0430400 0439536 1547928 1705217 2242979 3244283 0007806 0007807 0005889 0302908 0444611 1704353 0439084 0728893 0003595 0003591 0205170 1998793 3146287 0947630 1314939 0037791 1511884 0002716 0011560 0611285 0439801 3542948
 0043227 0052199 0002716 0011560 0611285 1145667 1167622 1510996 0052201 2984964 1511726 1979874 3245479
 1273517 0443526 0597298 0003595 0544357 0032105 0086418 1550098 1998793 1710236 0002716 0011560 0611285
 2699488 1290905 1441672 0004083 0439849 0596306 0699792 0052199 0332161 0599946 0243114 1998793 1184743 1522240 0332257 1552866 2700399 0301642
 0520510 0185117 0052199 0052201 2984964 2936239 0007634 0121258 0812263 1704817 3282337 0052199 0086418 0052201 2984964 1514468 0002085 0006556 1552738 0003595 0003591 1880165
 0332462 1880834 0243114 1998793
 0243114 1998793 0003595 0003591 0017431 0220908 1305399 1705053 1524063 0392747 1554963 0205103 1550465 2827755 2612458 2612459 0597177 0023825 0023823 0439267 0439526 0205409 1548221 0032105 1550098 0027361 0237401 0019904 0052201 2984964
 0455052 1521827 1524063 0204727 0205409 0220862 0439230 1273517
 0243114 1998793 1264633 1554103 0162518 0009458 0009647 0439536 1515981 1705217 1880165 3244283 0206243 0699809 0025664 0184661 0439787 0680240 0849355 1442989 2700391 2828392 0162518 0009458 0439536 1705217 3244283 0023820 0013618 1833563 0740116 2827735 2981700 2827734 2981698
 0033684 0441436 0993610 1998480 0018320 0120446 0369637 0441923 0041175 0077281 0814229 2678549 1882074 0013618 0020283 0450407 0450408 0450409 0025402 0580272 1519043
 0033684 1979893 1185738 1706132 0331955 0018320 0120446 0369637 0441923 0041175 0077281 0814229 2678549 1882074 0013618 0020283 0450407 0450408 0450409 0025402
 1264633 0332256 2700400 0003595 0003591 1440942 0369637 0441923 0369637 0441923
 0033684 0600209 0013862 0071500 0596607 0487602 1704680 0011321 0596957 1524063 1442989 2828392
 0220781 0439634 1522492 1511790 0002716 0011560 0611285 2827734 2981698 0740116 2827735 2981700 0439086 2827736 2981702 0439084 0728893 0450348 0450355 0439509 0030956 0008562 0687276 1579831 0008565 0008550 0205250 0302908 0597198 1299351 1304698 1546699 1561501 1882330 1998793 2700149 1440942 0369637 0441923 3641135
 0003595 0523511 1412481 1300565 0439526 0369637 0441923 0011744 0033727 0369286 0441932 0564385 1439852 2729544 1316572 1317574 1369612 0349966 1337208 2348236 0005903 0039476 1547703 0002716 0011560 0611285 2678549 1882074 0020283 0450407 0450408 0450409 1552738 0443286 1114821 0332256 2700400 3641135
 0443286 1114821 0258024 0006353 1272691 1883712 0025402 0016701 0677542
 0370003 2347026 0702093 0242301 1546559 1630409 0017243 0077068 0013855 0123400 0025255 0063412 0348011 0683758 0003241 0002716 0011560 0611285 0003595 0003591 2827734 2981698 0079240 1948037
 1999230
 0033727 0369286 0441932 0564385
 0369637 0441923
 0597277 1708601
 2603362
 0020960 0034493 1301820 0003595 0003591 0086418 0229671 1546774 1550100 1998793
 0033684 0162524 0234621 1450278 2349975 0683758 0011321 1709793
 0449247 0040223 0750729 3541383 0443526 0597298 0003595 0544357 0032105 0086418 1550098 1998793
 1547282 0949466 1705493 0005507 0012634 0243073 0348080 1510438 1705253 1552738 2729544 0349966 1337208
 2827734 2981698 0003241 0021027 0182400 1704681 2347609 3536729 0020960 0003595 2347469
 0003595 0523511 1412481 0544357 0032105 0052199 0086418 1550098 1998793 1708639 0052201 2984964 1708639 0019904
 1708639 0003595 0003591 0205171 0439044 0679994
 1708639 0002716 0011560 0611285 0456692 0702093 0011744 0033727 0369286 0441932 0564385 0033727 0369286 0441932 0564385 0033727 0369286 0441932 0564385
 1274040 1546471 2825142 1511726 3245479 1704788 3539106 0392148 0035648 0035647 1521761 2827422 0243132 1554210 2745955 0205422 0015576 0241888 0439084 0728893 0002395 1521724 0012634
 0441712 1706376 0012634 0543483 0699748 1880177 0439673
 1524063 0003595 0003591 1547282 1265611 0443228 1704243 0439855 1704241 1707455 1274040 1546471 2825142 1511726 1551058 1979874 3245479 0034037 1704324
 1524063 0003595 0003591 0544357 0032105 0086418 1550098 1998793 0684224 0700287 3496591 0052201 2984964 1145667 1167622 0002716 0011560 0052199 0611285 1637379
 0441889 0456079 1547707 2946261 0052199 0052201 2984964
 1705241 1705242 0449416 1705919 0032105 1550098 0007600 0007635 3282338 0033684 0003595 0332152 0042153 0457083 1947944 1998793 2826257 0005507 0243073 1510438
 0557651 2603343 0332128 1705241 1705242 1290905 1551359 2741673 2981730 0684224 0700287 2247768 0205369 0243122 1145667 1167622 1552740
 1707455 0439155 2247768 0243122 1145667 1167622 1516240 0162518 0009458 0439536 1705217 3244283 0023825 0023823 0442811 0023820 0178587 0205251 0442824 1299352 1550472 0019904 0205448 0449416 1998793
 0184661 1948041 2700391 3274430 3538935 3539779 1273517 1278655 0445247 1273517
 0205435 1279901 0332128 1280500 2348382 0162518 0009458 0439536 1705217 3244283 0220781 0439634 1522492 1704241
 0052199 0052201 2984964 2936239 0007634 0009458 0121258 0439536 0812263 1704817 1705217 1998793 3244283 3282337 0243122 1145667 1167622 0002716 0011560 0611285 0003595 2247768 0003591 0243122 1145667 1167622 1707455 0009458 0439536 1705217 3244283 0349966 1337208
 0243114 1998793 1265611 0349966 1337208 0002716 0011560 0611285 2347469 1708639 0443228 1704243 0439855 1704241 1707455 1708639
 1274040 1546471 2825142 0332290 0243122 1145667 1167622 0052199 0040223 1314677 3541383 0020283 0450407 0450408 0450409 1514721 2348147 3542016 0086045 1446561 0002716 0011560 0611285 0243114 1998793 0009458 0439536 1705217 3244283 0392756 0547047 1274040 1546471 2825142 0243122 1145667 1167622 0052199 0349966 1337208 0002716 0011560 0611285 2347469 1708639 0442805 0052201 2984964 1708639
 1883351 0449432 1705248 0037791 1511884 0002716 0011560 0611285 0150312 0449450 0003595 0003591 0162518 0009458 0439536 1705217 3244283
 0037791 1511884 0002716 0011560 0611285 1518422 0441889 0243114 1998793 1518422 0849355 1883720 3244314 0150312 0449450 0243122 1145667 1167622 0052199 1707455 0349966 0002716 0011560 0611285 1708639
 0243122 1145667 1167622 1280500 2348382 0162518 0009458 0439536 1705217 3244283
 1547282 0949466 1524063 0003595 0003591 0369637 0441923 1439852 1708639 1708639 0439086 2827736 2981702 0439084 0728893 0002716 0011560 0611285 0439509 2827734 2981698 0030956 2348236 0005903 0039476 1547703
 0449416 0332283 1719822 0162518 0009458 0439536 1705217 3244283 0052199 1708639 0740116 2827735 2981700 0052201 2984964 1708639 0162518 0009458 0009647 0439536 1705217 1998793 3244283 0052199 1708639 0052201 2984964 1708639
 0370003 2347026 0258024 0006353 0017243 0123400 0025255 0063412 0348011 0596901 1706182 0003241 0021027 0182400 1704681 2347609 3536729 0002716 0011560 0611285 0020960 0003595 2347469
 1883351 0243122 1145667 1167622 0443526 0597298 0023825 0023823 0442811 0023820 0178587 0205251 0442824 1299352 1550472 0032105 0052199 0205409 1548221 1550098 0019904 0243122 1145667 1167622 1273517 0002716 0011560 0611285
 2348205 1524063 0003595 0003591 1441672 1705241 1705242 0349966 1337208 0002716 0011560 0611285 2347469 1708639 0439855 1704241 1707455 1708639 1524063 2612458 2612459 0597177
 0003595 0003591 0243114 1998793 0009458 0439536 1705217 3244283 0243114 1998793 1264633 1554103 0023825 0023823 0544357 0032105 0086418 1550098 0332161 0599946 0243122 1145667 1167622 0002716 0011560 0611285 0002716 0011560 0611285 2347469 1708639
 0441889 0456079 1547707 2946261 0052201 2984964 0596448 0003595 0003591 0205217 0243114 0442805 1998793 0032105 1550098
 0032105 1550098 1705920 0232902 0205250 1299351 2700149 1532717 1708639 0740116 2827735 2981700 2986957 0349966
 2827734 2981698 0439086 2827736 2981702 1882932 1274040 1546471 2825142 1524063 0455052 1521827
 0205419 0002716 0011560 0611285 1441672 0243114 1998793 0003595 0003591 0009458 0439536 1705217 3244283 0032105 1550098 0205369 0243122 1145667 1167622 1552740
 0243122 1145667 1167622 1280500 2348382 0544357 0032105 0086418 1550098
 1547282 0949466 1705493 0005507 0012634 0243073 0348080 1510438 1705253 1552738 2729544 0349966 1337208
 2827734 2981698
 0449416 0332283 1719822 0023825 0023823 0442811 0023820 0178587 0205251 0442824 1299352 1550472 1708639 0740116 2827735 2981700 0052201 2984964 1708639 0019904 0023825 0023823 0442811 0023820 0052199 0178587 0205251 0442824 1299352 1550472 1998793 1708639 0052201 2984964 1708639 0019904
 0370003 2347026 0035953 0600140 1704688 2346414 1552738 2729544 0349966 1337208
 2827734 2981698 0003241 0021027 0182400 1704681 2347609 3536729 0002716 0011560 0611285 0020960 0003595 2347469
 0023825 0023823 0442811 0023820 0178587 0205251 0442824 1299352 1550472 0555903 1261360 0033684 0439175 0439810 0439297 0041004 0439297
 0023825 0023823 0442811 0023820 0178587 0205251 0442824 1299352 1550472 0555903 1261360 0033684 0439175 0439810 0439297 0041004 0439297

 0003595 0003591 0032105 1550098 1998793 1547282 0002716 0011560 0611285 0052201 0596973 1145667 1167622 2984964 0871208 1521828 0596973
 1880177 1511726 3245479 0449247 0332218 0003595 0003591 0182400 1704681 2347609 3536729 0597879 0205341 0040227 0557651 2603343 0449247 1524063 0443526 0597298 0002716 0011560 0611285 0182400 1704681 2347609 3536729 0002716 0011560 0611285 0003595 0003591 0597879
 2348205 1301820
 0596973 0348078 0376315 1522492 0439855 1704241 0871208 1521828 0052199 0596973 1707455
 0439855 1704241 1551359 1883727 2741673 2981730 0243122 1145667 1167622 0052199 0052201 2984964
 0332149 1705910 2362652 0037791 0597298 1511884 1517945 1551359 2741673 2981730 0243122 1145667 1167622 0003595 0003591 0002716 0011560 0611285
 0243114 1998793 0392747 0443172 1274040 1546471 1705241 2825142 1301808 1442792 3148680 0003595 0003591 0243122 1145667 1167622
 0443526 0597298 0003595 0445247 0681850 1550501 1551058 1706203 2349001 2697811 0012634 0348080 1705253 0243114 1998793 0030011 0205369 1552740
 0001721 2247768 0243122 1145667 1167622 0002716 0011560 0611285 1947931 0002520 0001128 1704675 1709915 1882936
 0596448 0348078 0376315 1522492 1998793 1145667 1167622 0010654 0030011 1518422 1883351 0001721 0220781 0439634 1522492
 1883712 0030011 0359589 1999230 0681841 0243122 1145667 1167622 0596973
 0681841 0003595 0003591 1706701 0026377 0023779 0332281 0205369 0243122 1145667 1167622 1552740
 0243114 1998793 0332257 1552866 2700399 0442805 0243122 1145667 1167622 0596448 0596973 0026377
 0455052 1521827 1273517 0003595 0003591 0023779 0332281
 0003595 0523511 1412481 0023825 0023823 0442811 0023820 0043194 0178587 0205251 0258432 0442824 1264633 1299352 1421478 1550472 1554103 0680220 0162518 0009458 0439536 1705217 3244283 0023767 0851043 0023779 0043194 0178587 0205250 0258432 1264633 1299351 1421478 1554103 2700149 0003595 0003591 1547282 1883351 0023779 0005507 0005532 0205177 0205460 0439167 0441655 1561536 0683607 0033684 0026377 0205245 0542341 2700217
 1325281 0205177 0439167 0441655 1561536 0005507 0243073 1510438 0332257 1552866 2700399 0920644 0542341 0443264
 0003595 0003591 1299582 0205250 0243122 1145667 1167622 1299351 1510827 2700149 0003595 0003591 0023767 0230704 0023779 0392148 0597177 1524062 1883525 2346866 0332257 0333262 2247768 0243122 1145667 1167622 0034821 1366529 1416912 0242972 0748025 0023823 0597357 0065059 0023820 0033684 0178587 0205251 0439849 0445223 1299352 1550472 1883712 2349975 0232902 0023825 0023823 0442811 0023820 0178587 0205251 0442824 1299352 1550472 0010453 0052199 0052201 2984964 1301751 1280500 2348382
 0392148 1524062 0232902 0023825 0023823 0442811 0023820 0178587 0205251 0442824 1299352 1550472 0443526 0597298 0003595 0001721 0018270 0220844 1621966 2911660 0052199 0442808 0231448 1880641 0205384 0442797 0205384 0231448 1880641 0681814 1272688 1548387 0150312 0332285 1280477 1524063 0449913 1553451 1704459 1552738 0349590 1262865 0003595 0003591 1524063 0023820 0333262
 1511726 3245479 0449450 0332290 0003595 0003591 0543483 0699748 0002716 0011560 0611285
 0243122 1145667 1167622 0002716 0011560 0611285 0228081 0023175 0449297 1382187 1442948 1522538 2348269 2349975 2825073 3275067 0220781 0439634 1522492 0238767 1706086 0309872 0439836 1705920
 0052199 0052201 2984964 1145667 1167622 0034821 1366529 0023823 0065059 0023820 0178587 0205251 0597357 1299352 1550472 0034821 1366529 1416912 0023823 0065059 0242972 0597357 0599283 0748025 0023820 0033684 0178587 0205251 0439849 0445223 1299352 1550472 0243144 0347980 0449297 1382187 2825073 0243122 0725813 1145667 1167622 0052199
 0052199 0052201 2984964 0205309 1883351 0679133 1280500 2348382 3544412 0220781 0439634 1522492 1705535 0003595 0003591 0032214 0600138 0035820 1705810 1705241 1705242 1521970
 0332120 0040539 0600688 0003595 0003591 0034493 0332161 0599946 1883712 0450348 0332152 1522538 0003595 0003591 0002716 0011560 0040539 0205263 0600688 0611285 1880177
 1552616 1706244 1524063 0003595 0003591 2612458 2612459 0597177 0023825 0439855 1704241 2346714
 0037791 1511884 0332161 0599946 0003595 0003591 0205448 0449416 1998793 0243122 1145667 1167622 1273517 0002716 0011560 0611285
 0003595 0523511 1412481 0003591 1515981 0026377 0023779
 1518422 0332307 1547052 1273517 0001721 1274040 1546471 2825142
 1510996 0052199 0052201 1707455 2984964 0205369 0597298 1280500 1314939 1552740 2348382 1707520
 2347946 0220781 0439634 1522492 0027746 1261322 1552578
 2825232 0043227 0449719 1521721 1709471 0027468 1519441 0683939 0205099 0004153 1546858 0022877 0331761 1515981 1619828
 0010186 0220812 0449719 1709471 0220808 0680264 0007961
 1706852 0522501 1706089 0949214
 0205155 1293097 1522472 1552923 1705191
 0027468 0018173 0018684 0021622 1521721 1548284 3245503
 0282413 0376649 1442065 0030664 0205469 0369637 0441923 0677042 0008044 0041740
 0024858 0008044 0020898 0021764 0022271
 0254343 0796520 3272379

 0085205 1549619 1880669
 0376649 1442065 0035168 0242481 0331933 3541314
 0000723 1273517 0003595 0003591 0003595 0003591
 0002395 1521724 0012634
 0002716 0011560 0611285 0002716 0011560 0611285
 0023825 0023823 0442811 0023820 0178587 0205251 0442824 1299352 1550472 0023825 0023823 0442811 0023820 0178587 0205251 0442824 1299352 1550472
 0077068 0369718 0441922 0700307 1553036 0556985 2247301 3540495 0017890 0522461
 0023823 0023820 0178587 0205251 1299352 1550472 0023823 0023820 0178587 0205251 1299352 1550472
 0369637 0441923

 0369637 0441923
 2603360
 0302523 0700325 3244290
 0369637 0441923

 0369637 0441923
 2603360


 0302523 0700325 3244290
 2986676
 2986676 0032105 1550098
 1514811 1706462 0369718 0441922 1553036

 0205090 0684010 2603358

 0369637 0441923
 1418943

 0268596 2700624
 3642273

 2603362

 0000857 0600678 1552863
 0597277 1708601
 0439394 1706495 3642217
 0439394 1706495 3642217
 0205090 0684010 2603358
 0597277 1708601
 0033727 0369286 0441932 0564385
 0205090 0684010 2603358
 0369773 2603361
 1670412 0369637 0441923

 0369637 0441923

 1315013

 0025141 0325808 0439267

 2347469


 1418943

 0268596 2700624
 3642273

 2603362

 0000857 0600678 1552863

 3272372
 0369773 2603361
 0033727 0369286 0441932 0564385 0369637 0441923
 2603362
 0033727 0369286 0441932 0564385 2347469

 0016327 0439133 1553038
 0205090 0684010 2603358 0369637 0441923
 1553033 2347469 0035853

 0027855 0000857 0600678 1552863

 0439267
 0035853

 1418943

 0268596 2700624
 3642273

 2603362

 0439083 0439087 0000857 0600678 1552863 2603360 2347469


 0025141 0369637 0441923
 0369637 0441923
 2603360

 0439267




 0201682
 0369718 0441922 1553036
 0033727 0369286 0441932 0564385 2603360 2347469


 0025141 2603360 2347469


 2347379

 0025141
 0597277 1708601
 0033727 0369286 0441932 0564385
 0369637 0439394 0441923 1706495 3642217 0439267

 0035853

 1418943

 0268596 2700624
 3642273

 2603362

 0439083 0439087

 2603360

 2347379
 0450355 0000857 0600678 1552863 0597277 1708601
 0033727 0369286 0441932 0564385 0205090 0684010 2603358


 0025141 2603362
 0597277 1708601
 0033727 0369286 0441932 0564385 0205090 0684010 2603358


 0025141
 0597277 1708601
 0349590 1262865 0025141 0597277 1708601
 0402830

 0999213 0369637 0441923
 0234880 1553033 0021966 0221138 1440524
 0205090 0684010 2603358 0033727 0369286 0441932 0564385
 0369637 0441923

 2347379

 0740116 2827735 2981700 2603360
 0439394 1706495 3642217 0205090 0684010 2603358

 0005477 0025141 2603360
 0205090 0684010 2603358
 0205090 0684010 2603358


 0025141 0205090 0684010 2603358
 0439482 0597277 1708601
 0033727 0369286 0441932 0564385 0205090 0684010 2603358
 0678579 0369637 0441923

 0439394 1706495 3642217


 0201682
 2347469
 0369773 2603361
 0597277 1708601
 0033727 0369286 0441932 0564385 0205090 0684010 2603358
 0205090 0684010 2603358

 0036397 0025141 0153064 0402217 0033727 0369286 0441932 0564385
 2347469 0051767 0057671 0336168 0033727 0369286 0441932 0564385
 0349590 1262865 0025141
 0597277 1708601
 0033727 0369286 0441932 0564385 1979971 2603362
 0205090 0684010 2603358
 2603360 2347469 0035853



 1315013

 0025141 2603360
 2603360 2347469



 0000857 0600678 1552863
 0369637 0441923
 0369773 2603361
 2603360
 2603362
 0033727 0369286 0441932 0564385


 2347379

 0025141 0037455 0596070 0005477 0026376 0005532 1521991