 0037455 0596070 0005477 0026376 0005532 1521991
 0031715 1158886 0243148 0441712 1550141 1706376 1882979 2587213 3274648 0034036 0034037 1514756 1704324


 0035168 0242481 0022886 0022877 0035168 0242481 1619828 0205099 1514811 1706462 0003595 0003591 0023820 0700364 1883351 0032214 0600138 0035820 1705810
 0023882 0700321 2700395 0003595 0003591 0205309 0851285 1327622 0947630 1547282 0079189 1524094 0220781 1883254 0003595 1515655 0021135 1533691 2827718
 0332185 1547282 1412481 1445865 0017337 0521447 0851285 1336789 1425988 2826298 0682523 0427861 0007600 2717940 0007634 0205132 1269647 1550648 1552960 1704653 1948049
 0557651 2603343 0039798 0087111 1522326 1533734 1705169 3538994 0021755 1522428 0021764 1527200 0021760 1527132 0021764 1527200 0205263 0597298 0857127 1425988 1274040 1546471 2825142 1425988 1524084
 0205263 0857127 1449702 0033640 1171350 3537023 3537035 0028778 0031727 0033684 0075193 0332206 1999216 2983591 1705535 1425988 0348078 0376315 1522492
 0183683 1521721 0597298 0031586 0014898 0031588 0070750 0205263 0075193 0311403 0035820 1705810
 1709793 0301067 0392148 0557651 0947630 2603343 0332120 1425988 0392747 0443172 1705241 0441889 0456079 1547707 2946261
 0012634 0348080 1705253 3146294 0456947 0441889 0521115 0392756 0547047
 1280500 2348382 1518422 0700364 1883351 1274040 1546471 2825142 0034987 0017446 0205147 0220905 1704735 1510827 1148673 1425988 0205280
 1511726 3245479 1705535 0851285 1327622 1425988 0031715 0443199 0443264 1158886 1705242 0033634
 0003595 0003591 0729650 0005528 0031843 0542341 0700205 1317949 1705273 3495449 0332620 0023779 0242821 0460148 1268086 2827734 2981698 0740116 2827735 2981700 0439086 2827736 2981702 0181909 0449878 0332120 0003595 0003591 0032214 0600138 0035820 1705810 0439084 0728893 1883712 0003595 0003591 0035820 0002395 1521724 0012634 1414672 1515981 2984892 0282443 1709940 0150312 0332285
 1521761 2827422 0185117 0449416 1705919 0205170 3146287 0162340
 1524063 2717940 0441833 0687744 1257890 1552516 1552839 1705428 1705429 0034987 0013879 0220905 1704735 0003595 0003591 0185117 0442799 1514873 1412481 1445865 0017262 0017337 0185117 0007634 3282337 1425988 0086282 1611821 0680022 2698041 0947630 0441889 0456079 1547707 2946261 2266866 0205177 0439167 0441655 1561536 1148673 0037083 0175996 0178719 0851285 3537152 1280500 1336966 1709313 0029016 0086597 0127400 0521026 1519726 0031715 0041485 1158886 1515981 1148673 2266866 0012854 0205177 0243122 0439167 0441655 1145667 1167622 1514873 1561536 0007634 3282337 1425988 0205448 0597298 2987476 1524084 1425988 0507114 1416271
 1705810 0035820 0947630 0332120 1705535 1882932 1705241 1705242 0010453 2717940 0007634 3282337 0003595 0003591 0035143 0086597 0127400 1425988 0205171 1720467 0597298
 0557651 2603343 1515670 0185117 1883351 0021755 0600251 0020898 0021764 0022271 0079189 1524094 0041368 1323304 1456820 0333516 0027540 0027651 1334928 1521761 1578706 2827422 3273930 1274040 1546471 2825142 0332290 1280500 2348382 1622984 0220781 1883254 0010453 0220814 0430400 2242979 0079189 1524094 0332257 0021755 0600251 0020898 0021764 0022271 0205309 1883351 0205263 1158886 0031715 0332257 0040648 0040649 1521761 2827422 0282443 1709940 0150312 0332285 1883351 1292732 0031715 1158886 0441712 1706376 0441472 3266814 0035143 1412481 1445865 0017337 0003595 2717940 0007634 3282337
 0030351 1547566 1547282 0039798 0087111 1522326 1533734 1705169 3538994 0021755 0600251 0020898 0021764 0022271 0021760 1334122 2983957 0020898 0021764 0022271 0205263 0597298 0003595 0034987 0003591 0017446 0205147 0220905 1145667 1167622 1704735 1510827 0597298
 0205263 0857127 0700364 1883351 0678226 0031715 0205217 0442805 1158886 2987476 3146286 1425988 0031586 0014898 0031588 0070750 0205263 0205263 0857127 1449702 0033640 1171350 3537023 3537035 0028778 0031727 0033684 0075193 0332206 1999216 2983591
 1547282 0021755 0600251 0020898 0021764 0022271 0021760 1334122 2983957 0020898 0021764 0022271 1260953 0220781 1883254 0031715 0442808 1158886 1425988 1515981 1441672 0035143
 1511726 3245479 1705535 0031715 1158886 0033634 0032214 0600138 0035820 1705810
 0117953 0009458 0016327 0025664 0184661 0325564 0392747 0439133 0439536 1517586 1551720 1553038 1705217 2700391 3244283 0439086 2827736 2981702 2827734 2981698 0007452 0015965 0229671 0521457 1140701 1546774 1550100 0039421 0376558 0869011
 0021755 0600251 0020898 0021764 0022271 0021760 1334122 2983957 0020898 0021764 0022271 0205090 0684010 2603358 0449913 1553451 1704459
 1335439 0010734 1420150 1335439 1515981 0331805
 0075193 0022877 0869011 1619828
 0242722 0036679 0237868 1881713 0449913 1553451 1704459
 0449913 1553451 1704459 0035668 0204727 0205409 0220862 1273517
 0812225 1150635 1705212 1705213 3273202 0872262 0002778 0035668 0936012 1273517 1524024
 0182362 0812225 1150635 1705212 1705213 3273202 0012854 0204727 1273517
 0140662 0035681 2984241 0035668 0450548 1335439 1422729 0010734 1420150 1524063 0812225 1150635 1705212 1705213 3273202
 0034760 0220806 0332306 0470187 1522410
 0002778 0936012 1524024 1314677 1552738 0035668 0205409 1548221 1552738 1524063 0449913 1553451 1704459
 0035696 0441889 0936012 1167121 3541326 0450348 2828366 2717940 0007634 3282337 1552738 0596608 0949632 1552738 0205263 0857127 0884358 1883351 0021755 0600251 0020898 0021764 0022271 1280500 2348382
 1518434 0521447 2828366 2717940 0007585 0007634 0010453 0205200 3282337 0021755 0332293 0439275 0600251 0085295 0964553 1334110 2983956 0020898 0021764 0022271 0439526 1522326 0596608 0949632 0884358 1524063 0182400 1704681 2347609 3536729 1707959 1547282 0450344 1553633 0596608 0949632 0884358 1524063 0007592 1518434 0521447 2828366 1708639 2246376 1180347 1523872 0038164 0058610 0012854 0033684 0037179 0087136 0205164 0205171 0439855 1704241 1274040 1546471 2825142 0507114 1416271
 1979874 0596608 0949632 0884358 1524063 1518434 0521447 2828366 0021755 0600251 2717940 0007634 0020898 0021764 0022271 0332293 1522326 3282337 1947971 2246376 1180347 1523872 0033684 1704241 1425988 0507114 1416271
 0439855 1704241 0232902 0507114 1416271 1708639 1518422 0205396 1550043 1551388 0947630 1882932 1704675 1547282 2717940 0007634 1269647 1425988 1704653 1948049 0205431 1522492 0439855 1704241 1524084 0597298 0018873 0007634 1269647 1425988 1704653 1948049 0205431 1522492 0439855 1704241 1524084 0597298 1521761 2827422 0521093 0679932 0750484 0947630 0021755 0600251 0020898 0021764 0022271 0205263 1425988 0870432 0871161 1292721
 0349966 0450345 1337208 1547282 0005456 0682969 0205145 0243122 1145667 1167622 1515974 2825164 1425988 2246376 0058610 1537044 1180347 1523872 0012854 0033684 1704241
 0681814 0205280 0205341 1274040 1546471 1524063 0205145 1515974 2825164 0005456 0682969 0205145 0243122 1145667 1167622 1425988 1515974 1515981 1708632 2825164 0009264 0009443 0234192 1511726 3245479 1518422 1547282
 1511726 3245479 0507114 1416271 0028589 0033684 0521447 1425988
 0205263 0857127 2717940 0007634 3282337
 2717940 0007634 3282337 0005971 1139930 3537155 0332173 0439228 0439505 0178587 2347576 0007585 0010453 0020498 0220814 0430400 2242979
 0007634 3282337 1883708 0021755 0332293 0439275 0600251 0085295 0964553 1334110 2983956 0020898 0021764 0022271 0439526 1522326 0033727 0369286 0441932 0564385 1439852 1518434 0521447 2828366 1521827
 0596608 0949632 0884358 1524063 0720544 0439267 2828366 0439192 0028953 0332256 2700400 0162326 0220905 1704735 0314642
 0597298 2246376 0058610 1180347 1523872 0012854 0033684 0205448 0332152 1522538 1704241 0596608 0949632 1425988 1708632 0507114 1416271
 0507114 1416271 0598490 0005507 0243073 1510438 1518434 2717940 0332293 0524983 0007634 0079189 0439267 0521447 0884358 1269647 1522326 1704653 1948049 2828366 0439192 0028953 0182400 1704681 2347609 3536729 0443286 1114821
 1265611 1521761 2827422 0182400 0332297 1145667 1167622 1689898 1704681 1708632 2347609 2349209 3536729 0086045 0392148 0442808
 0679932 0439084 0728893 1979886 0243122 1145667 1167622 1524062 0443286 1114821
 0392412 0439157 0522527 0033684 0332297 1145667 1167622 1532717 1689898 2349209 1524063 0179038 1706246 0392412 0439157 0439232 0700321 0702093 1282918 2347166 0332297 1145667 1167622 1425988 1689898 2349209 0507114 1416271 1979886
 0205263 0857127 0700364 1883351 0678226 0031715 0205156 0947630 1158886 1552607 2987476 3146286 0018873 0007634 0031678 0332293 1149880 1269647 1425988 1522326 1704653 1948049 1705535 1704241 0232902 1425988 0597298 0678226 1551058 3146286 1705241 1705242 0031715 1158886 0884358 0681814 0750557 0205263 0857127 2717940 0007634 3282337 0678226 0031715 0043194 0258432 1158886 1421478 3146286
 0596608 0949632 0884358 1524063 1518434 0521447 2828366 2717940 0007634 1441547 3245521 3282337 0332293 1522326 0021755 0600251 0020898 0021764 0022271 0021755 0600251 0020898 0021764 0022271 0332287 0075193 1449702
 0332155 1707455 0243148 1550141 1882979 2587213 3274648 1708639 0439086 2827736 2981702 0021755 0600251 0020898 0021764 0022271 0205263 0456947 0814896 0441889 0456079 1547707 2946261
 0597298 0018873 0007634 1269647 1425988 1704653 1948049 1708639 1547282
 1547282 1708639 0075193 0028778 0332206 2983591 0205263 0857127 0021755 0600251 0020898 0021764 0022271
 0183089 0442739 1548568 0392747 0443172 1705241 0441889 0456079 1547707 2946261 0007634 3282337 0332293 0075193 1522326 0205171 0439044 0679994
 0205263 0857127 0678226 1418978 0031715 0507114 1158886 1416271 1425988 3146286
 2717940 0007634 3282337 0005971 1139930 3537155 0332173 0439228 0439505 0021755 0332293 0439275 0600251 0085295 0964553 1334110 2983956 0020898 0021764 0022271 0439526 1522326 0075193 0033727 0369286 0441932 0564385 1518434 0521447 2828366 1521827
 0596608 0949632 0884358 1524063 0444499 0720544 0439267 2828366 0439157 0028953
 1708639 1518434 2828366
 1708639 0332155
 1708639 0021755 0600251 0020898 0021764 0022271 0332293 1522326
 1708639 0075193 0332293 1522326
 0507114 1416271 1707455 0039654 0000975
 0007634 3282337 0021755 0332293 0600251 0020898 0021764 0022271 1522326 0205171 0439044 0679994 0075193 0767601 0039654 0000975 0031588 0070750 0129533 1515981 0205171 0439044 0679994 0075193 0312860
 1265611 0033727 0369286 0441932 0564385 0205087
 0681814 0205263 0857127 0021755 0600251 0020898 0021764 0022271 0033634 0039654 0000975 0767601
 0349966 0450354 1337208 1706096 1547282 1441672 0205263 0857127 0021755 0600251 0020898 0021764 0022271 0205197 0075193 0311403
 0039798 0087111 1522326 1533734 1705169 3538994 0039654 0000975 0205263 0597298 0857127 1425988 1274040 1546471 2825142 0439792 0547044 0450354 1706096
 0031715 1158886 1425988 0075193 0311403
 0805874 0870077 1446409 0439787 0849355 0033666 0392747 0687676 1519614 1554963 1704687 0205263 0332152 0857127 1425988 1522538 1511726 3245479 1705535 0205263 0857127 2717940 0007634 3282337 0678226 0031715 0205217 0442805 0507114 1158886 1416271 3146286 2362652 0033634
 0332268 0441889 0456079 1547707 2946261 1425988 0028778 0031715 0205263 0332206 1158886 1533157 1706084 1707455 2828370 1705535 1425988 0205263 0857127 1518422 0442805 1265611 0441889 0449286 0542560 1561545 2348088 0021755 0600251 0020898 0021764 0022271
 0349966 1337208 1547282 0039798 0087111 1522326 1533734 1705169 3538994 1518422 0442805 1265611
 0332232 0439175 0439810 1425988 2717940 1512899 0007634 3282337 0043194 0258432 0597298 1421478 1425988 0021755 0600251 0020898 0021764 0022271 0205263 0597298 0857127 1425988 1274040 1546471 2825142 0332232 0439175 0439810 0450365 1706097
 0332128 1265611 0392148 0332197 1689985 0349966 0450366 1337208 1547282 1441672 1705241 1705242 0332282 1519619 0021467 0021469 1628982 3463820
 1511726 3245479 1705535 0039798 0087111 1522326 1533734 1705169 3538994 0021755 0600251 0031715 0175996 0178719 0337051 1158886 1274040 1425988 1509144 1546471 2349200 2825142
 0007634 3282337 0332293 1522326 1515981 0033727 0369286 0441932 0564385 1441672 0392756 0547047 1705535 0040648 0040649 1521761 2827422 0205166 1706317 1548795 1634625 2982691
 0205263 0857127 0678226 0031715 0337051 1158886 1509144 2349200 3146286
 1265611 1265611 1418978 0507114 1416271 1524063 0683758
 0037585 0332282 0596608 0949632 1524063 2717940 0007634 1269647 1704653 1948049 1441547 3245521 1518434 0521447 2828366 0182400 1704681 2347609 3536729
 1511726 3245479 0444504 2347634 2348143 0681814
 0007634 3282337 0033727 0332293 0369286 0441932 0564385 1522326 1300565 0720544 0456947 0441889 0456079 1547707 2946261
 0031715 1158886 1706214 3244320 0028589 0949374 0033684 0521447 0871261 1704632 1706817 2911692 0021755 0600251 0020898 0021764 0022271 0543488 0392747 0443172 1705241 0392760 1314939 1325281 0205177 0439167 0441655 1561536
 0681814 2717940 0007634 3282337 0021755 0332293 0600251 0020898 0021764 0022271 1522326 0441889 0456079 1547707 2946261 1327616 0002778 0021069 0332128 0936012 1524024 0332282 0025664 0184661 2700391 1552738 0150312 0332285 0557651 2603343 0936012 1280500 2348382 0021760 1334122 2983957 0020898 0021764 0022271 0439611 0947630 1547282 0031715 1158886
 0021755 0600251 0020898 0021764 0022271 0087111 0392756 0003595 0003591 0185117 0021760 1334122 2983957 0020898 0021764 0022271 0021755 0600251 0020898 0021764 0022271
 0002778 0936012 1524024 0884358 1883351 1707455 0441889 0449286 0542560 1561545 2348088 0035696 0441889 0332293 1522326 0021755 0600251 0020898 0021764 0022271 0021760 1334122 2983957 0020898 0021764 0022271
 0349966 0450373 1337208 1553636 1547282 1441672 0442805
 1441672 0441889 0449286 0542560 1561545 2348088 0021760 1334122 2983957 0020898 0021764 0022271 0681814
 0021755 0600251 0020898 0021764 0022271 1444656 0442739 1548568 0392747 0443172 1705241 0332282 0039798 0087111 1522326 1533734 1705169 3538994 0021760 1334122 2983957 0020898 0021764 0022271
 0205171 1720467 0333051 2347509
 0349966 0450375 1337208 1547282 1441672 0332232 0392756 0547047 0332282 0039798 0087111 1522326 1533734 1705169 3538994 0021755 0600251 0392756 0547047 0332282 0039798 0087111 1522326 1533734 1705169 3538994 0021760 1334122 2983957
 0392756 0547047 0441889 0449286 0542560 1561545 2348088 0031715 1158886 0442739 1548568 0392747 0443172 1705241 1705535 0597298 1336789 0005456 0682969 0205145 0243122 1145667 1167622 1515974 2825164 1883644 0034987 0017446 0205147 0220905 0522505 1704735
 0031715 1158886 0035143 0035696 0003595
 2717940 0007634 3282337 0332293 1522326 0021755 0600251 0020898 0021764 0022271 0021760 1334122 2983957 0020898 0021764 0022271 0033727 0369286 0441932 0564385 1439852 0456947 0441889 0456079 1547707 2946261 0597298 0035696 0441889 0507114 1416271 1167121 3541326 1524063 0182400 1704681 2347609 3536729 0052199 0003595 0003591 0444930 1883254 2746065 0025664 0184661 1517586 1552738 2700391
 0035696 0441889 0001271 0086418 1882115 0428304 0035696 0441889
 1511726 3245479 0243148 0439165 0449450 1550141 1882979 2587213 3274648 1274040 1546471 2825142 0681814
 0681814 1706386 0002778 0936012 1524024 0205174 0884358
 0031715 1158886 1518422 0001721 1148673 0442805 0332282 0031715 1158886 0442805 1274040 1546471 2825142 1510827 1148673
 1510827 0443526 0597298
 0349966 1337208 1547282 1425988 0597298 0870432
 1524063 0034980 0002778 0684320 0684321 0936012 1524024 1510827 1883351 0205280 0597277 1708601 0312860
 0443264 0332282 0031715 1158886 1518422 0700364 1883351 0442805 1274040 1546471 2825142 1510827 0005456 0682969 0205145 1515974 2825164 1148673 1705535 0441712 1706376 1274040 1546471 2825142 0021467 0021469 0040649 0439855 1274040 1546471 1628982 1704241 2825142 3463820
 0243122 1145667 1167622 1425988 1418978 0507114 1416271
 0086045 1518434 0521447 1439852 2828366 0021755 0600251 2717940 0007634 0020898 0021764 0022271 0332293 1441547 1522326 3245521 3282337 0596608 0949632 0884358 1552738 2729544 0349966 1337208
 2986811 0086168 0871208 1521828 1547014 1948059 1709697 2728259 3484370
 0557061 2584313 0040649 1272746 2755756 0007634 0017337 0178539 0392747 0443172 0449774 1705241 0205263 0521119 1710082 1292711 0449719 1709471 0282443 1709940 0150312 0332285 1158886 0031715 0033666 0332253 0392747 0687676 1519614 1554963 1704687 0443264 1148759 3537021 0040648 0040649 0205177 0439167 0441655 1521761 1561536 2827422 2985857 0871261 1514873 1704632 1706817 2911692 1710082 0597357 0699040 0205148 0282443 1709940 0150312 0332285
 1519315 0567416 0205170 1552738 3146287 0443264 1158886 0031715 1158770 0040649 0243148 1314939 1550141 1882979 2587213 3274648 0282443 1709940 0150312 0332285
 1280500 0205170 1552738 3146287 0086597 0127400 0507114 1416271 0162508 3536909 0085301 0085940 0087140 0209548 3540509 0021760 1334122 2983957 0020898 0021764 0022271 0557651 2603343 0332120 0069116 0521447 1336789 1425988 1521761 2827422 0871261 1704632 1706817 2911692 1511613 1879547 2717940 0007634 3282337 0442805 0205177 0439167 0441655 1561536
 0085732 1299581 0205263 0031715 1158886 0021755 0600251 0020898 0021764 0022271 0021760 1334122 2983957 0020898 0021764 0022271 0039654 0000975 0767601
 0439611 0947630 1547282 0040691 1527194 0018284 0018270 0220844 1510411 1521761 1621966 2827422 2911660 0205263 0031715 1158886 0597298
 1710082 0700364 1883351 1704259 1705987 0031715 0521447 1158886 1274040 1336789 1425988 1546471 2825142
 0205263 0857127 0039654 1519062 0021467 0021469 1628982 3463820 1705535 1314939
 0035173 1516084 1883351 0033634 0039654 0000975 0767601 1947931 1515877 1879547 0033634 0033621 1168438 1418943 3540567 0033640 0031727 0033684 0393040 1176299 0021755 0600251 3540650 0020898 0021764 0022271 0439064 0441472 0747726 0332120 0449450 0876928 0441472 3266814 0021755 0600251
 0947630 1547282 1514555 1449702 2757016 0072348 1418370 1152564 3537035 0075193 0231175 1883351 0028778 0332206 1533157 1706084 2828370 0871261
 1705535 0075193 0547043 1282911 0063710 1149183 0597357 0021755 0600251 0442805 1280500 2348382 0007634 3282337 0282443 1709940 0150312 0332285
 0868928 1706255 1706256 1425988 1547282 0075193 0028778 0332206 2983591 0205263 0857127 0039654 0000975 0767601
 1511726 3245479 1705535 0441712 1706376 0450442 1254351 1521826 0205214 1522138 1704259 1705987 3245511 0332149 1705910 2362652 0031715 1158886 0031727 0086597 0127400 1705242 0075193 0311403
 1518422 2963144 0031715 1158886 0205177 0439167 0441655 1561536 0003595 0003591
 0162340 1521761 2827422 1145667 1167622 0013879 0034987 0450355 0205447 1425988 0205171 1720467 0003595 0003591 0035143 0441712 1521991 1706376
 0282443 1709940 0332185 0442532 0237753 0449788 0332256 2700400 0162493 1519594 0040649 1879547 1880389 1883221 3541951 0031715 1158886 1704675 0033684
 1547282 0031715 1158886 1518422 0392747 1510827 1705535 1280500 2348382 0332148 0750492 0441712 1706376
 0474395 0205177 0439167 0441655 1561536 1412481 1445865 0017262 0017337 0185117 1274040 1546471 2825142 0040648 0040649 1521761 2827422 0033413 0017446 0086860 0205147
 0282416 1561607 0014653 0205415 0560184 1704675 1521761 2827422 0032214 0600138 0035820 1705810 0017262 0185117 0003595 0003591 1515981 0031715 1158886 0700364 0449719 1709471 0032214 0600138 0035820 1705810 0185117 0871261 1704632 1706817 2911692
 0162340 0683951 1521761 2827422 0018896 0243107 0449435 0678723 1527148 3540469 0450442 1254351 1521826 0443264 0185117 0920467 0012634 0332298 2587213
 2825232 0010186 0220812 0449719 1709471 0220808 0680264 0007961
 1706852 0522501 1706089 0949214
 0205155 1293097 1522472 1552923 1705191
 0282413 0376649 1442065 0007226 0035168 0242481 0022886 0022877 0035168 0242481 1619828 0205099
 0254343 0796520 3272379

 0085205 1549619 1880669
 0000723 1273517 0003595 0003591 0003595 0003591
 1425988 0005670 0006100 0042776 0086222 0319157 1521761 1537501 2827422
 0005456 0682969 0205145 0243122 1145667 1167622 1515974 2825164 1412481 1445865 0017337 0003595
 0596608 0949632 0949632 0005507 0243073 0333051 0425245 0449580 1510438 2347509 0013855
 0021755 0600251 0020898 0021764 0022271 0021755 1522428 0021764 1527200
 0021760 1334122 2983957 0020898 0021764 0022271 0021760 1527132 0021764 1527200
 0039654 0000975 0767601 0039654 0000975 0767601
 0033634 0033621 1168438 1418943 3540567 0033640 0031727 0033684 0033634 0033621 1168438 1418943 3540567 0033640 0031727 0033684
 1167121 3541326 0005507 0035542 0243073 1510438 1545588
 0075193 0075193
 0301067
 2986676 0028953 0869040 0557651 1273517 2603343
 0015264
 0010453 0220814 0430400 2242979 1550101
 1514811 1706462 0205090 0684010 2603358

 0036397 0025141 0205090 0684010 2603358
 2603360
 0439394 1706495 3642217


 0025141 2603360
 0439394 1706495 3642217 0205090 0684010 2603358

 0005477 0025141 0597277 1708601
 0033727 0369286 0441932 0564385 2603360
 2603362
 1708595 3280986 0205090 0684010 2603358

 0369718 0441922 1553036

 0268596 2700624
 3642273
 0000857 0600678 1552863 2603362
 1553033 0205090 0684010 2603358


 0063789 3272375

 0025141 2603362
 0033727 0369286 0441932 0564385 0205090 0684010 2603358

 0369718 0441922 1553036
 0036397 0025141
 0554249
 2603360 0597277 1708601
 0439267 0252873
 1511325
 0439394 1706495 3642217
 0007634 0450389 1269647 1704653 1948049 0025141 0033727 0369286 0441932 0564385 0369718 0441922 1553036 2603360 0597277 1708601 2603360 1553033 0016327 0439133 1553038
 1418943

 0268596 2700624
 3642273

 2603362

 0000857 0600678 1552863 0597277 1708601
 0033727 0369286 0441932 0564385
 2603362


 2347379
 0000857 0600678 1552863 0035853

 1537034 0439267


 0025141 0597277 1708601

 0043016 0369637 0441923

 0369637 0441923


 0201682
 0554249
 2603360 1511325
 0439394 1706495 3642217


 0201682

 2603360
 0507114 1416271



 0201682
 0402830

 2603360 0507114 1416271
 0439267


 0201682
 0507114 1416271

 2603360 0677535

 0027960 0324740 0439189 1456781 1824986
 0007634 1269647 1704653 1948049

 0025141 0402830

 0507114 1416271



 0201682
 0021966 0221138
 0033727 0369286 0441932 0564385 0205090 0684010 2603358 1553033 0597277 1708601
 0205090 0684010 2603358
 2347379
 0025141 2603362
 0033727 0369286 0441932 0564385 0439267
 0016327 0439133 1553038 0439114 0439394 1706495 3642217
 0004153 0025141
 1704648

 0007452
 0000857 0600678 1552863 0439114 0439394 1706495 3642217




 0450355 0025141 0369773 2603361 0369718 0441922 1553036
 0003461 2939124

 0025141 0369718 0441922 1553036 1511325
 0439394 1706495 3642217

 2347379
 0450355 0000857 0600678 1552863
 0038817 0376223
 0033727 0369286 0441932 0564385 2603360
 0033727 0369286 0441932 0564385 0597277 1708601
 1431628 0205090 0684010 2603358
 2347379 0028606
 0000857 0600678 1552863
 0205090 0684010 2603358
 0205090 0684010 2603358
 0439267
 2347379 0028606
 0000857 0600678 1552863 1825319
 0369637 0441923
 2347379 0028606
 0000857 0600678 1552863 2603360

 2347961

 0439084 0728893 2827734 2981698 0025141 0239971 2603360


 0439084 0728893 0025141 0239971 2603360 0369637 0441923
 0007634 1269647 1704653 1948049 0025141 2603360 2603360 2603362
 0007634 1269647 1704653 1948049 0025141
 0597277 1708601 2603360
 0369773 2603361 0043016
 0439267

 0369637 0441923


 0201682
 0442532
 0205090 0684010 2603358
 0007634 1269647 1704653 1948049 0025141 0037455 0596070 0005477 0026376 0005532 1521991