 0037455 0596070 0005477 0026376 0005532 1521991
 0443290 0206745 0025914 0025929 0026809 0034821 1366529 1517499 0017337 0040671 1705822 1421455 0023825 0034821 1366529 0023823 0065059 0442811 0023820 0178587 0205251 0442824 0597357 1299352 1550472 0034036 0034037 1514756 1704324 0348078 0376315 1515981 1522492 1527075 2827734 2981698 0740116 2827735 2981700 0069389 2827734 2981698 0439086 2827736 2981702 0439086 2827736 2981702 2827734 2981698 0069389 0740116 2827735 2981700 2827734 2981698 2827734 2981698 2827734 2981698 1704729 0013227 0025118 0557806 0039711 0740116 2827735 2981700 0683939 0205099 0039711 0439086 2827736 2981702 1293097 2919030 2919031 0005526 0022877 3244292 0006754 3146274 0587482 1704729 0557806 1514811 1706462 0000857 0600678 1552863 1273517 0886519 1705822 0449851 0557651 2603343 0920644 0031843 0542341 0700205 1705273 0206745 0025914 0025929 0026809 0034821 1366529
 3146294 0001483 0001486 1552907 0006556 2604499 1421455 0010825 0086860 0013126
 1160185 0677626 0007634 0023903 2239176 3282337 1514760 0085080 0007634 3282337 0021135 1533691 2827718 1421455 0023825 0034821 1366529 0062151 0151691 0148335 0023823 0023821 0748025 0065059 0442811 0597357 0442804 0597360 0599283 3244092 0023820 0033684 0178587 0185117 0205250 0205251 0441889 0442824 0456079 1299351 1299352 1547707 1550472 1708698 2700149 2946261 0242972 0428255 0428479 0524167 0861064 1171362 0596969 0456389 1532717 1532717
 0524987 0012238 2349986 0027803 0061642 0061534 0133487 0061534 0237883 0441994 0456389 0750489 2003888 1274040 1546471 1705920 1705920
 0034821 1366529 0023823 0065059 0023820 0178587 0205251 0597357 1299352 1550472 0025914 0025929 0026809 0342895 0012155 1442959 1519433 2983588 1882406 0021494 0332293 1883310 0011389 0021485 0037179 0087136 0205171 0205431 0332461 0333463 0348016 0439148 1272883 1519795 1522326 1522492 1533685 1828121
 0243148 1550141 1882979 2587213 3274648 0034821 1366529 0023823 0065059 0023820 0178587 0205251 0597357 1299352 1550472 0025914 0025929 0026809 1514756 0991865 0006353 0031603 0031701 0036082 1601799 0001483 0001486 1552907 0332256 2700400
 1707455 0441869 0441833 0687744 1257890 1552516 1552839 1705428 1705429 0025914 0025929 0026809 0003062 0201950 0543421 0008377 0439175 0439810 0392756 0439228 0042295 0243148 1550141 1882979 2587213 3274648 0332156 0332173 0439228 0439505
 0003062 0301630 0392756 0441610 0085639 0238715 0439083 0439087 0205666 0003593 0332173 0439228 0439505 0039798 0087111 1522326 1533734 1705169 3538994
 0002778 0936012 1524024 0301630 0392756 0441610 0003062 1551359 2741673 2981730 0301630 0392756 0441610 1264633 1554103
 0523560 0023823 0205251 1299352 1550472 1642385 0003062 0205409 0205449 0441833 0687744 1257890 1548221 1552516 1552839 1705428 1705429 0678624
 0003062 1517945 0450385 0033684 0023824 0123167 0065055 0860920 0008377 0439228
 0596607 0013855 0017243 1382104 1517945 0444505 0392756
 0065063 0023820 0178587 0205103 1550465 2827755 1521801 0003062 0332173 0439228 0439505 0003062 0521097 0065063 0210611 0065058 0125953 1096202 0023820 0178587 0205103 1550465 2827755 0684068 0205250 1299351 2700149
 0917903 0250783 1517499 0001483 0001486 0040671 0086597 0127400 1552907 1705822 0205263 0597360 3244092 0185117 1522133 0020443 0443290 1274040 1546471 2825142 0065055 0034821 1366529 0023823 0065059 0023820 0178587 0205251 0597357 1299352 1550472 0025914 0025929 0026809 1514559 1421455 0023825 0034821 1366529 0700364 1883351 2349975 0085732 2963144 0065063 0023820 0178587 0205103 1550465 2827755 0332294 0441994 0522501 0678226 1706089 2003888 0039593 0392366 0042153 0457083 1947944 1366529 1335671 0017337 1421455 0023825 0034821 0017337 0039798 0087111 1522326 1533734 1705169 3538994 0020443 1522133 1158917 0025519 0025520 1326960 0019868 0086597 0127400 0449719 1709471 0243144 0347980 0023820 0005775 1516559 0034800 0699040 0007634 0205148 0597357 1269647 1704653 1948049 1421455 0023825 0034821 1366529 0023823 0065059 0442811 0023820 0178587 0205251 0442824 0597357 1299352 1550472 1421455 0023825 0034821 1366529 0023823 0065059 0442811 0023820 0178587 0205251 0442824 0597357 1299352 1550472 0003591 0051300 1416912 2987172 0597357 0003595 0034821 1366529 0023823 0065059 0599283 0023820 0178587 0205251 0597357 1299352 1550472 0034821 1366529 0023823 0065059 0023820 0178587 0205251 0597357 1299352 1550472 1517488 0015576 1704727
 1517488 0015576 1704727 0332257 1552866 2700399 0034821 1366529 0023823 0065059 0023820 0178587 0205251 0597357 1299352 1550472 0597357 0242972 0748025 0034821 1366529 0023823 0599283 0023820 0033684 0178587 0205251 0439849 0445223 1299352 1550472 0284555 1416914 0017968 0237876 1521970 1706388 2346469 2348519 0332257 2827734 2981698 0205341 1705914 0002520 2917660 0001128 0202406 0439509 0332529 1709915 1882936 0682969 1517880 0023688 0243122 1145667 1167622 1880389 1883221 3541951 0009498 0332307 1547052 1880389 1883221 3541951
 0740116 2827735 2981700 0205341 1705914
 0439086 2827736 2981702 1709061
 1519623 1167322 1880389 1883221 2752508 3541951
 0439084 0728893 1511625 1880389 1883221 3541951 0332256 2700400 0004793 0162326 0162327 1519249 0039869 1883351 0598180 2827734 2981698 0740116 2827735 2981700 0439086 2827736 2981702 1421455 0023825 0034821 1366529 0023823 0065059 0442811 0023820 0178587 0205251 0442824 0597357 1299352 1550472 2348205
 1705241 1705242 0700364 1883351 0205088 1705314 1705315 1880389 1883221 3541951 1421455 0332256 2700400 0205454 0205453 0205341 1705914 0034821 1366529 0023823 0065059 0599283 0023820 0178587 0205251 0597357 1299352 1550472
 2348205 0034821 1366529 0023823 0065059 0023820 0178587 0205251 0597357 1299352 1550472 0017428 0029237 0029246 0220885 0558058 0887950 1300196 1522486 0439084 0728893 1421455 0023825 0034821 1366529 0023823 0065059 0442811 0023820 0178587 0205251 0442824 0597357 1299352 1550472 0205250 0018787 1281570 0026845 0001527 0040300 1547928 0028754 1563743 0205177
 1265611 0023884 0736268 1278929 2346688 0700321 0439086 2827736 2981702 0023884 0736268 1278929 2346688 0040300 1547928
 0597360 0185117 2348205 0205280
 0023816 1416902 0023764 0023820 0006904 0006901 0014257 0205148 0935624 2982691 0065060 0041004 0523560 0065063 0023820 0178587 0205103 1550465 2827755 0008731 0032214 0600138 0035820 1705810
 1442162 1550718 3244317 1521970 1706388 2346469 2348519 0037791 1511884 1421455 0040287 0220927 0040300 0520511 1547928 1704711 0035820 1705810 0011209 0559563 1705822 0065060 0023820 0040300 0014275 0449416 1705919 0337174 1698986 1753314 0439086 2827736 2981702 0035820 1705810 1421455 0023825 0034821 1366529 0023823 0065059 0442811 0023820 0178587 0205251 0442824 0597357 1299352 1550472 0004153 0543483 0699748
 0523560 1514760 0085080 0007634 3282337 1421455 0023825 0034821 1366529 0023823 0065059 0442811 0599283 0023820 0034493 0178587 0205251 0442824 0597357 1299352 1550472 0562342 0007634 3282337 0008387 0014898 0016390 0332294 0007634 0220781 0280592 0439634 0678226 0991510 1269647 1522492 1704653 1948049 0682523 0427861 0007600 0598894 1318544 0007634 0023418 0026473 0086418 0205132 1269647 1421351 1550648 1552960 1704653 1705396 1948049 1517806 0085236 0024432 1440080 1546706 1550652 0035696 0441889 0456079 1547707 2946261 1518422 0392760 1314939 0523560 0024432 1546706 1550652 1327616 0003595 0523511 1412481 0023816 1416902 0023764 0023820 0007634 0178539 0243144 0347980 1135918 0596981 1267092 0003842 0007634 0026845 0205357 0221464 3282337 0035696 1421455 0023825 0034821 1366529 0024432 0026473 0086418 1441547 1546706 1550652 3245521 1518422 0035696 1421455 0023825 0034821 1366529
 0205463 0680074 0035820 1705810 1883351
 1722730 1261552 1704379 1705117 2825408 0162340 1705810 0035820 1515655 0332128 1280500 2348382 1366529 1335671 0017337 1421455 0023825 0034821 0206745 0025914 0025929 0026809 0034821 1366529 0342895 0012155 1442959 1519433 2983588
 0025914 0025929 0026809 1518422 0034821 1366529 0023823 0065059 0023820 0178587 0205251 0597357 1299352 1550472 1158917 0023820 0025519 0025520 0392747 0443172 1705241 0332282 0332453 0392747 0443172 0449234 1704772 0597360 0185117 0034821 1366529 0023823 0459471 3173575
 1707391 0001554 1533734 0025663 0449851 0871511 0872177 1524066 0011209 0559563 1705822 0681814 1524063 0025664 0449851 0282641 1274040 1546471 2825142 1705822 0023884 0736268 1278929 2346688 0205250 0441889 0456079 1299351 1547707 2700149 2946261 0577059 0023884 0205307 0439166 0736268 1278929 2346688 2347086 1421455 0023825 0034821 1366529 0023823 0065059 0442811 0023820 0178587 0205251 0442824 0597357 1299352 1550472 0030695 0150369 0181904 0596972 1521743 1704646 0441889 0456079 1547707 2946261 1171362 0185117
 1366529 1335671 1517499 0017337 0040671 1705822 1421455 0023825 0034821 0456369 1883351 1280519 1704419 0034821 1366529 0023823 0065059 0023820 0178587 0205251 0597357 1299352 1550472 0025914 0025929 0026809 0359589 1999230 0348078 0376315 1522492 0039798 0087111 1522326 1533734 1705169 3538994 0020445 0745103 1366529 0015576 0020443 0241888 1522133
 2827421 1524063 1514152 0032136 0086022 0442335 1705099 0016327 0439133 1553038 1999230
 0041740 0029040 0006823
 0037949 1267072 0332256 2700400 0021950 0039551 0205088 0205341 0443241 1547730 1705314 1705315 1705914 0242961 0079946 0439659 1550512 1710082 0086222 1705686 0205145 0004793 0162326 0162327 1519249 0599773 2984295 0034865 0332255 1334043 1708096
 0086860 1883712 2827421 1710082
 0086860 0205725 0014290 0004793 0162326 0162327 1519249 0079613 0442797 1514873 0597295 0033684 0220781 1883254 1705686 2945843 0009015 0205145 0439064 0441587 0522505 1710082 1705686 2945843 0009015 0205145 0439064 0522506 1524062
 0001483 0001486 1514798 1552907 1521827 0332256 2700400 2604499 1421455 0023825 0034821 1366529 0023823 0065059 0442811 0006556 0023820 0025914 0025929 0026809 0178587 0205251 0442824 0443225 0597357 1299352 1444754 1550472 1706316 0007634 3282337 1282927 1879313 2604499 1421455 0023825 0034821 1366529 0023823 0065059 0442811 0023820 0178587 0205251 0442824 0597357 1299352 1550472 0032136 0439267 0439267 0180454 0010453 0020498 0220814 0430400 2242979 0005971 1139930 3537155 0332173 0439228 0439505 0178587 2347576 0020498 0025663 0449851 0871511 1524063 0072149
 0439230 0333463 1707391 1421455 0023825 0034821 1366529 0023823 0065059 0442811 0599283 0023820 0178587 0205251 0442824 0597357 1299352 1550472 0220908 1305399 1705053 0032520 0004793 0162326 0162327 0337112 0443286 1114821 1335439 1519249 1524075
 1510800 0086022 0442335 0332256 2700400 1421455 0023825 0034821 1366529 0023823 0065059 0442811 0023820 0178587 0205251 0442824 0597357 1299352 1550472 0007634 1998793 3282337
 0033268 0884358 1552738 0332256 2700400
 0597360 0185117 0332268 0034821 1366529 0023823 0065059 0023820 0178587 0205251 0597357 1299352 1550472 0010453 0020498 0220814 0430400 2242979 0597363 0042776 0319157 0439663 1265611 1444656 1514798 0178587 2347578 0007634 0205170 2827734 2981698 3146287 3282337 0439526 0009458 0162867 1254021 0009458 0439536 1705217 3244283 0332256 2700400 0007452 0015965 0229671 0521457 1140701 1546774 1550100 0017797 0030842 0220892 0038425 0702093
 0849355 1883720 3244314 0009458 0162867 1254021 0007634 3282337 1524062 0439526 0332256 2700400 0007452 0015965 0229671 0521457 1140701 1546774 1550100 0033727 0369286 0441932 0549178 0564385
 0007634 3282337 0009458 0325564 0392747 0439536 1314677 1551720 1705217 3244283 0007452 0015965 0229671 0521457 1140701 1546774 1550100 0439663 1552738 0178587 2347578 0007634 0205170 3146287 3282337
 0332268 0034821 1366529 0023823 0065059 0023820 0178587 0205251 0597357 1299352 1550472 0184625 1550560 0012155 0205307 0324335 0439166 1314677 1442959 1519433 2347086 2983588 0012155 0025914 0025929 0026809 0034693 0034721 1442959 1519433 2983588 0012155 0332256 2700400 0301429 0424612 0008377 1709500 2919747
 0012155 1522133 0008377 0012155 0205250 1299351 2700149 0008395 0332256 2700400 0008377 1709500 2919747 0056060 0009210 0028908 1135796 1365545 1517288 3257521 1442457 0439230 0012155 1442959 1519433 2983588 0681814 1314677
 1710198 0991865 0006353 0031603 0031701 0036082 1601799 1720119 1948037 0086045 1446561 0439526 2985205 0039259 0042449 1278960 1720154
 0332282 1160185 0003062 0444953 0033727 0369286 0441932 0564385 0015663 0456962 0005767 0005768 0229664 0013618 0175730 0332256 1516695 1516698 1547937 1561954 1704730 2700400 0033119 0034117 1881711 1184808
 0032105 1550098 1698986 0002778 0936012 1524024 0016640 0524811 3161031
 0040223 1632851 1444656 0003062 1720436 2983594 0012691 0027530 0162388 0205064
 0947630 0003062 0444953 0033727 0369286 0441932 0564385 0015663 0456962 0021493 0021485 0084847 0442120 1272883 1533685 1720436 1828121
 0226543 1278963 0022427 1280188 1549090 0042449 0205101 1278960 0191279 0411659 0175566 0184898 0444099 1123023 1278993 2338258 0023820 0439834 0449468 0439175 0439810 1690016 1705102 2700258 1720154
 0043250 0185012 0587267 1293124
 0005767 0005768 0229664 0040223 1301820 1444656 1632851 0033119 0034117 1881711 1184808 0003062 0491340 0013618 0182301 0332293 1516695 1516698 1522326
 0947630 0884358 1552738 0031227 0243127 0443331 0523560 0557651 0947630 2603343 0065063 0023820 0178587 0205103 1550465 2827755 0032105 1550098 1516695 1516698 0439526 1720119 1948037 0439269 1960952 2346927 0439526 0007294 0560175 1706209 3273162 0439526 1524062 1883351 1882443 0003593
 0031227 0243127 0443331 0557651 0947630 2603343 0423896 0456205 0444706 3541902 0023820 0439526 0025914 0025929 0026809 0027361 0237401 1516695 1516698 0008559 0008565 0008550 0015663 0016107 0017243 0302908 0456962 0597198 1304698 1382104 1546699 1561501 1882330 0681850 1550501 1706203 2349001 2697811 1185738 1706132 0331955 2986575 0150312 0205549 0332285 2348044 1264633 1516695 1516698
 0008377 0423896 0456205 0032105 1515981 1550098 1524063 1690540
 0032105 1550098 0025914 0025929 0026809 0041609 1548958 1705294 1979893 0178587 2827734 2981698 0523560 2827734 2981698 0023823 0205251 1299352 1550472
 1264633 1516695 1516698 0449884 0017243 0439182 0812409 1273517 1382104 0002778 0936012 1524024
 0023820 0013618 1516695 1516698 0033119 0034117 1881711 0034821 1366529 0023823 0065059 0023820 0178587 0205251 0597357 1299352 1550472 0025914 0025929 0026809 0342895 0012155 1442959 1519433 2983588 0008395
 1883351 0443299 0523560 0065063 0023820 0178587 0205103 1550465 2827755 0032105 1550098 0041609 1548958 1705294 1979893 0178587 2827734 2981698 0523560 2827734 2981698 0065063 0023820 0178587 0205103 1550465 2827755 2827734 2981698 2827734 2981698 1552738 0023820 0037494 1959973 0013618 1140111 1419854 0031493 0016327 2678549 1882074 0020283 0450407 0450408 0450409
 0023820 0025663 0449851 0450348 0871511 0007603 0007600 0007635 3282338 0040300 1552738 0007634 3282337 0184933 0444082 0205170 3146287 0005971 1139930 3537155 0040300 0019215 2678549 1882074 0020283 0450407 0450408 0450409 0038636 1161331 0013618 0031493 0016327 1524063 0439526 0205170 3146287 0439526 0005910 0043100 0205381 1305866 1705104 0040300
 0439267 0179834 0702093 0560021 0439267 0560021 0439267
 0993610 0006353 0445247 0439267 0702093
 0007603 0993610 0019215 2678549 1882074 0020283 0450407 0450408 0450409 0037494 1959973 1426700 0031493 0016327 0047101
 0007592 2828366 0991865 0006353 0007634 0031603 0031701 0036082 1548982 1601799 3282337 0006353 1552738 1282910 1552828
 0025252 0025255 0033684 0596901 1706182 0071500 0017243 0071499 0086972 0443299 0687118 1382104 0348011 0025255 0596901 0600190 1706182
 0025255 0991865 0006353 0028778 0031603 0031701 0036082 0332206 1601799 2983591 0332256 2700400 0041415 0026131 0349374 0444318 2825079 2348236 0005903 0039476 1547703 1883708 1439852 1979003 0003242 0051967 0034805 0003241 0021027
 0003241 0021027 0034493 3146294 0597551 0030956 1883254 1707271 0025914 0025929 0026809 0205088 1705314 1705315 1880389 1883221 3541951 0034493 2604501 1421455 3493221 0023825 0034821 1366529 0023823 0386684 0065059 0442811 0065058 0125953 0599283 1096202 0023820 0178587 0205251 0442824 0597357 1299352 1550472 1160466
 0242972 0748025 0597357 0033684 1421455 0023825 0034821 1366529 0162524 0442726 1450278 1511790 1524063
 1514534 0002778 0936012 1524024 1552738 1521827 0025252 0025255 0033684 0596901 1706182 0074757 0031603 0031701 0037473 0597484 1601799 1882074 0020283 0450407 0450408 0450409 1709500 2919747 0006353 0146951 0332256 2700400 0031493 0016327 0064858 0003641
 0439177 0555903 1261360 0439175 0439810 0332293 0061534 1522326 0133487 0061534 0331821 0027803 0370003 2347026 1883708 0020985 0936012 1552738
 0012854 1517914 0023884 0025914 0025929 0026809 0736268 1278929 2346688 1521827 0040300 0059256 0030946 0597277 1622131 1708601 1947941 0332283 0008238 0031428 0070570 0185115 0684295 0032931 0032932 1642401 2584299
 0012854 0012906 0014442 0014445 0443288 0868946 1548787 0013855 1979893 1706746 0017243 1382104 0025255 0028736 0348011 0596901 0740034 1706182 1524063
 0180860 0581406 1522664 1704449 1704684 1875155 1708632 0182400 1704681 2347609 3536729 2604499 0009013 0868946 1522642 3146294 0028630 0011516
 0035668 0449341 0025663 0031428 0070570 0120446 0185115 0449851 0684295 0871511 1521827 1524063 0449913 1553451 1704459 0022877 1619828
 0439267 1706746 0016564 0017243 0036681 1382104 0013855 0025255 0348011 0596901 1706182 0182400 1704681 2347609 3536729 2604499 1552738 1282910 1552828
 0025255 0596901 1706182 1883708 1414968 3536868 0017855 2260086 0006556 0017854 0025914 0025929 0026809 0030016 0031603 0031701 0182400 1601799 1704681 2347609 3536729
 0085201 0003592 0021966 0221138 0444263 0013618 0032105 1550098 0370003 2347026 0017231 0442038 0920847 1552738 0557351 0020960 0003591 0442818 1998793
 0370003 2347026 1875022 0544357 0032105 0086418 0392747 1550098 0146951 0133689 0242759 0560268 2349105 0037494 1959973 3541329 2678549 1882074 0013618 0020283 0450407 0450408 0450409 2827734 2981698 1140111 1419854 0560267
 0103839 0003593 0003591 2347469 0056271 0056269 0011321 0034606 0205090 0392762 0441633 0684010 0936012 1260957 2603358 0071500 0017243 0071499
 0023820 0007704 0041609 0178587 0205409 0439182 0812409 1548221 0582523 0033727 0369286 0441932 0564385 0444263 0370003 2347026 1300565 0439526 0037633 0525069 0439267 0439526 0332256 2700400 0037633 0525069 1300565 0439526
 1264633 0215830 0008377 0005507 0243073 1510438
 0237820 1278149 0202117 0523560 0023824 0201950 0023826 0858034 0444263 0008377 0032105 0205280 0242485 1550098 1707455 0370003 2347026 0032483 0332293 0017945 0017951 0032487 0137914 0752345 1522326 0002778 0936012 1524024 0023820 0439267 0006353 0370003 2347026 0456693 1442458 0702093
 0103839 0003593 2347469 0071500 0017243 0071499 0079240 0205132 0332256 1382104 1514893 2699488 2700400 0523560 0103839 0003593 1709793 0033684 0423896 0456205 0205666 0003593
 0205146 0439267 0205132 0205090 0684010 2603358 0369718 0441922 1553036 0052799 2348205
 0456389 1264633 0523560 0023823 0205251 1299352 1550472 3494467 0013862 0596607 0071500 0456389 0520511 1704711 1264633 1554103 0523560 0023823 0205251 1299352 1550472 0017243 0013855 0069388 1294000 0028908 0332575 1260956 1517288 2986582 0439267
 0520511 1704711 0456389 0017243 0439267 2986582
 0034606 0441633 2826292 0183400 0683461 1301820
 0013682 0332282 1160185 1273517 1883351 0439663 0677626 0007634 0023903 2239176 3282337 1514760 0085080 0007634 3282337
 0033727 0369286 0441932 0564385 0007634 3282337 1512335 0007592 2828366 1521827
 0597360 1171362 0185117 1421455 0023825 0034821 1366529 0949466 0005863 0002778 0936012 1524024 1705493 1524063 0003241 0021027 1707271 0071642 0030956 0205088 1705314 1705315 0439851 1947931 1511625 1880389 1883221 3541951 1421455 0023825 0034821 1366529 0023823 0065059 0442811 0023820 0178587 0205251 0442824 0597357 1299352 1550472
 0007634 3282337 0242972 0748025 0597357 0033684 1421455 3152252 0175723 0205448 0232902 0750489 1521991 1532717 1532717
 0456603 1547037 0007600 0007634 0205132 0205448 1269647 1704653 1948049 0175723 0439645 1521913 1709305 0175723 0439645 1521913 0205402
 0597357 0033684 0242972 0748025 1532717 1512045 0178602 0205263 0851827 0869039 1114758 1701901 3244310 0007600 0007634 0205132 1269647 1704653 1948049 0349966 1337208 2347469
 1532717 0175723 0230715 0175723 0439645 1521913 0007634 3282337 0003241 0021027 0442726 1511790
 1551359 2741673 2981730 0439084 0439175 0439810 0728893 1710082 1518422 1292732 1517331
 1883351 1268722 1705241 1705242 0348078 0376315 0678226 0017982 0043194 0258432 0376322 0687676 1421478 1519614 1704687 3146286 1421455 0023825 0034821 1366529 0023823 0065059 0442811 0023820 0178587 0205251 0442824 0597357 1299352 1550472 0007592 2828366 0455052 1521827 0332293 0027803 1522326 0849355 1883720 3244314 0037025 0061642 0061534 0133487 0061534 0849355 1883720 3244314 0369718 0441922 1553036 0028959
 0237883 0456389 0392756 0039798 0087111 1522326 1533734 1705169 3538994 0014442 0014445 1705535 0175723 0439645 1521913 1882932 1522240 1421455 0023825 0034821 1366529 0023823 0065059 0442811 0023820 0178587 0205251 0442824 0597357 1299352 1550472 0332256 2700400 0037025 0369718 0441922 1553036 0028959
 1979874 0038164 0033684 1518422 0012238 0014442 0392760 1314939 2349986
 0449774 1705242 0455052 1521827 1705535 0033684 0150312 0449450 1518422 0028959
 0456389 0332232 0017976 0205174 0332293 1522326 0242972 0748025 0597357 0033684 1421455
 0020985 0439663
 1513528 0007600 0677626 0007634 0023903 0205132 1269647 1550648 1552960 1704653 1948049 2239176
 2347469 1514760 0007600 0007634 0205132 1269647 1550648 1552960 1704653 1948049 0034821 1366529
 1280500 2348382 0061642 0061534 0027803 0133487 0061534 0071500 0017243 0071499 1382104
 2347469 1265611 1273517 0027361 0237401 1444656 1708639
 1553033 2347531 0178602 0007634 1269647 1704653 1948049 1273517
 0868928 1533148 0007634 3282337 1512335 0033727 0369286 0441932 0564385 0025255 1521827 0025664 0184661 1517586 1552738 2700391
 0039798 0087111 1522326 1533734 1705169 3538994 0034821 1366529 0025914 0025929 0026809 0025914 0025929 0026809 1522133 0008395 0008377 0012155 0205250 0342895 1299351 1442959 1519433 2700149 2983588 1442457 0439230 1720154 1882406 0991865 0006353 0031603 0031701 0036082 1601799 0243148 1550141 1882979 2587213 3274648 0449468 1690016 1705102 2700258 0439526 0444499 2985205 0042449
 0040300 1547928 0178913 0370003 2347026 0040223 1301820 1444656 1632851
 1265611 0023884 0736268 1278929 2346688 0005862 1148472 0002778 0442726 0936012 1511790 1524024 1710133
 1265611 1883727 0023884 0736268 1278929 2346688 0332173 0439228 0439505 0442726 1511790
 0205216 0392756 0442797 0332173 0439228 0439505 0442726 1511790
 1515670 0597360 0185117 2348042 2826345 1265611 0040300 1547928 0450354 1706096
 0035696 0441889 0456079 1547707 2946261 0332173 0439228 0439505 0442726 1511790
 0441889 0332173 0439228 0439505 0442726 1511790 0205251 1299352 1550472 0814896 0035696 0441889 0456079 1547707 2946261 0150312 0332173 0439228 0439505
 0274281 0332157 0439590 0370003 2347026 0443289 0175723 0439645 1521913 0035696 0243148 1550141 1882979 2587213 3274648
 0597360 1515670 0185117 0684224 0700287 3496591 0441889 3244092 1518422 1274040 1546471 2825142 1708715 0243148 1550141 1882979 2587213 3274648 0017857 2260086 1547282 0205419
 0002778 0936012 1524024 0034821 1366529 0012854 1517914 0035668 0332282 0001554 1533734
 0005862 1148472 1710133 0021485 1272883 1533685 1828121 0991865 0006353 0031603 0031701 0036082 1601799 0562577 1882406
 0175723 0439645 1521913 0175723 0439645 1521913
 2347469 0005861 1621557 1709269
 1883351 0035696 1421455 0023825 0034821 1366529 0023823 0065059 0442811 0597357 0242972 0599283 0748025 0023820 0033684 0040710 0178587 0205251 0442824 1299352 1550472 0884358 0020985 0002778 0936012 1524024 0025914 0025929 0026809 0332293 1522326 0439228 0332282 0001554 1533734
 0370003 2347026 0332529 0455052 1521827 0562577 0021485 1272883 1533685 1828121 0025914 0025929 0026809
 0060916 0086376 0439267 0071500 0017243 0071499 0086972 0443299 0687118 1382104 0025255 0348011 0596901 1706182 0242972 0748025 0597357 0033684 1421455 0023825 0034821 1366529 0162524 0442726 1450278 1511790 0025664 0184661 2700391
 0349966 1337208 1547282 0332293 1522326 0370003 2347026 0231175 1883351 1547282 0175723 0003062 0332293 1522326 0597360 3244092 0185117 0332173 0439228 0439505 0439792 0547044 1515981 0370003 2347026
 0332173 0439228 0439505 0175723 1421455 0205250 1299351 2700149
 0441994 1548802 2003888 0175723 0332173 0439228 0439505 0442726 1511790 0370003 2347026 1551359 2741673 2981730 0439175 0439810 2827734 2981698 1518422 1292732 1517331
 0020985 0034821 1366529 0023899 0455052 1521827 0332282 0001554 1533734
 0003062 1720154 0991865 0006353 0031603 0031701 0036082 1601799 0562577 1882406
 0025255 0023884 0736268 1278929 2346688 1521827 0439228 1444656 0020985 0002778 0936012 1522240 1524024 0025664 0184661 1517586 1552738 2700391
 1280500 2348382 1515655 0439228 0444706 3541902
 0441994 2003888 0439228
 1707455 0243148 1550141 1882979 2587213 3274648 0003062 0003595 0032105 0441994 0523511 1412481 1550098 2003888 0332173 0439228 0439505 0332173 0439228 0439505 0332173 0439228 0439505
 0301630 0392756 0441610
 0439083 0439087 1321095 1705648 2347093 2348338 1265611 0332173 0439228 0439505 0332173 0439228 0439505 0442739 1548568 0392747 0443172 1705241
 0441994 2003888 0332173 0439228 0439505 1316572 1317574 1369612 0332173 0439228 0439505
 0301630 0441610 0439228
 1280500 2348382 0858034 0008377 0041004 0025914 0025929 0026809 0444706 3541902 0332293 1522326 0991865 0006353 0031603 0031701 0036082 1601799 0562577
 0332120 0439228 0039798 0087111 1522326 1533734 1705169 3538994 0301630 0392756 0441610 0243148 1550141 1882979 2587213 3274648
 0332173 0439228 0439505 0370003 2347026 0450382 0243148 1550141 1882979 2587213 3274648 0038215 1705242 2827666 0871261 1704632 1706817 2911692
 1518681 1280500 2348382 0041004 0332293 0522501 1522326 1706089 0370003 1547282 0442805
 0205359 0231239 1316572 1317574 1369612 0456950 0441889 1707455
 1280500 2348382 0023820 1979893 0008565 0008550 0015663 0016640 0302908 0456962 0524811 0597198 1301725 1304698 1546699 1561501 1609436 1882330 3161031 0034821 1366529 0023823 0065059 0023820 0178587 0205251 0597357 1299352 1550472 0025914 0025929 0026809 0020443 1522133 1314939 0456387 1705943 0012155 1442959 1519433 2983588
 0936012 1979963 2003903 0332173 0439228 0439505 0039798 0087111 1522326 1533734 1705169 3538994 0597360 0185117 0003062
 0349966 1337208 1547282 0243148 1550141 1882979 2587213 3274648 0444505 0023825 0444505 1709908 0684224 0700287 3496591 0039798 0087111 1522326 1533734 1705169 3538994 0015127 1524003 0522501 1706089 0301630 0392756 0441610 0392747 0443172 1705241 0523560 0444505
 0243148 1550141 1882979 2587213 3274648 1518422 1547282 1979963 2003903 0332293 0991865 0006353 0031603 0031701 0036082 1522326 1601799 1707455 0562577 0243148 1550141 1882979 2587213 3274648
 1979963 2003903 0034821 1366529 0023823 0065059 0023820 0178587 0205251 0597357 1299352 1550472 0439228 0562577 0022959 1421455 0023825 0034821 1366529 0023823 0065059 0442811 0023820 0178587 0205251 0442824 0597357 1299352 1550472
 0042295
 0444505 1264633 1882932 0523560 0444505 1264633 0023823 0205251 1299352 1550472 0444505 1264633
 1280500 2348382 0456389 0520511 1704711 0185117 0205393 1825598 0456389 0520511 1704711 0700364 1883351 0023823 0065063 0023820 0178587 0205103 0205251 1264633 1299352 1550465 1550472 1554103 2827755 2987476 0349966 1337208 1444656
 2698020 0577559 1306372 3152252 0025914 0025929 0026809 0392756 0439228 0243148 1550141 1707455 1882979 2587213 3274648 0025914 0025929 0026809 2984079 0332173 0392756 0439228 0439505
 0332173 0439228 0439505 1517945 0017446 0205147 0025914 0025929 0026809 0078394 1152819 0597357
 1517945 0700364 1883351 0332173 0439228 0439505
 0597360 0185117 0439228 0332281 0748864 0030608 0233426 0547044 0597177 0700321 0700364 0456389 0312860
 1979963 2003903 0243148 1550141 1882979 2587213 3274648 0025914 0025929 0026809 0017243 0034606 0439182 0441633 0812409 1301820 1382104 2826292 1880999
 0030608 0456389 0597177 0439202 0444505 0037004 0237753 0449788 1444656 0449432
 1264666 0449468 0017243 0185125 1382104
 1316572 1317574 1369612 0023823 0205251 1299352 1550472 0439228 0700364 1883351 0577559 1306372 3152252 1707455 0243148 1550141 1882979 2587213 3274648
 0750489 0449432 1705248 0065063 0312860 0449432 1705248 1707455 0312860 0392756 0439228
 0681814 1706386 0065063 0023820 0178587 0205103 1550465 2827755 0439526 0439267 0439526 0034821 1366529 0023823 0065059 0599283 0023820 0178587 0205251 0205409 0597357 1299352 1548221 1550472 0025914 0025929 0026809 0443211
 0034606 0441633 2826292 1553638 0023882 0700321 2700395 0185027 1948020 1264633
 0065063 0023820 0178587 0205103 1550465 2827755 0175723 0439645 1521913 0312860 0449432 1705248 0449432 0312860
 0486616 1555710 1264633 0349966 1337208 1547282 0750489 0205666 0003593 0103839 0003593 0003595 0523511 1412481 0033684
 0017243 1382104 0205666 0003593 0205172 1264633 1554103 1264633 1554103 0065063
 1979963 2003903 0086972 0443299 0687118 0065063 0023820 0178587 0205103 1550465 2827755 0205132 1550648 1552960 0205132 1550648 1552960 0205397 0600209 1704732 0205397
 0065063 0023820 0178587 0205103 1550465 2827755 0030608 0597177 0023882 0700321 2700395 0185027 1948020 0175723 0439645 1521913 0312860
 0019409 0449432 0332120 0065063 0023820 0178587 0205103 1550465 2827755 0850310 3154893 0449432
 0065063 0023820 0178587 0205103 1550465 2827755 1264633 0600209 1704732 0013855 0486616 1555710
 0060916 0086376 0439267 0185125 1708639
 0033684 0205666 0003593 0103839 0003593 0003595 0523511 1412481
 0700364 1264633 1554103 0205666 0003593 0103839 0003593 1707455 1264633 1554103 0065063
 1264633 1554103 0332256 2700400 1265611 0033684
 1705920 0597177 0312860 0349966 0444505 1337208
 0456389 0520511 1704711 0023882 0700321 2700395 0025914 0025929 0026809 0332293 0392747 1522326
 0025914 0025929 0026809 0444505 0233535 0332173 0439228 0439505 1264633 1554103 0850310 3154893 1265611 1554108 1561573 0037004 0205397 1283792 0312860
 2348792 0040223 3541383 1552961 2347617 0392756 0547047 0025914 0025929 0026809
 0332173 0439228 0439505 1979963 2003903 0233426 0700364 0449432 1705248 0312860 0439659 1883351 1547282 0220912 0220913 0311392 0332293 1522326 0025914 0025929 0026809 0243148 1550141 1882979 2587213 3274648
 1979963 2003903 0243148 1550141 1882979 2587213 3274648 0025914 0025929 0026809 0017243 0034606 0439182 0441633 0812409 1301820 1382104 2826292 1880999
 0237753 0449788 0037004 0030608 0456389 0597177
 1264666 0449468 1690016 1705102 2700258 0017243 0185125 1382104
 0750489 0868928 1533148 2612458 0597177 0312860
 0025914 0025929 0026809 0392756 0547047 1707455 0243148 1550141 1882979 2587213 3274648 0233426 0700364 0312860
 0332173 0439228 0439505 0700364 1979963 2003903 1882115 0597177 0150312 0449450
 0023820 0520511 1704711 0596607 1518422 0078394 1152819 0597360 0185117 0392747 0523560 0597357
 0025914 0025929 0026809 1881065 0444505 1883310 0312860 1511726 3245479 1518422 1547282
 0486616 1555710 1264633 1273517 1883351 1979963 2003903 1273517 1883351 0555903 1261360 0033684 0439175 0439810 0008377 0041004
 1552616 1706244 1517945 0023824 0123167 0065055 0860920 0008377 0439228
 0332290 0205397 0349966 1337208 1705535 1517945 1264633 1554103
 0041004 0008377 1518422 0700364 1883351 0392760 1314939 0015252 0728940
 0486616 1555710 0025914 0025929 0026809 1421455 0023825 0034821 1366529 0439828
 1707455 0243148 1550141 1882979 2587213 3274648 1521798 0033684 0008377 0205172 0439228
 1264633 1554103 0523560 1547282 0392756 0547047 0439228
 0392756 0547047 2348042 2826345 0017243 0439182 0812409 1382104 1316572 1317574 1369612 1979963 2003903 1707455 0349966 1337208
 1280500 2348382 1515655 0025914 0025929 0026809 2963144 0686907 1157973 0543484 0699900 1516314 0034821 1366529 0023823 0065059 0023820 0178587 0205251 0597357 1299352 1550472 0025914 0025929 0026809 1707455 0085732 0034821 1366529 0023823 0065059 0023820 0178587 0205251 0597357 1299352 1550472 0025914 0025929 0026809 2963144 0023820
 0205409 1548221 1264633 0523560 0065063 0023820 0178587 0205103 1550465 2827755 1851076 0062151 0151691 2611277 0025914 0025929 0026809
 0023820 0021966 0221138 1708632 0034821 1366529 0023823 0065059 0599283 0023820 0178587 0205251 0597357 1299352 1550472 1720154 0025914 0025929 0026809 1514756 2347531 0037179 0087136 0178602 0205171 0869039 1114758 0439228
 0349966 1337208 1424736 1547282 0441833 1999270 3537156 1705241 1705242 0441833 0687744 1257890 1552516 1552839 1705428 1705429 0003062
 0523560 0003062 1547282 0237942 2827666 1705241 1705242 0025914 0025929 0026809 0026193 0205165 1553640 0441833 1999270 3537156
 2612486 0449297 1382187 2825073 1316572 1317574 1369612 2827666 0557651 2603343 1424736 0441833 1999270 3537156
 0205449 1547282 0871261 1704632 1706817 2911692 0205280
 0003062 0521097 0021966 0221138 0243148 1550141 1882979 2587213 3274648
 1316572 1317574 1369612 0003062 1547282 2612486 0449297 1382187 2825073 1265611 0949466 0005863 0002778 0936012 1524024 1705493 1511726 3245479 1518422 1547282
 1705241 1705242 0003062 0332293 1522326 0332293 1522326 0065063 0021966 0023820 0178587 0205103 0221138 1441672 1550465 2827755 1553640 0441833 1999270 3537156
 0025914 0025929 0026809 0849355 0065063 0021966 0023820 0178587 0205103 0221138 1550465 2827755 0700308 0033727 0369286 0441932 0564385 0003062 0521097 0456693 1442458 0702093
 0444930 2746065 0681814 1706386 0003062 0065063 0021966 0023820 0178587 0205103 0205392 0221138 0439509 1550465 2827755 3540770 0005775 1516559 1707455 0003062 0205171 1720467 1883351
 0005775 1516559 0034821 1366529 0023823 0065059 0023820 0178587 0205251 0597357 1299352 1550472 0439228 1882406 1282913 1551714 1282913 1551714
 0065063 0023820 0178587 0205103 1550465 2827755
 2347469
 0205134 1882932 0003062
 0557061 2584313 0035820 1705810 1158917 0025519 0025520
 0332185 1547282 2604499 1417166 0025914 0025929 0026809 0023820 0440742
 1421455 0023825 0034821 1366529 0023823 0065059 0442811 0023820 0178587 0205251 0442824 0597357 1299352 1550472 0025914 0025929 0026809 0853610 0023779 0023820 0342895 0007004 0205250 1299351 2700149 0521974 0301585 0012155 0205250 0424612 1299351 2700149
 1421455 0023825 0034821 1366529 0023823 0065059 0442811 0023820 0178587 0205251 0442824 0597357 1299352 1550472 0032214 0600138 0035820 1705810 0035820 1705810 1710238 0000934 0392673 1708059 1421455 0023825 0034821 1366529 0023823 0065059 0442811 0023820 0178587 0205251 0442824 0597357 1299352 1550472 0003062
 0011008 2348077 0920644 0031843 0542341 0700205 1705273 0392366 0021135 1533691 2827718 0205171 1720467 0449913 1553451 1704459 1524063 0007634 3282337 0439086 2827736 2981702 0450355 0023688 0205396 1550043 1551388 0450355 0205393 0947630 0023688 0023820 0332149 1705910 1880165 2362652
 0681814 1421455 0023825 0034821 1366529 0023823 0065059 0442811 0023820 0178587 0205251 0442824 0597357 1299352 1550472 0023820
 0523560 0003595 0359583 0523511 1412481 0021135 1533691 2827718 0052199 0003595 0012155 0205263 0523511 0523560 0699759 1412481 1442959 1519433 2983588 0700364 1883351 0023688 1280519 1704419 1514760 0007634 3282337 0010453 0220814 0430400 2242979
 1979874 0205169 0007634 3282337 0439086 2827736 2981702 0681814 0557651 1552738 2603343 0683607 1883351 0023688 1421455 0023825 0034821 1366529 0023823 0065059 0442811 0599283 0023820 0178587 0205251 0442824 0597357 1299352 1550472 1515655
 1517499 0040671 1705822 0007600 0007635 3282338 0677626 0007634 0023903 2239176 3282337 1514760 0085080 0007634 3282337 0205263 0597360 0185117 0349966 1337208
 0012238 2349986 1547282 3152252 0577559 1306372 1705920 1882932 1522240 0017982 0376322 3152252 0577559 1306372 1705920
 1274040 1546471 2825142 0231448 0439792 0302523 0700325 3244290 0034693 0034721
 1707391 0034821 1366529 0023823 0065059 0023820 0178587 0205251 0597357 1299352 1550472 2986594 0025914 0025929 0026809 0237753 0449788 0392360
 0206745 0025914 0025929 0026809 0034821 1366529 3161035 3640174 0008377 0012155 1442959 1519433 1882509 2983588 0008395 0020443 1522133 1314939 1264633 1554103 0003062 1280500 2348382 0023820 0449234 1704772 1882133 0597360 0185117 1421455 0023825 0034821 1366529 0003062 1518422 0034821 1366529 0023823 0065059 0023820 0178587 0205251 0597357 1299352 1550472
 1273517 0886519 1705822 0449851 0308779 1705822 1874964 1421455 0023825 0034821 1366529 0023823 0065059 0442811 0599283 0023820 0178587 0205251 0442824 0597357 1299352 1550472 0025914 0025929 0026809
 0680240 0681814 0022877 3244292 0022877 1619828 0205393 0282641 0444930 2746065 0023884 0736268 1278929 2346688
 1517914 0023884 0736268 1278929 2346688 1265611 1442765 0439228 1517499 0017337 0040671 1705822 0949466 0349966 1337208 1421455 0023825 0034821 1366529 0023823 0065059 0442811 0023820 0178587 0205251 0442824 0597357 1299352 1550472 0205250 0441889 0456079 1299351 1547707 2700149 2946261 0023884 0736268 1278929 2346688
 0441994 2003888 0683150 0086045 1446561 0302523 0700325 1964257 0332290 1621296 0023688
 1321095 1705648 2347093 2348338
 0023820 0205169 1421455 0023825 0034821 1366529 0023823 0065059 0442811 0599283 0023820 0178587 0205251 0442824 0597357 1299352 1550472 0449297 1382187 2825073 0597177 0332256 2700400 0205666 0003593 0003595 0523511 1412481
 0392756 0547047 0439093 0443228 1704243 1705535 0449719 0043194 0258432 0348078 0376315 1421478 1522492 0597177 0033684 0332296 1749467 1880497 1948047 1996904 1518422 1421455 0023825 0034821 1366529 0023823 0065059 0442811 0599283 0023820 0178587 0205251 0442824 0597357 1299352 1550472 0033268 0871208 1521828 0080103 0205345 1547039 0085732 1299581 0205432 0449297 1382187 2349975 2825073
 0868928 1706255 1706256 0301630 0392756 0441610 0205666 0003593 0085639 0238715 0858034 0008377
 1264633 1554103 0039798 0087111 0392760 1314939 1522326 1533734 1705169 3538994 0023823 0065063 0023820 0043194 0178587 0205103 0205251 0258432 0456387 1299352 1421478 1550465 1550472 1705943 2827755 0745777 0033684 0423896 0456205 0039798 0087111 1522326 1533734 1705169 3538994
 0520511 1704711 0332173 0439228 0439505 2986490 0349966 1337208
 0441994 2003888 1514721 2348147 3542016 1705535 0065063 0023820 0178587 0205103 1550465 2827755 1621296 0023688
 0459471 3173575 0021966 0023820 0221138 1521721 0349966 1337208
 0003062 1705241 1705242 0065063 0023820 0043194 0178587 0205103 0258432 1421478 1550465 2827755
 0003062 1421455 0023825 0034821 1366529 0521097 0065063 0023820 0178587 0205103 1550465 2827755 0003062
 1705241 1705242 0085732 2963144 1705241 1705242 2963144 0523560
 2612486 0449297 1382187 2825073 0205448 0003062 0392366 1424736 0441833 1999270 3537156 2362652 0259846 1881659 2349974 0015127 1524003 0065063 0023820 0178587 0205103 1550465 2827755
 0455052 1521827 0869040 0557651 1273517 2603343 0332256 2700400 1265611 1518422 0205341 0678624 0849355 0349966 1337208
 0003062 2612486 0449297 1382187 2825073 1265611 0023884 0736268 1278929 2346688 0949466 0005863 0002778 0936012 1524024 1705493
 0681814 1524063 0007634 3282337 1421455 0023825 0034821 1366529 0023823 0065059 0442811 0599283 0023820 0178587 0205251 0442824 0597357 1299352 1550472 0524637
 0231448 0231449 0439792 0302523 0700325 3244290 0003595 0023820 0332256 0523511 1412481 2700400 0065063 0023820 0178587 0205103 1550465 2827755 0700364 1883351 1515655 1883727
 0065063 0023820 0178587 0205103 1550465 2827755 1709634 0441889 0456079 1547707 2946261 0034821 1366529 0023823 0065059 0599283 0023820 0178587 0205251 0332293 0441994 0597357 1272755 1299352 1522326 1550472 2003888 0003062 0349966 1337208 1316572 1317574 1369612 1265611 0017243 1708715 0332462 1880834 1883351 0017243 1382104 1708715 0370003 2347026
 0302523 0700325 3244290 1421455 0023825 0034821 1366529 0023823 0065059 0442811 0023820 0178587 0205251 0442824 0597357 1299352 1550472 0017337
 1547282 1366529 1335671 1517499 0017337 0040671 1705822 0562342 1171285 0003062 0849355 1883720 3244314 2612459 2612460 0597177
 1524063 0042153 0457083 1947944 2346874 0332197 1689985 0445210 0000768 0000769 0544704
 0030705 0332148 0750492 0332325 2827757
 0872178 0035139 0559956 1555302 0030705 0700364 1883351 0449445 0150312 1883351 0443303 1282927 1515273 1705313 1806781 2350002 2826302 1366529 1421455 0023825 0034821 0023823 0065059 0442811 1335671 1524063 0599283 0017337 0023820 0042153 0178587 0205251 0442824 0457083 0597357 1299352 1550472 1947944
 0034821 1366529 0023823 0544701 0065059 0023820 0178587 0205251 0597357 1299352 1550472 0038164 0033684 0376327 1517294 0030705 0034821 1366529 0185117 0871261 1704632 1706817 2911692 0015127 1524003 1514761 0544461
 1421455 0023825 0034821 1366529 0023823 0065059 0442811 0023820 0178587 0205251 0442824 0597357 1299352 1550472 1979874 1421455 0023825 0034821 1366529 0023823 0065059 0442811 0023820 0178587 0205251 0442824 0597357 1299352 1550472 0034821 1366529 0023823 0065059 0599283 0023820 0040300 0178587 0205251 0440102 0597357 1299352 1550472 0030705 1518422 0020962 1291764 0439662 0449913 1167395 1553451 1704459 0033684
 0681814 1707455 0597360 0185117 1421455 0023825 0034821 1366529 0023823 0065059 0442811 0599283 0023820 0178587 0205251 0442824 0597357 1299352 1550472 0003062 0030705 0027552 0686904 1883351 2699424
 0868928 1706255 1706256 1421455 0023825 0034821 1366529 0023823 0065059 0442811 0023820 0178587 0205251 0442824 0597357 1299352 1550472 0700364 1883351 1523987 0039798 0087111 1522326 1533734 1705169 3538994 0020443 1522133
 2984753 0039593 0392366 0037645 0017296 0017337 0039798 0087111 1363945
 2825232 0043227 0449719 1521721 1709471 0027468 0018173 0018684 0021622 3245503 1709697 1709701 2728259 3484370 0022877 3244292 0011854 0011847 0011849 0016617 0018173 1548284 3146221 1512888
 0010186 0220812 0449719 1709471 0220808 0680264 0007961
 1706852 0522501 1706089 0949214
 0205155 1293097 1522472 1552923 1705191
 0015770 1521721 0683939 0205099
 0282413 0376649 1442065
 0254343 0796520 3272379

 0085205 1549619 1880669
 0000723 1273517 1421455 0023825 0034821 1366529 0023823 0065059 0442811 0023820 0178587 0205251 0442824 0597357 1299352 1550472 1421455 0023825 0034821 1366529 0023823 0065059 0442811 0023820 0178587 0205251 0442824 0597357 1299352 1550472
 0034821 1366529 0023823 0065059 0023820 0178587 0205251 0597357 1299352 1550472 0034821 1366529 0023823 0065059 0023820 0178587 0205251 0597357 1299352 1550472
 0523560 0023825 0023823 0442811 0023820 0178587 0205251 0442824 1299352 1550472
 0065063 0023820 0178587 0205103 1550465 2827755 0065063 0023820 0178587 0205103 1550465 2827755
 0023823 0023820 0178587 0205251 1299352 1550472
 0023821 0023820 0178587 0205250 1299351 2700149
 3656769 0006556 2604499 0250783
 1510800 0086022 0442335 1705099 0332256 2700400 0006556
 0991865 0006353 0031603 0031701 0036082 1601799 0991865 0006353 0031603 0031701 0036082 1601799
 0008565 0008550 0302908 1304698 1546699 1561501 0008565 0008550 0302908 1304698 1546699 1561501
 0047101 0439086 2827736 2981702 0138693
 0003591 0003591
 1882406 1882406 0011389 0205431 0332461 0333463 0439148 1519795 1522492
 2986676 0031831 1707664 2348314 3540849
 0016327 0439133 1553038
 0041740 0029040 0006823
 1514811 1706462 0450955 2603360
 0439267 0678579 0369637 0441923

 0369637 0441923

 0439394 1706495 3642217 1979971

 0007634 1269647 1704653 1948049 0025141 0439482 0439114 0033727 0369286 0441932 0564385 0597277 1708601
 0597277 1708601

 0000857 0600678 1552863 2603360 0450955 2603360
 1418943

 0268596 2700624
 3642273

 2603362

 0000857 0600678 1552863
 0369637 0441923
 0439267
 1418943

 0268596 2700624
 3642273

 2603362

 0033727 0369286 0441932 0564385 0998924 0033727 0369286 0441932 0564385 0450955 2603360


 0201682
 0369637 0441923


 0016327 0439133 1553038 0439070 1705160
 0007634 1269647 1704653 1948049
 0325074
 0027960 0324740 0439189 1456781 1824986

 0369637 0441923
 0439394 1706495 3642217
 0439267 2347048
 0439114 0369773 2603361
 0016327 0439133 1553038 0369637 0441923
 2347469
 0016327 0439133 1553038 0439070 1705160 0014137 0000857 0600678 1552863
 0597277 1708601
 2603360 0597277 1708601
 1832110
 0597277 1708601 0369773 2603361
 0597277 1708601 0033727 0369286 0441932 0564385
 0033727 0369286 0441932 0564385


 0201682


 0443013 0369637 0441923
 2347469
 0439394 1706495 3642217
 0597277 1708601
 0027960 0324740 0439189 1456781 1824986
 0325074
 0439086 2827736 2981702 0000857 0600678 1552863 0069389 0597277 1708601 0069389 0597277 1708601 3495095 0033727 0369286 0441932 0564385 0439394 1706495 3642217



 0000857 0600678 1552863 0450955 2603360
 0040833 1521798

 0439086 2827736 2981702 0998924 0597277 1708601 2603360 0450955 2603360 2603360


 2347379

 0025141 0998924 0597277 1708601 2603360 0450955 2603360 2603360


 0201682
 0439482 0205090 0684010 2603358

 1418943

 0268596 2700624
 3642273

 2603362

 0439083 0439087 0000857 0600678 1552863 0678579 0369637 0441923

 0205090 0684010 2603358
 0181107 0205090 0684010 2603358
 0439482

 1315013

 0025141 2347469 2603360 0369718 0441922 1553036
 1708595 3280986 0439394 1706495 3642217


 0201682


 0016327 0439133 1553038
 0439394 1706495 3642217
 0042762 0205466 0025141 0016327 0439133 1553038
 1979971
 1553033 0205090 0684010 2603358

 1704351 2239486
 0965991
 0000857 0600678 1552863 0678579 0369637 0441923

 0439394 1706495 3642217

 0027960 0324740 0439189 1456781 1824986

 0025141 0033727 0369286 0441932 0564385 0369718 0441922 1553036 0450955 0597277 1708601 2603360 0597277 1708601

 1315013

 0439083 0439087 0025141 2603360 0557653 0205090 0684010 2603358 0439267

 0205090 0684010 2603358
 0033727 0369286 0441932 0564385

 0033727 0369286 0441932 0564385

 1315013

 0025141
 0205090 0684010 2603358
 0021966 0221138


 0025141


 0439394 1706495 3642217
 0597277 1708601 0439394 1706495 3642217 0439394 1706495 3642217 0369773 2603361


 0025141 0369773 2603361 0369718 0441922 1553036
 0003461 2939124

 0025141 0205090 0684010 2603358

 2347379 0028606
 0025141 2347469
 2347469

 2347379
 0000857 0600678 1552863
 0033727 0369286 0441932 0564385
 0439267 2347048 0369718 0441922 1553036
 0369773 2603361
 1315013
 0201682

 0205090 0684010 2603358
 2603360


 0025141 0369773 2603361
 0597277 1708601 0678579 0369637 0441923
 0450955 2603360
 0439394 1706495 3642217 0439482
 1418943

 0268596 2700624
 3642273

 2603362

 0000857 0600678 1552863


 0069389 0597277 1708601 0439394 1706495 3642217 2347469 0439394 1706495 3642217 0439394 1706495 3642217 0369773 2603361



 0201682
 0016327 0439133 1553038
 0369637 0441923




 0016327 0439133 1553038 0439070 1705160
 0597277 1708601


 0201682
 0597277 1708601
 0016327 0439133 1553038
 0205090 0684010 2603358 0605411 0439394 1706495 3642217
 2603362
 0439394 1706495 3642217
 0205090 0684010 2603358
 0369637 0441923


 0201682
 3495095 0227136 2347469 0205090 0684010 2603358
 3495095
 0033727 0369286 0441932 0564385
 0021966 0221138 0369637 0441923
 0369773 2603361 1551730
 0331964
 2603360

 2603362
 0439394 1706495 3642217


 1315013

 0025141 0037455 0596070 0005477 0026376 0005532 1521991