 1708726 0024779 1706473 0814036 1708726 0024779 1706473 0814036

 1424440 0205090 0684010 2603358
 2347469
 2347469

 0369637 0441923
 0021966 0221138

 0439394 1706495 3642217
 0205090 0684010 2603358
 0369637 0441923
 0205090 0684010 2603358

 0036378 0036375 0021622 1272753 0442658 1301826 0020017 0019994 1510665 0027468 0021622 1272753 0016132 1514756
 1527075 1272684 1548435 0027877 0007831 0521390 0268279 0441835 0441833 0687744 1257890 1552516 1705428 1705429 0205329 0231174 0234621 0680095 0027746 0014544 0027882 0007634 3282337
 0449560 0206132 0001779 0205396 0332162 0680240 1550043 1551388 1521970 1706388 2346469 2348519 0332437 0543482 0700329 0700619
 0268281 0022340 0027877 0007831 0231330 0268279 0521390 2939166 0027877 0007831 0268279 0022340 0268281 0027877 0007831 0231330 0268279 0521390 2939166 1540042 1876161 0751383 1413495 0027877 0007831 0268279 0521390 0751383 1413495 0751383 1413495
 0348078 0376315 1552738 0332257 1413497 1850442
 0017337 1554077 2828389 1708726
 1552603 1706202 1548602 1704686 1524063 0679199 0015576 1704727
 0017446 0205147 0008633 0205396 1520364 1550043 1551388 0205448 0015576 1704727
 0002778 0936012 1524024 1521721 0023745 1614132
 0017446 0205147 0008633 0450348 1441672 1520630 0015576 1704727
 0231448 1880641 0332257 1552866 2700399 0015576 1704727 0443211 1272684 0023745 1614132
 1293116 1875307 0027877 0007831 0521390 0268279 0027877 0007831 0521390 0268279 0441835 0441833 0687744 1257890 1552516 1705428 1705429 0205329 0231174 0234621 0680095 0027746 0014544 0027882 0007634 3282337
 0008902 0205225 0205449 0449560 1542147 0001779 0332162 1521970 1706388 2346469 2348519 0332437 0543482 0700329 0700619
 0268281 0022340 0027877 0007831 0231330 0268279 0521390 2939166 0268281 1418854 0268281 2931673 0012634 0027877 0007831 0268279 0010837 0205248 0333562 0333941
 0022340 0268281 0027877 0007831 0231330 0268279 0521390 2939166 0027964 1417613 0022340 0012634 1540042 1876161 0333778 0242821 1995017
 0751383 1413495 0027877 0007831 0268279 0521390 0751383 1413495 0751383 0012634 0751383 1413495 0016126 1979963 2003903
 0268281 1418854 1709305 2745955 0016132 2827734 2981698
 0205420 0380804 1418854 0030238 0033684 0162788 0020202 1300517 0024779 1706473 1520951
 0017968 1158406 0023779 0392747 1314939 1554963 0017337 0521093 0750484 0796357 0002778 0936012 1524024 0740116 2827735 2981700
 0162735 0026882 1552961 1705285 2347617 0008633 0012634 1551359 1711254 2741673 2981730 0008626
 0017337 0024779 0026045 1520681 1706473 0439086 2827736 2981702 1874187 0002520 2917660 0038164 0001128 0009219 0033684 0202406 0805701 0919279 0031843 0542341 0700205 1705273
 1442161 1511760 1880274 0008633 0012634 1551359 2741673 2981730 0008626
 0015576 1704727 0206132 3149653 0001779 0332162 0449450 3146221 0332437 0543482 0700329 0700619 0443289 0333562
 0015576 1704727 1520681 1554077 2828389 0796345 0002778 0023745 0936012 1524024 0439084 0728893 1515021 0150312 1883351 0024779 1706473 1274040 1546471 2825142
 0868928 1533148 1514721 2348147 3542016 0015272 1855423 1853719 2827666 0237753 0449788 0205419 1301725 1609436
 0337049 1036400 1552738 0449560 0449259 0205210 0750729 3538928 0206132 0001779 0233535 0332162 0205087 0332437 0543482 0700329 0700619 1979963 2003903
 1883712 0348078 0376315 1522492 0150312 0016132 0205171 1720467 1552738
 0205419 0015272 0031437 1285572 0751383 1413495
 1413497 1850442 0814036 0008633 0024779 1706473
 0017337 1554077 2828389 1708726
 0557651 2603343 0008630 0475264 1744691 0027964 1417613 1520364 0027964 1417613 1524063 0449445
 0206243 0699809 0015576 0027964 0205087 0231330 0439787 0439858 0443177 0849355 1417613 1704727 2939166 1519302 0005516
 0332120 0442726 1511790
 1552603 1706202 0206243 0699809 0205451 0439787 0439858 0443177 0849355 1515021 0015576 1704727 1524063 1283195
 0039224 1706073 1706074
 0023956 0449820 2247199 1540042 1876161 0005516 0005516 0023956 2964552 0449820 2247199 0015576 0205171 0205454 1551058 1704727 1720467 1514799 1264633 1554103 0439101 0439509 1422662 2697679 2697679 2697679 2697679 2697679 0442768 2827734 2981698 2697679 2697679 1274040 1546471 2825142 0005516 0015576 0027964 0205087 0205451 0231330 0439858 0443177 1417613 1704727 2939166
 1552603 1706202 0205396 1550043 1551388 0017446 0205147 0205448 0237876 1522138 0015576 1704727
 0002778 0936012 1524024 1524063 0019425 0017446 0205147 0008653 0008633
 0205448 0237876 1522138 0017446 0205147 0349966 1337208
 0017446 0205147 0015576 1704727 0332268 1881534 0424215 2003939 0680043
 0015576 1704727 0005516 0002778 0936012 1524024 1444656 0015576 1704727
 0796345 0002778 0023745 0936012 1524024 1524063 1947971 0023956 0449820 2247199 0023956 0449820 2247199
 0332120 1881065 0019409 1518422 0679993 0015576 0441833 0687744 0700321 1257890 1301820 1552516 1704727 1705428 1705429 0002778 0936012 1524024 0332290 0017446 0205147 0015576 1704727
 0002778 0936012 1524024 0231448 0231449 0439792 1883351 0332257 1552866 2700399 0015576 1704727
 0023956 2964552 0449820 2247199 1301820 0439101 1422662 1516077
 0010992 0002778 0936012 1524024 1518422 1999230 0332120 0019409 1881065
 0441471 3541888 0349966 1337208
 1552603 1706202 0206243 0699809 0439787 0849355 1524063 0015576 1704727
 0443192 0454690 0542339 1264637 1524069
 0027361 0237401 0449259 0205210 0750729 0019638 0205462 0344441 0332257 3538986 0242821 1995017 3538928 0751383 1413495 0683454 0021966 0221138
 0333778 0242821 1995017 3538928 0016126 1979963 2003903 0332281 0751383 1413495
 0015576 1704727 1514798 1274040 1546471 2825142
 0332120 0015576 0150312 1704727 0005516 1520364
 0017446 0205147 0205396 1550043 1551388
 0017446 0205147 0015576 1704727 0150312 0449450
 0017446 0205147 0019904 0015576 0237876 1522138 1704727 0012751 0017296 0314603 0017446 0205147 0450348 1520630 0349966 1337208
 0002778 0936012 1524024 0015576 1704727 0021966 0221138 1444656 0441471 0349966 1337208
 0333164 0017446 0205147
 0002778 0936012 1524024 1524063 1947971 0023956 0449820 0806909 1552615 2247199 2826546
 0005516 0015576 0027964 0205087 0205419 0205453 0231330 1417613 1524062 1704727 2939166
 0015576 1704727 0019638 0205462 0344441 0333778 0242821 1995017 1979963 2003903 0027964 1417613 0751383 1413495 0027877 0007831 0268279 0521390
 0023956 2964552 0449820 2247199 1301820 0439101 1422662
 0023956 0449820 2247199 0005516 1547282
 0205447 0019904 1711239 0521093 0750484 1883351 0009789 1266852
 1708726 0450348 1520630

 0030761
 1511726 3245479 1520364 1547282
 0015576 1704727 0019904 0205258 2347469 1514798 1553033
 0456389 1548342 1555593 0425245 0439148 0444706 0449580 1519795 3541902 1301820 0002085 0040710 0237753 0449788 1527178 1533716 1705938
 0017431 1882932
 0017446 0205147 0027361 0237401
 0017446 0205147 0037047 0522501 1706089
 0012751 0017296 0314603 1273517 0024779 1706473 1883727 0332283 1719822
 0030761
 1511726 3245479 1520630 1547282
 0456389 1548342 1555593 0425245 0439148 0444706 0449580 1519795 3541902 1301820 0002085 0040710 0237753 0449788
 0017446 0205147 0027361 0237401
 0017446 0205147 0037047 0522501 1706089
 0012751 0017296 0314603 1273517 0024779 1706473 1883727 0332283 1719822
 0557061 2584313 1511726 3245479 0205197 1283195 0027877 0007831 0205225 0231335 0268279 0449560 0521390 1542147 1551359 2741673 2981730
 0032863 1524063 0449445
 1552603 1706202 0206243 0699809 0015576 0027964 0205087 0231330 0439787 0439858 0443177 0849355 1417613 1704727 2939166 1518422 0032863 1999230 1274040 1546471 2825142 0237881
 0023956 0449820 0806909 1552615 2247199 2826546 0439101 1422662 0005516 1301820 1953345 0008653 0008633 0017446 0205147 0024779 0026045 1706473 1274040 1546471 2825142
 1979874 0205448 0557651 2603343 1547282 0332120 0008653 0008633 0023956 0449820 2247199 1301820
 2985435 0026882 1705285 0005516 0027877 0007831 0521390 0268279
 0332120 0008653 0008633 1441672 0023746 0023745 0281825 0394006 0750489
 1332838 0017337 0150312 0449450 0450348 1520630
 0017337 0007427 1332805 1707161 0024779 0026045 1520364 1706473
 0035820 1705810 0027877 0007831 0521390 0268279 1705535 0205474 0947630 0014440 1287349 0014442 0441889 0205177 0439167 0441655 1561536
 2986594 3161035 0027877 0007831 0268279 0521390 1979963 2003903 0684224 0700287 3496591 0332185
 0814036 0024779 0026045 1706473 0017446 0205147
 1882932 1334043 0475264 1744691 0018896 0205232 0687757 1283195 1552861
 0008657 0008633 1517892 1704666 0019638 0205462 0344441 0868928 1533148 0205171 1720467 1521970 1706388 2346469 2348519 0027964 0205087 0231330 0439858 0443177 1417613 2939166
 1517331 1268455 1521970 1706388 2346469 2348519 0700364 1883351 0181090 0302614 1706050 0031437 0449259 0205210 0750729 1527178 1705938 0205171 0439044 0679994
 0030705 1979963 2003903 1707959 0024779 1706473 0008651 0008633 1953345 0017446 0205147 1274040 1546471 2825142
 0302523 0700325 3244290 1705535 0332437 0543482 0700329 0700619 0181090 0302614 1706050 0031437 1285572
 0020792 0205396 0017337 0205451 1705242 1883525 2346866
 0017337 0027877 0205409 1548221 0027877 0031843 0542341 0700205 1705273
 0038164 0009219 0033684 0805701 0919279 1158406 0033666 2263112 0023779 0033684 0392747 1314939 1554963 0038164 0009219 0033684 0205250 0598629 0805701 0919279 1334043 2697616 0033684 0031843 0542341 0700205 1705273
 0332148 0750492 0205214 1522138 3245511 0009017
 0520510 0015576 1704727 0027964 0205087 0231330 0439858 0443177 1417613 2939166 0557651 2603343
 0015576 1704727 0009789 1266852 0205452 0392760 1314939 0027361 0237401
 0015576 1704727 1947971 0439175 0439810 0392760 1314939 0037047
 0008059 0680063 0683368 1457887 1510829 0439234
 0012634 0004134 1517945 0014550 0036572 0332283 0231174 0234621 0680095 0333778 0242821 1995017 0026019 2984656 1292533 3249876 0013852 0026018 0040300 0205397 0440102 1547928 3463986
 0015576 1704727 0557651 2603343 0205452 0454664 1705242
 0015576 0205452 1704727 1547282 0242656 1947900 0449258 0019638 0205430 0205462 0233535 0344441 3160715 0333778 0242821 1995017 1979963 2003903
 0205448 0009789 1266852 0443192 0454690 0542339 1264637 1524069
 0015576 1704727 1947971 0439175 0439810 0392760 1314939 0037047
 0015576 1704727 0031437 1285572 0333778 0205430 0242821 1995017 3160715 1979963 2003903 0751383 1413495 0027877 0007831 0268279 0521390 1279919 3146221
 0015576 1704727 1947971 0439175 0439810 0392760 1314939 0037047
 0178913 0370003 2347026 0086282 0021430 1511481 1522154 1554192
 0012854 0185115 3541890 1524063 0025663 0025664 0449851
 0086282 0332307 1547052 1524063 1519302 0005516 0019425 1630409 1272706 1704711 0036849 0470187 1442518 1705195 1707391 1881534 1540289 2698590 0376658
 1517480 1521871 1705759 0206243 0699809 0439787 0849355 0443286 1114821 0332256 2700400 0439192 0024472 1883310 0601906 0020283 0041175 0077281 0450407 0450408 0450409 0814229 0005574
 0443286 1114821 1709027 0205170 0884358 1139930 3146287 1524063 1611676 0205265 0301642 1279901 1555582 1705685 0332529 0702093 0450346 0332283 0301642 1511572 0851827 1701901 3244310 1273517
 1261552 1704379 1705117 2825408 1261552 1524062 1704379 1705117 2825408 0332529 0702093
 0332282 1517480 1521871 1705759 2348935 1709595 2349200 0851827 1701901 3244310 0181496 2827499
 0205163 0439185 0849355 1524062
 0370003 2347026 0702093 1883708 0013855 0086972 0443299 0687118 0560267 0071500 0017243 0071499 1524063
 0037585 0456389 1273517 1514468 1511726 3245479
 0017446 0205147 0205396 1550043 1551388 0441704 0872404 1517331 0035253 1622890 1524063 0005516 0024779 1706473 1707391
 1519302 0005516 0015576 0035201 0439175 0439810 1704727 0332307 1547052
 1709697 2728259 3484370 0041740 1273517 1883351 0002085 1548342 1555593 0425245 0439148 0449580 0456389 1519795 0002085
 0796345 0002778 0023745 0936012 1524024 0206243 0699809 0439787 0849355 1524063 0023745 0333052 2607870 0450348
 0181687 0026591 1881704
 0441748 0678943 0678944 0242538 0728826 0017270 0376249 0439603 0871396 1561548 1705502 3242379
 0023956 0449820 2247199 0444686 1441506 1443182 1524063 0023956 1518601
 0796345 0002778 0023745 0936012 1524024 0444686 1441506 1443182 1524063
 1273517 1883351 2986542 0019409 0022885 0039593 0392366 1708726 0035201
 1709701 1518422 0332149 1705910 2362652 0031831 0920429 0442598 0872261 1521721
 2986676 0599518 1822658 0150600 1515981 2347167 0018896 0449851
 1423524 3273411 3273412 1883351 0183683 1521721 0870494
 0016617 0041703
 0016118 0183683 0376243 1521721 2350008 0079816 1556038 0035168 0205476 0242481 1551807 0237935 3245466 0041734 0699943 0018747 0034019 0041703 3244304 0683314 0018684 0557854 1301808 2825316 3245478 0166872 0027468 0018684 0021622 3245503 0041703 0001273 0035168 0242481 0441472 3266814 0441472 3266814 0332522 1538431 1705564 0237935 3245466 0231335 0016617 0000876
 1514811 1706462 0021966 0221138
 0268281 0022340 0027877 0007831 0231330 0268279 0521390 2939166 0023746 0023745 0281825 0394006 0332120 0348078 0376315 1522492 1540042 1876161 1882932 1708726
 0887950
 0050063 0369773 2603361 0439394 2603362 0439394 1706495 3642217
 0596611 0026882 0678227 0268281 0022340 0027877 0007831 0231330 0268279 0521390 2939166
 0349590 1262865
 0694746 0369637 0441923
 1283195 0017337 0008658 0008633 0796345 0002778 0023745 0936012 1524024



 0325074
 0000857 0025141 0600678 1552863 1513822 1880171 0204727 0205409 0220862
 0007634 1269647 1704653 1948049
 0033727 0369286 0441932 0564385 2346751 0369637 0441923 0369637 0441923 0597277 1708601 0597277 1708601 0369718 0441922 1553036 0033727 0369286 0441932 0564385 0718133 0016327 0439133 1553038 0033727 0369286 0441932 0564385 0694746 0369637 0441923 0027960 0324740 0439189 1456781 1824986
 0008630 0475264 1744691 0751383 1413495 0018591 1517888 0008630 1283195 0680251 2828389 0333562



 0325074
 0337049 1036400 2349138 0369718 0441922 1553036
 0751383 0679245 0277561 0012634 1079230 1515021


 3642273
 0369773 2603361 0597277 1708601
 0205419

 0369773 2603361 0205090 0684010 2603358 0205090 0684010 2603358 0597277 1708601
 1883073 2827424

 0205090 0684010 2603358 0021966 0221138 1444775 1539835 0369773 2603361 0369637 0441923 0439394 1706495 3642217
 1704788 3539106 1516050 0678933 0017296 0205450 0314603 1708726 0007831 0086418 0543483 0699748 1314939 0027877 0268279



 0325074 0450382
 2603360 0021966 0221138 0597277 1708601 0439394 1706495 3642217
 0441513 1517169 0016163 2349190 2700184 0017446 0205147 1511491 0180153 0439844 0017446 0205147
 0887950 0450389
 0205090 0684010 2603358 0021966 0221138 2603360 0033727 0369286 0441932 0564385 0439267 0205090 0684010 2603358 0439394 1706495 3642217 0369637 0441923
 0242960 0017296 0019409 0314603 0332120 0449560 0022340 0012634 1540042 1876161 1518422 0348078 0376315 1522492 0449560



 0325074

 1283195 0024779 1706473 0599883 1427926
 0036397
 0683454 0021966 0221138 0439394 1706495 3642217 0033727 0369286 0441932 0564385 0694746 0369637 0441923 0205090 0684010 2603358
 1283195 0022340 0012634 1540042 1876161



 0325074 0439086 2827736 2981702
 1444775 1539835 0021966 0221138 0439394 1706495 3642217 0694746 0369637 0441923
 0796345 0002778 0023745 0936012 1524024 0022340 0012634

 0369637 0441923 0021966 0221138 0597277 1708601 1423088 3273338 0439394 1706495 3642217
 1516050 1520951 0243126 0002778 0936012 1524024
 0887950
 0033727 0369286 0441932 0564385 0718133 0033727 0369286 0441932 0564385 0021966 0221138 0016327 0439133 1553038 0205090 0684010 2603358 0369718 0441922 1553036 0205090 0684010 2603358 0205090 0684010 2603358 0694746 0369637 0441923
 0008630 1283195 0751383 1413495 0002778 0936012 1524024 1708726
 0887950
 2603360 0205090 0684010 2603358 0369773 2603361 0439394 1706495 3642217 0021966 0221138
 0001779 0017298 0796345 0796357 0002778 0936012 1524024 0032659 1257890



 0325074
 0446290 0439267 0016327 0439133 1553038 0369637 0441923 0439267
 0014432 1152555 0333638 1166757 3548425 0242821 1995017 0006104 1269537
 0036397
 0439394 1706495 3642217
 2348480 1515655 0021135 1533691 2827718 0205369 0205421 0243125 0557651 0699900 0947630 1552740 2603343 0022340 0268281 0027877 0007831 0231330 0268279 0521390 2939166
 0009753 0016132
 0205090 0684010 2603358 0205090 0684010 2603358 0232024 0205090 0684010 2603358
 2986594 0683033 0684309 3161035 0027877 0007831 0268279 0521390 0008672 0814036 0008633 0024779 0026045 1706473
 0030561 0331677 1824032 0016674
 2603360 0369637 0441923 2603362 0439394 0369637 0441923 0597277 1708601 2603362
 1519302 0079435 0016315 0017428 0036849 0205554 1283195 1442518 1527178 1705195 1705938 2338314
 0325074
 1553033 1553033 0369718 0441922 1553036 0369773 2603361 0379885 1332692 1704902 0439267
 0814036 0017296 0024779 0314603 1706473 0086418 1519302 1527178 1705938
 0349590 1262865
 0439267 1423088 3273338
 0679199 0086418
 1418943
 0268596 2700624
 3642273
 0041703
 0439394 1706495 3642217 1512018 0369637 0441923
 0796345 0002778 0023745 0936012 1524024 0028574 0015576 0521447 1704727 0332257 1283195



 0325074
 1423088 3273338
 0033204 0009667 0237529 1272706 1552654 1552713 1704725 1704726
 0325074


 2827734 2981698
 0282413 0376649 1442065 0221193 1880177 0043227 1704732 1314677
 0039677 0039958
 1292711 0449719 1709471
 0041740