 0003591 0023820 0008013 0369637 0441923
 0040541 1548006 0041740 0017480
 0011198 0017480 0023031 0439148 1519795 1704753 1880519 3245503 3541240 0030561 0331677 1824032 0016674
 0557061 2584313 1514811 1706462 0684224 0700287 3496591 0016016 0036734 2717971 0032930 1444748 1276855 0008018 0027950 0023516 1518422
 1948052 1547282 0003591 0023820 0003591 0003591 0003591 0032930 1444748 0871261 0008013 1333574 1441672 1442989 1705725 2828392
 1280500 1333574 1705725 0442796 1550602
 0023823 0023820 0178587 0205251 1299352 1550472 1518422 0449265 0871261 1704632 1706817 2911692 0521102 1444748 0003591 0037943 0228341 2239920 0032930
 0002778 0936012 1516048 1524024 0003591 0023946 0008018
 0032140 1367553 0016016 0311403 0600210 1533574 1881827 0449265 0003591 0037943 0228341 2239920 1705535 2247768 0243122 1145667 1167622 0005456
 0003591 3546691 1819041 0599177 1879547 1280500 0378316 0017861 0055278
 0003591 0079411 3146294 0008018 1999216 0284825 0392756 0003591 0220781 0439634 1522492 0600210 1533574 1881827
 1280500 2348382 0205360 0243071 0439596 1511572 1514509 1547311
 1511726 3245479 0003591 0032930 1444748 1276855 0008018 0441712 1706376
 2607943 2926606 3539655 0332281 0003591 0037943 0205250 0228341 0441889 2239920 3163633
 0557061 2584313 1514811 1706462 0065058 0125953 1096202 0023820 0065058 0037943 0228341 2239920 0023823 0003591 0023820 0178587 0205251 0332529 1299352 1550472 0023823 0023820 0178587 0205251 1299352 1550472 0205666 0003593 0003591 0003591 0003591 0015272 0003591 0038452 0032529 1882417
 0033684 0012771 0456378 1517892 1704666
 1334043 0332256 2700400 0205341 1705914 1880389 1883221 3541951 0003591 1517378 0442808 0004268 0035648 0035647 1521761 2827422
 0086418 0557651 0947630 2603343 0032105 0441889 1550098 0439269 0150312 1883351 0332281 0003591 0522501 1706089 0442805 1521991 0441712 0000894 0004153 1880177
 1441414 1553874 1578820 1280500 0449719 1709471 1334043 2697616 1547282 0003591 0015264 1280500 3463820 0243122 1145667 1167622 0007634 3282337 0015982 1515981 0011008 2348077 1511726 3245479 0021135 1533691 2827718 0183683 1521721 1512571 0439084 0728893 1272585 0237881 0750502 0947630 1547282 0016016 0003591 3245505 0234402 0086045 0085732 1299581 0032930 1444748 0030685 0391871 0439180 0680255 1283071 1963578 0332257 0023546 3538778 0023545 0108748 1705085 0016016 0150312 1883351 0008013 0026473 0086418 0205100 0003591 0005456 0333827 0600531 0007634 3282337 1292732 0003591 0449265 0871261 1704632 1706817 2911692 0016016
 1280500 2348382 1880177 0003591 0037943 0228341 2239920 1563937 0003591 0005847 1511228 2349975 2949735
 0520510 0557061 2584313 1514811 1706462 0520510
 1333574 1705725 0020731 0040549 0043167 0304925 3537198 0036773 0728877 0001924 0086418 0229671 1546774 1550100 0036774 0036773 0728877 0001924 0007452 0229671 1140701 1546774 1550100 0220806 0869011 1719918 3272372 3272558 3538743
 0018330 0005526 0021622 0036397 0043194 0258432 0376558 1272753 1421478 0017480
 0016016 2699414 1115660 1518000 1710198 1301820 0039021 0037633 0525069 1442989 2828392 0043194 0258432 1421478 0017480
 0649149 0604331 0022634 0378316 0017861 0284825 0442749 1826357
 1710236 1999230 0038995
 0070386 0331955 1301820 0038995 0065371 0036681 0016674
 0109289 0008203 0596019 0043194 0258432 1421478 0556656 3541314 0812225 1150635 1705212 1705213 3273202 0017480
 0359168 0003250 0003241 0746619 0017480
 1449159 1522558 0128897 1337092 0034861 0282566 1142652 0087044 0103404 0008013 0026473 0033684 2350701 0376579 0087044 0103404 0024432 0033684 0333348 0475463 1142254 0359168 0003250 0003241 0746619 0442532 0869011 1826596 0027971
 0031831 1707664 1999230 2348314 3540849
 0036378 0017480
 0031831 1707664 2348314 3540849
 0016674
 0043047 0332296 0599638 1550678 1880497 1996904 0038848 0043194 0205210 0258432 1421478 1442989 1875802 2828392
 0220806 1514756 0017480
 0007634 3282337
 0026473 0070386 0205409 1548221 0331955 0007703 1552738 0805525 1264633 1554103 0806987 1548982 1532563 0037494 0439190 1720725 1948050 1959973 0007703
 0455052 1521827 0439093 0443228 1704243 1273517
 0259846 1881659 2349974 0005821 1963076 1882932 0740116 2827735 2981700 0439092 0005821 0547044 1963076 0026473
 0027950 0205409 1548221 0027950 0150312 1883351 0439093 0443228 1704243 0439092 0547044 0024264
 1882508 1711411 0487602 1704680 0026024 0444701 0026018 0205390 1515981 1979874
 0424215 2003939 1517331 0521093 0487602 0750484 1704680 0001053 0014894 0487602 1704680
 1883712 0034606 0441633 0678118 0026019 2984656 0013852 0026018 0040722 0242781 1521797 3463986 0002778 0936012 1524024 1524063 0026473 1273517 1880022
 0008018
 1622501 0600210 1533574 1881827 0205174 0220825 1524063 1139930 1140299 0456389 1325742 1440942 0369637 0441923 0369637 0441923 0026473 0027950 0120742 0543134 0036140 0037494 0037633 0205415 0206136 0525069 1553389 1553403 1705537 1423529 0332256 2700400 0036774 0036773 0728877 0486291 0178587 2699156 0439526
 0205170 1185625 1282910 1524062 2986730 3146287
 0008013 0037638 1697819 0441994 1185625 1382196 1524062 1548802 2003888 0007634 3282337 0329040 1883351 0232902 1442473 0439232 0700321 0702093 1282918 2347166 0439232 0700321 0702093 1282918 2347166 0023820 0991865 0006353 0031603 0031701 0036082 1524062 1601799 1532563 0439190 0242295 1947943 2348609 2678549 1882074 0020283 0450407 0450408 0450409
 0444930 2746065 0007634 3282337 0334154 0231441 0443218 2827483 0018964 2986582 1719918 1552990 3179126 0020940 0028908 0038561 1517288 2827727 0440042 1521738 2346620 2349184 3539073 0441987 0025255 0596901 1706182 0750480 1705566
 0005507 0243073 1510438 1273517 1883351 0008018 0205238 0450348 0681814 1154580 0032140 1367553 0016016 0205198 1706082 1524062 1282910 1185625 1382196
 1514555 1449702 2757016 0072348 1418370 1152564 0109289 0008203 0596019 1524062 1282910 1185625 1382196
 0017861 0001924 1145667 1167622 0681814 1514555 0884358 0332256 2700400 0304925 3537198 0036773 0728877 0001924 0086418 0229671 1546774 1550100
 0681814 0284825 0442749 0205198 1706082 1282910 1524062 1185625 1382196 1442447 0439232 0700321 0702093 1282918 2347166 1883712 0003591 0008013
 0243071 1273517 0205198 1706082 0003591 0008013 0037943 0228341 1524062 1883357 2239920 1185625 2986730
 0026473 0020731 1300565 0720544 1442473 0439232 0700321 0702093 1282918 2347166 1656978 0007634 0444930 2746065 3282337 1548982 1720725 1948050
 0039798 0087111 1522326 1533734 1705169 3538994 1518422 0001721 0007620 0041213 0013343 0680251 1260957 1516048 1565627 2828389
 0243148 1550141 1882979 2587213 3274648 2003902 1514756 0037638 1697819
 0016620 0002778 0936012 1524024
 1148554 0423896 0456205 0026473 1439852 0178587 0439526
 0000934 0392673 0439232 0700321 0702093 1282918 2347166 0003591 1524062 0549178
 0030981 0001128 0202406 1272691 1883712 0449468 0560268 1690016 1442447 0439232 0700321 0702093 1282918 2347166
 0007703 1883351 0849355 1883720 3244314 1882443 1550101 1516695 1516698 0347982 0027960 0071767 0324740 0439189 1456781 1824986
 0439232 0700321 0702093 1282918 2347166 0450376 0175730 1547937 1704474 0179834 1550101 1524063 0439596 1148554 1273517 1511572 0302828 1442085 3263700 0812225 1150635 1705212 1705213 3273202
 0016016
 0016016 0205177 0439167 0441655 0444706 1561536 3541902 1710236 0032140 1367553 0005507 0243073 0445247 1510438 1879547 0038418 0439340 1880521 2945590 0439526 0456692 1442446 0439232 0450355 0700321 0702093 1282918 2347166 0681814 0022702 0220865 2825046 0016016 1707455 1551359 1883727 2741673 2981730 0039401 0302828 1442085
 0016016 0347982 0016016 0027960 0324740 0439189 1301820 1456781 1824986 0542151 0991865 0006353 0031603 0031701 1601799 2678549 1882074 0020283 0450407 0450408 0450409 0660307 1442447 0439232 0700321 0702093 1282918 2347166 0011945 0011946 0917873 1059964 0991865 0006353 0031603 0031701 0036082 1601799 0016016 0205177 0439167 0441655 1561536 1524063 1710236
 0750591 0036667 0312418 0427965 1511883 1522640 2346484 2349185 1150268 0016016 0205172 0205177 0439167 0441655 1561536
 0204727 0205409 0220862
 0003591 0023823 0023820 0178587 0205251 1299352 1550472 0030011 0006507 0144208 0032105 0205409 1548221 1550098 0041609 1552738 0023820 0205409 1548221 1272706 1552654 1552713 1532563 0439190 0601906 1882074 0020283 0450407 0450408 0450409 0065371 0003591 0024337 0036681 0185125 1185738 1706132
 0441648 1185738 1706132 0003591 0597826 0243071 1532563 0332256 2700400 0037494 1959973 0013618 0001128 0202406 0449468 0560268 1690016 0074721 0449468 0560268 1690016
 0003591 0023823 0023820 0178587 0205251 1299352 1550472 0065371 0024337 0036681 1185738 1706132 2828386 1880165 0991865 0006353 0031603 0031701 0036082 1601799 2678549 1882074 0020283 0450407 0450408 0450409
 0427716 1304757 0086045 1446561 0003591 0025663 0037943 0228341 0449851 0871511 2239920 0439228 1515981 0012634 0348080 1705253 0030011
 0597298 0013018 1527169 0681814 1273517
 0038215 0600673
 0042295 0444504 2347634 2348143
 0871424 0002778 0936012 1524024 0884358 1524063 1710574 0022885 0038492 0039593 0392366 1551041 1552573 0022885 0039593 0392366
 1709380 1522609 0750591 0237881 0750502 1546944
 0557061 2584313 1514811 1706462 1280500 2348382 0600210 1533574 1881827
 0332197 1689985 0008013 0003591 0026193 0026473 0205112 0205165 0600210 1533574 1708698 1881827 0025255 0349966 1337208
 1333574 1705725 0008018 0441994 0935616 1185625 1524062 1548802 2003888 2986730 0086045 1446561 0023946 2349975 0369718 0441922 1553036 0243148 1550141 1882979 2587213 3274648
 1883712 0086045 0439267 0439526 0427716 1304757 0033684 0086045 1446561 1515273 1705313 2826302 1301808 1442792 1185625 1382196 0003591 0026473 0086045 0600210 0851827 1292856 1446561 1533574 1701901 1708698 1881827 1948023 3244310 0871261 1704632 1706817 2911692 0720544 1300565 0349966 0439267 0439526 1337208
 0086045 1446561 1325281 0205177 0439167 0441655 1561536 0150312 1883351
 0449911 0333052 2607870 0557702 1272706 1704674 0557702 1272706 1704674 0349966 1337208
 1280500 2348382 0237731 0600210 1533574 1881827
 0026473 1439852 0120742 0543134 0036140 0037494 0037633 0206136 0525069 0332256 2700400 0036774 0036773 0728877 0001924 0007452 0229671 1140701 1546774 1550100 0329040 1883351 0025255 0071524 0175905 0232902 0456389 1325742 1442473 0369637 0439083 0439087 0439232 0441923 0700321 0702093 1282918 2347166
 0185023 0728733 1522662 0487602 1704680 0007634 3282337 0025255 0231441 0441987 0441994 0596901 1548802 1706182 2003888 0181839 1706379 0750480 1705566 1524063 0020940 0028908 0038561 1517288 2827727
 0369773 2603361 1522609
 0007584 0007634 0237753 0449788 1269647 1704653 1948049 1882932 1552990 0032863 0205250 0440042 1299351 1521738 2346620 2349184 2700149 3539073 0681814
 0440042 1521738 2346620 2349184 3539073 0750480 1705566 0681814 0205174 0884358
 0003591 1333574 1705725 0008018 0003591 1300565 0439526 0439282 0032930 1444748 0600210 1533574 1881827 0439358 1552990 0032863 0205250 0440042 1299351 1521738 2346620 2349184 2700149 3539073 0369718 0441922 1553036 1883712 1185625 2986730 0439358 1552990 0032863 0205250 0440042 1299351 1521738 2346620 2349184 2700149 3539073 0369718 0441922 1553036 0003591 1333574 1705725 0205171 0439044 0679994
 0243148 1550141 1882979 2587213 3274648 0008013 0439358 1552990 0032863 0205250 0440042 1299351 1521738 2346620 2349184 2700149 3539073 1441672 0369718 0441922 1553036
 0392366 0027950 0003591 0037943 0228341 2239920 0443286 1114821
 1333574 1705725 0003591 0008013 1273517 0027950 1547282 1622501 0600210 1533574 1881827 0439358 1552990 0861064 2346661 0007634 0032863 0205250 0332152 0440042 1299351 1521738 1522538 2346620 2349184 2700149 3282337 3539073 0439358 1552990 0032863 0205250 0440042 1299351 1521738 2346620 2349184 2700149 3539073 0012634 0348080 1705253 0369718 0441922 1553036 0369773 2603361
 1622501 0600210 1533574 1881827 0439358 1552990 0032863 0205250 0440042 1299351 1521738 2346620 2349184 2700149 3539073 0369718 0441922 1553036 1709380 1522609 1273937 0237881 0750502 1546944 0003591 0037943 0228341 0392148 0442726 1511790 2239920 1300565 0439526
 1280500 0128897 1337092 1522558 0282566 0087044 0103404 0008013 0026473 0033684 0439851 1947931 2350701 0376579 0087044 0103404 0024432 0033684 0333348 1367710 0220783 0600210 1533574 1881827
 0013862 0071500 0596607 0455052 1521827 0700364 1883351 0332296 1880497 1996904 1511726 3245479 1518422 1547282
 1883351 0332196 2828389 0259846 0008013 0128897 1337092 1522558 1705070 0282566 0087044 0103404 0008013 0026473 0033684 0220783 1367710 0884358 0681814
 0086045 1273517 2698651 0439275 0439526 0128897 1337092 1522558 0439275 0439526 2350701 0439282 0449265 0600210 1533574 1881827 0003591 0037943 0205263 0228341 2239920 0720544 1300565 0039224 0439267 0439526 1706073 1706074
 1883712 1280500 2350701 0376579 0087044 0103404 0024432 0033684 0333348 1367710 0369718 0441922 1553036 0008013
 0475463 1142254 0003241 0456148 0549184 1280500 2348382 0871261 1704632 1706817 2911692 0369718 0441922 1553036 1709380 1522609 0003591 0039224 1706073 1706074
 0949466 1518422 0442726 0259846 1881659 2349974 0128897 1337092 1522558 0282566 0087044 0103404 0008013 0026473 0033684 2350701 0376579 0087044 0103404 0024432 0033684 0333348 1367710 1511726 3245479 1518422 1547282
 0449911 0039224 1706073 1706074 0557702 1272706 1704674 0557702 1272706 1704674 0039224 1706073 1706074
 1280500 0600210 1533574 1881827 0128897 1337092 1522558 0282566 0087044 0103404 0449265 0008013 0026473 0033684 2350701 0376579 0087044 0103404 0024432 0033684 0333348 1367710 0003591 0002778 0936012 1524024
 1883351 2986669 0600210 1533574 1881827 0025255 0003591 0037943 0086045 0228341 0392148 0439182 0725813 0812409 1446561 2239920 0441994 1548802 2003888 1185625 1382196 0681814 0884358
 0205263 0857127 0003591 0086045 0392148 0439178 0439182 0812409 1446409 1446561 1514241 1709305 2825490 1185625 1382196 0086045 1446561 0025255 0596901 1706182 0039224 1706073 1706074
 0086045 0003591 0025255 1515981 0600210 1533574 1881827 1441672 1280500 2348382 0026473
 0449911 0039224 1706073 1706074 0557702 1272706 1704674 0557702 1272706 1704674 0039224 1706073 1706074
 0002778 0936012 1524024 0600210 1533574 1881827 0600210 1533574 1881827
 0008018 0441994 0935616 1185625 1524062 1548802 2003888 2986730 2248088 1292856 1948023 1441672 1300565 0439526 0369718 0441922 1553036 0243148 1550141 1882979 2587213 3274648 0039224 1706073 1706074
 0086045 1446561 1300565 0439526 0205177 0439167 0441655 1561536
 0449911 0039224 1706073 1706074 0557702 1272706 1704674 0557702 1272706 1704674 0039224 1706073 1706074
 1280500 2348382 0600210 1533574 1881827 1280500 2348382 0023823 0023820 0178587 0205251 1299352 1550472 0600210 1533574 1881827
 0023823 0003591 0023820 0178587 0205251 1299352 1550472 0008018 0179874 0441994 1185625 1524062 1548802 2003888 2986730 0003591 0026193 0205165 0442805 0369718 0441922 1553036 0243148 1550141 1882979 2587213 3274648 0023946 1300565
 0600210 1533574 1881827 1705242 0003591 0037943 0228341 1441672 2239920 0039224 1706073 1706074 1547282
 0871261 1704632 1706817 2911692 0003591 0037943 0228341 0449265 2239920 1300565 0439267 0439526 0349966 1337208 0205250 1299351 2700149 0369773 2603361 1622501 0007634 0600210 1269647 1533574 1704653 1707455 1881827 1948049 0023823 0023820 0178587 0205251 0205263 1299352 1550472 1300565 0439526 0369718 0441922 1553036
 0449911 0039224 1706073 1706074 0557702 1272706 1704674 0557702 1272706 1704674 0039224 1706073 1706074
 1280500 2348382 0023823 0023820 0178587 0205251 1299352 1550472 1518422 0003591 0037943 0228341 0521102 2239920 0600210 1533574 1881827 0681814 1524062 1547282
 0023946 0439358 1552990 0032863 0205250 0440042 1299351 1521738 2346620 2349184 2700149 3539073 0003591 1300565 0439526 1300565 0439526 0129575 0369718 0441922 1553036 0003591 1300565 0439526 1300565 0439526 1524062 0441994 1185625 1548802 1883357 2003888 2986730 0600210 1533574 1881827 0439358 1552990 0032863 0205250 0440042 1299351 1521738 2346620 2349184 2700149 3539073 0369718 0441922 1553036 1709380 1522609 0003591 1300565 0439526
 0600210 1533574 1881827 0439358 1552990 0032863 0205250 0440042 1299351 1521738 2346620 2349184 2700149 3539073 0129575 0369718 0441922 1553036
 1280500 0016016 1276855 0008018
 0003591 1547282 1883351 0032140 1367553 0005456 0682969 0205145 0243122 1145667 1167622 1515974 2825164 0449913 1553451 1704459 0439084 0728893 0392366 1280500 0016016 0600210 1533574 1881827
 0032140 1367553 2945590 0016018 0439148 0439185 0439526 0520997 1519795 1704753 1880519 1883351 2699414 0003591 1708698 0237881 0750502 1546944 0369718 0441922 1553036 0003591 0243148 1550141 1882979 2587213 3274648 0021467 0021469 1628982 3463820 0003591 0037943 0205263 0228341 2239920 1300565 0439526 0349966 1337208
 2945590 0016018 0439148 0439185 0439526 0520997 1516077 1519795 1704753 1880519 2699414 0023946 1300565 1444748 0369718 0441922 1553036 0003591 0243148 1550141 1882979 2587213 3274648
 0032140 1367553 0003591 0037943 0228341 0332197 1524062 1689985 2239920 1518422 0001721 0023946 0205112 1522609 1707455 0369718 0441922 1553036 1709380 1522609 1273937 0237881 0750502 1546944 0349966 1337208
 0449911 0333052 2607870 0557702 1272706 1704674 0557702 1272706 1704674 0349966 1337208
 1280500 0016016 1444748 0003591 0037943 0228341 2239920 0032930 1300565 0439526
 0042295 1547282 1622501 0600210 1533574 1881827
 0369773 2603361 0369773 2603361 0003591 0243148 1550141 1882979 2587213 3274648
 0007584 0007634 0237753 0449788 1269647 1704653 1948049 0444504 2347634 2348143 1552990 0032863 0205250 0440042 1299351 1521738 2346620 2349184 2700149 3539073 0681814 0441833 0687744 1257890 1552516 1705428 1705429
 0003591 0439267 0439526 0016016 0086045 0442808 1524062 1883357 1185625 2986730 0301630 0392756 0441610 1441672
 0016016 0086045 2945590 0016018 0439148 0439185 0439526 0520997 1519795 1704753 1880519 1883351 2699414 0003591 0008018 0369718 0441922 1553036 0003591 0243148 1550141 1882979 2587213 3274648
 0016016 2699414 0003591 0037943 0228341 0332197 1524062 1689985 2239920 1518422 0001721 0023946 0205112 1522609 1707455 0369718 0441922 1553036 1709380 1522609 1273937 0237881 0750502 1546944 0349966 1337208
 1280500 1514555 1449702 2757016 0072348 1418370 1152564 3537035 1276855 0008018
 1550147 2709094 3539075 3539076 0020731 0040549 0043167 1442473 0439232 0700321 0702093 1282918 2347166 0205309 1883351 0028778 0332206 1533157 1706084 2828370 0870868 0871261 1708698 1883351 0205197 0332206 3540676 0369718 0441922 1553036 0003591 0243148 1550141 1882979 2587213 3274648 0205177 0439167 0441655 1561536 0026473 0003591 1300565 0439526 0349966 1337208
 0037088 0243095 2825141 0628062 0020731 0086376 0033684 0040549 0043167 0332324 0439267 1550474 0086982 0037083 0037080 1160185 1314939 1704259 1705987 1710082 0003591 0037943 0228341 1879547 2239920
 0449911 0333052 2607870 0557702 1272706 1704674 0557702 1272706 1704674 0349966 1337208
 1280500 2348382 0020731 0040549 0043167 0439267 0439526 1280500 0017861 0055278 0449265 0003591 0037943 0228341 2239920 1300565 0439526
 1547282 1622501 0600210 1533574 1881827
 0369773 2603361 0003591 0243148 1550141 1882979 2587213 3274648
 0007584 0007634 0237753 0449788 1269647 1704653 1948049 0444504 2347634 2348143 1552990 0032863 0205250 0440042 1299351 1521738 2346620 2349184 2700149 3539073 0681814
 0017861 0086045 0347982 0392756 0871261 1704632 1706817 2911692 0449265 0003591 0037943 0228341 2239920 0439267 0439526 0369718 0441922 1553036 0003591 0243148 1550141 1882979 2587213 3274648 0369718 0441922 1553036 0003591 0243148 1550141 1882979 2587213 3274648 0349966 1337208
 1514555 0072348 1418370 1449702 1171350 3537023 3537035 1999216 0055278 0086045 0347982 0311403 0003591 0023946 0369718 0441922 1553036 0003591 0243148 1550141 1882979 2587213 3274648 0369718 0441922 1553036 0003591 0243148 1550141 1882979 2587213 3274648 0349966 1337208
 1280500 2348382 0220781 0439634 1522492
 0018338 0018346 0439596 1417862 1511572 3540519 0032214 0600138 0035820 1705810 0008013 0205263 0026473 0439509 1292732 1280500 2348382 0220781 0439634 1522492 0026473
 1292856 1948023 0003591 0040223 3541383 0079411 3146294 0349966 1337208
 0470296 0439232 0700321 0702093 1282918 2347166 0274281 0332157 0003591 0442805 0369718 0441922 1553036 0243148 1550141 1882979 2587213 3274648 1441672 0042295 0003591 0086045 0524983 0007634 3282337 0007634 3282337
 0003591 0086045 1273517 0441889 0205250 3163633 0456693 1442458 0439232 0700321 0702093 1282918 2347166 0369718 0441922 1553036 0243148 1550141 1882979 2587213 3274648
 0449911 0333052 2607870 0557702 1272706 1704674 0557702 1272706 1704674 0349966 1337208
 1280500 0439267 0439526 0439267 0439526 0026473 1439852 0178587 2699156 0439526
 0030981 0001128 0202406 1272691 1883712 0678568
 1578828 2987668 0456205 1552853
 0369773 2603361 0369773 2603361 0042295
 1511726 3245479 1547282
 0237881 0750502 0003591 1276855 0008018
 0237881 0750502 0003591 0008018 1517331 1292732 1524063 0284825 1999216 1517001 0284825 0311403 0003591 0220781 0439634 1522492 0007634 3282337 0003591 0037943 0228341 1948023 2239920 0439267 0439526 1442447 0086045 0284825 0369718 0441922 1553036 0349966 1337208
 1522609 1444748 0003591 0037943 0228341 2239920 0032930 0237530 0347982 0027960 0237529 0324740 0439189 0439801 0444686 1441506 1443182 1456781 1704725 1704726 1824986 0347982 0027960 0324740 0439189 1456781 1824986 2827734 2981698
 0086045 1446561 0347982 0205197 0284825 0311403 0220781 0439634 1522492
 0449911 0333052 2607870 0557702 1272706 1704674 0557702 1272706 1704674 0349966 1337208
 1280500 0220781 0439634 1522492 0026473 0003591 0037943 0228341 0392148 1439852 2239920 0439267 0439526
 0026473 0284825 1442447 0439232 0700321 0702093 1282918 2347166 1883712 0003591
 0030981 0456963 0001128 0009264 0009443 0020746 0202406 0234192 1272691 0439831 0678568 1515981
 1578828 2987668 0456205 1552853 0936012
 0369773 2603361 0370003 2347026
 1511726 3245479 1547282
 0349966 1337208 1547282 0021467 0021469 1628982 3463820 0003591 0037943 0228341 1948023 2239920 1300565 0439526
 0284825 0347982 0003591 1708698 0205197 0332206 3540676 0369718 0441922 1553036 0003591 0243148 1550141 1882979 2587213 3274648 0871261 1704632 1706817 2911692 0026473 0003591 1300565 0439526
 0003591 0008018 2348779 0237530 0347982 0027960 0237529 0311403 0324740 0439189 0439801 0600495 1456781 1704725 1704726 1824986 0347982 0442760 0027960 0324740 0439086 0439189 1456781 1824986 2827736 2981702
 1280500 2348382 0023946 0018358 0021467 0021469 0086597 0127400 1628982 3463820 0205197 0205360 0243071 0439596 1511572 1514509 1547311 0347982 0349966 1337208
 0284825 0332197 1524062 1689985 1518422 0001721 0003591 0871261 1704632 1706817 2911692
 0449911 0333052 2607870 0557702 1272706 1704674 0557702 1272706 1704674 0349966 1337208
 1280500 0237731 0600210 1533574 1881827 0449265 0003591 0037943 0228341 2239920 1300565 0439526
 0026473 0284825 1442447 0439232 0700321 0702093 1282918 2347166 1883712 0003591 1300565 0439526
 1273517 0205198 1706082 0003591 0037943 0228341 1524062 1883357 2239920 1185625 2986730 0935616
 0369773 2603361 0369773 2603361 0003591 1300565 0439526
 0007584 0007634 0237753 0449788 1269647 1704653 1948049 0444504 2347634 2348143 1552990 0032863 0205250 0440042 1299351 1521738 2346620 2349184 2700149 3539073 0681814
 0040223 0205435 1279901 1514811 1706462 3541383 1547282 0003591 0003591 3245505 0008013 0027950 0086418 1518422
 0441889 0205251 1299352 1550472 1300565 0439526 0003591 0086045 1446561 1524063 3161035 0003591 0008013 0079613 1515655 1274040 1546471 2825142
 1511726 3245479 1705535 0507850 0677535 2949735 0005847 0677535 1511228 1563937
 0441471 3541888 0449609 0205145 0870432 0026473 0205100 1515981 2949735 0449685 0205145
 0026473 0205286 0023779 0016390 0007634 0280592 0991510 1510411 3282337 0024264 1880177 0333484 0220781 0439634 1522492 1947931 2348542 0008018 0441471
 0018284 0018270 0220844 1621966 2911660 1521761 2827422 0332257 0079784 1332789 0009392 0008013 0348035 0023823 0023820 0178587 0205251 1299352 1550472 0030011 0023823 0023820 0178587 0205251 0302891 1299352 1550472 0684224 0700287 3496591 1883351 0205263 1276855 0008018 0026473 1325353 0205177 0439167 0441655 1561536 0023779 2982691 0750541 0024360 0392148 0015127 1524003 1149842 0031667 1744635 3539768 1149838 0031671 0205177 0439167 0441655 1561536 3146294 0023823 1158919 0023820 0030011 0178587 0205251 1299352 1550472 0204727 0205409 0220862 0003591 0023823 0023820 0178587 0205251 1299352 1550472 0023820 0030011 0006507 0144208 0030011
 0442805 0009932 0243148 0681814 1441672 1550141 1882979 2587213 3274648 0023823 0023820 0178587 0205251 1299352 1550472 1518422 1274040 1546471 2825142 0684224 0700287 3496591 0205156 0221193 1552607 1279919
 0086045 1446561 0023823 0023820 0178587 0205251 0302891 1299352 1550472 1300565 0439526 1441672 0442805 0023823 1300565 0442726 1511790 0442805
 1979874 0023946 0003591 0037943 0205263 0228341 2239920 0439267 0439526 0003591 0918012 1552854 1637833 1708698 0439093 0443228 1704243
 0681814 1547282 0439182 0812409 1185625 2986730
 0441471
 0449255 0542559 2347946 0003591 1145667 1167622 0230889 0009780 0040300 0449432 1547928 1704640 1706515 0016055 0026809 0591833 0005847 0003591 0162864 1256463 0920995 1265611 0150312 0449450 0205145 0220781 0439634 1522492 2936350 0003591 0333118 1518422 1707455 0332256 2700400 0023823 0023820 0178587 0205251 1299352 1550472 0205231 0947630 0349590 1262865 0032140 1367553 0003591 0025255 0026473 0007600 0007634 0205132 1269647 1704653 1948049 0205258 3536725
 0005456 2945843 0019409 0205145 0243122 0349590 1145667 1167622 1262865 0023688 0103404 1412420 0065042 0450382 0026473 0600531 0007634 3282337 1547282 1883351 0206243 0699809 0005456 1145667 1167622 0032140 1367553 0016016 0003591 0032140 1367553 0005456 0600531 0007634 3282337 2247768 0243122 1145667 1167622 0205448 0332529 0443299 0449432 0205447 0003591 0007952 0023820 0037943 0228341 0486537 0725813 2239920 2350015 0205447 0851827 1701901 3244310 0205145 0032140 0237876 1367553 1522138 0005456 1441414 1553874 1578820 1883351 0032214 0600138 0035820 1705810 1563937 0750541 0086597 0003591 1276855 0008018 0032140 1367553 0016016 1280500 2348382 0681814
 1512571 1517331 0681814 0850310 3154893 0205177 0439167 0441655 1561536
 0750591 1705241 1705242 0003591 0205447 1883351 0917903 0003591 0026367 1527178 1874451 0450442 1254351 1521826 0205134
 1706907 0023823 0005456 1149323 0205145 0205251 0243122 1145667 1167622 1299352 1510827 1550472 0086597 2247768 0003591 0037943 0228341 0243122 1145667 1167622 2239920 0600531 0007634 3282337 0024432 1546706 1550652 0007600 0007634 0205132 1269647 1550648 1552960 1704653 1948049 0750558 1710571 1155075 1879547 1441672
 0333118 0023823 0023820 0178587 0205251 1299352 1550472 0015272 1280500 2348382 1518422 0003591 0037943 0228341 0521102 2239920 1276855 0008018
 1280500 0557651 1441672 2603343 2247768 0003591 0037943 0228341 0243122 1145667 1167622 2239920 0074129 0017108 0597357 1003377 0024432 1546706 1550652 1518422 0032140 1367553 0005456 0682969 0205145 0243122 1145667 1167622 1515974 2825164 0003591 0331865 1552738 0332289 1710082 0449265 0003591 0037943 0228341 2239920
 1552961 2347617 1517378 1517331 0037088 0183683 0243095 0332185 1521721 2825141 0016016 2348205 0008013 0205177 0439167 0441655 1561536 0567416 0206243 0699809 0475311 0030946 0205237 1947941 0441635 0205280 0740116 2827735 2981700 0221193 1552738 2267219 0205177 0439167 0441655 1561536 0332281 0003591 0037943 0228341 2239920 0947630 1883559 1518422 0521093 0750484 1456348 0205156 1552607 2607943 2926606 3539655 1514758 1879547 0205266 0872403 1947912 0017446 0205147 0003591 0567416 0700364 1883351 1325281 0205177 0439167 0441655 0597304 1561536 1947941
 0947630 0009017 0009015 0681814 0118022 0597357 0682972 0086376 0020731 0040549 0043167 1547282 1883351 0018790 0237477 0392351 0521111 1333574 1705725 1367710 0037083 1160185 1710082 0128897 1337092 1522558 1276855 0008018 0681814 0086045 1446561 0028778 0332206 2983591 1276855 0008018 0205263 1333574 1705725 1367710 0128897 1337092 1522558 0282566 0087044 0103404 0008013 0026473 0033684 1280519 1704419 0008018
 2607943 2926606 3539655 0628062 0020731 0086376 0033684 0040549 0043167 0332324 0439267 1550474 0032214 0600138 0035820 1705810 1155075 1879547
 1150572 1150527 3642159 0039869 1883351 0032214 0600138 0035820 1705810 0017861 0023779 1152874 0033634 1149290 1547282 1883351 0018790 0237477 0392351 0521111 1333574 1705725 0085416 0439818 0521346 1546767 1881705 0205198 1706082 1518422 0018790 0237477 0392351 0521111 0050063 0851827 1701901 3244310 0006776 0031727 0311403 0003591 0023946
 1883712 0055278 1514555 1449702 0072348 1418370 1171350 3537023 3537035 1999216 0205309 1883351 0033634 0243122 1145667 1167622 0014442 0003591 0021467 0021469 0037943 0086045 0228341 0851827 1446561 1628982 1701901 1708698 2239920 3244310 3463820 1276855 0008018
 0205448 1514555 1449702 2757016 0072348 1418370 1152564 3537035 0015272 1280500 1999230 0332120 0003591 0600210 1533574 1881827
 0028631 0028630 0439596 1511572 0032214 0600138 0035820 1705810 0037083 1160185 1710082
 0205172 1276855 0008018 0026473 0450442 1254351 1521826 0205250 0441889 2349975 0871261 1704632 1706817 2911692
 1979874 0450442 1254351 1521826 0442805 0050063 0441889 0301630 0392756 0441610 1708698 0026473 0600210 1533574 1881827 0439509 1511726 3245479 1547282 0003591 0205263 0003591 0439590 0439775 0702240
 0220781 0439634 1522492 0700364 1883351 1511545 1879547 0449381 0003591 0086045 0311403 0851827 1446561 1701901 3244310 0284825 1999216 0042295 0003591 0008018 2348205 2348779 0347982 1707455 0347982 0027960 0324740 0439189 0684224 0700287 1456781 1824986 3496591 1097411 0018358 0205409 1548221 1749467 1948047 0332149 1705910 2362652 1280500 2348382 0003591 1276855 0008018 0347982 0027960 0324740 0439189 1456781 1824986 1280500 2348382 0205227 0220781 0439596 0439634 1511572 1522492 0015127 1524003
 1511726 3245479 0183683 1521721 0449911 1097411 0018358 1749467 1948047 0032214 0600138 0035820 1705810 0037083 1160185 1710082
 1707478 1511726 3245479 0443289 0003591 0008013 0003591 0079613 0439596 0851827 1511572 1701901 1704259 1705987 3244310
 0162864 1256463 0920995 1551359 1883727 2741673 2981730 1883708 0441712 1706376 0024432 1546706 1550652 0005847 0677535 1511228 1880177 1563937 0332281 0003591 0037943 0205250 0228341 0441889 2239920 3163633 0003591 0024432 0026473 1274040 1441547 1546471 1546706 1550652 2825142 3245521 0005847 0677535 1511228
 0003591 0025664 0442726 0449851 1441616 1511790 0243079 2350571 0332281 0221198 0333348 0332257 0010346 0012634 0031046 1963211 1554077 2828389 0003591 0032214 0600138 0035820 1705810
 2825232 1515023
 1272684 1548435
 0449719 1521721 1709471 0011198 0017480 0023031 1515981 3245503 3541240
 3273171 0686900 1272683 1522634 1704729 0040541 1548006 0041740 0017480
 0034036 0034037 1704324 0010186 0220812 1706852 0449719 1709471 0220808 0680264
 1706852 0522501 1706089 0041703 0205155 1293097 1522472 1552923 1705191
 2986676 0031831 1707664 2348314 3540849
 0587487 1704729 0041740 0034606 0441633 0678118 0026019 2984656 0013852 0026018 0040722 0242781 1521797 3463986 0220825 1261322 0008018 1515655
 0369637 0441923
 0587475 1704729 0041740 0016263 0806140 0814048
 0018896 0449851

 0003591 0009521 0220783 1367710 0003250 0475463 1142254 0003241 1136188
 0016674
 1704729 0036378 0017480
 0086350 0032140 1367553 0038418 0031831 1136188 1707664 2348314 3540849

 1514811 1706462 0557061 2584313 1514811 1706462 2827734 2981698
 0439267
 0036397 0025141 0740116 2827735 2981700
 0003591 0023820 0678594 0005532 2347946
 0001483 1144859 0025141 0439086 2827736 2981702
 3537453 0013754 0560132 1704677 0005532
 0003591 0023820 0035820 1705810
 0022877 0450388 0025141
 0033993 3539616 0003591 0023820
 0004153 0025141 0439084 0728893
 0369637 0441923 0022337 0013754 0560132 1704677 1880022 0332120 0032140 1367553 0003591 0023820 0205145 0445247 1515974 2825164
 0005477 0025141
 0003591 0023820 0443264 0035820 1705810
 0349590 1262865 0025141
 3540812 1704648 0016016 1149323 2247768 0243122 1145667 1167622 0016006 1167394 2587184 0015982
 0041703 0268596 1418943 2700624 3642273 0000857 0600678 1552863
 0023031 0546866 0013715 1705651 1527178 1874451 0332281 0003591 0023820
 0349590 1262865 0025141
 3538902 3541881 0003591 0023820 0005821 0086418 1145667 1167622 1963076 0599946 0243122 1145667 1167622 1879547
 0005477 0025141
 3540812 0021966 0221138 0003591 0023820 0443264 1563937
 0025141
 0023031 0439267 0038088 2681928 0013715 1705651 1704675 0005456 0007634 3282337
 0025141
 3539925 3541307 0003591 0023820
 1315013
 0021966 0221138 0332158 0337611 1705415 1879547 0032930 1444748 1292856 1948023 0016016
 0005767 0005768 0229664
 0021966 0221138 0016016 0234402
 0025141
 0369637 0441923 0016016 0003591 3245505 0008013 0018338 0018346 0003591 0018330 0439596 0851827 1511572 1701901 1704259 1705987 3244310 0079613
 0005767 0005768 0229664
 0018229 1423073 1427674 0439526 0005005 0301363 1519522 1708595 3280986 0546866 1549972 1709793 0475264 1744691 2347469 0035110 0015252 0543467 1521996 2986904 3241922
 0003850 0000857 0600678 1552863
 0369637 0441923 0369637 0441923 1511790 1709793 0507850 0677535 0030705
 0003850 0000857 0600678 1552863
 1275573 0012836 0003591 0333562
 0035820 1705810
 0000857 0600678 1552863
 0369637 0441923 0369637 0441923 0449913 1553451 1704459 0557651 2603343 1372999 1704675 1519025 1705417
 0017337 0025141
 0369637 0441923 0369637 0441923 0369637 0441923 0242831 1283195 1524063 0003591 0205195 0449445 0597551 0030956 1883254 0079870 0079866 0205145 1515974 2825164 3146302 0439851 1947931
 0025141
 0560020 0439267 0439267 0205224 1706853 1879748
 0041703 0268596 0439083 0439087 1418943 2700624 3642273 0000857 0600678 1552863
 0021966 0221138 1157321 0220781 0439634 1522492
 0450389 2347379 0025141 0450348
 3540812 0025663 0025664 0449851
 0025663 0025664 0449851 0025141
 3539078 1419337 3539667 0230613 1514555 1449702 0072348 1418370 1171350 3537023 3537035 1999216 0018790 0237477 0392351 0521111 0085416 0439818 0521346 1546767 1881705
 0201682
 1420193 1832169 3538902 3272372 1515101 2986905 0333774 0230704 0023779 0242821 1995017 0220781 0439634 1522492 0015690 0015684 0109872 0001128 0205263 0522535 1504308 0033634
 0007634 1269647 1704653 1948049 0000857 0600678 1552863
 0022337 0022337 0055278 0003591 3245505 1514555 1449702 0072348 1418370 1171350 3537023 3537035 1999216
 2347379 0025141
 0205090 0684010 2603358 0284825 0023634 0028128 1258027 0521102 0599947 0014257 0030685 0391871 0439180 0542193 0680255 1283071 1441547 1521761 1963578 2827422 3245521 0018790 0237477 0392351 0521111 1097411 0018358 0598546 1749467 1948047
 1417055 0000857 0600678 1552863
 0038108 0005910 0006041 2986891 1428813 1549972 0035028 1267092 0225595 1279402 0026845 0040578 0205357 2945595 1515877 1879547 0033640 0031727 0033684
 0027960 0324740 0439189 1456781 1824986 0000857 0600678 1552863
 0024548 0026385 0556966 0023031 0205090 0684010 2603358 0086376 0815047 0033684 0220905 1704735 0243148 1550141 1882979 2587213 3274648 0025519 0025520 0185112 0300926 0871261 0026473
 1517844
 0369637 0441923 0597277 1708601 0086982 0037080 0037083 1160185 1704259 1705987 1710082 0600210 1314939 1533574 1881827 0282554 0003591 0026473 0079189 0205263
 1517844 0450355
 0369637 0441923 0439267 0025663 0025664 0449851 0003410 0032140 1367553
 0019116 0740166 0025141
 0016327 0439133 1553038 0871161 1292721 0243072

 0033727 0369286 0441932 0564385 0033727 0369286 0441932 0564385 0035820 1705810 0005456 2945843 0032173 1879547
 0450385 0025141
 1880022 1880389 1883221 3541951 2347946
 0005477 0025141
 1420224 0027971 0202202 0202446 0242485
 0201682
 0369637 0441923 0369637 0441923 0369637 0441923 0369637 0441923 0441472 3540820 0379885 1332692 1704902 3540820 0072978 1522559 2350701 0376579 0087044 0103404 0024432 0033684 0333348 2350701 0376579 0087044 0103404 1142652 0024432 0033684 0333348
 1517844 0025141
 0039247 1412573 2350443 3539770 1879547 0183683 1521721 0209606 0209606 1416496 3273111 2936223 0600210 1533574 1881827 2350701 0376579 0087044 0103404 0024432 0033684 0333348 0072978 1522559 0018790 0237477 0392351 0521111 0600210 1533574 1881827 0128897 1337092 1522558 0035820 1705810
 0450389 0000857 0600678 1552863
 0011198 0017480 3541240 3539078 0871261 0009521 1367710 0009522 0312759
 1517844
 0035487 0369637 0441923 0450442 1254351 1521826 0442805 0001455 0439596 1511572 0018790 0237477 0392351 0521111 0023946
 1517844 0025141 0439509
 0054868 3540479 0205090 0684010 2603358 0028631 0028630 0439596 1511572 1260954 1515926 0008018 1514873 0026473
 1517844
 0369637 0441923 0027971 0332255 0486805 0018790 0237477 0392351 0521111 0235437 0013604 0851827 1701901 1717255 3244310
 1707455
 1517844
 0024554 0025266 0086418 0043092 3540812 0597277 1708601 0021467 0021469 1628982 3463820 1515655 0003209 1515999
 0041703 0268596 1418943 2700624 3642273 0000857 0600678 1552863
 0205090 0684010 2603358 0543483 0699748
 0349590 1262865 0025141
 0392747 0023823 0023820 0178587 0205251 1299352 1550472 0035820 1705810 0035280 0333117 1753315 1563937
 0041703 0268596 1418943 2700624 3642273 0000857 0600678 1552863
 0024360 0008013 0050325 0960756 1521761 2827422 0035820 1705810
 0041703 0268596 1418943 2700624 3642273 0000857 0600678 1552863
 0369637 0441923 0369637 0441923 0205090 0684010 2603358 0546866 1704675 0023823 0023820 0178587 0205251 1299352 1550472 0003483 1278934
 0003850 0000857 0600678 1552863
 0369637 0441923 0003591 0023820 0016055 1145667 1167622 1150095 1622131 0205177 0439167 0441655 1561536 2717971 2698977
 0000857 0600678 1552863
 0439267 0230613 0003591 0023820 0870432 1705417 0023823 0023820 0178587 0205251 1299352 1550472 1707455 0507850 0677535
 0007996 0079107 0201682 0031837
 1521761 2827422 0333574 0023823 0023820 0178587 0205251 1299352 1441547 1550472 3245521

 0020944 0003591
 0004153 0025141
 0023031 0851285 1327622 0026473 0007600 0333827 0007634 0205132 1269647 1704653 1948049
 0007634 1269647 1704653 1948049 0000857 0600678 1552863
 1261082 1551056 2981682 3537453 3642216 2951520 1704675 0003591 0023820 0024432 1546706 1550652
 1315013 0025141
 0439526 0546866 0243122 1145667 1167622 1157973 0243125 0699900 0023823 0023820 0178587 0205251 1299352 1550472
 0201682
 0023031 0010819 0005532

 0023031 0597277 1708601 0035820 1705810 0243122 1145667 1167622 0007634 3282337 0031691
 0005477 0025141 0450382
 1514760 0597357
 0021966 0221138
 0424215 2003939
 0201682
 0439267 0546866 1261322 1552578 0023820 0205418 2267219 0205177 0439167 0441655 1561536 0332281 0003591 0037943 0228341 2239920 1305923
 0003842 0226004
 0145779 3540468 0871161 1292721
 2347379 0025141
 1704648 0439526 0556570 0002778 0936012 1524024
 0005477 0025141
 0205090 0684010 2603358 1948027 3539078 0021368 3538926
 0027976 0205314 0027976 1879958 0369773 2603361
 3540812 1419337 3539667 0003591 0023820 0185117
 0441712 1706376
 0201682
 1419337 3539667 0040053 1563937 0449379
 0005767 0005768 0229664 0025141 1515949 0018943 0037455 0200627 0596070