 0017263 0004096 2984299 0023745 0023746 0023745 0281825 0394006 0036745 1517511 0017263 0020846 0858451 0017404 0032662 0428536 0681876 2348561 2827447 0202086 0017296 0021027 0032659 0205409 0229671 0243148 0314603 0441889 0557651 0947630 1257890 1546774 1548221 1550100 1550141 1621846 1882979 2587213 2603343 3274648 0004096 2984299 0023745 0023746 0023745 0281825 0394006 0681876 2348561 0032659 0205409 0557651 0947630 1257890 1548221 2603343 0740116 2827735 2981700


 0021622 1272753 0041740 0016132 1274036 0031842 0031843 1704729 0020028 0019994 0041740 0205099 1510665 1879652 0016132 0016132 0035172 0021622 1272753 0041703 0019994 1510665 0016132 0021622 0024874 0039421 1272753 0041703 1514756
 1527075 1272684 1548435 1415931 1840252 0683149 0086045 1446561 0012634 0205250 3163633 0392707 3539705 0004096 2984299
 1953345 0017428 0017446 0205147 0887950 0020846 0202086 0428536 0021027 0243148 0441889 1550141 1621846 1882979 2587213 3274648 0085129 0205039 1442216 0017337 0004096 0231203 2984299
 0015264 0521093 0750484 1456348 0023745 1883351 0017446 0205147 1515187 0016132 0557651 2603343 0023745 0017296 0314603 0004083
 0005516 0332257 0021758 1334119 1522540 0021764 1527200 0017337 0021758 1334119 0085424 1334127 1705176 1705178 0028574 0015576 0521447 1704727 0017431
 2827447 0947630 1314939 0037047 2825412 0002778 0936012 1524024 0150312 0332120 0005516 0796347 1521461 0202086 0428536 0020846 0858451 0021027 0229671 0441889 1546774 1550100 1621846 0004096 2984299
 0947630 0884358
 0199219 1705535 0017446 0205147 0085424 1334127 0022885 0039593 0392366 0004083 0439849 0596306 0699792 0439093 0443228 1704243 0237506 1517001
 0162801 0002778 0004793 0162326 0162327 0936012 1519249 1524024 0030705 0237876 0018591 0443289 0032529 1882417 0205419 1547282 0004083 0439849 0596306 0699792 0004096 2984299
 0917903 0205419 0332148 0750492 1518422 0020846 0858451 0202086 0428536 0021027 0229671 0242538 0441889 0728826 1546774 1550100 1621846 1880177 0243107 0678723 1527148 1257890
 0947630 1705535 0205419 0332256 2700400 0017258 1555715 1704332 0032214 0600138 0035820 1705810 0004096 2984299
 0031437 0439849 0445223 0004096 2984299 0332183 0332281 0392707 3539705 0012634 0348080 1705253 0020846 0021027 0205250 0871261 1621846 1704632 1704788 1706817 2911692 3163633 3539106 0002092 0802014 0332183 1547282 0003261 0033268
 0282476 1096782 0947630 1547282 0202086 0428536 0020846 0858451 0021027 0229671 0441889 1546774 1550100 1621846 0004096 2984299 0017296 0314603 0851285 1521761 2827422 0750572 2827734 2981698 0740116 2827735 2981700

 0439086 2827736 2981702 0684224 0700287 3496591 0206243 0699809 0205447 0017337 0202086 0428536 0020846 0858451 0021027 0229671 0441889 1546774 1550100 1621846 0002778 0392762 0599883 0936012 1524024 1527178 1705938 0037047 0028574 0015576 0521447 1704727

 0023745 0600436 0037047 1527178 1705938 1709450 0002778 0936012 1524024
 1883712
 0439084 0728893 0332120 0017446 0205147 0332256 2700400 0231203 1521970
 0424215 2003939 0008668 0008633 2603362 0439673 0017258 1555715 1704332 1334205 0332256 2700400
 0205447 0021758 1334119 0205224 0021368 0243107 0678723 1515981 1527148
 0026882 0205419 1302584 0011008 0684224 0700287 2348077 3496591
 0947630 0231175 1883351 0442726 0332120 0796362
 1552603 1706202 0015576 1704727 0332257 0037047 1709450
 0023745 0332281 0004096 2984299 1518422 0521093 0750484 1456348 0023745 0085129 0205039 1442216
 0557651 2603343 0015576 1704727 0032529 0085424 1334127 1882417 0332307 1547052 0023745 0085129 0205039 1442216 0150312
 0205447 1547282 0004083 0439849 0596306 0699792
 1883351 0557651 2603343 0035820 1705810 0032659 1257890
 0392347 1881065 0557651 2603343 0454907 0017446 0205147 0032659 1257890
 0678594 0019664 0019665 0262512 0262926 1705255 2004062 0557651 2603343
 0034869 1548330 1553414 0017446 0205147 0020052 0444598 0681725 0719214
 0205393 0027361 0237401 0332185 0232902 1710133 0332148 0750492 0439849 0445223
 1953343 0237753 0449788 0205170 3146287 0027569
 0680240 1533716 1416989 0017337 0557651 0947630 1257890 2603343 1547282 0023746 0023745 0281825 0394006 0332290
 0018591 1314677
 0439175 0439810 0031437 1285572 0027361 0237401 0004096 2984299 0017431 1882417 0005516 0023745 0002778 0936012 1524024
 1274040 1546471 2825142 0205419 0750558 1710571 0032214 0600138 0035820 1705810 0004096 2984299 0032659 1257890
 0599777 0024779 1706473 0024779 0026045 1706473 1548671 0470187 0439659 2827421 0017296 0314603 0599777 0814036 0024779 1706473 0332256 2700400 0017258 1555715 1704332 1334205 1524063 1552961 2347617 0814036 0017296 0024779 0026045 0314603 1706473 0599777 0024779 0031809 0205485 0302302 1509143 1706473
 1883351 0017337 0005516 0036849 1442518 1705195 0887811 0599647 0020205 0034519 0205448 0441833 0560559 0851346 1522449 1524020 1524021 1999270 3537156 0332307 1547052 0441889 1514893 1706463 2699488
 0599777 0024779 1706473 1527178 1705938 1547282
 0024779 1706473 0439794 1282914 0017446 0205147


 0814036 0017296 0024779 0314603 1706473 0205132 1550648 1552960 1547282
 0450429 0017337 0179400 0332257 1638312 3538986 1282910 1552828
 0599777 0024779 1706473 0887810 0887811 0020205 0034519 0560559 0851346 1283195 1522449 1524020 1524021 1527178 1705938 1547282 1705175 1705176 1705177 1705178 1882348 0017337
 0012751 1547282
 0012751 1518422 0175659 0349674 1947916 3536777 0013113
 0007709 0205091 1552822
 0015576 1704727 1514578 1516695 1516698 0016132
 0015576 1704727 1948021 1707391 0030551 2699423 0008059 0680063 0004096 2984299 0681906
 0439175 0439810 0015576 1704727 0015576 1704727
 0028574 0015576 0205392 0521447 1704727 3540770 1533716 1881786 0030761
 0030761 0796345 0023745 1273517 0002778 0332257 3538986 0337583 0337580 1610173 1709450 0868928 1533148 0036849 1442518 1705195 0030551
 0015576 1704727 1273517 0004083 0205171 0439849 0596306 0699792 1720467 0002778 0936012 1524024 0027361 0237401 0392760 1314939 0332529 0080103 0027552 0686904 1883351 0205390 0260096 0008059 0680063 0030551 2699423 0680063
 0683325 1568011 0681884 1519021 1706465 1521970 0039224 0205375 0243161 1608508 1706073 1706074 3245503 1547282 0004096 2984299 0016132 1273517 0034866 0037455 0596070 1527178 1705938
 0243161 0332257 1552866 2700399 0455980 0019664 0019665 0262512 0262926 1705255 2004062 0043144 0013404 0015259 1522704 0332196 2828389 0015127 1314792
 0043144
 0001883 0028778 1882136 0085129 0205039 1442216 0019588 0332120 0430567 0798503 0805586 3274764
 0031809 0332257 3538986 0014467 0023516 0333930 0005767 0005768 0229664 0439157 0750480 1705566 0038056 0430561 0037296 0476227
 0231335 0011900 1704338 1704656 1527178 1705938 0262926 1704706 0019664 0019665 0205476 0262512 1705255 2004062 0237433 1711411
 0011900 0024109 0031831 0205448 1711411 2707265 2709248
 0019994 0175636 0470187 0920316 1510665 1527178 1705938 0369718 0441922 1553036 0004096 0681906 0332128 1550543 0243161 1282910 1552828
 0205172 1522508 0002778 0936012 1524024 0034037 1704324 0455052 1521827
 1521970 0205250 1299351 2700149 0439340 0205251 1299352 1550472 1521970 0024554 0001779 0009253 0036864 0079399 0086582 0205250 0205251 0369718 0439234 0441922 0444504 0549183 0876920 1299351 1299352 1314687 1522384 1550472 1553036 1706180 1706428 1706429 2347634 2347635 2348143 2348144 2700149 2939193 0020846 0858451 0021027 1621846 0439178 1446409 1514241 2825490 0178987 0458827 0681906 0004096 0036588 0684224 0700287 1551994 1553033 2984299 3244295 3496591 0450382 0073187 0037369 0453996 1881674 2003901 0450382 0450382 3173209 3241966 0337664 0521116 1705970 0520510 1522508 0025663 0025664 0449851
 1707455 0205251 1299352 1550472 0205250 1299351 2700149


 0008902 0008903 0678229 0023745 0002778 0936012 1524024 0681850 1550501 1706203 2349001 2697811 0008902 0031437 0205448 0680240 0202086 0428536 0020846 0858451 0021027 0229671 0441889 1546774 1550100 1621846 0004096 2984299
 0042295 0681850 1550501 1706203 2349001 2697811 0205448 0332849 0441833 0687744 1257890 1552516 1552839 1705428 1705429 0020846 0858451 0021027 0042295 0229671 0444706 1527178 1546774 1550100 1621846 1705938 3541902 0205250 1299351 2700149 0020846 0021027 1621846 0439340 0205251 1299352 1550472 0020846 0021027 1621846 0439340 1532717 1881335
 1079230 1547282 1705241 1705242 0020517 1314973 0004096 0033105 0220900 1515981 2984299 0039224 1706073 1706074
 0441833 0687744 1257890 1552516 1705428 1705429 1524084 0392760 1314939 0023745 0002778 0936012 1524024
 0004096 2984299 0205171 1720467 0030705 0011900 1704338 1704656 1711411 0369718 0441922 1553036 1524084 0392760 1314939
 0030705 0086282 0684224 0700287 3496591 0683368 1457887 1518422 0332128 1524084 0031437 1285572 0439673
 1883351 1711411 0870545 0079946 0439659 1550512 0442822 1524031 1883002 0805310 0337471 1524063 0034975 3245515
 1274040 1546471 2825142 0441833 0687744 1257890 1552516 1552839 1705428 1705429 0020846 0021027 1621846 0020846 0553533 0021027 0205251 1299352 1515981 1550472 1621846 2348205 0020846 0441839 0021027 0205250 0441833 0687744 1257890 1299351 1552516 1621846 1705428 1705429 2700149 0020846 0553533 0441839 0021027 0205251 0441833 0687744 1257890 1299352 1550472 1552516 1621846 1705428 1705429
 0205393 0337471 1527428 0205107 0600182 0349966 1337208
 0205171 1720467 0337471 1711254
 0917903 1514983 1510816 0750558 1710571

 0024779 1706473 1547282 0805310
 0017446 0205146 0017446 0205146 1514578
 0805310 0205309 0337471 0033727 0369286 0441932 0564385 0439394 1706495 3642217 0205250 1299351 2700149 0553533 0020846 0858451 0021027 1621846
 0520511 1704711 0805310 1705535 1514983 0750558 1710571
 0023745 0557651 2603343 1883351 1136375 0449774 0017431 0027361 0237401 0017393 0600223 0017296 0314603 0005516
 0796345 0002778 0023745 0936012 1524024 1883708 0884358 1883351 0442726 0023745 0004096 2984299 1524063 0013194 2700580
 0936012 0858451 0202083 0020846 0020835 0202086 0428536 2825347 0021027 0229671 0441889 1546774 1550100 1621846 0858451 0202083 0020846 0020835 0428536 2825347 0202086 0021027 0229671 0441889 1546774 1550100 1621846 0039224 1706073 1706074
 0332120 0150312
 0936012 0004096 2984299 0150312 0332120
 0002778 0936012 1524024 2825412 0444706 0449770 0017270 0376249 0439603 0871396 1561548 1705502 0023956 0449820 2247199 0439093 0443228 1704243 0002778 0936012 1524024 0796345 0002778 0936012 1524024 0027689 1150873 1424540 0449820 0205160 1513916 2825415 2825491
 1709380 0042295 0085639 0238715 0237881 1709380 0814896 0038215 0205108 0441889 0456079 0750502 1547707 2946261 2924612 0022885 0037179 0039593 0087136 0205171 0392366 1552961 2347617
 0037047 1273517 1883351 0884358 2947996 1283195
 0332196 2828389 0392148 0926407 1706314 1720314 3539736 0023956 0439084 0449820 0728893 2247199 1708726 0926407 1706314 1720314 3539736 0023956 2827736 2981702 0439086 0449820 2247199
 1708726 1518422 1554077 2828389
 0796345 0002778 0023745 0936012 1524024 0796347 1521461 0202086 0428536 0020846 0858451 0021027 0229671 0441889 1546774 1550100 1621846 1524063 0034980 1516770 0002778 0684320 0684321 0936012 1524024 1518422 0871421 0449820 0004083 0015576 1704727 1547282 0332120 0202086 0428536 0020846 0021027 0441889 1621846 0004096 2984299 0443289 0332120
 0947630 1999230 1707959 1953345 0008633 0017446 0205147 0332256 2700400 1708726 1547282 0332120 0015576 1704727 3642141 0002085 1547282 0004083 0439849 0596306 0699792
 0032659 1257890 0332256 2700400 0205171 1720467 0237753 0449788 0231203 0002085 0027361 0237401 1547282 1979886
 1883351 0004083 0439849 0596306 0699792 1552603 1706202 0332128 0008633 0015576 1704727 0018591 0557651 2603343 1524063 0080103 1516050 0205390
 0015576 1704727 0008633 0008902 0332281 0086282 1611821 0015576 0392760 0680022 1314939 1704727 1709305 2698041 0243148 1550141 1882979 2587213 3274648 1709305 0086282
 0008633 0750480 1705566 0205171 1720467 0015576 1704727 1720092 1948045
 1524059 0017337 0231203 0441472 1513371 1705738 2347637 2348146 3266814 0725813 0036849 1442518 1705195 0332256 2700400 0008633 0002085 0012634 0231203 0359583 0796362 0032214 0600138 0035820 1705810
 0037585 1709697 2728259 3484370 1273517 1883351 0018591 0750591 1444754 2827734 2981698 0740116 2827735 2981700 0439086 2827736 2981702 0005516
 0018591 0750480 1705566 0376249 0439603 0871396 1561548 1705502 0332281 0599883 1427926 0202086 0428536 0020846 0021027 0441889 1621846 0004096 2984299 0008633 1441672 1550608 0520511 1704711 1547282 0332120 1708064 0022885 0039593 0325045 0369773 0392366 2603361
 0018591 2984756 0199219 0234621 1547282 1705535 0009085 0018591 0017446 0205147 0085424 1334127

 1547282 0004083 0439849 0596306 0699792 0205250 1299351 2700149 0428536 0553533 0202086 0020846 0858451 0021027 0229671 0441889 1546774 1550100 1621846
 0002085 0179400 1444656 1638312 0449719 0018591
 1273517 1883351 0002085 1883351 0018591 0085862 0237876 1299583 1522138
 0005516 0237753 0449788 1524084 0205543 1708726
 0205250 1299351 2700149 0205251 1299352 1550472 0205250 0205543 1299351 2700149 0008633
 1316572 1317574 1369612 2347858 0021758 0205397 1334119 0009085 0017446 0205147 0332464 1709305 0085424 1334127 0871157 1553778 1561491
 1261322 1516048 0032863 0022885 0039593 0392366 1883351 0022885 0039593 0392366 0243132 1554210 2745955 0439093 0443228 1704243 1517001 0237506
 0022885 0039593 0392366 0018591 0332293 1522326 0231441 0443218 2827483 0008902 0008903 0678229 0332281 0243148 1550141 1882979 2587213 3274648
 0884358 1882348 1316572 1317574 1369612 0237753 0449788 0369773 2603361 0369773 2603361 1709380 0205165 1522609 1441672
 1882348 1947971 1274040 1546471 2825142 2348205 0205397 0237400 1511726 3245479
 1882348 1547282 0237753 0449788 0441889 0456079 1547707 2946261 0150098 1706233 0036849 1442518 1511726 1705195 3245479
 0009085 0205397 1705535 1274040 1546471 2825142 1705175 1705176 1705177 1705178 1882348 0009085 0205238
 0237913 0022885 0038215 0392366 1527178 1705938 0917903 0332120 0202086 0428536 0020846 0021027 0441889 1621846 0004096 2984299
 0150312 0332120 0022885 0039593 0392366 0032863 0442726 0392148 0018591 0033727 0369286 0441932 0564385 0392747 0443172 1705241 0016327 0206243 0376249 0439133 0439603 0699809 0871396 1553038 1561548 1705502 0008633 0042789 1947903 0520510 0025663 0025664 0449851
 0032863 0442726 0004083 0439849 0596306 0699792 0442804 0205250 1299351 2700149 0016327 0439133 1553038
 0205250 1299351 2700149 0016327 0439133 1553038
 0205081 1881878 0016327 0439133 1553038 0205251 1299352 1550472 0016327 0439133 1553038
 0332196 2828389 0004083 0439849 0596306 0699792 0369773 2603361 0016327 0439133 1515981 1553038 0369773 2603361 0016327 0439133 1518422 1553038 0369773 2603361
 0002778 0936012 1524024 1527178 1705938 0750501 0205393 0332148 0750492 0008633 1880177 0205171 1720467 1883351 1709707 0030705 0750492
 0750558 1710571 1442162 1550718 3244317 0001779 0018591 0034865 0059735 0026882 1705285
 0020792 0205396 0020898 0021764 0022271 0332268 0004083 0439849 0596306 0699792 1883351 0004793 0162326 0162327 1519249 1334127 0017337 0205099 0017446 0205147 0205265 1547282 0332120
 0017337 0205450 0004793 0162326 0162327 0681850 1519249 1550501 1706203 2349001 2697811 0453882 0205419 1552603 1706202 0205447 0243148 1550141 1882979 2587213 3274648 1883351 1711411 0004793 0162326 0162327 1519249
 0332281 0018591 0205447 0150312 1555721 1706204 0015295 0085424 1334127 1547699 2700640 1953353
 0392747 0443172 1705241 1706214 3244320 1882940 0205145 0443288 1515974 2825164 1999230 0005507 0243073 1510438 1273517 1883351 0332307 1547052 0681850 1550501 1706203 2349001 2697811
 0205419 0008657 0008633 1709305 1547282 0004083 0439849 0596306 0699792 0004096 2984299
 0917903 0205419 1518422 0004096 2984299 0020846 0858451 0021027 1621846
 0557061 2584313 0557651 2603343 1707689 2983265 1883351 0035820 1705810 0796362 0020846 0202086 0428536 0021027 0243148 0441889 1550141 1621846 1882979 2587213 3274648 0004096 2984299 0439086 2827736 2981702
 0036849 1442518 1705195 0017393 0600223 0332257 3538986 0439175 0439810 1711300 2700613 0439175 0439810 1705175 1705176 1705177 1705178 1882348 1705175 1705176 1705177 1705178 1882348 0683607 0441513
 1274040 1546471 2825142 1947930 1998793 0024779 0026045 1706473 0869040 0205156 0947630 1273517 1552607
 1707959 1704463 1332546 1335671 0017337 0001643 1367657 0034785 1547282 1883351 0205108
 0205234 1285542 0557651 2603343 0332307 1547052 0012872 0005516
 0423896 0456205 1533716 0557651 2603343 0439093 0443228 1704243 0947630
 0557651 2603343 0180153 1707529 1999244 0012751 0237753 0449788 0178587 0205108 0023745 0185125 0004083 0439849 0596306 0699792 0017446 0205147 0557651 0796362 0947630 2603343 0202086 0428536 0020846 0021027 0441889 1621846 0085129 0205039 1442216 0004096 2984299
 0557651 2603343 0023745 0017296 0314603 0947630 0684224 0700287 3496591 1274040 1546471 2825142
 1513916 2607943 2926606 3539655 1518422 0370003 2347026 1709450 0441994 1548802 2003888 0032863 1883351 0442726 1708726 1280500
 0370003 2347026 0032863 0442726 1708726 0926407 1706314 1720314 3539736 0004096 0031437 0205556 0439084 0728893 1285572 2984299 1711260 2348152 0202086 0428536 0020846 0021027 0441889 1621846
 1511726 3245479 0205557 1880724 0205237 0439178 1446409 1514241 2825490 1274040 1512571 1546471 2825142 0947630 1880722 1274040 1546471 2825142 0205558 0231174 0680095 0442726 1708726 0557651 2603343 0019409
 0332120 0004083 0018591 0439849 0596306 0699792 1706202
 2984756 0199219 0234621 1705535 0441635
 0002778 0936012 1524024 1314939 0022885 0039593 0392366 1444656 0439093 0443228 1704243 0237506 1517001
 0022885 0039593 0392366 0557651 2603343 1999230 0336791 2827396 0871532
 1883712 0150312 0032529 1882417 1518422 0202086 0020846 0332281 0428536 0021027 0441889 1621846 0004096 2984299
 0370003 2347026 0033204 0002085 0150312 0449450 0439092 0547044 0008633
 0231174 0680095 0442726 0004083 0439849 0596306 0699792 1518422 0032214 0600138 0035820 1705810 0004096 2984299 2603362 0205250 1299351 2700149 0237753 0449788 0032659 0205409 0332239 1257890 1548221
 0520510 0599777 0008630 1283195 0005516 0034037 1704324 0032520 0677874 0005507 0243073 1510438 1334119 0017337 0021758 1273517 1366516 1530270 1706474 0085424 1334127 0439086 2827736 2981702 1515981 0005516
 0206415 1707689 2983265 0004793 0034037 0162326 1527178 1704324 1705938 0079349 1705967 0179630 1705968 0018370 1367477 3538991 3537453 1416492 0337445 0079613
 0370003 2347026 0441833 1999270 3537156 0017398 0017399 0041703 0032520 0677874 0392148 0332197 1689985 0005516 0449820
 0679792 1705194 1524063 0002778 0936012 1273517 1524024 0441833 1999270 3537156
 0012751 0750572 1524063 0439836 0441833 1999270 3537156
 0681850 1550501 1706203 2349001 2697811 0034546 1304639 0949214 1273517 1883351 0015576 1704727 0004096 0349966 1337208
 0178913 0444266 0370003 2347026 0242485 0185115 0684295 0028574 0086282 1948021 0015671 0026591 1948021 0162409 0008059 0205447 0680063 1515981 1948021 0030551 2699423 0037047 0205447 1515981 1611273 1705175 1705176 1705177 1705178 1882348 0443211 0018591
 0086282 0337577 1610172 0337576 0337471 0037047 0337580 0332257 3538986 0470187
 0858451 0020846 0428539 0443626 1441420 0021027 0229671 0439175 0439810 1546774 1550100 1621846 0439340 0020980 0021060 0205208 0205390 0302909 1378566 0011900 0348026 0179586 1657858 1706092 0331844 0331955 0038995 1442146 0313106 0947659 1302687 0443640 0003241 0016132 0330312 0949931 0331308 0348066 0524798 0939883 1116535 0032385 0795585 1320238 0019944 0242616 1265527 0007450 0325090 0524517 0440458 0012984 0222058 1280551 3486461 0998367 0026231 0369241 0320071 1445427 0179586 1441070 1657858 1706092 0331844 0331955 0038995
 0012854 0178913 0005767 0005768 0185115 0229664 3541890 0370003 2347026 0025663 0449851 0871511
 1517480 1521871 1705759 0206243 0699809 0439787 0849355 0443286 1114821 0439342 0332256 2700400 0024472 0020283 0041175 0077281 0450407 0450408 0450409 0814229 0012892 0012854 1335439 0016132
 0370003 2347026 0456692 0702093 0332283 1511572 1457900 0702093
 0370003 2347026 0071500 0950275 0017243 0041942 0071499 0369637 0441923 0013855 0002085 1293950 0037125 0234621 0487602 0947651 1305285 1318876 1704680
 1519302 0332307 1547052 0032529 1366516 1530270 1706474 1334127 0017337
 1274040 1546471 2825142 0034754 1705179 0027361 0205448 0150108 0456909 0525065
 0868928 1533148 2346729 0441704 0872404 0205341
 1883351 0750572 0441704 0872404 1720725 1948050 1709450 3537453
 1709450 1707076 0205341 1547730 1705914 1947971 1274040 1546471 2825142 0449820 0868928 1533148
 1553778 1561491 0678951 0032529 1882417 1334127 0017337 0004793 0027361 0162326 0162327 0237401 1519249 1707391 1524063 0206415 0220668 0079613 0015295 0041405 0085758 0266539 1414899 1415587 3536819 0740116 2827735 2981700 0079613 0054868 3540479 0015295 0015295 0040405 0220668 1414899 3538933 3540513 0079613 1506978 1705538 0015295 0179630 0266539 0337445 1455888 1705968
 0439844 1999244 0015295 1334127 0017337 0017428 0085424 0439509 0444667 0887950 1444754 1706316
 0441635 0021920 0444598 0549183 1552826
 0220908 0220909 1698960 1710031 1710477 0206243 0699809 0439787 0849355 1524063 0012238 2349986
 1444754 1706316 1706746 0017243 0036681 1382104 0013855 1444754 1706316 0392148 0205419
 0871424 0002778 0936012 1524024 0022885 0038492 0039593 0392366 1551041 1552573 1273517
 0796345 0002778 0023745 0936012 1524024 0557651 2603343 0031437 0439340 0004096 2984299 0037047 0450355 0796345 1516770 0002778 0023745 0936012 1524024
 0202083 0020846 0020835 0428536 2825347 0202086 0021027 0441889 1621846 1524063 0037047 0884358 2947996 0022885 0039593 0392366
 0002085 0002778 0936012 1524024 1273517 1708064 0022885 0039593 0325045 0392366 2828393 1707455 0449789 0237753 0449788 0683312 0020846 0021027 1621846 0020846 0553533 0021027 1621846 0004096 2984299 0004096 2984299
 0022885 0392366 0884358 0018591 0332128 1882348 0022885 0039593 0392366 1883351 0750572 0237881 0750502 0332283 1719822 1515187 0018591 0231441 0443218 2827483 0020846 0021027 1621846 0449438 0205341 0002778 0936012 1524024 0332152 1511726 1705850 3245479
 0004083 0678226 1882348 1883708 0237400 1707455 1274040 1546471 2825142 0237753 0237881 0238767 0449788 0750502 1546944 1706086 1274040 1546471 2825142 0814896 0237881 0441889 0750502 0814896 0205403 0237881 0441889 0750502 1515981
 0032863 1883351 0442726 0008633 0884358 0679083 1516048 0032863 0442726 0392148 0599883
 0750591 1512571 0008633 0034865 0392747 0443172 1705241 0016327 0439133 1553038 0008633
 0033727 0369286 0441932 0564385 0034656 0439605 1707391 0205173 0205341 1883725 0376249 0439603 0871396 1561548 1705502 0008633
 1522609 0016327 0439133 1553038 3146294 0205173 0205341 1883725 0392760 1314939 0008633 0016327 0033204 0439133 1553038 1707391 0033727 0369286 0441932 0564385 0016327 0033204 0439133 1515981 1553038 0520511 1704711
 1273517 1708064 0022885 0039593 0325045 0392366 2828393 1707455 0520511 1704711 0008633 0243148 1441672 1550141 1882979 2587213 3274648
 0032863 0442726 0004083 0439849 0596306 0699792 1264633 0444706 1554103 3541902 0205173 0205341 1883725 1709380 1522609 0814896 0237881 0441889 0456079 0750502 1547707 2946261 1301820 1441672 1511726 3245479 0884358 2947996 0022885 0039593 0392366
 0237529 1704725 1704726 0332196 2828389 0004083 0439849 0596306 0699792 1264633 0444706 1554103 3541902 0205173 0205341 1883725 1709380 0042295 0150098 1706233 0036849 0237400 1441672 1442518 1511726 1705195 3245479
 0031228 0851286 1947908 0018896 1300196 1552861 0013126 0200345
 2986676 0043227
 0557651 2603343 0000876 0016132 1521721 0681805 0016820 0004083 0439849 0596306 0699792 0016617 0016617 0029237 0029246 0220885 1300196 1522486 0035172 0021622 1272753 0027468 0018684 0021622 3245503
 1292711 0449719 1709471 0017398 0017399 0021622 1272695 1272753 2746065
 1514811 1706462 2347469 2347469 0369718 0441922 1553036
 0392707 3539705 0012634 0020846 0021027 1621846 1883357



 0325074
 0369773 2603361 0369637 0441923 1706339 0597277 1708601
 0202086 0020846 0858451 0428536 0021027 0229671 0441889 1546774 1550100 1621846


 1721089 0439267 0073187 0205090 0684010 2603358 2347469 0205090 0684010 2603358
 0796345 0002778 0023745 0936012 1524024 0008631 0005516 0008651 1415931 1840252 0683149 0086045
 0036397
 0718133 0073187 0073187 1547546 0021966 0221138 0369637 0441923 1553033 0722969 0205090 0684010 2603358
 0332120 0428539 0443626 0428536 0202086 0020846 0858451 0021027 0229671 0439175 0439810 0441889 1546774 1550100 1621846 0008668 0008630
 0887950 0450348
 0073187 0205090 0684010 2603358 1547546 0021966 0221138 0369637 0441923 1553033
 0314657 0012655 0017296 0220898 0314603 1264642 1547045 0017337 0205164 0392707 3539705
 0369718 0441922 1553036
 1414400


 0205090 0684010 2603358 0597277 1708601
 0079411 3146294 0002778 0936012 1524024
 0036397
 1319635 1424635 0033727 0369286 0441932 0564385 0557775 1511780 0439267 0205090 0684010 2603358 0033727 0369286 0441932 0564385
 0599946 0025914 0025929 0026809
 1315013
 1417055
 0002111 0020517 0489531 1314973 3539909
 0331799 0242724 0021966 0221138 0332239 0442532 0205090 0684010 2603358 0016327 0439133 1553038 0369773 2603361 0439267 0066964 1260691 0369637 0441923
 1552603 1706202 0004096 2984299
 0349590 1262865
 3476816 0332307 1547052 0016327 0439133 1553038
 0004083 0439849 0596306 0699792 0796347 1521461 0796366 0085129


 0205535


 0011198 0017480 0023031 3541240
 1517491 0008630 1283195 1707959


 0325074

 1266099


 0600210 1533574 1881827 0035958 0243107 0678723 1527148 0016132
 0450348 2827734 2981698
 0205090 0684010 2603358 0011198 0017480 0023031 3541240
 0026882 0332251

 0325074
 0369773 2603361 0369773 2603361 0205090 0684010 2603358 1553033 0033727 0369286 0441932 0564385 0011198 0017480 0023031 3541240
 0008630 1283195 0023746 0023745 0281825 0394006



 0325074
 0369773 2603361 0439394 1706495 3642217 0369637 0441923
 0026882 0001430 0851285 0423866 2626739 0017337 0015127 1524003 0011991 1963091
 0325074
 0369773 2603361
 0314604 0017337 0025362 0457309 0796348 1515445 0449721 0008671 0426857 0814036 0008633 0024779 0026045 0205108 0446516 1269078 1269612 1282927 1706473 1806781 2350002
 1418943

 0268596 2700624
 3642273
 0041703
 0439267 1553033 1553033 0369773 2603361 0379885 1332692 1704902
 0678932 0814036 0023745 0017296 0024779 0314603 1706473 0086418
 0325074
 0033727 0369286 0441932 0564385 0582525 0332307 1547052 0016327 0439133 1553038
 0024779 1706473
 0036397
 1553033 1553033 0369718 0441922 1553036 0369773 2603361 0379885 1332692 1704902 0439267
 0814036 0017296 0024779 0314603 1706473 0086418 1519302 1527178 1705938
 0349590 1262865
 0475219 0439394 1706495 3642217 2603362 0557597 1440044 0144237
 0024779 1706473
 0036397
 0073187 0205090 0684010 2603358 0597277 1708601 0369637 0441923
 0920457 0038137 0175675 0017313 1554098 1947933 0024117 1847014 0600260 0008679 0746982 0024115 0012634 0024109 0205191 0549186 2707265 2709248 0004096 2984299

 2347961
 0205535
 0451119 1444662

 0019588 0006265 1315011 0798503 0805586 3274764
 0039828 0041740 0016132
 0439394 1706495 3642217
 0430567 0006265 0798503 0805586 3274764 1524063 0180488
 0817096 1269614
 0205090 0684010 2603358 0369773 2603361 0597277 1708601 0369773 2603361 0033727 0369286 0441932 0564385
 0425462 0872257 0025663 0449851 0871511 0430566 0019588 0798503 0805586 3274764
 0817096 1527391
 0033727 0369286 0441932 0564385 0016327 0439133 1553038 0205090 0684010 2603358
 0231953 0024109 0449468 0819757 1278908 0806140

 0205535
 0242295 1947943 2348609 0439084 0439509 0728893
 0369773 0597277 1708601 2603361
 0037981 0686750 0001675 0037369 0453996 0557651 0947630 1518422 1881674 2603343


 1315013
 0022877
 0242295 1947943 2348609 0439084 0728893
 2346751 0369637 0441923 0033727 0369286 0441932 0564385 0369637 0441923 0033727 0369286 0441932 0564385
 0004083 0439849 0596306 0699792 0015576 0241888 0002395 1521724 0012634 0205422
 0027855
 1006780 1553033 0033727 0369286 0441932 0564385 0369637 0441923 0332307 1547052
 0017258 1555715 1704332 1412481 1445865 0494463 0002395 1521724 0012634



 0325074
 0439394 1706495 3642217 1553033 0439394 1706495 3642217 0597277 1708601 0033727 0369286 0441932 0564385 0439394 1706495 3642217
 0004083 0439849 0596306 0699792 0332120 1708726 0003595 0015576 1704727



 0325074
 0000857 0025141 0600678 1552863 0681804 0282116 0557651 2603343 1552603 1706202 0032659 1257890
 0325074
 0439394 1706495 3642217
 0205197 2825412 0002778 0936012 1524024 0599883 1427926



 0325074
 0439394 1706495 3642217 0369773 2603361
 0796345 0002778 0936012 1524024 0449445



 0325074
 0000857 0600678 1552863 0282413 0376649 1442065
 0254343 0796520 3272379
 0085205 1549619 1880669
 0013849 1705961 1704732 1314677
 1517741 1705827 1519814 0439509 1292711 0449719 1709471
 0041740