 0003592 0003591 0086222 0013879 0205132 1550648 1552960 1705248 2982691 2945617 0036375 0557061 2584313 1514811 1706462 0003592 0003591 0003592 0449719 0032105 0441889 1550098 0850624 0850664 0035648 0050325 0679238 0960756 1281905 0035647 1521761 2827422
 1552603 1706202 0243148 1550141 1882979 2587213 3274648 0040649 0013879 0020792 0205396 0522505 1705248 1708698 0332256 2700400 0005456 2945843 0205145 0243122 1145667 1167622 0028574 1335532 0015576 1704727
 0014290 0013879 1705248 0029266 0031843 0542341 0700205 1704322 1704972 1705273 3539923 0439093 0443228 1704243 0205177 0439167 0441655 1561536 0086860 0007600 0007635 3282338 0007634 3282337
 0014290 0013879 1705248 0013879 0205132 0600401 1550648 1552960 1705248 1705535 0013879 0034987 0013879 0031843 0220905 0231435 0542341 0700205 1552449 1704735 1705273 0243148 1550141 1882979 2587213 3274648 0017262 0185117
 0557061 2584313 1514811 1706462 0441889 0065058 0037943 0228341 2239920 2827734 2981698 0035648 0050325 0960756 0035647 1521761 2827422 0027051 0428953 2926063 0021308 0027061 1522564 0038454 0042789 1947903 0140145 1332102 1425988 0740116 2827735 2981700 1514811 1706462
 0065058 0037943 0228341 2239920 0023820 0023823 0023820 0178587 0205251 1299352 1550472 0332529 1517892 1704666 0033684 0003592 0003591 0003592 0439086 2827736 2981702
 0003592 0017968 0032140 1367553
 0002085 0027361 0237401 0725813 0332256 1880389 1883221 2700400 3541951 0032140 0064417 0205450 1367553 0332287 0037179 0064417 0087136 0205171 0205451 1880389 1883221 3541951 1514524 1880389 1883221 3541951 0439084 0728893
 0032140 1367553 0016016 1879547 0015982 0439064 0443302 1710236
 0032140 1367553 0243122 1145667 1167622 0449432 1705248 0003592 0065058 0037943 0228341 2239920 0439836 0016016 0018790 0237477 0392351 0521111 0009074 0024348 0302148 1536403
 0441712 1706376 0065058 0037943 0228341 2239920 2249824 1879547 1135918 0332294 0596981 1267092 1326120 0007634 0026845 0205357 0678226 1269647 1704653 1879547 1948049 0333574 0010957 1883709
 0025936 0003069 0025914 0025929 0026809 0314604 0017337 0231204 2827758 0342895 0521974 0301585 0012155 0205250 0424612 1299351 1442959 1519433 2700149 2983588 0015272 0016017 1305868
 0086045 1446561 0544357 0032105 0086418 1550098 0332462 1548673 1880834 0032659 1257890 3275072 0439660 1527180
 0205419 0439073 0439082 0003592 1708726 0017337 0024779 0026045 1706473
 0017263 0851285 1327622 0237881 0750502 1546944 0814896
 2825407 0205419 0683150 0086045 1446561 0678226 0013682 0040649 3146286 2825407
 0597298 0237753 0449788 0064417 1880389 1883221 3541951 0007634 1269647 1301827 1637379 1704653 1948049 1707520 0683150 0086045 1446561
 0002085 0150103 0456389 0597298 1708943 2987476 0439093 0443228 1704243
 1158770 0243148 1550141 1882979 2587213 3274648 0015127 1524003
 0947630 0150312 0205419 0086418 0033147 0683150 0032105 0086045 1446561 1550098 0868928 1533148 0450348
 1547282 0017262 0185117 0003592 0086597 0086860 0127400 0205107 0080103 0205345 1547039 0949639 0040649 0205145 0439659 1515974 2825164 0209278 1420631 0040648 0023884 0040649 0359583 0736268 1278929 1521761 2346688 2827422
 0392360 1564097 0034987 0013879 0040649 0220905 1704735 0003592 0017262 3244092 0017337 0185117 0205250 0441889 1299351 1880177 2700149 0205177 0439167 0441655 1561536 0004093 1762617 1518422 0003592 0036884 0009253 0017337 0019932 0036864 0079399 1314687 1522384 1551359 2741673 2981730 1512498 0332256 2700400 0004793 0032529 0162326 0162327 1519249 1882417 0205419 0439660 1551359 2741673 2981730 0017262 0017337 0185117 0205309 1883351 0024779 1706473 1708726
 0392360 3146298 0314642 0162326 0220905 1704735 2987476 0003592 0017337 1517331 0025936 0003069 0025914 0025929 0026809 0681814
 1442161 1511760 1880274 0086860 0003592 0206665 0872017 0008633 0036025 0043392 0043393 0717551 2004457 2945640 0185117 0206665 0872017 0008633 0036025 0043392 0043393 0717551 1707455 2004457 0332256 2700400 0017337 0003592 1292711 0449719 1709471 0033799 0004793 0162326 0162327 0237876 0424215 1519249 2003939
 0003592 1367553 0017337 0018670 0449830 1281590 1300196 1706305 2827597 0086972 0443299 0687118
 0392366 0034987 0017446 0205147
 0557651 2603343 0017446 0205147 1412134 1515941 0949639 0003592 0040649 0205145 0439659 1515974 2825164
 0017446 0205147 0332256 2700400 0013879 1705248 0040648 0086282
 1883712 0243122 1145667 1167622 0439064 0443302 0072461 0040648 0040649 1521761 2827422 0086222 0205177 0205289 0439167 0441655 0806909 1561536 1880177
 0017446 0205147 0013879 0205132 1550648 1552960 1705248 2982691
 0600472 0013879 1517938 0013879 0237753 0449788 0017429 0017428 2338314
 0439093 0443228 1704243 0332256 2700400 0600680 0034987 0017446 0205147 0079941 0080089 0034754 0175566 0180979 1705179 0600600 1883633 0600680 0017446 0205147 0032400 0071360 0747726 0011065 0231800 1704631 0039259
 0684224 0700287 3273238 0392760 1314939 0017262 0185117
 1979874 0017446 0205147 0150312 1883351 0086439 0205177 0439167 0441655 1561536 0205447 1705241 1705242
 0600472 0013879 1705248 1882932 1515021 0085732 0392747 0017262 0185117
 0520510 0557061 2584313 1514811 1706462 0441513 2827421 0185111 0947647 1706214 3244320 0205145 1515974 2825164 1883351 0849355 1883720 3244314 0162326
 0332256 2700400 0162326 0949639 0040649 0205145 0439659 1515974 2825164 0205145 0439659 1515974 2825164 1334435 1414861 0017337 0024075 0699952 1527178 0072149
 0032136 0332256 2700400 0332255 1708096 1273517 1282910 1552828
 0332256 2700400 0086860 1854336 3273620 0015252 0728940 0332255 1708096 0034963
 0220908 0220909 1698960 1710031 1710477 0887889 0872147 0017430 0023621 0751608 0449913 1553451 1704459 0182400 0220908 1305399 1882932 0230171 0017446 0205147 1367553 0017337
 0205447 0332256 2700400 0521093 0750484 1883351 0887859 0017446 0205147 0003592 0009219 0449719 0079941 0017446 0205147 1367553 0017337 0003592 0007512 0182400
 0684192 1749889 0332255 0443288 0486805 0349966 0449788 1337208
 2827734 2981698 1883178 1947931 0012238 2349986 0332282 1517480 1521871 1705759
 0012854 0205173 1705764 1705765 0868946 1519179 1854580 0332255 0486805 1708096 1515187 1705686 0205145 1515974 2825164
 0332255 0486805 0009013 0011516 1519179 1854580 1883178
 0868928 1533148 0332255 0486805 0205265 0029266 0205171 0205447 0392366 1704322 1704972 1720467 3539923 0080103 0205345 1547039 1527178 1705938
 0007585 0007634 0010453 0220814 0430400 1269647 1704653 1948049 2242979 0005507 0243073 1510438 0427861 2717940 0677626 0007634 3282337 0018873 0007634 3282337 0009458 0392747 0439536 1314677 1705217 3244283 0015965 0229671 0230445 0521457 1305418 1546774 1550100 0242295 1947943 2348609
 0007634 3282337 0007585 0007634 0010453 0205170 0220814 0430400 1269647 1704653 1948049 2242979 3146287 0036563 1705192 1882540 2346495 0005971 1139930 3537155 0456696 1442770 0025663 0449851 0871511 0442711 1507394 1522729 2348563 0072149 1552738
 0040669 0205174 1272695 2746065
 0072149 0243148 1550141 1882979 2587213 3274648 0032136 0812201 0032136 0185117 0205170 0439844 1524062 1999244 3146287 0010454 0009458 0010453 0220814 0430400 0439536 1705217 2242979 3244283
 1442464 0007634 3282337 1512335 0024348 0024075 0005507 0243073 1510438 0884358 1524063 1999230
 1883351 0013682 0040669 0243148 1550141 1882979 2587213 3274648 1274040 1546471 2825142 1150051 1151115 0016955 0024075 0205177 0439167 0441655 0456603 0684224 0700287 1547037 1561536 3496591
 1442161 1511760 1880274 0079866 3146302 0332255 0486805 0684192 0332255 0486805 0032136 0849355 1524063 1882940 0205145 0443288
 1518425
 0349966 1337208
 0740116 2827735 2981700 1274040 1546471 2825142 0332255 1708096 0205145 1515974 2825164 0011516 0205447 0028630 0441918 1179698 1416177 0870982 0449913 1553451 1704459 0205160 1513916 2825415 2825491 0029266 1704322 1704972 3539923 1518425 2827421
 1518425
 1514468 0332255 0486805 2827421
 0740116 2827735 2981700
 1518425
 0152060 1306235 3146294 3496294 0011516 0205160 1513916 2825415 2825491 0029266 1704322 1704972 3539923
 1518425
 3146294 0441587 1743766 1883719 0205145 1515974 2825164 0439178 1446409 1514241 2825490 0029266
 0332255 1708096 0032520 0441918 0677874 1179698 1416177 3146294 0206415 0441918 1179698 1416177 1883351 0017446 0205147 0028630 0282413 0441918 1179698 1416177 0162326
 0079870 0079866 3146302 0449604 0206243 0699809 0032520 0206415 0439787 0442711 0677874 0680240 0849355 1507394 1522729 1881865 2348563 0028953 0441918 1179698 1416177 0205101 0441918 1179698 1416177 0206415
 0206415 0332256 2700400 0026882 0349966 1337208 1552738
 1553637
 0332255 0486805 0011516 0868946 1883178 0521093 0750484 1553778 1561491 0005507 0243073 1510438
 1883351 0022885 0039593 0392366 1424736 2945843 0205145 0072149 0086860
 0598490 0002778 0936012 1524024 0007592 1518434 0521447 2828366 1521827 1552738
 0596608 0949632 0005507 0017243 0243073 0333051 0425245 0449580 1382104 1510438 2347509 0442711 1552738
 1883001 1704972 1704973 0596608 0949632 0449884 0005507 0017243 0243073 0333051 0425245 0449580 1273517 1382104 1510438 2347509
 0028953 0332256 2700400 0347978 1412444 0347978 0347978 0679932 1273517 0005507 1278655 0445247 0205145 1515974 1705285 2825164 0349966 1337208 1444656

 0182400 1518425 2827421 3146294
 1412134 1515941 1412134 1515941
 0332288 0439178 1446409 1514241 1704972 1704973 2825490 0029266 0444930 2746065 1167624 1947902 2827499 0205145 1515974 2825164 0813036 1883708 0012238 0391871 1283071 2349986
 0004793 0162326 0162327 1519249 0005507 0243073 0679932 1273517 1510438
 0557061 2584313 1514811 1706462 0020792 0205396 0678933 0017296 0314603 1708726 1367553 0017337 0349966 1337208 1547282
 2827734 2981698
 0003592 1367553 0017337 0018670 0449830 1281590 1300196 1706305 2827597 0443299 0349966 1337208
 0017446 0205147 0887889 0872017 0008641 3494793 0008633 0009013 0032136 0205409 0521009 1522642 1548221 2004457 0332256 2700400 0441587 1743766 1883719 0332257 0887859 0017446 0205147 1367553 0017337 0349966 1337208
 0520510 1552738 0025663 0025664 0449851 0332255 0486805 0017446 0205147 0003592 0086860 0205094 0547040 1524031 2945599 0006556
 1552738 0033413 0017446 0086860 0205147 0080103 0205345 1547039 0314604 0017337 0209278 1420631 0040648 0023884 0040649 0359583 0736268 1278929 1521761 2346688 2827422
 0205448 0332255 0486805 1708096 0205177 0439167 0441655 1561536 0332256 2700400 0205171 1720467 0086860
 0205447 0332256 2700400 0086222
 1518422 1883351 0243095 2349975 0040649 0021135 1533691 2827718 0086860 0033413 0086860 0017446 0205147 0004793 0162326 0162327 0332256 0424215 0439083 0439087 1519249 2003939 2700400
 2347946 0017262 0017337 0185117 1883351 0220825
 0332255 1708096 0086860 0003592 0349966 1337208 1424736 0349966 1337208 1518425 2827421
 0011519 1148702 0011522 0021966 0023884 0205145 0205369 0205447 0205450 0221138 0736268 1278929 1552740 2346688 0449604 2945843 0439070 1705160 1709908 0684224 0700287 3496591

 0332255 1708096 1522508 1561567 0557651 2603343
 0449911 0333052 2607870 0557702 1272706 1704674 0557702 1272706 1704674 0349966 1337208
 2827734 2981698
 1708726
 1708726 0332257 1552866 2700399 0003594 0003592 1367553 0017337 0033799 0003593
 0017337 0179400 1638312 0449738 0040649 0336721 1444656
 0441587 1743766 1883719 1444656
 0003592 1367553 0017337 1882940 0205145 0443288 0332297 0332255 0486805
 0332255 0486805 1708096 0003592 0949639 0040649 0205145 0439659
 1882940 0205145 0332849 0443288 1444656
 0450429 1515974 0600472 0013879 1705248 0040649 0449738 0681842 1444656 1882327 0079941 0080089 0034754 0175566 0180979 1705179 1444656
 0162801 0002778 0004793 0162326 0162327 0936012 1519249 1524024 1547282 0080089 0034754 0180979 1705179 0242611 0009221 0439064 0443239 1095825 1512900 1947925 2746065
 0175659 0222045 1704458 1547282 1511276 1552825
 0449911 0333052 2607870 0557702 1272706 1704674 0557702 1272706 1704674 0349966 1337208
 0740116 2827735 2981700
 0002778 0936012 1524024 0017446 0205147
 1514861 1882932
 0332255 1708096 0003592 0086860 0444669 0522505 1167518 1706352 1882467 3274653 0028630 0006556
 0205132 1550648 1552960 1882932 0017446 0205147 1880274
 1883351 0683607 1514811 1706462 1444656 2827421
 2827734 2981698 2827421 0029266 0439178 0445247 1446409 1514241 1704322 1704972 2825490 3539923 0013113
 2827421 0332255 0392366 0486805 0445247 0439178 1446409 1514241 2825490 0029266 1704322 1704972 3539923 1444656 1185738 1706132 0205090
 1151115 0205177 0439167 0441655 1561536
 1151115 0205177 0439167 0441655 1561536 1882115 1150051 0205177 0439167 0441655 1561536 2827421 1547282
 1511726 3245479 1882932 0444504 2347634 2348143 0871420 0012727 0205419 1442989 1705236 2828392
 0205177 0439167 0441655 1561536 0332256 2700400 0205171 1720467 0084929 0332255 1708096 2827421 0036849 1442518 1705195
 0017446 0205147 0002778 0936012 1442161 1511760 1524024 1704788 1880274 3539106 1883351 0014290 0013879 0002778 0936012 1442161 1511760 1524024 1880274 0681850 1550501 1706203 2349001 2697811
 0349966 1337208 1547282
 0740116 2827735 2981700 2827421
 1442161 1511760 1880274 0444930 2746065 0332255 1708096 0029266 1704322 1704972 3539923 0080103 0205345 1547039 0086222 0205177 0439167 0439175 0439810 0441655 1517945 1561536 1274040 1546471 2825142 0392148 0017446 0205147
 0332255 1708096 0205410 1879547 0349966 1337208
 1706395 0332255 1708096
 1880389 1883221 3541951 0332255 1708096 2982691 1947971 0439093 0443228 1704243 0029266 1704322 1704972 3539923 0086860 0006556 0024075 0349966 1337208 1518425
 1524084 0017446 0205147 1412134 1515941
 1880274 1265611 0332255 0522506 1412134 1515941 1518425 1708096 2827421 0439084 0728893 0205177 0439167 0441655 0442805 1561536 1274040 1546471 2825142 0332255 0439751 0444667 1707455 1708096 1136185 0678226 0013879 3146286 3245505 0017446 0205147 0205370 0301630 0392756 0441610 0750540 1151115 0205177 0439167 0441655 1561536 0442808 0015127 0456389
 0040649 0033413 0017446 0086860 0205147 0444669 1167518 1706352 1882467 3274653 1518422 1412134 1515941
 1547282 0086860 0013126 0040649 0022646 0227665 1278978 1441547 1514845 1518422 3245521 0018873 0007634 3282337
 0086860 0444669 1167518 1706352 1882467 3274653 1412134 1515941 0085732 1299581 0439851 1947931 0040649 1706907 0018873 0007634 3282337
 1979874 0038975 0086860 1279919 0040649 1511726 3245479 1518422 1547282
 1412134 1515941 1292711 0449719 1709471 0162802 0200898 0162326 0162801 0002778 0004793 0162327 0936012 1519249 1524024 0443289 1412134 1515941 0600472 0600680 0086908 0013879 0017446 0205147 0205250 0441918 1179698 1416177 1705248
 0332255 1708096 0028630 0080103 0205345 1547039 0949639 0040649 0205145 0439659 1515974 2825164 0600472 0013879 1705248 1709908 0684224 0700287 3496591
 0442818 1522634 0205177 0439167 0441655 1561536 0205369 1552740 0871161 1882134 2347695
 0444930 2746065 0441918 1179698 1416177 0206415 0441918 1179698 1416177 0079160 0162326 0376298 0441918 0680240 1179698 1416177 1273517 1883351 0032520 0677874 0017446 0205147
 0034656 0332255 0439605 0441918 0486805 1179698 1416177 1457900 1151115 0024075 0205177 0439167 0441655 1561536 1412134 1515941 2827421 1547282 2717940 0007634 3282337 1511726 3245479 1518422 1547282
 0162801 0002778 0004793 0162326 0162327 0936012 1519249 1524024 1707391 0441918 1179698 1416177 0332255 0486805 1708096 1705241 1705242 0332290 0600472 0013879
 0205145 0205145 2347469 0150312 1883351 1705242
 1412134 1515941 0205447 0332256 2700400 0034656 0439605 1457900 0054868 3540479 0337445 0018370
 0004793 0162326 0162327 1519249 0018370
 1547282 1883351 0205177 0042789 1947903
 1412134 1515941 1882932 0456387 1705943 0684000 0086222 0442799 0439092 0547044 0017337 0003592 1514583
 0013879 1705248 1511545 0004793 0162326 0162327 1519249 0332256 2700400 1710548 0005456 0682969 1149367 2945843 0205145 0243122 1145667 1167622 1515974 2825164
 0026882 1706214 1883351 0022885 0039593 0392366 0086860
 0349966 1337208 1547282
 0205447 0205448 1555721 1706204 0332454 0205177 0439167 0441655 1561536
 1280500 2348382 0033684 0040627 2826298 0079613 1521761 2827422 0032136 0040669 0335038 1412134 1515941 1522485 1705915 1709908 0032136 0812201 0919488 0033684
 0032136 0205217 0442805 1412134 1515941 0013126 0185117 0450365 1706097
 0812201 0919488 0033684 0231175 1883351 1515877 1879547 1412134 1515941 0013126 0185117 0005456 0682969 0205145 0243122 1145667 1167622 1515974 2825164 0332454
 0205177 0439167 0441655 1561536 0040669 0032136 0812201 0868928 1706255 1706256 1274040 1546471 2825142 0150312 0449450 1412134 1515941
 0040669 1280500 2348382 0332256 2700400
 1511726 3245479 1705535 0086282 1412134 1515941
 0449911 0333052 2607870 0557702 1272706 1704674 0557702 1272706 1704674 0349966 1337208
 0439086 2827736 2981702
 0005456 0682969 0205145 0243122 1145667 1167622 1515974 2825164
 0162326 0026882 1412444 0347978 0347978 1442162 1550718 3244317
 1151115 0205177 0439167 0441655 1561536 0080103 0205345 1547039 0086860 0332255 1708096 0205171 1720467 0032136 0185117 1547282 0332256 2700400 0003592 0243148 1550141 1882979 2587213 3274648 0017446 0205147 0029266 0205160 1513916 1704322 1704972 2825415 2825491 3539923 0084929 0332255 1708096 1412134 1515941 0332255 1708096 0004793 0162326 0162327 1519249 1521840 2986546
 1280500 0033684 1412134 1515941 0040669 0392366 0032136 2827421 2827734 2981698 0812201 0919488 0033684 0010825 0086860 0013126
 1274040 1546471 2825142 0444504 2347634 2348143 0871420 0012727 0205419 1442989 1705236 2828392
 0949632 0005507 0017243 0243073 0333051 1382104 1510438 2347509 1550369 1518434 0521447 0884358 1439852 2828366 0028953 0332256 2700400 1883559 0205145 0332307 0445392 1515974 1547052 2825164 0028630 1553637 0182400 1704681 2347609 3536729
 0182400 1704681 2347609 3536729 0205171 1720467 1708639 0332256 2700400
 0028953 1711300 2700613 0017446 0205147 1524062 1708639
 0028953 0332256 2700400 1708639
 1708639 0347978
 1708639 1412444 0347978
 1708639 0347978
 1708639 0028953 0045143
 0521091 0750484 0596608 0949632 0017243 0333051 0425245 0449580 1382104 1999230 2347509 0005507 0243073 1510438
 0182400 1273517 1704681 2347609 3536729 1518434 0521447 1439852 2828366 2717940 0007634 3282337 0450366
 2246376 1180347 1523872 0033684 0439855 1704241 1441672 1883559 0028953 0332307 0332462 0445392 1547052 1880834 1979886 1708639 0205145 0596988 1515974 2825164 0028953 0347978 1412444 0347978 0347978 1708639 0028953 1708639 0332290 0005456 0682969 0205145 0243122 1145667 1167622 1515974 2825164 0086222 0003592
 0002778 0936012 1524024 0443289 0205145 0002778 0936012 1524024 0206243 0699809 0439787 0849355 0005456 0086222 0205177 0439167 0441655 1412134 1515941 1561536 1880177
 1518434 0521447 2828366 2717940 0007634 3282337 0017446 0205147 0012238 2349986 0011519 1148702 0011522 0021966 0221138 0349966 0439084 0728893
 1516770 0162801 0002778 0936012 1524024 0005456 0040648 0040649 1521761 2827422 0205393 0017446 0205147 1420697 2984563 0021966 0221138

 0439070 1705160
 1414685 3538717 0439070 1705160 0445385 0812201
 1442824 0445599 1413661
 0205145 0392752 1515974 2825164 0205396 1550043 1551388 0005456 0682969 0205145 0243122 1145667 1167622 1515974 2825164
 1511677 1511669 1518157 1148673 0012854 0205164 0243122 1145667 1167622 1184482 0017446 0205147 0205145 1515974 2825164 2348205 0205397 0349966 1337208

 0449911 0333052 2607870 0557702 1272706 1704674 0557702 1272706 1704674 0349966 1337208

 0002778 0936012 1524024
 1708639 1883001 1704972 1704973 1708639 1412134 1515941 1518434 0521447 1439852 2828366 0002778 0936012 1524024 0206243 0699809 0439787 0849355
 0679932 1883001 0036658 0884358 1704972 1704973 1708639 0392148 1708639 0332197 1689985 1708639 0028953 0028630 1412134 1515941 1553637 0332256 2700400 0079160 0004793 0162326 0162327 0376298 1519249 1883351 0005456 0033618
 0028589 0949374 0033684 1518434 0443286 1114821 1524062 1708639 1708639 0439084 0728893
 0179400 1444656 1638312 0439067 1720186
 0028630 2981742 0002055 0178499 0449788 1880279 0004793 0162326 0162327 1519249
 0449911 0333052 2607870 0557702 1272706 1704674 0557702 1272706 1704674 0349966 1337208
 0439084 0728893
 1149367 0005456 0040648 0851285 1314939 1327622 1412134 1515941
 0004793 0162326 0162327 1519249 0439659 0444930 2746065 0205145 0439659 1515974 2825164 0441918 1179698 1416177
 0179400 1638312 0349966 1337208 1708632

 0332307 1547052 1547282 0028630 1709450 2347469 1705241 1705242 1547282 1883351 0086439 0205177 0439167 0441655 1561536
 0026882 0282413 1444656 0004793 0162326 0162327 1519249 0205132 1550648 1552960 1511760 0026882 1705285
 0237753 0449788 0026882 0392366 0439070 1705160
 1151115 0205177 0439167 0441655 1561536 1883559 0332255 0332307 0445392 1412134 1442162 1515941 1547052 1550718 1708096 3244317 0026882 0441833 1444656 1999270 3537156
 0037791 1511884 0005507 0243073 0679932 1510438
 0028953 1711300 2700613 0017446 0205147 0028953 0045143 0150103 0336766 1708943 0005456 0682969 0205145 0243122 1145667 1167622 1515974 2825164 0042789 1947903 1425988 0439509 0182400 1412134 1439852 1515941 1704681 1883357 2347609 3536729 1883001 1704972 1704973 0007592 1518434 0521447 2828366 0521093 0750484 2827063 0033684 0007610 0349966 1337208 1708639
 0812201 0919488 0033684 0080245 1335858 0040648 0243122 1145667 1167622 1412134 1515941
 0424215 2003939 0017446 0205147 0521091 0750484
 0079866 3146302 1412134 1515941 1516048 1280500 0005456 0205145 0243122 1145667 1167622 0681850 1550501 1706203 2349001 2697811 1412134 1515941 0002778 0936012 1524024
 0026882 0205145 1706214 0040669 0392366 0005507 2717940 0007634 3282337
 0349966 1337208
 1553637 1547282 0011519 1148702 2945843 0011522 0021966 0205145 0221138 1457900 0179400 1533124 0021966 0221138 0445599 0449788 1413661 0026882 1547282 0282413 1555721 1706204 0205132 1550648 1552960 1511760 0026882 1705285
 0349966 1337208 1547282
 0026882 0439070 1705160 1442161 1511760 1880274 0021966 0221138 0444868 3539085 0205393 1518422 0015127 1524003 0301630 0392756 0441610 1883559 0332307 0445392 1412134 1515941 1547052 1707455 2827421
 1442161 1511760 1880274 0332257 0445385 0445599 1413661 1280500 2348382 1511726 3245479 1518422 1547282
 0026882 1705285 0392747 1279919 1316572 1317574 1369612 1883351 0205447 0004793 0162326 0162327 1519249 0441918 1179698 1416177 1707959
 1979874 1261381 1948029 0439070 1705160 0439070 1705160 0205177 0439167 0441655 1561536
 0424215 2003939 1145667 1167622 1883351 0439070 1705160 0439070 1705160 0439673
 1882932 2945843 0205145 0524637 1515974 2825164 1159372 1521840 2986546
 1514811 1706462 0684224 0700287 3273238 0220908 0220909 1698960 1710031 1710477 0003592 0086418 0444930 1367553 1707133 0017337 0086860 0017262 0185117 0449913 1553451 1704459
 1880355 1158770 0017446 0040649 0205147 0243148 1550141 1882979 2587213 3274648 1412134 1515941 1367553 0017337 0085732 1299581 0439093 0443228 1704243 0029266 1704322 1704972 3539923 1517892 1704666 0086860
 0162801 0002778 0004793 0162326 0162327 0936012 1519249 1524024 0443289 1883351 1292711 0449719 1709471 1549711 0237753 0449788 0017429 0017428 2338314
 0558024 0002778 0936012 1524024 1707391 0017446 0205147 1547282 0442799 2349975 0205177 0439167 0441655 1561536 0332256 2700400 1705241 1705242 0072461 0040648 0015576 0040649 0376298 1521840 1704727 2986546 1521761 2827422
 0441918 1179698 1416177 0004793 0162326 0162327 1519249 0470187 0150312 1412134 1515941 0004793 0162326 0162327 1519249 1521840 2986546
 0079866 3146302 1547282 0005456 0682969 0205145 0243122 1145667 1167622 1515974 2825164
 0040669 0015127 1524003 1879547 0013126 0185117 1517331 0035820 1705810
 0002778 0936012 1524024 0079870 0079866 0205145 1515974 2825164 3146302 0439851 1947931 1314939 0332257 1705535 1148673 1511658 0872079 1704675 1412134 1515941
 1705214 1511726 3245479 1547282 0086860 0209278 1420631 0040648 0960756 0023884 0040649 0086597 0127400 0359583 0736268 1278929 1521761 2346688 2827422 0185117
 0868928 1533148 0086860 0014290 0013879 0243148 1550141 1882979 2587213 3274648 1519516 0017262 0185117
 0868928 1706255 1706256 0003592 1412134 1515941 1518422 0700364 1883351 0023884 0205369 0736268 1278929 1552740 2346688 1705535 0086860 0205410 2713393
 0023884 0736268 1278929 2346688 1882932 0178784 0441889 0006104 0442726 1269537 1511790 0024400 0021358 0026447 0039597 1515981 0023911 0040746 0023884 0040732 0233535 0332835 0736268 1278929 2346688 0086418 0681850 1550501 1706203 2349001 2697811 0597298 1709854 0031437 1285572
 1412134 1515941 0031843 0542341 0700205 1705273 0205171 0442808 1720467 3244092 0185117 0441889 0456079 1547707 2946261 0086860
 1707959 0023884 0205369 0736268 1278929 1552740 2346688 0013879 1412481 0003595 1445865 0003591 0017337 0150312 2713393 0017446 0205054 0205147 0243148 1550141 1882979 2587213 3274648
 0237753 0449788 1948052 0205309 1883351 0332298 0013879 0040649 0205157 0443203 1550013 2587213 1158770 1883310 0949639 0040649 0205145 0439659
 0031843 0542341 0700205 1705273 0017428 0205307 0220825 0439166 0449255 0542559 0887950 2347086 1515655
 0439659 0025936 0003069 0025914 0025929 0026809 0017446 0205147 0206665 0872017 0008633 0036025 0043392 0043393 0717551 2004457
 0178693 0681850 1550501 1706203 2349001 2697811 0032529 0220908 1305399 1705053 0026882 1547282 1883351 1280500 2348382 0185117 0003592
 0205245 0243161 0542341 1527178 1705938 2700217 1515981 1707455 0004793 0162326 0162327 1519249 0600472 0013879 1521970 1706388 2346469 2348519 0392148
 0332120 0333051 2347509 1511726 3245479 1280500 2348382 0032136
 0029016 0205435 1279901 0030391 0005595 0023440 0042776 0319157 2700511 1880355 2700640 0040648 0040649 1521761 2827422
 1948052 0205309 0015576 1704727 0040648 0040649 1521761 2827422 1883525 2346866 0040287 1332838 0017337
 1707959 1705224 0017337 0023884 0736268 1278929 2346688 0332256 2700400 0005456 0682969 0205145 0243122 1145667 1167622 1515974 2825164 0040648 0960756 0040649 0439849 0445223 0851285 1521761 2827422 1414906 0227525
 0947630 0027552 0686904 1883351 2986669 0680022 2698041 0015576 1704727 2603362 1273518 1412134 1515941 0227525
 0812201 0919488 0033684 0684224 0700287 3496591 1883351 0079613 0040648 0040649 1521761 2827422 0332257 0851285 1327622 0521026 0017337
 0005456 0682969 0205145 0243122 1145667 1167622 1515974 2825164 0205224 1511726 3245479 0005456 0040648 0040649 1521761 2827422 0003592 0314627 0017337 0031843 0086222 0542341 0700205 1705273 1880177 2698651
 1412134 1515941 0600680 0004793 0017446 0162326 0162327 0205132 0205147 1519249 1550648 1552960 2982691 0003592 0017263 0017337 0205170 0851285 1327622 3146287
 0205341 1705914 2700400 0017429 0526789 0017428 0086418 0750572 2338314
 1882932 0013879 0205171 1720467 0750572 0013879 2698977 0035380 0040649 1555029 0035668 0205103 1550465 2827755
 0004793 0162326 0162327 1519249 0700364 1883351 0443225 1444754 1706316
 1518422 1550543 0243161 0332256 2700400 0242611 0009221 1095825
 0680022 2698041 0205393 0013879
 1299582 0009219 0033684 0205177 0425245 0449580 0805701 1511726 3245479 0600472 0013879 1705248 2698977 0012940 0017262 0185117
 1441414 1553874 1578820 0025723 1159269 1883644 0017446 0205147 0162326 0521102 0185117
 2347112 0025723 1159269 0012940 1148673
 0005862 0012906 0014442 0014445 0443288 0003592 0600472 0079429 0441088 0013879 0017337 0182400 0441918 1179698 1416177 1704681 1705248 2347609 3536729 0056912 0012476 0205145 1515974 2825164 1511726 3245479 1518422 1547282
 0332290 0205145 1515974 2825164
 0007320 0868928 1533148 0004793 0162326 0162327 1519249 0017473 1257909 0007634 2986476 3282337 0017337 0012634
 0376554 1707959 0079613 0017262 0185117
 1707959 0445604 0150312 1883351 0034804 1414461 1521863 0920644 0014939 0031843 0086222 0542341 0597357 0700205 0851827 1701901 1705273 2936882 3244310
 0600472 0013879 0013879 0017337 0231435 0243148 1550141 1552449 1882979 2587213 3274648 0015219 0024660 0018896 1552861 1883351 0243148 1550141 1882979 2587213 3274648 0017262 0185117
 2825232 0035168 0242481 0449719 1521721 1709471 0015770 0027468 0018684 0021622 3245503 1510825 1696107 0002458 0016617
 0010186 0220812 0449719 1709471 0220808 0680264 0007961
 1706852 0522501 1706089 0949214
 0205155 1293097 1522472 1552923 1705191
 0282413 0376649 1442065 0683939 0205099 0036375 0013126 0254343 0796520 3272379

 0085205 1549619 1880669
 0013849 1705961 0024492 1538057 1547565 0059804 0000723 1273517 0065058 0037943 0228341 2239920 0065058 0125953 1096202 0023820
 0003592 0003592 0003591
 0872184 0521447 1521761 2827422
 0582519 1709450
 0600436 0002055 0178499 1709450 1880279
 0032520 0677874 0032520 0337112 0443286 1114821 1335439 1524075
 1412134 1515941 0017446 0205147
 0441918 1179698 1416177 0013879 0205132 1550648 1552960 1705248
 0887889 0008641 0872017 0008633 0521009 2004457 0887889 0008641 0872017 0008633 0521009 2004457

 1551730 0252873 0086792 0009452
 1514811 1706462 0557061 2584313 1514811 1706462
 0439267 0439394 1706495 3642217


 0439394 1706495 3642217
 0369773 2603361
 0016327 0439133 1553038

 2346751 0369637 0441923
 0025141 0439267 0033727 0369286 0441932 0564385



 0025141
 0439267
 0369637 0441923

 1315013

 0025141 0439267
 0036397 0025141



 0999213
 0439267

 0205090 0684010 2603358
 0369637 0441923
 0349590 1262865 0025141 1553033
 1553033 0033727 0369286 0441932 0564385
 0033727 0369286 0441932 0564385

 0027960 0324740 0439189 1456781 1824986
 0325074
 0740116 2827735 2981700 0000857 0600678 1552863 0369773 2603361
 2347469
 0205090 0684010 2603358 2603360
 2603362
 1418943

 0268596 2700624
 3642273
 0041703
 0000857 0600678 1552863 0331865 0439394 1706495 3642217
 0439267

 0439267

 0016327 0439133 1553038
 0349590 1262865 0025141 0597277 1708601
 1511325
 0205090 0684010 2603358
 0439394 1706495 3642217
 0349590 1262865 0025141
 0369773 2603361
 0205090 0684010 2603358
 0205090 0684010 2603358


 0349590 1262865 0025141 0205090 0684010 2603358

 0439394 1706495 3642217
 0252873





 0201682
 0205090 0684010 2603358

 0369773 2603361 0181107 0205090 0684010 2603358
 0439267
 0439267 0252873
 0369637 0441923
 0349590 1262865 0025141 2603360

 0369637 0441923
 2347469 0205090 0684010 2603358
 2347469



 2827734 2981698 0025141
 0861352 1553033 0439267 0033727 0369286 0441932 0564385
 0033727 0369286 0441932 0564385

 1315013

 0439083 0439087 0025141
 0006463 0556636 1269776 0205090 0684010 2603358


 0021966 0221138

 0325074
 0033727 0369286 0441932 0564385
 0439267 0033727 0369286 0441932 0564385
 1553033 0439267

 0325074
 0439083 0439087 0025141 0439267 0033727 0369286 0441932 0564385 0033727 0369286 0441932 0564385 1826521 0033727 0369286 0441932 0564385 0439267

 1315013

 0025141 0007457 0043157 0220938


 0205090 0684010 2603358



 0201682

 0439267 0033727 0369286 0441932 0564385
 0033727 0369286 0441932 0564385

 1315013

 0025141
 0016327 0439133 1553038
 0597277 1708601 2347469
 0439394 1706495 3642217

 1315013

 0025141 0369718 0441922 1553036 1511325
 0439394 1706495 3642217

 1315013

 0025141 0439394 1706495 3642217
 0033727 0369286 0441932 0564385 0205090 0684010 2603358
 2347469
 0439394 1706495 3642217

 0027960 0324740 0439189 1456781 1824986
 0325074

 0369637 0441923
 1193341 1265488 0439267

 0439394 1706495 3642217


 0201682 0369637 0441923

 0205090 0684010 2603358
 0369637 0441923
 0005477 0025141
 0369773 2603361 2347469
 0597277 1708601
 0597277 1708601
 0004153 0025141 0369718 0441922 1553036 1511325
 0439394 1706495 3642217


 0201682

 0369773 2603361 0439267
 0205090 0684010 2603358
 0369637 0441923


 0201682
 0369773 2603361 0369718 0441922 1553036 0016327 0439133 1553038 0205090 0684010 2603358

 0027960 0324740 0439189 1456781 1824986
 0325074
 0439086 2827736 2981702 0000857 0600678 1552863
 0597277 1708601 0597277 1708601

 0016327 0439133 1553038 0205090 0684010 2603358
 0369637 0441923


 0000857 0600678 1552863 0439267

 0027960 0324740 0439189 1456781 1824986
 0007634 1269647 1704653 1948049

 0025141 0335076 0369637 0441923
 0016327 0439133 1553038
 0369773 2603361 0439267
 0205090 0684010 2603358

 0017337
 0025141
 0016327 0439133 1553038 2347469
 1553033 0439114 2758676 2347469 2603360 0369773 2603361 0554249 0597277 1708601
 0439394 1706495 3642217
 0887950 0025141 0369637 0441923

 0033727 0369286 0441932 0564385
 0007457 0043157 0220938 2603360

 0442711
 2945617 0027976
 0369773 2603361
 0033727 0369286 0441932 0564385 0033727 0369286 0441932 0564385 0450955

 0027960 0324740 0439189 1456781 1824986
 0007634 1269647 1704653 1948049

 0000857 0600678 1552863
 0597277 1708601
 0369773 2603361 2945617



 0439086 2827736 2981702 0000857 0600678 1552863 0439267 0439267 0205090 0684010 2603358 0205090 0684010 2603358



 0000857 0600678 1552863 0369773 2603361 0205090 0684010 2603358


 2347379

 0025141


 0369637 0441923
 2347469


 0000857 0600678 1552863 1706917 0205090 0684010 2603358
 0036397 0025141 0007294 0560175 1706209 3273162 0597277 1708601
 0205090 0684010 2603358 0016327 0439133 1553038
 0205090 0684010 2603358 0205090 0684010 2603358
 0007634 1269647 1704653 1948049 0025141

 0205090 0684010 2603358
 0369637 0441923


 0201682
 0033727 0369286 0441932 0564385
 0439267 0033727 0369286 0441932 0564385
 0016327 0439133 1553038 0439267

 1315013

 0025141
 0369718 0441922 1553036 2603362

 0369637 0441923


 0201682
 0369718 0441922 1553036 0597277 1708601 1511325
 0439394 1706495 3642217

 2347379
 0000857 0600678 1552863 0033727 0369286 0441932 0564385 0597277 1708601 0597277 1708601 0369637 0441923


 0201682
 2603360 0369718 0441922 1553036 2603360 0016327 0439133 1553038 0439267
 0349590 1262865 0025141 2603360 0033727 0369286 0441932 0564385 0369718 0441922 1553036 2603362


 0201682

 0597277 1708601
 0597277 1708601

 0369718 0441922 1553036


 0201682
 0028778 0332206 1533157 1706084 2828370 0597277 1708601
 0369637 0441923
 0005767 0005768 0229664
 2347469
 2945650
 0369637 0441923
 2603360
 0369773 2603361 0205090 0684010 2603358
 0439267
 0033727 0369286 0441932 0564385
 0033727 0369286 0441932 0564385 1708595 3280986

 0325074 0025141 0441039 2603360
 0439267 0335076 0369637 0441923
 0016327 0439133 1553038
 0027960 0324740 0439189 1456781 1824986
 0007634 1269647 1704653 1948049

 0025141 0597277 1708601 1207167
 0017337
 0025141 0450955 0033727 0369286 0441932 0564385 0454812 0597277 1708601 0205090 0684010 2603358 0205090 0684010 2603358
 0027960 0324740 0439189 1456781 1824986
 0007634 1269647 1704653 1948049

 0000857 0600678 1552863 0033727 0369286 0441932 0564385
 0033727 0369286 0441932 0564385 1553033 0033727 0369286 0441932 0564385
 0016327 0439133 1553038
 0439267 2603362

 0349590 1262865 0025141 0369718 0441922 1553036 0033727 0369286 0441932 0564385 0205090 0684010 2603358 0033727 0369286 0441932 0564385 0369637 0441923

 1315013

 0025141 2603362
 2347469


 0033727 0369286 0441932 0564385
 0033727 0369286 0441932 0564385 1708595 3280986

 0325074
 0025141 2347469 0369773 2603361
 0439267 1710133 2347469

 0052575 1422002 2603362
 0369637 0441923
 0349590 1262865 0439083 0439087 0025141 2681565 0021966 0221138 0597277 1708601
 2347469
 2347379
 0000857 0600678 1552863 0441039 1705854 3540815 1553033 0522501
 0205090 0684010 2603358 0369773 2603361
 1551769 0205090 0684010 2603358

 0369773 2603361

 0369773 2603361


 0201682
 0009993 0037455 0596070 1552856 0005477 0026376 0005532 1521991