 0220781 1883254 0243126
 0597277 1708601
 0369637 0441923
 2603362


 0439394 1706495 3642217
 0016327 0439133 1553038
 0369637 0441923


 0369637 0441923

 0683939 0205099 0041740 0022341 0022877 1619828 0442650 0035168 0242481 1551807 0205099 0442650 1514756
 1527075 1272684 1548435 0000857 0600678 1552863 0220781 1883254 1709285 0243126 0330390 0439096 2004068 0439086 2827736 2981702 0439084 0728893 0740116 2827735 2981700 1552738
 0439084 0728893 0871133 0146894 1179691 0140662 0035681 1522427 0042010 0442504 1704765 1882509 3496241 0010734 0442504 1420150 1704765 1882509 3496241
 1709915 1882936 1519595 0080238 0369499 1299987 0559956 1519595 1521970 3645613 0039476 0599882 2348205 1883073 2827424 0008813
 1519595 0030956 0523452 1145667 1167622 0332462 1880834 0441994 1272755 2003888 0013682 1883559 0017446 0205147 0205342 0332307 0445392 1547052 1707455 1879547 2826298
 0178499 1626935 0034140 0205307 0220903 0439166 2347086 0001407 0018321 0034289 0040087 0041917 0010715 0522498 2346714 1515981 0035711 0035668 0040671 1705822
 0680220 1274040 1546471 2825142 0014442 0014445
 0035820 1705810 0522498 1516050 1552601 0392747 1554963 0679201 2347858 3245504
 0243071 0021135 1533691 2827718 1999230 1515926
 0947630 0146894 2827734 2981698 0349966 1337208 0035681 0085493 0025966 2827734 2981698 0206389 0330390 0439096 2004068 1335439 0035668 0012854 0740116 2827735 2981700
 1883712 0596072 0441833 0687744 1257890 1552516 1705428 1705429 0392747 0004792 0456603 1547037
 0597557 0600436 0002055 0178499 1709450 1880279 0018321
 1547014 1948059 0651614 1690540 3484384 0444706 3541902 1947971 0456603 1547037 0309049 0348078 0376315 1522492 2827734 2981698 0043047 0599638 1550678 0439084 0728893 0243071 0034289 0205296
 0700307 0063146 0441833 0687744 1257890 1552516 1705428 1705429 0425382 0026377
 0348078 0376315 1522492 0020276 0521102 0600436 0030209 0002055 0020275 0028758 0178499 0523702 0885426 1709450 1880279 3476816 0332120
 1883351 1707494 0700307 0063146 0441833 0687744 1257890 1552516 1705428 1705429 0035546 0332256 2700400 0521164 1260969 1705184 1880782 0740116 2827735 2981700 0349966 1337208 0205198 1706082 0443343 1883468 0683607 0439836 0439084 0728893 0871133 0146894
 0080194 0456178 1518614 2987481 0010813 0596311 1330957 1274040 1546471 2825142 0443286 1114821
 0740116 2827735 2981700 0871133 0332256 2700400 0521164 1260969 1705184 1883351 0205360 1547311
 0871161 1292721 0439084 0728893 0871133 0146894 0557651 2603343
 0035546 0330390 0439096 2004068 0439086 2827736 2981702 0439084 0728893 0740116 2827735 2981700 0205447 1538326 3541325 1948052 0013153 0449444 1879941 0392747 1552738 0871133 0146894
 0243126 0035681 0206382 0004651 1179691 0450548 1422729 0332128
 0871161 1292721 0216991 0035681 2984241 0035668 1335439 1524063 0010734 1420150 1292732

 0026377 0871133 0146894
 0600436 0002055 0178499 1880279 1709450 0001443 0018330
 1553033 0011164 0035546 0678594 1880269
 0520510 0024485 0028580 1883073 2827424 1301820 0024485 0028580 1883073 2827424
 0024485 0028580 1883073 2827424 0012403 1301820 1332648 1332673
 0024485 0028580 1883073 2827424 0031700 0031702 1161325 0001128 0031705 0202406 1706462
 0037813 0577559 1306372 3152252 1883073 2827424 1518101 0039685 0183395 0282597 1710143 1825291 2348791 0034869 0596963 0439095 2003941 2350010 0001128 0202406 2827734 2981698 2827734 2981698 0040982 0001128 0202406
 1883073 2827424 0183400 0926407 1706314 1720314 3539736 0034869 0007634 0036572 0424576 1269647 1704653 1948049 2349186 0370003 2347026 0001963 0599956 1549535
 0206243 0699809 0439787 0849355 0332152 0740175 1522408 2257086 1139930 0684296 0008550 1185738 1706132
 0443286 1114821 0750430 0043227 0332283 1719822 0015252 0728940 1514468 1704444 0008238 1549535 2987686 0074722 3255993 0005367 0037473 0037633 0525069 0597484 0599956 0973231 1548982 2722820
 1264633 0074769 0037473 0038720 0475337 0597484 1512080 2827485 3536965
 0023866 0025664 0034036 0184661 0680240 2700391 1521827
 1883708 0871133 0439086 2827736 2981702 0871133 0439084 0728893 0871133 0041175 0077281 0814229 0754515 1367342 1705316 1527240 1552738 0740116 2827735 2981700 0871133 0439086 2827736 2981702 0871133 0439084 0728893 0871133 0814229 0754515 1367342 1705316 0439084 0728893 0740116 2827735 2981700 0041984 0439084 0728893
 0037633 0525069 0740116 2827735 2981700 0871133 0439086 2827736 2981702 0871133 0439084 0728893 0871133 0814229 0754515 1367342 1705316 0439267 0439190 0439526 1524062 0097258 0030015 2986642 0439267 0439190 0332283 0032821 0597277 0439269 1960952 2346927 3642199 0439445 0439526
 0037633 0525069 1883708 2348236 0005903 0039476 0439583 1547703 1883171 0037638 0849355
 1514468 1704444 0750430 0043227 1552738 1883708 0302647 1883351 1947971 0280592 0991510
 0439267
 0439097 1705241 3146239 3538806 3540585 0369637 0441923
 1442448 0369637 0441923 0369637 0441923 0439086 2827736 2981702 0439086 0450355 2827736 2981702 1292425 0369637 0441923 0439086 0450382 2827736 2981702 1442460 0369637 0441923 0439086 0450387 2827736 2981702 1292425 0369637 0441923 3538895 0871133 3538895 0871133 0871133 0439086 2827736 2981702 1442450 0369637 0441923 0919509 1419394 0871133 1442450 2603360 0871133 1442450 0369637 0441923 0871133 1442450 2603360 0220853 1442450 0073187 0220853 0439084 0728893 1442450 2603360 0439482 0871133 1442450 0073187 0439482 1515149 0073186 1415622 0439509 1442450 2603362 0268059
 0041625 0926407 1706314 1720314 1961129 3539736
 0926407 1706314 1720314 3539736 0702093
 0597484 1272460 0597277 1708601
 0740116 2827735 2981700 0439086 2827736 2981702 0871133 0439084 0728893 0871133 0814229 0754515 1367342 1705316 0439084 0728893 0041984
 0017945 0439084 0728893 0439267 0439190 0012501 0044018 1549535 0439526 2827854 0439190 0043047 0599638 1550678 0439526 2827854 0439190 1524062
 1883708 1524062 0037633 0525069 0439267 0439190 0439526 2827854 0439190 0037633 0525069 2348236 0005903 0039476 1547703 1883171 0011744 0033727 0369286 0441932 0564385 0450346
 0037633 0525069 1880165 1883708 0750430 0043227 3538928 1947971 0001992
 0439526 1549535 0074728 0006029 0037473 0597484 0439267 0444499 0439190 1524062 0332283 0043047 0599638 1550678 0439526 0037633 0525069 2348236 0005903 0039476 1547703 1883171 0700308 0033727 0369286 0441932 0564385
 0443286 1114821 0000983 0000985 0001128 0202406 0981805 0037633 0525069 1514468 1704444 0750430 0043227 3538928 0302647 1883351 1947971 0280592 0991510
 0439267 0442758 0017945 0439086 0439267 2827736 2981702
 0439097 1705241 3146239 3538806 3540585 0369637 0441923
 1442448 0369637 0441923 0439083 0439087 0369637 0441923 0439086 2827736 2981702 0740116 2827735 2981700 1292425 0369637 0441923 0442764 0439086 2827736 2981702 1292425 0369637 0441923 0439086 0450388 2827736 2981702 1292425 0369637 0441923 3538895 0871133 3538895 0871133 0871133 0439086 2827736 2981702 1442450 0919509 1419394 0871133 1442450 0369637 0441923 0871133 0450334 1442450 0369637 0441923 0871133 1442450 2603360 0220853 0439084 0728893 1442450 0073187 0439482 0871133 0439509 1442450 2603362 0073186 1415622 0439509 1442450 2603362 0268059
 0041625 0926407 1706314 1720314 1961129 3539736
 0926407 1706314 1720314 3539736 0702093
 0597484 1272460 0597277 1708601
 0740116 2827735 2981700 0871133 0439086 2827736 2981702 0871133 0439084 0728893 0871133 0814229 0754515 1367342 1705316 0439084 0728893 0041984
 0037633 0525069 0001962 0001975 0439267 0347982 2827854 0439190 1524062 0077257 0070813 0439267 0439190 0068048 0439267 0439190 0439267 0439190 0037633 0525069 2348236 0005903 0039476 0439583 1547703 1883171
 0037633 0525069 1883708 0750430 0043227 1552738 1883708 0302647 1720725 1948050 1883351 1947971 0280592 0991510
 0439267
 0439097 1705241 3146239 3538806 3540585 0369637 0441923
 1442448 0369637 0441923 0369637 0441923 0439086 2827736 2981702 0450389 0740116 2827735 2981700 1292425 0369637 0441923 0442765 0439086 0450388 2827736 2981702 1292425 0369637 0441923 0439083 0439086 0439087 2827736 2981702 1442460 0369637 0441923 0919509 1419394 0871133 3538895 0871133 3538895 0871133 0871133 1442450 0871133 1442450 0369637 0441923 0871133 0439084 0728893 1442450 0073187 0439482 0871133 1442450 2603362 0073186 1415622 1292426 0369637 0441923 0020283 0450407 0450408 0450409 1442450 2603362 0268059
 0041625 0926407 1706314 1720314 1961129 3539736
 0926407 1706314 1720314 3539736 0702093
 0597484 1272460 0597277 1708601
 2827734 2981698 0740116 2827735 2981700 0439086 2827736 2981702 0871133 0439084 0728893 0871133 0814229 0754515 1367342 1705316 0330390 0439096 2004068 0450367 0205447 1442450
 0037633 0525069 2827734 2981698 0740116 2827735 2981700 0040880 0439267 0439190 0439526 1524062 0070936 0031705 0080014 0439526 0439190 0037633 0525069 1883171 0702093
 0077096 0439526 0439190 0037633 0525069 0702093 1517331
 0037633 0525069 1883708 1524062 0037633 0525069 0871133 0439086 2827736 2981702 0871133 0439084 0728893 0871133 0814229 0754515 1367342 1705316 0439084 0728893 0041984 0439267 0442759 0439190 0439526 0037633 0525069 2348236 0005903 0039476 0439583 1547703 1883171 1514468 1704444 0035448 0201660 0748398
 0037633 0525069 0750430 0043227 1552738 1883708 0302647 1883351 1947971 0280592 0991510
 0439267
 0439097 1705241 3146239 3538806 3540585 0369637 0441923
 1442448 0369637 0441923 0369637 0441923 0439086 2827736 2981702 0439086 0450348 2827736 2981702 1292425 0369637 0441923 0439086 2827736 2981702 1292425 0369637 0441923 0442757 0439086 2827736 2981702 1442450 0369637 0441923 0919509 1419394 0871133 1442450 0871133 1292425 0369637 0441923 3538895 0871133 3538895 0871133 0871133 0439509 1442450 0369637 0441923 0871133 0439084 0728893 1442450 0073187 0439482 0871133 1442467 0369637 0441923 0073186 1415622 0020283 0450407 0450408 0450409 1442450 2603362 0558269 1552984 1442450 2603362 0558269 1552984

 0020283 0450407 0450408 0450409 0926407 1706314 1720314 3539736
 0033727 0369286 0441932 0564385 0597484 1272460 0597277 1708601
 0740116 2827735 2981700 0871133 0439086 2827736 2981702 0871133 0439084 0728893 0871133 0814229 0754515 1367342 1705316 0330390 0439096 2004068 0439086 2827736 2981702 0439084 0728893 0740116 2827735 2981700 0205447
 0040880 0439267 0439190 0002607 0012501 0044018 0522534 1095824 1705188 1549535 0439526 0037633 0525069 2348236 0005903 0039476 0439583 1547703 1883171
 0037633 0525069 0302647 1883351 1947971 0280592 0991510
 0439267
 0439097 1705241 3146239 3538806 3540585 0369637 0441923
 1442448 0369637 0441923 0369637 0441923 0439086 2827736 2981702 0439086 0450355 2827736 2981702 1292425 0369637 0441923 0439086 2827736 2981702 1292425 0369637 0441923 3538895 0871133 3538895 0871133 0871133 0439086 2827736 2981702 1442460 0369637 0441923 0919509 1419394 0871133 0442757 0439086 2827736 2981702 1442450 0369637 0441923 0871133 1442450 0369637 0441923 0871133 0439084 0728893 1442450 0073187 0439482 0871133 1442450 2603362 0073186 1415622 1442450 2603362 0268059

 0926407 1706314 1720314 3539736 0312860 0702093
 1412290 0020283 0450407 0450408 0450409 0926407 1706314 1720314 3539736
 0020283 0450407 0450408 0450409 0926407 1706314 1720314 3539736
 0597484 1272460
 0330390 0439096 2004068 0439086 2827736 2981702 0439084 0728893 0740116 2827735 2981700 0205447
 1514468 1704444 0439267 0439190 0001963 1549535 0439526 0051717 0016327 0439267 0439190 1524062 1883708 0037633 0525069 0439583 0018837
 0037638 0849355 0302647 1883351 1947971 0205208 0302909 1378566
 0439267
 0439097 1705241 3146239 3538806 3540585 0369637 0441923
 0439086 2827736 2981702 1292425 0073187 0439482 0439086 2827736 2981702 1292425 0369637 0441923 3538895 0871133 3538895 0871133 0871133 0439086 2827736 2981702 1442450 0369637 0441923 0919509 1419394 0871133 0439086 2827736 2981702 1292425 2603360 0439482 0439073 0439082 0439086 2827736 2981702 1292425 0369637 0441923 0871133 0871133 0450367 1292425 0369637 0441923 0220853 0439084 0728893 1442450 0073187 0220853 0439084 0728893 1442450 0073187 0439482 0871133 1442450 2603362 0073186 1415622 1442450 2603362 0268059
 0926407 1706314 1720314 3539736 0702093
 1412290 0020283 0450407 0450408 0450409 0926407 1706314 1720314 3539736
 0020283 0450407 0450408 0450409 0926407 1706314 1720314 3539736
 0450346 0740116 2827735 2981700
 0926407 1706314 1720314 3539736
 1412290 0020283 0450407 0450408 0450409 0926407 1706314 1720314 3539736
 0020283 0450407 0450408 0450409 0926407 1706314 1720314 3539736
 0033727 0369286 0441932 0564385 0597484 1272460
 0330390 0439096 2004068 0439086 2827736 2981702 0439084 0728893 0740116 2827735 2981700 0205447 0871133 0146894
 0037633 0525069 0028621 0439269 1960952 2346927 0439190 0439526 0444499 0077094 0031603 0031701 1601799 0439526 1524062 0070936 0008203 0596019 0439190 0443286 1114821 1883171 0041119 0033727 0369286 0441932 0564385
 0037633 0525069 0034320 3252566 0439526 1440942 0369637 0441923 0077023 0439526 0037633 0525069 1883171 0702093 0443286 1114821 0205197 0725685
 0443286 1114821 0621573 0439526 0369637 0441923 0020283 0450407 0450408 0450409 1883708 1512080
 1514468 1704444 0043047 0439526 0599638 1550678 1549535 0003075 0006353 0008562 0678640 1998793 0043047 0599638 1550678 0444499 1440942 0126577 0006353 0020283 0369637 0441923 0450407 0450408 0450409 0621573 1517331 1883708 1335539 0008562 0205390 1538326 1555029 1998793 3541325 0621573 0621573 0050456
 0027960 0324740 0439189 1456781 1824986 0037633 0525069 0043047 0599638 1550678
 0439097 1705241 3146239 3538806 3540585 0369637 0441923
 0439097 1705241 3146239 3538806 3540585 0450389 0073187 0017011 1552644 2349976 0369773 2603361 0073187 0439095 2003941 2350010 0369773 2603361 0450348 2603360 0330390 0439096 2004068 0369773 2603361
 0033727 0369286 0441932 0564385
 0681814 0599882 0599156 2700061 0312860 0444706 3541902 0074757 0031603 0031701 0037473 0597484 1601799 1882074 0020283 0450407 0450408 0450409 0369637 0441923
 1268822 2825050 0005903 0039476 0018851 1301820 0678568 0871208 1521828 0599156 2700061 0145779 3540468 0205435 0443199 1279901 1705242 0205134 0806909 1552615 2826546 0743559 1608199
 1441506 0206243 0699809 0439787 0849355 1552738
 0206243 0699809 0183395 0439787 0849355 1710143
 1511726 3245479 0312860 1272706 1516695 1516698 0242485 0206243 0699809 0439787 0849355 0312860
 0205451 0600140 1510992 2825518 0439739 1948044
 0370003 2347026 0028953 0086045 1446561 1706688 1521827 0074757 0444499 0031603 0031701 0037473 0597484 1601799 1882074 0020283 0450407 0450408 0450409 0006353 0919386 1444754 1705483 1706316
 0243126 0005507 0243073 1510438 0206243 0699809 0439787 0849355 1524063 0449913 1553451 1704459 0072149 1524063 0450548 1422729 0052908 0035681 1524063 0049896 0728990 1514575 1705542 1883676 0072149
 0443286 1114821 0206243 0699809 0302828 0439787 0680240 0849355 1442085 3263700
 1524063 0010734 0442504 1273517 1420150 1704765 1882509 3496241 0042010 1515981 0086045
 1514468 1706746 0017243 0036681 0086972 0443299 0687118 0332256 2700400 0019873 0006222 0015008 0041625 0023693 1306462 1881376 1961129
 0610536 0032136
 0032136 0004793 0162326 0162327 1519249 1947931 0086860
 0032136 0011516 0868946 0443286 1114821
 1519595 3146294 1524063 0449913 1553451 1704459 0072149 0175659 0220781 0349674 0449913 0549177 1553451 1704459 1883254 1947916 3536777 0072149
 0439962 0332256 2700400 1882074 0020283 0450407 0450408 0450409 0024472 0037871 0037494 1959973 0012789 0012854 0216991 0035681 2984241 0035668 1335439 0439095 2003941 2350010 1553631 0018353 0700308 0033727 0369286 0441932 0564385 1439852
 1524063 0042010 1273517 0010734 1420150 0086045 1446561 0443286 1114821 0086045 1446561
 1514468 0086972 0443299 0687118 1524063 0071500 0017243 0071499 0332256 2700400 0041942 0700308 0033727 0369286 0441932 0564385
 0439962 0332256 2700400 0071767 1882074 0020283 0450407 0450408 0450409 0024472 0037871 0012789 0012854 0037633 0525069
 0220781 1883254 0206243 0699809 0439787 0849355 1524063
 0439962 1439852 0033727 0369286 0441932 0564385
 1514468 0086972 0443299 0687118 1524063 0071500 0017243 0071499 0332256 2700400 0041942 0011744 0033727 0369286 0441932 0564385 0450346
 1519595 0004400 0041625 1961129 0085195 0600111 0700321 0220781 1883254
 0175723 0439645 1521913 0000925 0439787 0849355 1883724 0035668 0051704 0444499 1418486 1440942 1831960 0000975 0002611 0013618 0185115 0369637 0441923 3541890
 2828366 1883708 1524063 1185738 1706132 0331955
 0012238 2349986 0206243 0699809 0439787 0849355 1552738 0028621 0008562 0086972 0443299 0687118 1185738 1706132
 0206243 0699809 0025663 0025664 0439787 0449851 0680240 0849355 1552738
 1552616 1706244 0369637 0441923
 0439095 2003941 2350010 1553631 0018353 0181496 2827499 0035668 1552738 1521827 1524063 1979886 2348236 0005903 0039476 1439852 1547703 0702093 0086045 0030956 0312860 0041175 0077281 0814229 1882074 0020283 0450407 0450408 0450409 0332256 2700400 0146951 0133689 0242759 0012789
 0439962 0086972 0443299 0687118 0700308 0033727 0369286 0441932 0564385 0332256 2700400 0146951 0133689 0242759
 0175723 0274281 0332157 0439583 0086296 1561571 1561572
 2986957 0441633 1524063 0596957 0034606 0441633
 1274040 1546471 2825142 0220781 1883254 1538326 3541325 1547282
 0008203 0596019 1947971
 1883708 0138028 0030015 2986642 0332283 0010813 0074745 0596311 1330957 0001992
 0443286 1114821 1280519 1704419 1524063 0043047 0599638 1550678 0043047 0599638 1550678 0443286 1114821 1301820 1524063 0043047 0599638 1550678
 0001992 1518422 0205409 1548221 0001962 0001975 0205548 0301630 0392756 0441610 0074728 0006029 0037473 0597484
 1883708 0243071 2348205 1552738 0443286 1114821 0001962 0001975 0068048 0185003 1521802 1524063 0002607 1095824
 1527240 1524063 0051717 0016327 1947971 0028621
 1883708 0871133 1527240

 0220781 1883254

 0439070 1705160

 1423644 0740116 2827735 2981700 0039400
 0201879
 0445385
 1883351 0220908 0243071 0243126 1305399 1705053 0035668 0035681 1216705 0450548 1422729 1179691 0728990 1514575 1705542 0072149 1273517
 0042010 0010734 1420150 1299987 0559956 0443286 1114821
 0740116 2827735 2981700 0871133 0146894 1275573 0443286 1114821
 0084795 3539814 0045191 1299987 0559956
 0146894 0728990 1514575 1515981 1705542 0075813 1335439 0602392 2603360
 0020202 1300517 0600436 0002055 0178499 1709450 1880279 0205163 0439185 1709450 0750482 0439267 1707455 1709450
 1524063 1335439 1514468 0205431 1273517 1883351 1554078 0010734 1420150 1514468 1704444 1301820
 0441994 1548802 2003888 1524063 0349966 1337208 0086045 1446561 0205217 0442805 0332462 1880834 1707455 0146894 0184511 0332272 1561611
 0216991 0035681 2984241 0035668 1335439 0332272 0042010 0442504 1704765 1882509 3496241 0017446 0042789 0205147 0205342 1519595 1879547 1947903 2826298 0349966 1337208 0140145 1332102 1425988 0439086 2827736 2981702
 1179691 0450548 1422729 1547282 0558295 1549513 0010734 1420150

 0013856 0596607 1706746 1524063 0728990 1514575 1705542 0072149
 1514468 1301820 1524063 0162571 1179691 0450548 1422729 1547282
 1708639 0042010 1883712 0445247 0086045 1446561 0034869
 1519595 1524063 1554078 0042010 0205091 1552822 0010734 1420150 0146894
 1547282 0017243 1382104 0456693 1442458 0086296 0702093 1561571 1561572 0011744 0033727 0369286 0441932 0564385 1515981 0205397 1273517 1883351 1554078 0146894
 1158770 0851285 1327622 1514661 0332298 0872079 0038164 1707503 0033684 0035668 0205555 1704211 1704675 2587213 0282443 1552617 0042789 1947903
 0080238 0017446 0205147 0949639 0019704 2945843 0019682 0019699 0040649 0205145 0205548 0439659 0522506 1515974 2825164 0733755 1158830 0040649 0205548 0589507 1704686 0086860
 0017446 0205147 0205309 1883351 0348078 0376315 1522492 0242767 0419518 0445022 1186763 0038999 0349966 1337208
 0035668 0040627 0039341 0522527 0033684 0205369 0332297 1145667 1167622 1689898 2349209 2826298
 0023175 0181586 0442805 1442948 1522538 2348269 3275067 0017262 0017337 0185117
 1704675 0205369 1552740 0026882 0038999 1515981 0243122 1145667 1167622 0162493 1879547 2826298 0450348
 0243122 1145667 1167622 0017446 0205147 0026882 0205216 0392756 0439267 0442797 0610536 1705285
 0030956 0523452 0332256 2700400 0444669 1167518 1706352 1882467 3274653 0017446 0205147 1547282 1883351 0015272 0037791 1511884 0450348

 0039476 0599882 1883559 0332307 0445392 1547052 0026882 0439267 0596988 0610536 1705285 0332197 1689985 0392148 0042010
 1547282 0678594 1709915 1882936 1547282 0733755 0205309 0369773 2603361
 1883559 0332307 0445392 1547052 0017446 0026882 0205147 0205342 0439267 0610536 1519595 1705285 1879547 2826298 1881534 1524063 1335439 1516048 0013682 0042010 0010734 1420150
 0040649 0206243 0699809 0439787 0849355 1524063 1554078 0042010 1519595 1301820
 0010734 1420150 0522501 0392756 0349966 1337208 1519595 0017243 0010734 1420150 0042010 1299987 0559956
 0392360 1514468 1704444 0035668 0678594 1999230 0681841
 1705175 1705176 1705177 1705178 1882348 1519595 0443286 1114821 0206243 0699809 0439787 0849355
 0035668 1547282 1883351 0015967 0563594 0005903 0039476 0599882 0037494 0008203 0037473 0596019 0597484 1707520 2607943 2926606 3539655 0310365 0145779 3540468
 1519595 0332256 2700400 0015967 0563594 0005903 0039476 0599882
 0600436 0378444 0002055 0178499 1709450 1880279 0205360 1547311 0600436 0002055 0178499 1709450 1880279
 0600436 0002055 0178499 1709450 1880279 0600436 1299987 0378444 0002055 0178499 0439267 0559956 1709450 1880279 0017446 0205147 0679006 1947967 0017446 0205147
 0599530 0441994 1548802 2003888
 1274040 1546471 2825142 1547282
 2607943 2926606 3539655 0596988 1301820 0610536
 1519595 0005903 0039476 0599882 0599530
 1519595 0148290 0037380 0002059 1318717 0031678 1149880 1979842 0486616 1555710
 1519595 1547282 1883351 0332256 2700400 0439267 0369773 2603361 0486616 1555710 1518422 1511726 3245479 1518422 1547282 0332149 1518422 1705910 2362652 1547282 0010734 0442504 1420150 1704765 1882509 3496241 1517001 0205213 0205251 0376249 0439603 0871396 1299352 1550472 1561548 1705502
 0242485 0008813 0206243 0699809 0439787 0849355 1519595
 0035668 1883073 2827424 0008813 2348205 1552738
 0017446 0205147 1883073 2827424 0349966 1337208 0392756 0547047 0332575 0333051 1260956 2347509 0010366 0150097 0392756 0547047 0150312 0302891 0449450 0678594
 1883073 2827424 0017446 0026882 0205147 0205342 0439267 0521125 0596988 0610536 1705285 1879547 2826298 1527240 2348205 1511726 3245479 1518422 1547282

 1883073 2827424 0035668
 0243122 1145667 1167622 0523452 1335533 0332255 1708096 1709915 1882936 1519595 0557651 2603343
 0035668 0181496 2827499 0439095 2003941 2350010 1553631 0018353 1524063 0042010
 0017446 0026882 0205147 0205342 0439267 0596988 0610536 1705285 1879547 2826298 0243148 1550141 1882979 2587213 3274648 1521827
 0005507 0243073 1510438 0086045 0332255 0392148 0442808 0523452 0884358 1708096 0312860
 0425245 0449580 1709915 1882936
 0425245 0449580 0028948 1441672 0332256 2700400
 0017446 0026882 0205147 0205342 0439267 0596988 0610536 1705285 1879547 2826298 0205309 1883351 1510827 1883559 0332307 0445392 1547052
 1547282 1510827 0523452 0441994 1548802 2003888 0205250 1299351 2700149 0017446 0026882 0205147 0205342 0332285 0439267 0596988 0610536 1705285 1879547 2826298 0521093 0750484 1524063 0242485
 0175723 0439645 1521913 0205309 1883351 0030956 0086045 0205250 0523452 1299351 1709305 2700149 2745955 0017446 0205147 0205342 0205397 1519595 1879547 2826298

 0030956 0086045 1446561
 0205091 1552822 1547282 0205099 0558281 0205090 0026882 0439267 0596988 0610536 1705285
 0557061 2584313 0871133 0243071 0035668 1179691 0439792 0547044 1515981 0450548 1422729
 0680582 0243148 0449913 1550141 1553451 1704459 1882979 2587213 3274648 0049896 0728990 1514575 1705542 1883676 1273517 1883351 1554078 0205447 1301820 1706701 1519595 0450316
 0449913 1553451 1704459 1524063 1335439 1883351 0205172 0332218 1301820 1706701 1524063
 0332149 1705910 2362652 1301820 1706701 1519595 0146894 1299987 0559956 0086045 1446561 0442818 0332462 1880834
 1273517 1883351 1554078 0042010 0392756 0547047 0035668 1441547 3245521 1524063 0146894 1879533 3539083
 0035139 0559956 1555302 0001721 2981742 0237753 0449788
 0600436 0002055 0178499 1709450 1880279 0038999 1314939 0041984
 1547282 0245845 1822890 0002055 0178499 1880279 0205224 0039341 0033684 0030956 0523452
 1517001 0733755
 0005507 0175723 0243073 0243122 0333051 0439645 1145667 1167622 1510438 1521913 2347509 0205171 1720467 0960756 0205450 0392756 1521761 2827422 1883559 0017446 0205147 0205342 0332307 0445392 1547052 1707455 1879547 2826298
 1979874 0596988 0026882 0439267 0610536 1705285 1547282 0301630 0392756 0441610 0349966 1337208 0332290 0037088 0243095 2825141 0026882 0243122 0439267 0610536 1145667 1167622 1705285 0392756 0332462 1880834
 2963144 0017446 0205147 0523452 1145667 1167622 0369773 2603361 0237284 0017446 0205147 0205171 0205342 0678594 1518422 1720467 1879547 2826298 0205172 1299987 0041984
 0302523 0700325 3244290 1999230 0868928 1706255 1706256 0245845 1822890 1704675 0439855 1704241 0795725 1846861 3539715 3539831 0332158 0337611 1705415
 0282416 1561607 0681814 0017446 0205147 0678594 1519595 1705535 0301641 0392747 0443172 1705241 0243122 1145667 1167622 1709305 2745955
 0600436 0002055 0178499 1709450 1880279 0600436 0002055 0178499 1709450 1880279 0242767 1186763
 0012854 0444916 0600436 0002055 0178499 1709450 1880279 0220806 0439831 0678640 3272558 0449830
 0017446 0205147 1299987 0439267 0559956 1280500 2348382 0678594
 2348205 0017446 0205147 1517331 0039476 0599882 1883073 2827424 0008813
 1547282 0424215 2003939 3272897 0599530 1883073 2827424 0008813
 1279919 0043227 0871133 0243071 0449381 0084795 3539814
 0043227 1272688 1548387 0150312 0332285 1280477 1292732 0022702 0220865 2825046 0871161 1292721 0871161 1292721
 0043227 1547282 1704675 0027627 0175668 0205436 0205372 0678594 0699759 0012854 1514661 0872079 1704675 0439855 1704241 0205171 1720467 1948052 0439659 1883351 0162340
 1273517 0523452 0026339 3161035 0449913 1553451 1704459 0243126 1883351 0023185 0205314
 2607943 2926606 3539655 1547282 0243126 0017446 0205147 1280500 2348382 0005532 0205177 0205460 0439167 0441655 1561536
 0332128 1184743 1522240 2004054 1280500 2348382 0007987 0220781 1883254 0017446 0205147 1280500
 1547011 1879746 0020276 0002055 0011164 0020275 0178499 0443264 0523702 0885426 1293116 1875307 1880269 1880279 1709915 1882936 0541749 1709743 0023175 0205314 0679622 1442948 1522538 1883525 2346866 2348269 3275067 1274040 0185125
 2986676 0237935 3245466 1551807 0079816 1556038 0035168 0205476 0242481 1551807 1456532 0018896
 1514811 1706462 2827734 2981698
 0442598 0205090 0684010 2603358 0678579 0439267 0439394 1706495 3642217

 0027960 0324740 0439189 1456781 1824986

 0000857 0025141 0600678 1552863
 0021966 0221138 2986835 2603360



 0000857 0025141 0600678 1552863
 0205090 0684010 2603358 0016327 0439133 1553038

 0027960 0324740 0439189 1456781 1824986

 0000857 0025141 0600678 1552863
 0582525 0033727 0369286 0441932 0564385 0016327 0439133 1553038

 0027960 0324740 0439189 1456781 1824986

 0000857 0025141 0600678 1552863
 0678579 0369773 2603361

 0201682

 1553033

 3487973 0016327 0439133 1553038 0021966 0221138



 0678579 0369637 0441923
 0028630

 0678579 0369637 0441923
 2347379 0028606

 0678579 0369637 0441923
 2347379 0028606

 0678579 0369637 0441923

 0027960 0324740 0439189 1456781 1824986

 0000857 0025141 0600678 1552863
 0442532 0016327 0439133 1553038 0678579 0369637 0441923
 0028630



 1522486
 0201682

 0033727 0369286 0441932 0564385 0033727 0369286 0441932 0564385 0597277 1708601 0369637 0441923 2603360
 0439083 0439087

 0369637 0441923

 0027960 0324740 0439189 1456781 1824986

 0000857 0025141 0600678 1552863
 0369773 2603361 1832110 0234833 0722388
 1418943

 0268596 2700624
 3642273
 0041703
 0000857 0025141 0600678 1552863
 1553033 0016327 0439133 1553038 1553033 0332583 0369637 0441923 2603362 0718133 0402644 0439267 0016928

 0027960 0324740 0439189 1456781 1824986
 0439083 0439087
 0000857 0025141 0600678 1552863
 0439394 1706495 3642217 0205090 0684010 2603358
 0003461 2939124

 0000857 0025141 0600678 1552863
 0442532 0016327 0439133 1553038 0678579 0369637 0441923
 1418943

 0268596 2700624
 3642273
 0041703

 0443013 0597277 1708601 0369637 0441923 2347469

 2347961

 0000857 0025141 0600678 1552863
 0369637 0441923 0554249 0033727 0369286 0441932 0564385 1826455 0073187
 0007634 1269647 1704653 1948049
 0000857 0025141 0600678 1552863
 1051267 0205090 0684010 2603358
 1418943

 0268596 2700624
 3642273
 0041703
 0000857 0025141 0600678 1552863
 1553033 0021966 0221138 0016928 0332583 0369637 0441923 2603362 0718133 0369637 0441923 0205090 0684010 2603358
 1418943

 0268596 2700624
 3642273
 0041703
 0000857 0025141 0450348 0600678 1552863
 0439230 0369637 0441923 0597277 1708601 1553033 2603362 0193959 2603360 0369637 0441923
 0036397
 0000857 0025141 0600678 1552863
 2603360 1553033 0369773 2603361

 0000857 0025141 0600678 1552863
 0554249 0205090 0684010 2603358 0439394 1706495 3642217 0205090 0684010 2603358 0369718 0441922 1553036

 0965991 0450385
 0000857 0025141 0600678 1552863
 0016327 0439133 1553038 0439267

 0027960 0324740 0439189 1456781 1824986

 0000857 0025141 0600678 1552863
 0016327 0439133 1553038 0439267
 2347379 0028606
 0000857 0025141 0600678 1552863
 0205090 0684010 2603358 1272460 0006736 0033727 0369286 0441932 0564385 0678579 0369637 0441923

 0027960 0324740 0439189 1456781 1824986


 0443030 0033727 0369286 0441932 0564385 0439394 1706495 3642217 2603362 0678579 0369637 0441923

 0027960 0324740 0439189 1456781 1824986

 0000857 0600678 1552863 0282413 0376649 1442065
 0254343 0796520 3272379
 0085205 1549619 1880669
 0013849 1705961 1704732 0035953 0041740 0600140 1704688 2346414 0442658 1301826 1292711 0449719 1709471 0015744 2911691 0392747 1554963
 0239110 1706852 0239110 1705565 1947976 0687676 1704687 0557854 0013849 1705961 1706852 0282420 1706852 0282111 1706852 1138432 0239110 0162443 0205314 0033213 1706387 0003738 0024552 1519021 1554162 1883712 1552603 1706202 1706852 0282111 0439086 2827736 2981702 0521104 0680536 3272563 0042153 0457083 1947944 2986904 0162791 0220845 0282423 0597277 1708601
 1706852
 1706852 0597277 1708601
 1706852
 2735290 0242456 1522634 0205145 0887933 0947619 0035621 0205090 0439658