 0027752 0027754 1522443 0018284 0814002 0018270 0027740 0027757 0220844 1280541 1521761 1621966 2827422 2911660 0205263 0442805 0006463 0038817 0376223
 0369637 0441923
 1704729 0030755 0010819 0005532 0031842 0031843 0027855 0026376 0005532 1521991 0031330 1524059 0036375 3272372
 0557061 2584313 1514811 1706462 0034821 1366529 1416912 0242972 0748025 0023823 0597357 0065059 0023820 0033684 0178587 0205251 0439849 0445223 1299352 1550472 0597357 1145667 1167622 0023688 0205250 0027882
 1621296 0023688 1416912 0332257 0023820 0003595 0085151 3538722 1456454 0033665 0002716 0011560 0033684 0611285 1709634 1547282 1883351 0002395 1521724 0012634 0543483 0699748 0030664 0205469 0677042
 1521761 2827422 1171362 0597360 0185117 0439673
 0557651 2603343 0936012 1518681 1280500 0597360 1171362 0185117 1416912 0520511 1704711 0031843 0542341 0700205 1705273 0007600 0007634 0205132 0521390 1269647 1704653 1948049
 1274040 1546471 2825142 1547282 0027752 0027754 1522443 0018284 0814002 0018270 0027740 0027757 0220844 1280541 1521761 1621966 2827422 2911660 0205263 0442805 1145640 0027882 0682701 0814990 0007600 0007634 0205132 0521390 1269647 1550648 1552960 1704653 1948049 0205397 2584321 2946875 0806909 1552615 2826546
 0442805 0521115 0205177 0439167 0441655 1561536 1416912 0597357 0033684 0023688 0243144 0347980 0444706 3541902 0005507 0243073 1510438
 0150312 1511625 0206587 1333198 0010834 0039259 0521449 0027752 0027754 1522443 0018284 0814002 0018270 0027740 0027757 0220844 1280541 1521761 1621966 2827422 2911660 0442805 1265611
 0442726 1511790 0442805 0441889 0456079 1547707 2946261 0035696 0332282 0456696 1442770
 0439831 0205263 0857127 0206417 0027882 0332282 0679853 0039798 0087111 1522326 1533734 1705169 3538994 0027752 0027754 1522443
 1883727 1883357 1274040 1546471 2825142 0027752 0027754 1522443 0018284 0814002 0018270 0027740 0027757 0220844 1280541 1521761 1621966 2827422 2911660 1171362 0597360 0185117
 0557061 2584313 1514811 1706462 0034821 1366529 1416912 0242972 0748025 0023823 0597357 0065059 0023820 0033684 0178587 0205251 0439849 0445223 1299352 1550472 1416912 0597357 0087044 0103404 0033684 0597357 0023884 0736268 1278929 2346688 0006104 1269537 2827734 2981698
 0006104 1269537 1518422 0027882 0027836 0007634 3282337 0740116 2827735 2981700
 1416912 0597357 0033684 0597357 0011008 0205396 1550043 1551388 2348077 1532717 0042789 1947903 1425988 0037179 0087136 0205171 0337112 1305923 1524075 1883254 0018042 0205242 0333853 2826298 1711351
 0173695 0597357 0033684 0332281 0231491 1416912 1145667 1167622 1323371 0597358 1517880 1149323 1621296 0023688 0243122 1145667 1167622
 1416912 0597357 0033684 1547282 1883351 3154893 3539897 2827734 2981698 0205450 0023820 0003595 0024420 0439855 1704241 0002716 0011560 0030956 0611285 0164707 1420705 0040048 1333522 0040300 1521761 1547928 1704259 1705987 1999216 2827422 0085151 3538722 1456454 0033665 0002716 0011560 0033684 0611285 1709634 1547282 1883351 0002395 1521724 0012634 0543483 0699748 0030664 0205469 0677042
 1707959 3642141 0002085 0035648 0050325 0960756 0035647 1521761 2827422
 0441712 1706376 1518422 2963144 0003595 0003591 0150312 1883351 0750490 1706221 1720655 1947974 1515655 0021135 1533691 2827718 1511726 3245479 1705535 1326471 0243144 0347980 0392747 0600688 1280500 1407029
 1883712 0947630 1547282 0443526 0597298 0023820 0522529 3158384 0085103
 3171718 0205447 0006104 1269537
 1955473 0332185 0150312 1704241 0086597 0014139 2984285
 1511726 3245479 1547282 1416912 0597357 0033684 0597879 0164707 1420705 0332256 0333463 0750490 1706221 2700400 0006104 1269537 0439086 2827736 2981702
 0947630 1705535 1328885 0004083 0439849 0596306 0699792 1416912 0597357 0033684 0035647 0450355
 1883727 1883357 2607943 2926606 3539655 1705535 1416912 0597357 0033684 0032214 0600138 0035820 1705810 2827734 2981698 0392747 0243144 0347980 0449297 1382187 2825073 1621296 0023688 1416912 0024420 0023820 0003595 0740116 2827735 2981700 0439851 1947931 1280500 0007634 3282337
 0205217 0442805 1416912 0065059 0597357 0005532 0023820 0033684 0162340 0439849 0445223 0851285 1327622 0598959 0205170 3146287 0162340
 0034821 1366529 0023823 0065059 0023820 0178587 0205251 0597357 1299352 1550472 0086860 0332256 2700400 0034987 0013879 0038323 0220905 1704735 1705248 1518422 0038323 0851285 0423866 2626739
 1883351 0597360 1171362 0185117 1416912 0007634 0521390 0851285 3282337 0332128 1280500 0027752 0027754 1522443 0018284 0814002 0018270 0027740 0027757 0220844 1280541 1521761 1621966 2827422 2911660 0039798 0087111 1522326 1533734 1705169 3538994 1145640 0027882 0682701 0814990 0007600 0007634 0205132 0521390 1269647 1550648 1552960 1704653 1948049 0007600 0007634 0205132 1269647 1550648 1552960 1704653 1948049 0085262 0007634 3282337
 0150312 2827734 2981698 0027752 0027754 1522443 0018284 0814002 0018270 0027740 0027757 0220844 1280541 1521761 1621966 2827422 2911660 0205263 0442805 0439232 0700321 0702093 1282918 2347166 1416912 0025252 0597357 0033684 0034800
 0740116 2827735 2981700 1511625 0206587 1333198 0010834 0039259 0521449 0031715 1158886 0027752 0027754 1522443 0018284 0333957 0814002 0018270 0027740 0027757 0205217 0220844 0442805 1280541 1521761 1621966 2827422 2911660
 0439086 2827736 2981702 0027752 0027754 1522443 0018284 0814002 0018270 0027740 0027757 0220844 1280541 1521761 1621966 2827422 2911660 0205263 0442805
 0947630 1999230 0233820 0700630 0031843 0542341 0700205 1705273 1416912 0597357 0033684
 0557061 2584313 1514811 1706462 0520510 3171718 0544357 0032105 0086418 1550098 1998793 0066318 1879547 1552738
 1522443 1515377 0027752 0027754 0018284 0814002 0018270 0027740 0027757 0086418 0220844 1280541 1514798 1521761 1621966 2827422 2911660 0072149 1301820 0043193
 0034861 0597357 0033684 0332281 0162768 0038164 0033684 0332466 1293131 0017837 0017817 0040676 0004611 1510439 2347473 1998793 1552738 0332152 1705850
 0020960 0000872 0565990 1552471 0039711 0041740 0205099 0205476 1710136
 0010454 0040284 0009458 0010453 0040300 0162867 0220814 0430400 1254021 1547928 2242979 0229671 1151254 0039421 0376558
 0332070 0005526 0036397 0376558 0869011 1514468
 0010654 1553631 0029356 0035561 1301820
 0283030 1704351 2239486 0043194 0258432 1421478
 0462885 0034760 1719918
 0007585 0007634 0010453 0220814 0430400 1269647 1704653 1948049 2242979 0079411 3146294 0007585 0007635 0010453 0220814 0430400 2242979 1552738
 0085262 0007634 3282337 0040284 0040278 0010453 0040300 0220814 0430400 0596070 1301820 1516698 1547928 1704814 2242979
 0007600 0007634 0205132 0238767 1269647 1704653 1706086 1948049 0010454 0009458 0325564 0392747 0439536 1551720 1705217 3244283 0010453 0220814 0430400 2242979 0332256 2700400 1518416 0019944 0229671 0242616 1265527 1546774 1550100 0015965 0229671 0230445 0521457 1305418 1546774 1550100 0021178 2347816
 0005507 0243073 1510438 1517880 1621296 0023688 1416912 0024420 0597357 0033684 0332281 0038164 1537044 0033684 0205177 0205369 0439167 0441655 1552740 1561536 1524063 0025663 0449851 0871511 0283030 1552738
 0007634 3282337 0180454 0010453 0205170 0220814 0430400 0439228 1139930 2242979 3146287 0005507 0243073 1510438
 0006353 0009458 0325564 0392747 0439536 1551720 1705217 3244283 0036774 0036773 0728877
 0872351 1548982 0040223 1632851 0024420 1439852 0332197 1689985 0392148 0444499 0369637 0441923 1442467 0450376
 0007634 3282337 1883708 1548982 0040223 1632851 0024472 1883351 0849355 1883720 3244314 0023688 0258024 0006353 0024348 0370003 2347026
 0034553 0597425 0436196 0678573 1709793
 0033618 0242210 0597358 0243122 1145667 1167622 0085262 0007634 3282337 0206243 0699809 0038960 0439787 0849355 1382107 1705537 0185023 1947904 1999228 0007634 3282337 0450376
 0085262 0007634 3282337 0180454 0010453 0220814 0430400 0687118 1139930 1561504 2242979 1518999 1548982
 0005507 0243073 1510438 0597357 0033684 0332281 1439852 0085262 0007634 3282337 1292425 0450376 0332197 1689985 0392148 0449468 1690016 1705102 2700258
 0444930 2746065 0005507 0243073 1510438 0085262 0007634 3282337 0015965 0229671 0230445 0521457 0934502 1305418 1546774 1550100 0175730 1547937 1561954 1704730 1301862 0702093 0179834 0678536
 0015252 0728940 1550101 0993610 0750480 1705566 0034553 1947931
 0430302 0542502 0699040 0007634 3282337 0010453 0020498 0220814 0430400 2242979 1439852 0027752 0027754 1522443 0018284 0814002 0018270 0027740 0027757 0220844 1280541 1521761 1621966 2827422 2911660 0439526
 0872351 1883708 0020746 0040223 0205449 1548982 1632851 1518999
 0007603 0025255 0032105 1550098 1524063 0022948 1416903 0490221 0017735 0242417
 0007634 3282337 1439852 0450376 0017735 0017725 0242417
 0443286 1114821 0007634 0441648 0872351 1269647 1704653 1948049 1948050 0040223 0205448 1632851 0009458 0439536 1705217 3244283 0019215 0242295 1947943 2348609 1882074 0020283 0450407 0450408 0450409 0332268 0005367 0973231 2722820
 0007634 3282337 1883708 0024348 0301871 1552738
 0243144 0347980 0005507 0243073 1510438 0007634 3282337 0205170 3146287 0010453 0220814 0430400 2242979 0005971 1139930 3537155 1439852 0027752 0027754 1522443 0018284 0814002 0018270 0027740 0027757 0220844 1280541 1521761 1621966 2827422 2911660 0439526
 0243122 1145667 1167622 0007634 3282337 0450376 0884358
 0015252 0728940 0023688 0007634 3282337 0687712 0009458 0325564 0392747 0439536 1439852 1551720 1705217 3244283 1292425
 0444930 2746065 0009458 0162867 1254021 0872351 0849355 0032931 0032932 1642401 2584299 0681850 1550501 1706203 2349001 2697811 0040900 0001128 0202406
 0034553 0242485 1273517 0243125 0699900
 0872351 1548982 0041236 1439852
 0034553 0242485 1273517 0023688
 1167624 1947902 2827499 0021069 1167624 1947902 2827499 0010654 1552738 0332152 1705850
 1167624 1947902 2827499 1553631 0029356 0884358 1552738 1167624 1947902 2827499 0043194 0258432 1421478 1442460 0597217 0243077 0017881 0029366 0037473 0597484 0037508 1171560 1556062 0006353 0024348 0332257 1536403 3538986
 0021069 0884358 1552738
 0005861 1621557 1709269 0005507 0035542 0243073 1510438 1545588 0007634 3282337 0085262 0007634 3282337 0010453 0220814 0430400 2242979 0027752 0027754 1522443 0018284 0814002 0018270 0027740 0027757 0220844 1280541 1521761 1621966 2827422 2911660 0439526 0681814 1444656
 0007634 0035668 0178539 0439175 0439810 1883708 0205409 1548221 0012634 0348080 1705253 0005861 1621557 1709269 0002778 0681850 0936012 1524024 1550501 1706203 2349001 2697811 0007634 3282337 0597416 0005507 0014241 0035541 0035542 0243073 1510438 1545588 0085262 0007634 3282337 1552738
 0005861 0002778 0936012 1524024 1621557 0884358 1524063 0182400 1704681 2347609 3536729 1416912 1334805
 0182400 1704681 2347609 3536729 3146294 1524063 0599161 0032520 0035379 0040646 0337112 0443286 1114821 1335439 1524075 1555029 2257077 1552738 1416912 0065059 0597357 1335665 0023820 0033684 0034693 0034721 0182400 0439849 0445223 1704681 2347609 3536729
 0597937 0205102 1553872 1619620 0243148 1550141 1882979 2587213 3274648 0182400 1704681 2347609 3536729 1416912 1321564 0015967 0563594 0005903 0039476 0205250 1299351 2700149 0006556 0025914 0025929 0026809 0182400 1704681 2347609 3536729 0035701
 0557061 2584313 1514811 1706462 0027752 0027754 1522443 0018284 0814002 0018270 0027740 0027757 0220844 1280541 1521761 1621966 2827422 2911660 0205263 0442805 0007634 3282337 2826170 0027882 0254837 1334879 0027752 0027754 0206454 1522443 0018284 0072482 0018270 0027740 0027757 0220844 0597357 0919487 1280541 1521761 1621966 1704884 2827422 2911660 0814002 0034837
 0007634 3282337 0850310 3154893 0871161 1292721 0332257 1171362 0185117 0033684 0039065 0150312 0333262 0449450
 1705417 0596484 0871161 1292721 0332257 0871103 0597360 0185117 0439509
 0037083 3537152 0243091 1521816 2700385 0007634 0332437 0392747 0443172 0543482 0700329 0700619 1269647 1274040 1546471 1704653 1948049 2825142 1260954 0017262 0017337 0185117 2348205 0085262 0007634 0205397 0662453 3282337
 1547282 1416912 0597357 0033684 0007634 3282337 3158384 0085103 0023820 0052199 0205217 0332256 2700400 1416912 0597357 0033684 0679853 0039798 0087111 1522326 1533734 1705169 3538994 0027752 0027754 1522443 0392747 0443172 1274040 1546471 1705241 2825142 1265611 1416912 0597357 0033684 0205148 0007634 3282337
 0007634 3282337 0027752 0027754 1522443 0018284 0332293 0814002 0018270 0027740 0027757 0220844 1280541 1521761 1522326 1621966 2827422 2911660 0439526 1265611 0243122 1145667 1167622 0332197 1689985 0312860 0450376 0884358 1265611
 0024420 0034800 0699040 1514760 0007634 0205148 0205448 0597357 1145667 1167622 1269647 1704653 1948049 1416912 0597357 0033684 0597357 0205171 1720467 1416912 0065059 0033618 0242210 0597357 0597358 1149323 0023820 0033684 0243122 0439849 0445223 1145667 1167622 0597357 0033684 0311403 0332281
 0150312 0679853 0039798 0087111 1522326 1533734 1705169 3538994 0027752 0027754 1522443 0205217 0442805 1265611 0024420 0699040 0205148 0349966 1337208
 0439093 0443228 1704243 0205397 0442805
 0205289 0806909 1280500 0205397 1442450
 0439064 0443302 0681814 0884358 0442805 1514721 2348147 3542016 0332462 1880834 0814993
 0205419 0007595 0678226 0750501 0007634 0018270 0178539 0205393 0220844 0332148 0750492 1301808 1442792 1621966 2911660 3146286 3148680 0040223 3541383 0681814
 1883712 0442805 1416912 0597357 0033684 0085262 0007634 0662453 1441672 3282337 0679853 0039798 0087111 1522326 1533734 1705169 3538994 0027752 0027754 1522443 1511726 3245479 1518422 1547282
 0449911 0333052 2607870 0557702 1272706 1704674 0557702 1272706 1704674 0349966 1337208
 2827734 2981698
 0449247 0040225 0808270 0040223 0750729 3541383 0007634 3282337
 2347578 0205170 3146287 0005971 1139930 3537155 1439852 0027752 0027754 1522443 0018284 0814002 0018270 0027740 0027757 0220844 1280541 1521761 1621966 2827422 2911660 0439526 0085414 0009458 0162867 0229671 0332296 1254021 1546774 1550100 1880497 1996904
 0007634 3282337 1883708 0450376 0085593 1548982 0243122 1145667 1167622 1273517 0002778 0024420 0450376 1442467 0332197 1689985 0392148
 0033618 0242210 0597358 0243122 1145667 1167622 0205174 0444686 1441506 1443182 0027752 0027754 1522443 0018284 0679853 0040225 0018270 0027740 0027757 0039798 0040223 0087111 0220844 1280541 1521761 1522326 1533734 1621966 1705169 2827422 2911660 3538994 3541383 0814002 2348792 1552961 2347617
 1517331 1883351 0442805 0007634 3282337 0392148 0332197 1689985 1265611 0007634 3282337 0086045 1446561 1514721 2348147 3542016
 0522534 0086045 0205397
 0010992 0002778 0936012 1524024 0450354 1706096 0443289 0027752 0027754 1522443 0018284 0814002 0018270 0027740 0027757 0220844 1280541 1521761 1621966 2827422 2911660 1518422 0392747 1510827
 0442805 0445108 0237753 0439175 0439810 0449788 0007634 1269647 1704653 1948049 1710637 0007634 1269647 1704653 1948049 0007595 0027882 0007634 1269647 1704653 1948049
 0449911 0333052 2607870 0557702 1272706 1704674 0557702 1272706 1704674 0349966 1337208
 0740116 2827735 2981700
 0243122 1145667 1167622 0007634 3282337
 0007634 3282337 0010453 0220814 0430400 2242979 0349966 1337208 1552738
 0740116 2827735 2981700
 0007634 3282337 1439852 0027752 0027754 1522443 0018284 0814002 0018270 0027740 0027757 0220844 1280541 1521761 1621966 2827422 2911660 0439526 0009458 0229671 0332296 0439536 1546774 1550100 1705217 1880497 1996904 3244283 0243122 0522534 1145667 1167622 1273517 0005507
 0086045 0312860 1444656 0332197 1689985 0392148 0683607 1883351 0007634 0872351 1145667 1167622 1269647 1704653 1948049 0450376 1442467
 1552961 2347617 1882932 0444504 2347634 2348143
 2347469
 1883351 1947931 1516048 0442805 0699040 0205148 0332282 0679853 0039798 0087111 1522326 1533734 1705169 3538994 0027752 0027754 1522443 0567416 0884358 0681814
 0332282 1442450 0392148 0332197 1689985 0242392 0025252 0699040 0007634 0033684 0205148 1269647 1704653 1948049 0450376 1524063 0022948 1416903 0490221 0017735 0242417
 1881488 1883708 1416912 0065059 1445860 0003242 0034805 0312606 0597357 0003241 0021027 0023820 0033684 0439849 0445223 1979886 0301871 0600209 0013862 0071500 0596607 0071499 0349966 1337208
 1265611 0012634 0348080 1705253 1524063
 0205397 0349966 1337208
 0439086 2827736 2981702 0442805 1416912 0025252 0597357 0033684 0027752 0027754 1522443 0018284 0814002 0018270 0027740 0027757 0205263 0220844 1280541 1521761 1621966 2827422 2911660 0442805 0740116 2827735 2981700 0369718 0441922 1553036 0369773 2603361
 0442805 2348205 1416912 0597357 0033684 1624592 0699040 1517880 0007634 0023688 0205148 0243122 1145667 1167622 1269647 1704653 1948049 0042789 1947903 0349966 1337208
 1883727 1883357 1274040 1546471 2825142 0679853 0039798 0087111 1522326 1533734 1705169 3538994 0027752 0027754 1522443 0205263 0442805 0007634 3282337
 0449911 0333052 2607870 0557702 1272706 1704674 0557702 1272706 1704674 0349966 1337208
 0439086 2827736 2981702
 1416912 0025252 0597357 0033684 0679853 0039798 0087111 1522326 1533734 1705169 3538994 0027752 0027754 1522443
 0007634 3282337 0020498 2347576 0020498 1439852 0027752 0027754 1522443 0018284 0814002 0018270 0027740 0027757 0220844 1280541 1521761 1621966 2827422 2911660 0439526
 0242392 0025252 0699040 0007634 0033684 0205148 1269647 1704653 1948049 1883708 0450376
 0567416 1416912 1883708 1416912 0065059 1445860 0003242 0034805 0597357 0003241 0021027 0023820 0033684 0439849 0445223 0301871 0600209 0013862 0071500 0596607 0050587
 0733755 0005516 1444656
 1274040 1546471 2825142 0597361 0014139 2984285 1416912 1883351 0679853 0039798 0087111 1522326 1533734 1705169 3538994 0205263 0442805 0884358 0014139 2984285 0005507 0243073 1510438
 0007634 3282337 0027752 0027754 1522443 0018284 0679853 0814002 0018270 0027740 0027757 0039798 0087111 0220844 1280541 1521761 1522326 1533734 1621966 1705169 2827422 2911660 3538994 1442450 1517880 0023688 0243122 1145667 1167622 0681850 1550501 1706203 2349001 2697811 0024420 0332197 1689985 0392148 0042789 1947903 1282910 1552828
 0015252 0728940 0023688 0007634 3282337 0687712 1292425
 0444930 2746065 0009458 0162867 1254021 0872351 0849355 0040900 0001128 0032931 0032932 0202406 1642401 2584299 0681850 1550501 1706203 2349001 2697811
 0243125 0699900 0040900 0001128 0034553 0202406 1749467 1948047 1882932
 0205397 0349966 1337208
 0450373 1553636 0243125 0699900 0007634 0205217 0442805 1412719 1417549 3282337 3537450 0027752 0027754 1522443 0018284 0332293 0814002 0018270 0027740 0027757 0220844 1280541 1521761 1522326 1621966 2827422 2911660 0332462 1880834 0439509 1292425
 0027752 0027754 1522443 0018284 0814002 0018270 0027740 0027757 0220844 1280541 1521761 1621966 2827422 2911660 1518422 0150312 0243144 0347980 0449450 0005507 0243073 1510438 0442805 1292425 1442450 1707455 0678226 0023688 0243144 0332148 0332282 0347980 0750492 3146286 1511572 0567416 0205265
 0024420 0027752 0027754 1522443 0018284 0679853 0814002 0018270 0027740 0027757 0039798 0087111 0220844 1280541 1441672 1521761 1522326 1533734 1621966 1705169 2827422 2911660 3538994 0450375
 1274040 1546471 2825142 1705535 0679853 0039798 0087111 1522326 1533734 1705169 3538994 0442805 0521115 1274040 1546471 2825142 1326471 0243144 0347980 1416912 0243125 0699900 0014139 2984285 0683454
 0449911 0333052 2607870 0557702 1272706 1704674 0557702 1272706 1704674 0349966 1337208

 0679853 0039798 0087111 1522326 1533734 1705169 3538994 0442805 0521115 1274040 1546471 2825142 0597361 0014139 2984285 1416912
 0007634 3282337 1439852 0027752 0027754 1522443 0018284 0814002 0018270 0027740 0027757 0220844 1280541 1521761 1621966 2827422 2911660 0439526
 0243122 1145667 1167622 0007634 3282337 0450376 0884358 0332197 1689985 0392148
 0015252 0728940 0023688 0007634 3282337 0687712 1292425
 0444930 2746065 0009458 0162867 1254021 0872351 0849355 0032931 0032932 1642401 2584299 0681850 1550501 1706203 2349001 2697811 0040900 0001128 0202406
 0034553 0242485 1273517 0243125 0699900
 0872351 0041236 0868946 0034553 0242485 1273517 0023688 2347469
 1326471 0243144 0347980 0243125 0699900 0205174 0205341 0444686 1441506 1443182 1705914 0040223 3541383 2348792 1552961 2347617
 1707156 3274014 3541345 1882932
 0442805 0237881 0369773 2603361
 0027752 0027754 1522443 0018284 0814002 0018270 0027740 0027757 0220844 1280541 1521761 1621966 2827422 2911660 0205217 1158886 0031715 1158886 0031715 0441471 0033684 0599896 0851285
 0392747 1554963 0205309 1522427 0332282 0007582 1704675
 1518422 0205309 1518422 1511625 0206587 1333198 0010834 0039259 0521449 0332128 0332282 1167624 1947902 2827499 1553631 0029356
 0007634 3282337 0007600 0007634 0017636 0205132 1269647 1550648 1552960 1704653 1948049 0007634 3282337 1708632 1553631 0029356
 1881488 1883708 1416912 0065059 0003242 0034805 0597357 1445860 0003241 0021027 0023820 0033684 0439849 0445223 0301871
 1416912 0007600 0065059 0597357 1514760 0007634 0023820 0033684 0205132 0439849 0445223 1269647 1704653 1948049 1708632 0010654 1553631 0029356 1511726 3245479 1518422 1547282
 0205117 0332282 1883708 1883351 0679853 0039798 0087111 1522326 1533734 1705169 3538994 0392747 1158886 0031715 1301808 1442792 3148680 1707455 0439792 0332197 1689985 0392148
 0349966 1337208 1547282
 0439084 0728893 0681814 1706386 1708632 1553631 0029356 1708639 0010654 1708639 1442460 0332197 1689985 1708639 0392148 1708639 0027752 0027754 1522443 0018284 0814002 0018270 0027740 0027757 0220844 1280541 1521761 1621966 2827422 2911660 0439526
 1881488 1883708 1416912 0065059 0003242 0034805 0597357 1445860 0003241 0021027 0023820 0033684 0439849 0445223 0301871 0600209 0013862 0071500 0596607 0012634 0348080 1705253
 0205397 0349966 1337208
 0439084 0728893 0599220 1711351 1416912 0597357 0065059 0023820 0033684 0439849 0445223 1416912 0065059 0597357 0023820 0033684 0439849 0445223 0301871 1708632 0010654 1518422 1553631 0029356
 1979874 1416912 0597357 0065059 0023820 0033684 0439849 0445223 1708632 0010654 1553631 0029356
 1265611 0205217 0332462 0442805 1880834 1524063 0392148 0027752 0027754 1522443 0018284 0814002 0018270 0027740 0027757 0220844 1280541 1521761 1621966 2827422 2911660 1265611 0445247 0332197 1689985
 0442805 0027752 0027754 1522443 0018284 0814002 0018270 0027740 0027757 0205263 0220844 1280541 1521761 1621966 2827422 2911660 0237881 1412940 0740116 2827735 2981700 0369718 0441922 1553036 0369773 2603361
 0442805 2348205 0442805 1416912 0025252 0597357 0033684 0034800 0679853 0039798 0087111 1522326 1533734 1705169 3538994 0027752 0027754 1522443 0332462 1880834 0042789 1947903 1282910 1552828 1705535 1158886 0031715 1710082 1416912 0025252 0597357 0033684
 0449911 0333052 2607870 0557702 1272706 1704674 0557702 1272706 1704674 0349966 1337208
 0439084 0728893
 0027752 0027754 1522443 0018284 0814002 0018270 0027740 0027757 0220844 1280541 1521761 1621966 2827422 2911660 0205217 1158886 0031715
 0007634 3282337 0020498 2347576 0020498 1708632 1553631 0029356 1708639 1708639 1442460 0332197 1689985 1708639 0392148 1708639 0027752 0027754 1522443 0018284 0814002 0018270 0027740 0027757 0220844 1280541 1521761 1621966 2827422 2911660 0439526
 1881488 1883708 1416912 0065059 0003242 0034805 0597357 1445860 0003241 0021027 0023820 0033684 0439849 0445223 0301871 0600209 0013862 0071500 0596607 0012634 0348080 1705253
 0733755 1416912 0597357 0065059 0023820 0033684 0439849 0445223 1708632
 0005516 0205091 1442162 1550718 1552822 3244317
 0205191 1280500 1416912 0597357 0033684 0392747 0443172 0699040 0007634 0185117 0205148 1269647 1704653 1948049 1416912 0597357 0033684 0027752 0027754 1522443 0018284 0814002 0018270 0027740 0027757 0220844 1280541 1521761 1621966 2827422 2911660 0442805 1171362 0597360 1515670 3244092 0185117
 1883351 1515670 0597360 1171362 0185117 0009013 1335533 0332255 1708096 1524063 0599161 0032520 0035379 0040646 0337112 0443286 1114821 1335439 1524075 1555029 2257077 1416912 0065059 0597357 1142652 0006556 0023820 0033684 0086418 0439849 0445223
 1524063 0006556 0005861 0002778 0936012 1524024 1621557 0332128 1515670 0597360 1171362 0185117
 0205397 0349966 1337208
 1553638 0679853 0039798 0087111 1522326 1533734 1705169 3538994 0205263 0442805
 0442805 0439659 1883351 1441672 1442448 0442805 0027752 0027754 1522443 0018284 0679853 0018270 0027740 0027757 0039798 0087111 0205397 0220844 0456696 1280541 1442770 1521761 1522326 1533734 1621966 1705169 2827422 2911660 3538994 0814002
 1883351 0022885 0039593 0392366 0679853 0039798 0087111 1522326 1533734 1705169 3538994 0027752 0027754 1522443 0205263 1171362 0597360 0185117 0884358 0597416 0005507 0014241 0035541 0035542 0243073 1510438 1545588 1524063 1416912 1335665 0597357 0033684 0182400 1704681 2347609 3536729 1552738 0205156 0947630 1552607 1880022
 0205397 0349966 1337208
 0442805 0679853 0039798 0087111 1522326 1533734 1705169 3538994 0027752 0027754 1522443
 0040223 3541383 1416912 0254837 1334879 0027752 0027754 1522443 0206454 0018284 0065059 1515670 0027759 0597357 0597360 1171362 0018270 0023820 0027740 0027757 0033684 0035696 0185117 0205263 0220844 0439849 0445223 0857127 1280541 1514873 1521761 1621966 2827422 2911660 0814002 0034837 0085262 0007634 3282337 2348205 0027752 0027754 1522443 0018284 0018270 0027740 0027757 0205263 0205397 0220844 0857127 1280541 1521761 1621966 2827422 2911660 0814002 0035696 0085151 3538722 1456454 0033665 0002716 0011560 0033684 0611285 1709634 0001044 0001041 0014894 0439064 0443302 1705920
 0205420 0035696 1416912 0085262 0007634 3282337 0442805 0679853 0039798 0087111 1522326 1533734 1705169 3538994 0027752 0027754 1522443 0311400 0444706 1167624 1524026 1947902 2707259 2827499 3541902 0010654 1511726 3245479 1518422 1547282
 0027752 0027754 1522443 0018284 0814002 0018270 0027740 0027757 0220844 1280541 1521761 1621966 2827422 2911660 0205263 0392747 0443172 0699040 0205148 0442805 0035696 0441889 0456079 1547707 2946261
 0442805 0007634 3282337 0085262 0007634 0662453 1707455 3282337 0205170 3146287 0678226 2987476 3146286 0007634 3282337 0072482 0919487 1704884
 0449911 0333052 2607870 0557702 1272706 1704674 0557702 1272706 1704674 0349966 1337208

 0027752 0027754 1522443 0018284 0814002 0018270 0027740 0027757 0220844 1280541 1521761 1621966 2827422 2911660 0205263 0597360 1171362 1515670 0185117 1416912
 0005861 0872262 0002778 0936012 1524024 0007634 3282337
 0007634 3282337 0027752 0027754 1522443 0018284 0332293 0814002 0018270 0027740 0027757 0220844 1280541 1521761 1522326 1621966 2827422 2911660 0439531 1948053 0040223 3541383 1444656
 1708639 1883708 0017243 0086972 0443299 0687118 1382104 0025255 0028736 0348011 0596901 0740034 1706182 1416912 0386684 0065059 0038164 0065058 0125953 0597357 1096202 1334805 0023820 0025914 0025929 0026809 0033684 0182400 0439849 0445223 1704681 2347609 3536729
 0025255 0596901 1706182 1883708 1321564 0025914 0025929 0026809 0035701 0182400 1552132 1704681 2347609 3536729
 0733755 0035701 1708632
 2347469 0597416 0005507 0014241 0035541 0035542 0243073 1510438 1545588 0085262 0007634 3282337
 0085262 0007634 3282337 0332197 1689985 0010453 0220814 0430400 2242979 0392148 0040223 1632851
 0332282 0010453 0220814 0430400 2242979 0007634 0035668 0178539 0439175 0439810 0205409 1548221 0597416 0005507 0014241 0035541 0035542 0243073 1273517 1510438 1545588 1708639
 0487602 1704680 0019873 0521115 0243148 0884358 1550141 1708715 1882979 2587213 3274648
 0733755 0175723 0035703 0035701 1622954 0035553 0035668 1444656
 1883351 0597360 1171362 0185117 0085262 0007634 3282337 0884358 0597357 0033684 0332281 0243122 1145667 1167622
 0349966 1337208 1547282
 2825142 1274040 1546471 0085262 0007634 3282337 0332197 1689985 0010453 0220814 0430400 2242979 0392148 0439526 0332283 0033618 0242210 0597357 0597358 1514534 0002778 0033684 0243122 0332281 0936012 1145667 1167622 1524024 0332197 1689985 0392148 0312860
 0205397 0349966 1337208
 0033618 0242210 0597358 0205369 0243122 1145667 1167622 1552740 0205217 0442805 0332462 1880834 0332282 1442455 0439228
 1274040 1546471 2825142 0332290 0332529 0027752 0027754 1522443 0018284 0814002 0018270 0027740 0027757 0220844 1280541 1521761 1621966 2827422 2911660 0205263 0597360 1171362 0185117 0443252 1515273 1705313 2826302 0205166 1706317 1416912 0065059 0597357 0023820 0033684 0035696 0439849 0442805 0445223 1291138 1171362 0185117 0521115
 0449911 0333052 2607870 0557702 1272706 1704674 0557702 1272706 1704674 0349966 1337208

 0442805 0332282 0023977 0679853 0039798 0087111 1522326 1533734 1705169 3538994
 0085262 0007634 3282337 2347578 0007634 0205170 3146287 3282337 0020498 0332197 1689985 0010453 0220814 0430400 2242979 0392148 0439526 0740116 2827735 2981700
 0332282 0086168 1139930 0007634 3282337 1548982 0033618 0242210 0597358 0243122 1145667 1167622 0038960 1382107 1705537 0332197 0884358 1689985 0392148 0470296
 1552961 2347617 1882932 1510992 2825518
 0684224 0700287 1514811 1706462 3273238 1416912 0254837 1334879 0027752 0027754 1522443 0206454 0018284 0065059 0679853 0007595 0027759 0597357 0007634 0018270 0023820 0027740 0027757 0033684 0039798 0087111 0178539 0220844 0439849 0445223 1280541 1521761 1522326 1533734 1621966 1705169 2827422 2911660 3538994 0814002 0034837 0547043 0851285 1282911 0699040 0007634 0205148 0238767 1269647 1704653 1706086 1948049 0035696 0205172 0439834 0441889 0456079 1547707 2946261 0007600 0007634 0205132 0521390 1269647 1704653 1948049
 0376554 1707959 0083735 0132298 1522444 1521761 2827422 1547282 1637379 1883351 0392747 0520511 1704711
 0027754 1547282 1883351 0032214 0600138 0035820 0024501 0031843 0542341 0700205 1705273 0205099 1879652 0206417 0027763 0422837 1269560
 0871261 0332257 1552866 2700399 0443252 0205166 1515273 1705313 1706317 2826302 0017262 0017337 0185117 0392747 0443172 1705241 0947630 1547282 0027754 1280500 0031842 0031843
 0027754 0205369 0597357 1145667 1167622 1552740 0376525 1274040 1546471 2825142 0813988 1879547
 0332257 1552866 2700399 0752312 1979930 0242853 0033640 0018284 0026249 0031727 0033684 1879547 0044602 1333578 1705730
 1879547 0443172 0392747 0750492 0332185 1551359 2741673 2981730 1552738 0392747 0443172 0027754 0205263
 1707959 0027754 1547282 1637379 1883351 2349975 0027793 0040722 0242781 1521797 0927232 1269563 0027763 0422837 1269560 0027769 0205099 0449913 0599851 1553451 1704459 1879652 0682701 0442805 0598964 0030685 0391871 0439180 0680255 1283071 1963578 0237897 0808080 1705922
 1883712 0027754 0107103 1522561 0083735 0132298 1522444 0006104 1269537 1441547 1521761 2827422 3245521 0684224 0700287 3496591 1883351 0015127 1524003 0392747 0443172 0010453 0205225 0439631 0027882
 0557651 2603343
 1517316 0151686 0221103 0301625 0439181 0728721 0007634 3282337 0027882 1515981
 1883727 1883357 0947630 1705535 0027754 0205263 0439831 0443252 0205166 0871261 1515273 1705313 1706317 2826302 0007613 1325880 0007634 0023175 0031842 0031843 0392747 0443172 1269647 1442948 1522538 1704653 1948049 2348269 3275067
 2244506 2249825 1292856 1948023 0439831 0702093 0332282 1883712 0027752 0027754 1522443
 0597295 1157478 1819634 0220781 1883254 0699040 0007634 0205148 0599896 1269647 1704653 1948049 1515187 0011744 0033727 0369286 0441932 0564385 0740116 2827735 2981700 0018517 0376558 2825407 0337505 0205166 1706317 0011744 0033727 0369286 0441932 0564385 1416912 0025252 0597357 0033684 0750558 1710571 1274040 1546471 2825142
 1883712 0597360 1171362 0185117 1274040 1546471 2825142 0567416 0439155 1516240 0042789 1947903 0450354 1706096 0439086 2827736 2981702
 0442726 1511790 0442805 0871208 1521828 0332148 0750492 1518422 0027752 0027754 1522443 0018284 0679853 0814002 0018270 0027740 0027757 0039798 0087111 0220844 0392747 1280541 1521761 1522326 1533734 1621966 1705169 2827422 2911660 3538994
 1416912 0025252 0597357 0033684 1522427 2827734 2981698 0027752 0027754 1522443 0018284 0814002 0018270 0027740 0027757 0220844 1280541 1521761 1621966 2827422 2911660 0442808 0871208 1521828 1819371 0871208 1521828 0740116 2827735 2981700 0079896 0040673 1280474 0040671 1705822 0027752 0027754 1522443 1416912 0597357 0033684 0337051 1509144 2349200 0443304 0337051 1509144 2349200
 0332149 1705910 2362652 0349966 1337208

 0868928 1706255 1706256 1553640 0679853 0039798 0087111 1522326 1533734 1705169 3538994 0442805 1274040 1546471 2825142 2986811 0871208 1521828 1547014 1948059 0015283 0392747 0443172 2986811 0871208 1521828 1547014 1948059
 1416912 0025252 0597357 0033684 1441672
 3161035 2349182 1416912 0025252 0597357 0033684 0392756 0521115 0547047 1265611 1416912 0597357 0033684 0337051 1509144 2349200
 0868928 1706255 1706256 1424736 0679853 0039798 0087111 1522326 1533734 1705169 3538994 0027752 0027754 1522443 1518422 0392747 0871208 1521828 0032930 1444748 0026649 1518422 0205177 0337051 1509144 2349200
 3161035 2349182 0442805 1441672 0699040 0007634 0205148 0238767 1269647 1704653 1706086 1948049 0887883 1819371 0282114 0333262 1515981
 1707959 0018284 0018270 0220844 1521761 1621966 2827422 2911660 0021641 1533581 1579433 1637379 0040715 2987521 1420175 0166441 2982484 1335837 1705603 0699040 0205148
 0332120 1524063 0025664 0449851 1705535 1709305 2745955 0442808 0871208 1521828 0871208 1521828
 1707959 0052495 0003987 0597357 1552738
 0868928 1706255 1706256 0337051 1509144 2349200 1704788 3539106 1518422 0014139 1314939 2984285 0031586 0014898 0031588 0070750 1292856 1948023
 0947630 0085732 1299581 0027752 0027754 1522443 0018284 0814002 0018270 0027740 0027757 0220844 1280541 1292856 1521761 1621966 1948023 2827422 2911660 2987476 0597360 1171362 0185117 1416912
 0449911 0333052 2607870 0557702 1272706 1704674 0557702 1272706 1704674 0349966 1337208

 3161035 0814675
 0557061 2584313
 1518422 0205309 0150312 0449450 0013879 1705248 1710082 0332620 1185625 2986730 0332257 1552866 2700399 0597357 0027752 0027754 1522443 0018284 0814002 0018270 0027740 0027757 0220844 1280541 1521761 1621966 2827422 2911660
 0679133 0543488 1883351 1316572 1317574 1369612 0039259 0031715 1158886 0027752 0027754 1522443 0018284 0679853 0814002 0018270 0027740 0027757 0039798 0087111 0220844 0442805 1280541 1521761 1522326 1533734 1621966 1705169 2827422 2911660 3538994 0333957
 0332149 1705910 2362652 1158886 0031715 1710082 0332620 0699040 0205148
 0947630
 1547282 1519254 1519063 2945843 0031715 0205145 1158886 1515974 2825164 1334189 0065684 0597357 0005528 0597357 1317949 1514873 3495449 0007603 0025255 0032105 0596901 1550098 1706182
 1158886 0031715 1416912 1710082 0032930 1444748 0332620 0337051 1509144 2349200 0337051 1509144 2349200
 0332620 0039798 0087111 1522326 1533734 1705169 3538994 0205369 1552740 0205369 1552740 1416912 0597357 0033684 2982691
 0016884 0557651 0947630 2603343 0597357 0040679 1442762 0242275 1323367 0018284 0014520 0018270 0220844 0221920 1521761 1621966 2827422 2911660 0034821 0039798 0087111 0132298 0392760 1314939 1323315 1332408 1522326 1533734 1705169 3538994
 1705535 0333262 1622418 0013879 1705248 0027754
 0018563 1281583 1552914 0597357 1518422 0039798 0087111 0132298 0851285 1323315 1332408 1522326 1533734 1705169 3538994 1705535 1185625 2986730 0205369 1552740 0013879 1705248 1710548 1273518
 0162340 0441712 1706376 1273518 0544982 0332620 0027752 0027754 1522443 0018284 0018270 0027740 0027757 0220844 0947630 1280500 1280541 1521761 1621966 2827422 2911660 0814002 2755994 0037080 0037083 0086982 1704259 1705987
 1416912 0597357 0033684 0597357 1145667 1167622 0014139 0439064 0443302 0023688 0332257 0023820 0003595 0085151 3538722 1456454 0033665 0002716 0011560 0033684 0611285 1709634 0450382
 0851285 1327622 1947931 0597297 1157973 1623036 1819635 0543484 0699900 1516314 0686907
 1707959 0031843 0542341 0700205 1705273 1883351 0086597 1624592 1149323 0597358 0243122 1145667 1167622
 0597177 1883727 0007634 3282337 0449432 1698986 0007613 0007634 0178539 0440102 0542341
 1527178 1705938 0332282 0262593 0031119 0161479 1280200 0027740 0027757 0205100 1280541 3263722 3263723 0205263 0857127 3161035 0003595 0003591 1441414 1553874 1578820 0023779 0008377 0036387 2347578 0007634 0205170 3146287 3282337
 1883712 0003595 0003591 1547282 1883351 0927232 1269563 0027763 0422837 1269560 0027769 0205099 0449913 0547043 0599851 0851285 1282911 1553451 1704459 1879652 0029130 1268985 0015392 0027740 0027757 0029144 1280541 0019564 0949582 1029104 1284077 1515981 0332282 0332453 1512900 0524810
 1517331 0003595 0003591 0023820 0205392 1280500 3540770 3158384 0085103 1709305 2745955 1515655 0947630 1705535 0023820 0003595 0032214 0600138 0035820 1705810 3263722 3263723 0001811
 1416912 0597357 0033684 0051300 1416912 2987172 0065059 0597357 0027882 1416912 0025252 0597357 0033684 0007634 0178539 0243144 0347980
 0023820 0003595 0205448 0348078 0376315 1522492 1749467 1948047 0348078 0376315 1522492 1547282 1883351 1621296 0023688 1416912
 1514535 0597358 0033618 0162808 0242210 0597357 1514562 0243122 1145667 1167622 1880389 1883221 3541951 0700364 1883351 0002520 2917660 0001128 0202406 1880389 1883221 2982691 3541951 0150312 0449450 1518422
 0033666 1709694 0700364 1883351 1709305 2745955 1185625 1382196 0332149 1705910 2362652 0085151 3538722 1456454 0033665 0002716 0011560 0033684 0611285 1709634 1704259 1705987 1416912 0597357 0033684 0599896 0033666 1709694
 0543488 2987476 0016884 0557651 0947630 2603343 1883351 1280500 1416912 0597357 0033684 0007634 0178539 0033268
 2963144 1416912 0597357 0033684 0243144 0347980 0243125 0699900 0332149 1705910 2362652 1947931 0037083 3537152
 1707959 1511726 3245479 1705535 0015744 0205160 0851285 1327622 1513916 2825415 2825491 2911691 0016030 1416912 0034800 0065059 0699040 0025252 0597357 1514760 0007634 0023820 0033684 0086597 0127400 0205148 0439849 0445223 1269647 1704653 1948049
 0302523 0700325 3244290 1705535 1416912 0065059 0597357 1621296 0023688 0023820 0033684 0205447 0439849 0445223 0443264 0220781 1883254 1416912 0597357 0033684 0337076
 1882365 0007634 0521390 1709305 2745955 3282337
 0037640 0543488 2987476 0027754 1158886 0031715 1416912 0001721 1514762 0037083 3537152 1416912
 2825232 0043227 0027468 0018173 0018684 0021622 1521721 3245503 0439267 2347469 0033727 0369286 0441932 0564385 0004083 0004446 0015535 0439849 0596306 0684017 0699792 0439267 2347469 0004446 0035168 0242481 0033727 0369286 0441932 0564385
 0010186 0220812 0449719 1709471 0220808 0680264 0007961
 1706852 0522501 1706089 0949214
 0205155 1293097 1522472 1552923 1705191
 0282413 0376649 1442065 0030755 0036375 0442504 1704765 1882509 3496241 3272372
 0254343 0796520 3272379

 0085205 1549619 1880669
 0013849 1705961 0024492 1538057 1547565 1420634 0006463 0059804 0680063 0000723 1273517 1416912 0597357 0033684 0034821 1366529 1416912 0242972 0748025 0023823 0597357 0065059 0023820 0033684 0178587 0205251 0439849 0445223 1299352 1550472
 0085151 3538722 1456454 0033665 0002716 0011560 0033684 0611285 1709634 0085151 3538722 1456454 0033665 0002716 0011560 0033684 0611285 1709634
 0002716 0011560 0030956 0611285
 0003595 0003591 0003595 0003591
 0164707 1420705 0040048 1333522 0040300 1521761 1547928 1704259 1705987 1999216 2827422 0164707 1420705 0040048 1333522 0040300 1521761 1547928 1704259 1705987 1999216 2827422
 3171718 0024420
 0024420 3171718
 0027752 0027754 1522443 0018284 0814002 0018270 0027740 0027757 0220844 1280541 1521761 1621966 2827422 2911660 0027752 0027754 1522443 0018284 0814002 0018270 0027740 0027757 0220844 1280541 1521761 1621966 2827422 2911660
 0031727
 0072482 0919487 1704884 0027752 0027754 1522443 0018284 0814002 0018270 0027740 0027757 0220844 1280541 1521761 1621966 1879547 2827422 2911660
 0597357 0033684 0332281 0597357 0033684 0332281
 0002395 1521724 0012634
 0439267
 0006463 0038817 0376223
 0369637 0441923
 0302523 0700325 1964257
 1514811 1706462 0557061 2584313 1514811 1706462 0439482

 2347961

 0025141 2603362
 0597277 1708601 0439267
 2347379
 0025141 0439267


 0597277 1708601 2347469
 2603360
 0027882 0025141 0006463 0439267


 0439394 1706495 3642217


 0201682
 0439482 0439114 0033727 0369286 0441932 0564385 0597277 1708601
 0597277 1708601

 0000857 0600678 1552863 0439482 0205090 0684010 2603358

 0439394 1706495 3642217 0678579 0369637 0441923
 2603362

 0000857 0600678 1552863 2603360

 0369718 0441922 1553036
 2603360
 0439482


 0450389 0025141 0439482

 0597277 1708601 1832110
 0597277 1708601 0678579 0369637 0441923
 2603362


 0201682
 2603362
 0369773 2603361 0006463 0439267

 0439394 1706495 3642217


 0025141 0369637 0441923


 0597277 1708601


 0201682
 0016327 0439133 1553038
 0369637 0441923




 0016327 0439133 1553038 0439070 1705160
 0597277 1708601


 0201682

 1825319 0439267
 2603362
 0369637 0441923

 0597277 1708601



 0201682

 0033727 0369286 0441932 0564385


 0369773 2603361
 0439267
 0035853

 0439394 1706495 3642217 0369637 0441923

 0036397 0025141

 3272372
 0369773 2603361
 0033727 0369286 0441932 0564385 0369637 0441923
 2603362
 0033727 0369286 0441932 0564385 2347469

 0016327 0439133 1553038
 0205090 0684010 2603358 0369637 0441923
 1553033 2347469 0035853

 0027855 0000857 0600678 1552863

 0439267
 0035853

 1418943

 0268596 2700624
 3642273
 0041703
 0439083 0439087 0000857 0600678 1552863 0033727 0369286 0441932 0564385 3613423 0597277 1708601
 2347379
 0025141
 0597277 1708601
 0033727 0369286 0441932 0564385
 0369637 0439394 0441923 1706495 3642217 0439267

 0035853

 1418943

 0268596 2700624
 3642273
 0041703
 0439083 0439087

 0597277 1708601
 0033727 0369286 0441932 0564385 0369637 0439394 0441923 1706495 3642217 0205090 0684010 2603358
 0035853

 1418943

 0268596 2700624
 3642273
 0041703
 0369637 0441923
 0369637 0441923
 2603360

 0439267




 0201682
 0022418 0369637 0441923
 0016327 0439133 1553038 0402830 0205090 0684010 2603358

 0439267
 0369637 0441923



 2347469
 0369773 2603361
 0597277 1708601
 0033727 0369286 0441932 0564385 0205090 0684010 2603358
 0205090 0684010 2603358

 0036397 0025141
 0205090 0684010 2603358
 2347469 0205090 0684010 2603358
 0006463 0439267
 0439394 1706495 3642217
 1418943

 0268596 2700624
 3642273
 0041703
 0000857 0600678 1552863 2347469
 0369773 2603361 0439394 1706495 3642217
 0205090 0684010 2603358
 0205090 0684010 2603358



 0201682
 0006463 0439267


 0439394 1706495 3642217


 0450387 0025141 2347469
 0022877

 0025141 2347469 0016327 0439133 1553038 3539821 0205090 0684010 2603358

 0001811 0025141

 0439394 1706495 3642217 0006463 0439267



 0450388 0025141 3540681
 2348274 2347469
 0033727 0369286 0441932 0564385 0205090 0684010 2603358
 2826220 0597277 1708601
 0205090 0684010 2603358
 0369773 2603361
 2603362
 0369637 0441923


 0450388 0025141 0205090 0684010 2603358
 2347469
 2603360
 2347379
 0025141

 0369718 0441922 1553036
 1551910 2603362

 1553033
 0369637 0441923


 0025141
 2603360 0999213 0439394 1706495 3642217
 0205090 0684010 2603358
 0439267 0039736 0439394 1706495 3642217
 0205090 0684010 2603358
 0027855 0000857 0600678 1552863 0033727 0369286 0441932 0564385 0439482 0597277 1708601
 0597277 1708601


 0025141 2603362



 0597277 1708601


 0201682
 0021966 0221138 0006463 0439267
 0439394 1706495 3642217


 0201682

 0205090 0684010 2603358
 0021966 0221138

 1418943

 0268596 2700624
 3642273
 0041703
 0000857 0600678 1552863 0006463 0439267 0369773 2603361

 0439394 1706495 3642217


 0201682

 0439394 1706495 3642217



 0450382 0369773 2603361

 0439267

 0439394 1706495 3642217


 0201682
 0369773 2603361

 0403010 0369773 2603361

 0331964
 0439394 1706495 3642217 0205090 0684010 2603358
 0021966 0221138
 0027882 2827734 2981698 0025141 2603360
 0439267 0369637 0441923


 0027827 0025141
 0006463 0439267 0038817 0376223

 0369637 0441923


 0201682
 0439267

 0597277 1708601
 0439394 1706495 3642217 2603362


 1315013

 0439073 0439082 0205090 0684010 2603358
 1553033 1441631 0369718 0441922 1553036



 1517844
 0025141 0033727 0369286 0441932 0564385
 0036397 0000857 0600678 1552863
 0369718 0441922 1553036
 0015733 0369637 0441923
 0369637 0441923
 0349590 1262865 0025141 0033727 0369286 0441932 0564385
 0369637 0441923
 0036397 0025141 0439394 1706495 3642217



 0369637 0441923
 1418943

 0268596 2700624
 3642273
 0041703
 0006463 0439267 0033727 0369286 0441932 0564385
 0439267

 0439394 1706495 3642217

 0000857 0600678 1552863 0033727 0369286 0441932 0564385




 0201682
 2945617 0439267



 0201682
 0033727 0369286 0441932 0564385
 0021966 0221138
 2603362
 0021966 0221138
 0369637 0441923
 2603362
 0439267



 0201682

 0439267
 1551604 0205090 0684010 2603358



 0201682
 0369773 2603361 1553033 1553033 0205090 0684010 2603358 2603360
 0027960 0324740 0439189 1456781 1824986

 0007634 1269647 1704653 1948049 0000857 0600678 1552863 0205090 0684010 2603358
 0369637 0441923


 2347961

 0025141 0582525 0439267 0439482 0597277 1708601
 0597277 1708601
 0349590 1262865 0025141 0369637 0441923
 0205090 0684010 2603358
 0439267
 0330099
 0021966 0221138
 0205090 0684010 2603358
 2347469
 2603360
 0597277 1708601
 0007634 1269647 1704653 1948049 0025141 0369637 0441923
 0016327 0439133 1553038 0205090 0684010 2603358

 0439267
 2347379
 0025141
 0597277 1708601
 0439394 1706495 3642217
 0439394 1706495 3642217
 0205090 0684010 2603358
 0597277 1708601
 0033727 0369286 0441932 0564385
 0205090 0684010 2603358
 0369773 2603361
 1670412 0369637 0441923

 0369637 0441923

 1315013

 0025141 0325808 0439267

 2347469


 1418943

 0268596 2700624
 3642273
 0041703
 0000857 0600678 1552863
 0040833 1521798
 0025141 0439394 1706495 3642217
 0035168 0242481 0002395 1521724 0012634 0725066 0012634 0597277 1708601 2347469 0033727 0369286 0441932 0564385
 0037683 0027976 2347469
 0027882 0025141 0369637 0441923
 0205090 0684010 2603358
 0006463 0439267


 0201682
 0009993 0037455 0596070 1552856 0005477 0026376 0005532 1521991