 0035820 1705810 0332307 1547052


 0597277 1708601
 0005532 0031330 1524059 0031842 0031843 0039711
 3272372
 0557061 2584313 1514811 1706462 0681832 1285529 1883351 0851285 1327622 0023816 1416902 0242692 1280260 0026845 0037253 0521324
 0086045 1446561 0577559 1306372 3152252 0242692 0023216 1269079 1456800 1522391 0369773 2603361
 0040607 0220931 2673163 0439175 0439810 1149837 0243102 1149836 1141895 0014442 0205177 0439167 0441655 1561536 0231484 0032105 1515981 1550098 0369773 2603361
 0040607 0220931 2673163 1518422 2349975 0851285 1327622 1518422 0035953 2346414 0024876 1305761
 0441889 0205250 1299351 2700149 0040607 0220931 2673163 1518422 1274040 1517331 1546471 2825142
 0034693 0034721 0013786 0013790 0442828 1292856 1948023 0007457 0026845 0043157 0220938 0015127 1524003 0577559 1306372 3152252 0243102 0014442 0205177 0439167 0441655 1561536 0080103 0205345 1547039 0369773 2603361
 0185117 0023816 1416902 0040223 1632851 0443228 1704243 0242694 1305356 0034693 0034721 0205177 0439167 0441655 1561536 0034693 0034721 1522391 0369773 2603361
 1552616 1706244 0947630 0183683 1521721 1512571 0205177 0439167 0441655 1561536 0023816 1416902 0023764 0023820 0185117 0442808 1514873 0015259 0040607 0220931 1522704 2673163 1515981 0024501 3244092 0205250 0441889 0456079 1299351 1547707 2700149 2946261 0026606 0231484 0031809 0205177 0205485 0439167 0441655 1509143 1561536
 0041004
 0557061 2584313 1514811 1706462 0023816 1416902 0023764 0023820 0023816 1416902 0023764 0023820 0014442 1883254 0596981 0007634 0026845 3282337 0206131
 1272688 1280477 0443211 1881534 0686907 0441889
 1514559 0025936 0003069 0025914 0025929 0026809 0392756 0041004 0086045 1446561 0023822 0020557 1522137 0012155 1442959 1519433 2983588 1997138 0596848 0012634 0332281 0011847 0011849
 1883712 1514559 0242692 1280260 0026845 0037253 0521324 0205410 0332325 0237834 1514892
 0543484 0699900 1516314 0023822 0023821 1291139 1522133 1265608 0065055 0008377 0023820 0178587 0205250 1299351 2700149 0033147 1441672 0021485 1272883 1533685 1828121 0003241 0021027 0023816 1416902 0023764 0023820
 0023816 1416902 0023764 0023820 0035820 1705810
 1280500 0012634 0086418 0185125 1632850 1879355 0947630 0004153 0065060 0023820 0041004 0699759 0023822 0023821 0065055 1522133 0008377 0023820 0178587 0205250 1299351 2700149 1149837 0086439 0023816 1149836 1416902 0023764 0023820 0205177 0439167 0441655 1561536 0023816 1416902 0023764 0023820 0026882 0015127 1524003 1425988
 1710548 0012634
 0557651 2603343 0026845 0521874
 0557651 2603343 0015259 0031809 0205234 0205485 1285542 1509143 1522704 0015259 1522704 1704970 0442805 1149837 0023816 1149836 1416902 0231484 0023764 0023820 0205177 0439167 0441655 1561536 1373181 1158323 0025519 0025520 0439086 2827736 2981702
 0871489 1548602 1704686 0015259 0851285 1522704
 1880177 1301725 1609436

 1881534 0037088 0243095 2825141 0449247 0040223 0750729 3541383 0033684 0086418 0439849 0445223 0332290 0441471 3541888
 0947630 0450348 0450355 0917903 0086045 1446561 1518422 0035953 0040607 0220931 0392747 0443172 0600140 1704688 1705241 2346414 2673163 0034693 0034721 0238703
 0231448 0231449 0439792 0162340 0015259 1522704 0205549 2348044 0015320 0518609 1883727 1265611 0470187 0026845 1995013 2827734 2981698 0740116 2827735 2981700
 1947946 2948600 3540471 3540472 1883351 0035820 1705810 0851285 1327622 0023816 1416902 0332307
 0205435 1279901 0035696 0023816 1416902 0577559 1306372 3152252 1149837 0023816 1149836 1416902 0023764 0023820 0205177 0439167 0441655 1561536 0026845 0332307 0332464 1514721 2348147 3542016 0205254 0034693 0034721
 0205234 1285542 0332283 1522634 1719822
 0035953 2346414 0015259 1522704 0026832 0033684 0423896 0456205
 1705241 1705242 0332575 1260956 0332307
 1274040 1546471 2825142 1708698 0681814 1524062 1706817 1522634 0557651 2603343 0332152 1705850
 0522510 0015259 1522704 0035953 2346414 0392747 0443172 1705241 0851285 1327622 1518422 0015259 1522704 0024876 0026845 1305761
 1706817 1999230 0332120 0005575 2700256 1521761 2827422 0023816 1416902 0023764 0023820
 0035173 0332183 1705535 0332149 1705910 2362652 0683949 0003062 0035253 0557651 0947630 1512899 2603343 1547282 0441889 0449286 0542560 1561545 2348088 1521761 2827422 0019932 0079189 1524094 0018284 0018270 0220844 1621966 2911660 1521761 2827422
 1883708 1280500 2348382 0031119 1280200 0501384 0027740 0027757 1280541 1513492 1705994 0205177 0439167 0441655 1561536 0234402 0442805 0185117
 0557651 2603343 1280500 2348382 3244092 0205250 0441889 0456079 1299351 1547707 2700149 2946261 0242694 1305356 0026820 0026845 0043194 0258432 1140999 1421478 0441655
 1883727 1883357 0947630 0183683 1521721 1512571 1280500 0205410 0442805 0185117
 0520510 0557061 2584313 1514811 1706462 0034715 2699239 0034693 0034721 0439267 0014409 0014406 1314677 2587213 0162791 0220845 0282423 0027468
 0034693 0034721 0020056 2718082 0023693 0332582 1306462 1511572 1881376 0023693 1306462 1881376 0324335 1879743 0012155 1442959 1519433 2983588
 0003062 0021485 0022614 0439962 1272883 1533685 1720436 1828121 0439526 0043366 0439526 0000959 0439526 0022718 0439209
 1554149 0678257 0683607 0035953 0439656 0444454 1554204 2346414 3543419 0439228
 1513371 1705738 2347637 2348146 1273517 0034693 0034721 0035953 0205250 0600140 0678536 1299351 1704688 1710669 2346414 2700149 0439086 2827736 2981702 1514873 1883351 0332307 0740116 2827735 2981700 1280500 0332281 0038435 0015259 1522704
 0009622 0034869 0678536 0012751 0449238 2926735
 0035953 0205172 0205177 0439083 0439087 0439167 0439656 0441655 1561536 2346414 3543419 0332582 1511572 1709305 0034693 0034721 0205177 1511726 3245479 1518422 1547282 1425988
 0012751 0205217 0442805 0332173 0439228 0439505 2584321 2964353
 2964353 1314677 3538743 1515021 0034693 0034721 1511726 3245479 1518422 1547282
 0040278 1516698 1704814 0012751 0205361 0678536 0702093
 0449238 2926735 0332173 0439228 0439505
 0040300 1547928 0011744 0033727 0034693 0034721 0369286 0441932 0564385 1516695 1516698 0035953 2346414
 1515021 0247683 0033727 0035253 0369286 0441932 0564385 0162388
 0026845 0332575 1260956 1995013 1301820 0332257 0018787 1281570 0242694 1305356 0224448 1305061 0224445 1321540
 0007457 0026845 0043157 0220938 1995013 0332257 3538986 0224441 0584894 0242693 0224444 1321539 0224444 1321539 0024876 1305761 0022359 0024687 0026845 1273020
 0597298 1547282 1514721 2348147 3542016 0332307 1547052
 0242692 0441729 0021966 0221138 0332307 0439083 0439087 1547052 1514721 2348147 3542016 0027096
 0557651 2603343 1273517 0332575 1260956 0007457 0043157 0220938 0027552 0686904 0025320 0392747 0443172
 1524063 0026820 0205092 0205177 0439167 0441655 0522510 1273517 1561536 3161035 3176846 0441516 0699784
 0175727 1882545 0230168 1283841 1882615 0000726 0011334 0021102 0034693 0034721 0333343 1510420 1720436
 0013812 1416505 0205117 0332282 1883708 0031173 1278865 0027740 0027757 0205214 0442035 1280541 1522138 3245511 0205148 0242691 1305344 1292856 1948023 0242690 1710422 1305065 0026845 0205094
 1292856 1948023 0034107 0391850 3274784 1442765 0282046 0439228
 0175727 1879547 1292426 0332173 0439228 0439505 0034693 0034721 0424522 0441655
 0026845 0033727 0035253 0369286 0439531 0441932 0564385 1622890 1948053 1512335 0439228 1292856 1948023
 0242690 1710422 1305065 0026845 0205094 1292856 1948023 0023216 0441988 1140621 1285009 1301820
 1522391 0032159 0179686 0302143 0460977 2699127 0442504 1704765 1882509 3496241 0439084 0728893 0034693 0034721 0020056
 0242694 0026845 1305356 1995013 0034693 0034721 0243148 1550141 1882979 2587213 3274648 1301820 1883351 1280500 0026845
 0005861 0002778 0936012 1524024 0035668 0439175 0439810 0884358 0026845 0185115 3541890 0184661 1948041 2700391 3274430 3538935 3539779
 0035668 0013855 1883708 0025255 0028736 0348011 0596901 0740034 1706182 3202974 0441472 3266814 1532472 0178576 0332220 2828360 1517892 1704666
 0025255 0006353
 0182400 1704681 2347609 3536729 0439157 0750480 1705566 3272448 0012854 0023816 1416902 0006556 0023764 0023820 0034656 0034693 0034721 0439605 0871133 1521827 0045191 0146894 0439086 2827736 2981702 0439190
 0020202 1300517 0439526 0025255 0596901 1706182 1548982 1948050 0040223 0205448 1632851 1883708 1548982 1720092 1948045
 0025255 0596901 1706182 0004400 0681850 1550501 1706203 2349001 2697811 0220908 1305399 1705053 0439164 1268822 0178587 0042789 2707266 1709793
 0439164 1268822 0178587 0182400 1704681 2347609 3536729 0205437 0205447 1149837 1149836 0205177 0205369 0439167 0441655 1552740 1561536
 0868928 1706255 1706256 1518681 0039798 0087111 1280500 1522326 1533734 1705169 2348382 3538994
 0872262 0002778 0936012 1524024 1995013 0026845 0441833 0687744 0884358 1257890 1552516 1705428 1705429 1711411 0541594 0392747 0443172 0025320
 0035668 1273517 1707455 0026845 1995013 0037640 0439164 1268822 0178587 0042789 2707266 0005507 0205132 0243073 1510438 1514721 2348147 2987476 3542016
 0042295 0023816 0439164 1268822 1416902 0023764 0023820 0178587 1552132
 0577559 1306372 3152252 0014441 2717977 0005507 0014442 0021075 0243073 1510438 1517892 1704666 1273517 1883351 0079809 0242485 0240417 0577559 1306372 3152252 1515926 0023816 1171362 1416902 0023764 0023820 0033684 0185117 1274040 1546471 2825142
 0003241 0021027 0023816 1416902 0023764 0023820 0013710 0029974 1508746 0031831 1707664 1999230 2348314 3540849

 0021485 1272883 1533685 1828121 0025664 0184661 2700391 2348205
 0003241 0021027 1709027 0205170 1139930 3146287 0086045 1446561 0439526 1292426
 0003241 0021027 0849355 0205170 3146287 0041175 0006353 0036082 0077281 0814229 1548982 0332256 2700400 0041415
 1139930 0006353 0233660 0332206 1439852 0037494 1959973 0041415 0013618 0074721 1442450
 1552738 1149837 1149836 0243102 0014442 0205177 0439167 0441655 1561536 0205435 1279901 1720830 1823521 1720119 1948037 0011740 0019134 0770546 1883708 1524062 0205170 0205173 3539942 0086045 1442448 0450376
 0003250 0003241 0021027 0746619 1720119 1948037 2827734 2981698 0006353 0233660 0332206 0439526 1439852 0205170 3146287 1442460
 0025914 0025929 0026809 0442818 0442726 0596973 0023816 1416902 0023764 0023820
 0051979 0019941 0027021 0031179 0330510 0522529 0939835 1110641 1318719 1719918 2827734 2981698 0006353 0233660 0332206 1292425 1524062 0205170 3146287 1548982
 0009393 1550604 1705245 1883712 0439086 2827736 2981702 0439084 0728893 0178623 1710236
 0443286 1114821 1272691 1268822 2825050 0444706 3541902
 1268822 2825050 0031082 0079240 1442989 1514811 1515981 1706462 2828392 0032105 0034693 0034721 1301820 1550098 1273517 1883351 1441506 0577559 1306372 3152252 0040300 1547928 1638407 0439148 1519795 1704753 1880519 0577559 1306372 1442989 1704788 2828392 3152252 3539106
 0449416 0005507 0243073 1510438 0301870 1272724 0032105 1550098
 0455052 1521827 0026845 1995013 0181637 0262485 0016701 0677542 0260055 1550121 0028158 0302908 1304698 1546699 1550581 1561501 0032861 1382110 0348000 0027976 1879958 0439818
 0006353 0332256 2700400 0020283 0041175 0077281 0450407 0450408 0450409 0814229 0003641 0439526 0064858 0439526 0053140 0070329 0439526 0439526 0031493 0016327 0019134 0770546 0439526 0439526
 0026845 1995013 0006353 0086045 0439526 1446561
 0681814 1519521 0040300 1547928 0026845 1301820 1995013 0224441 0584894 0242694 1305356 0024876 1305761 0001527 0040300 1547928 0028754 1563743 1282914 0022646 0227665 1278978 1514845 0042149 1269032
 0439269 1960952 2346927 0439269 1960952 2346927 2982836 0204774 0019134 0205548 0332256 0439526 0770546 1720830 1823521 2700400 1719918
 0947630 0439340 1880521 2945590 0439526 1149837 0023816 1149836 1416902 0023764 0023820 0205177 0439167 0441655 1561536 0242694 0391871 1283071 1305356 0224441 0584894 1511726 3245479 1518422 1547282
 0032105 1550098 0441835 0034693 0034721 0441833 0443299 0687744 1257890 1301820 1552516 1705428 1705429 0021485 1272883 1533685 1828121 0019134 0770546 0022427 1280188 0042449 1278960
 1149837 0023816 1149836 1416902 0023764 0023820 0205177 0439167 0441655 1561536 1149836 0023764 0205177 0439167 0439175 0439810 0441655 0444686 1441506 1443182 1561536 0332288 1527428
 0521093 0750484 0423896 0456205 0311403 1149836 0023764 0205177 0439167 0441655 1561536 0205369 1552740 0003250 0003242 0003241 0021027
 0026845 2328219 0040300 1518422 0034693 0034721 1301820 0019134 0770546 1720154
 1149837 1149836 0243102 0014442 0205177 0439167 0441655 1561536 0444706 1442460 3541902 1710236
 1149837 0023816 1149836 1416902 0023764 0023820 0205177 0439167 0441655 1561536 0020291 0444706 0871208 1442460 1521828 3541902 1710236 0031617 0885520 0392148 0229671 1546774 1550100 0449416 1705919 0052190 1412477 0052209 0003594 0003591 0001924
 0005507 0243073 1510438 0884358
 0031082 0079240 0005507 0243073 1510438 1711411 1149837 0023816 1149836 1416902 0023764 0023820 0205177 0439167 0441655 1561536 0205132 1265611 1514721 2348147 3542016 0005507 0243073 1510438 0884358
 0005507 0243073 1510438 0205369 1552740 1149836 0205177 0439167 0441655 1561536 0023816 1416902 0003242 0003250 0003241 0021027 0023764 0023820 0034693 0034721 0746619 1439852 1883712
 1709320 0002780 0002778 0936012 1524024 0871424 1273517 1883351 1707455 1280500 0020944
 1709451 0022885 0039593 0392366 0242690 1305065 1710422 1524063 0026845 0205094 1273517 1948023 1305065 0242690 0448479 0224456 1710422 0026845 0205094
 1274040 1546471 2825142 0750591 0237881 0750502 1546944 0449450
 0557061 2584313 1514811 1706462 0035696
 0005861 0002778 0936012 1524024 1547282 0035696 0441889 0584894 0224441 0011744 0448311 1761548 0026845 0033727 0034693 0034721 0369286 0441932 0564385 0336809 1552514 0035953 2346414 0205254 1707455 0243148 1550141 1882979 2587213 3274648 0349966 1337208
 0035696 0162388 0011744 0033727 0369286 0441932 0564385 0247683 0033727 0369286 0441932 0564385 0039224 1706073 1706074 1547282
 0439165 0392747 0443172 1705241 0011744 0033727 0369286 0441932 0564385 0349966 1337208

 1707455 0243148 1550141 1882979 2587213 3274648 0035696 0023816 1416902 0443228 1704243 0369773 2603361 1705242 1705242
 0035696 0441889 1705242 0035253 0247683 0033727 0369286 0441932 0564385 1512335 0039224 1706073 1706074
 0449911 0333052 2607870 1413114 0557702 1272706 1704674 0557702 1272706 1704674 0349966 1337208
 2827734 2981698
 0005861 0002778 0936012 1524024 0023816 1416902 0023764 0023820 0035696 0423896 0456205 0584894 0448311 1761548 0224441 0026845
 0086972 0443299 0687118 0025255 0028736 0348011 0596901 0740034 1706182 0023816 1416902 0006556 0023764 0023820 0034693 0034721 0182400 1704681 2347609 3536729 0520510 1552738 0025663 0025664 0449851
 0205254 0243148 1550141 1882979 2587213 3274648 0369718 0441922 1553036
 0205090 0684010 2603358 0035953 0600140 1704688 2346414 0336809 1552514 0369718 0441922 1553036
 0449911 0039224 1706073 1706074 0557702 1272706 1704674 0557702 1272706 1704674 0039224 1706073 1706074
 0035696 0441889 0242692 0026845 1995013 0449911 0333052 2607870 0557702 1272706 1704674 0557702 1272706 1704674 0349966 1337208
 0740116 2827735 2981700
 0065058 0125953 1096202 0577559 1306372 3152252 2347469 0243102 0014442 0205177 0439167 0441655 1561536 1705241 1705242
 0043127
 0224441 0584894 0224441 0584894
 1421451 1704976 0224448 1305061 0224445 1321540
 0026845 1995013 0598132 0042153 0205245 0439745 0542341 0680240 2700217 0024876 1305761 0007457 0026845 0043157 0220938 1518422 0035953 2346414
 0043127 0224441 0584894 0026845 1995013 0035953 0522510 2346414
 1421451 1704976 0242694 1305356 0018787 1281570 0026845 1995013 0231484 1511501 0003062 0243148 1550141 1882979 2587213 3274648
 1707156 3274014 3541345 0003062
 0441889 0224441 0584894 0205250 1299351 2700149 0205254 0243148 1550141 1882979 2587213 3274648
 1709320 0002780 0002778 0936012 1524024
 0577559 1306372 3152252
 0577559 1306372 3152252 0023816 1416902 0026845 0205449 0444706 1995013 3541902 0243148 1550141 1882979 2587213 3274648
 0577559 1306372 3152252 0023816 1416902 0443228 1704243 0369773 2603361 0224441 0584894 0243148 1550141 1882979 2587213 3274648 0450354 1706096 1705242 1511501 0003062 0242694 0026845 1305356 1995013 0450354 1706096 0039224 1706073 1706074
 0449911 0039224 1706073 1706074 0557702 1272706 1704674 0557702 1272706 1704674 0039224 1706073 1706074
 0577559 1306372 3152252 1149837 0243102 1149836 0014442 0205177 0439167 0441655 1561536 1141895 1292728 0231484
 1149837 0023816 1149836 1416902 0023764 0023820 0205177 0439167 0441655 1561536 0443228 1704243 0369773 2603361 0224441 0584894 0224444 1321539 1707455 0243148 1550141 1882979 2587213 3274648 0039224 1706073 1706074
 1149837 0023816 1149836 1416902 0023764 0023820 0205177 0439167 0441655 1561536 1705242 0026845 0205449 0243148 0332575 1260956 1550141 1882979 1995013 2587213 3274648 0024876 1305761
 0449911 0039224 1706073 1706074 0557702 1272706 1704674 0557702 1272706 1704674 0039224 1706073 1706074
 1149837 0243102 1149836 0014442 0205177 0439167 0441655 1561536 1706449 1292728 1141895 1149837
 0023816 1149837 1149836 1416902 0023764 0023820 0205177 0439167 0441655 1561536 0349966 1337208 0032105 1550098 0584894 0448311 1761548 0224441 0026845 0205250 1299351 2700149 0243148 1550141 1882979 2587213 3274648 0369773 2603361
 1705241 1705242 0024876 1305761 0242694 1305356 0001527 0040300 1547928 0028754 1563743
 0449911 0333052 2607870 0557702 1272706 1704674 0557702 1272706 1704674 0349966 1337208
 0439086 2827736 2981702
 1149837 0243102 1149836 0014442 0205177 0439167 0441655 1561536 0021494 0021485 1272883 1533685 1828121 0354566 2315740 0185283 0242692 0001527 0040300 1547928 0037633 0525069 0520510 1552738 0025663 0025664 0449851
 1707156 3274014 3541345
 0129575 0369718 0441922 1553036
 1149837 0023816 1149836 1416902 0023764 0023820 0205177 0439167 0441655 1561536 0449719 0205250 1299351 2700149 0026845 1995013 0205254 0243148 1550141 1882979 2587213 3274648
 1709320 0002780 0002778 0936012 1524024
 0884358 1883351 0022885 0039593 0392366 1512571 0026820 0026845 1140999 0233131 0205410 0442805 0185117
 1515670 0185117 0033684 0205177 0439167 0441655 1561536 0443228 1704243 1948023 0332173 0439228 0439505 0242690 1305065 1710422 0026845 0205094 0205254 1707455 0023216 1140621 1285009 0039224 1706073 1706074 0369773 2603361
 1510992 2825518 0026845 0033727 0035253 0369286 0439531 0441621 0441932 0564385 0870078 1622890 1948053
 0449911 0039224 1706073 1706074 0557702 1272706 1704674 0557702 1272706 1704674 0039224 1706073 1706074
 1280500 2348382 1292856 1948023 0869040 0557651 1273517 2603343 0231485 0205177 0439167 0441655 1561536 0231484 0205410 0205263 0185117
 0080103 0205345 1547039 0205177 0439167 0441655 1561536 0086045 1446561 0577559 1306372 3152252 0205177 0439167 0441655 1561536 0441994 1548802 2003888 0205177 0439167 0441655 1561536 0039224 1706073 1706074 0035696 0577559 1306372 3152252 0205177 0439167 0441655 1561536
 1514811 1706462 0557651 2603343 0332257 1552866 2700399 1533716 0470187 0851285 1327622 0023816 1416902
 0427194 2607943 2926606 3539655 0180153 0439844 1514721 2348147 3542016 0332307
 0035696 0577559 1306372 3152252 0023816 1416902 1149837 0023816 1149836 1416902 0023764 0023820 0205177 0439167 0441655 1561536 1149837 0023816 1149836 1416902 0023764 0023820 0205177 0439167 0441655 1561536 0231484 0035953 2346414 0349966 0439086 2827736 2981702
 0332161 0599946 0247683 0033727 0369286 0441932 0564385 0015259 1522704 0039224 1706073 1706074 1149837 0023816 1149836 1416902 0023764 0023820 0205177 0439167 0441655 1561536 0205250 1299351 2700149
 1301751 1280500 2348382 0332173 0439228 0439505 0040607 0220931 2673163 0441889 0456079 1547707 2946261 0026845 0332575 1260956 1995013 0007457 0026845 0043157 0220938 1518422 0035953 2346414 0349966 0439086 2827736 2981702
 0474395 1149837 0023816 1291138 1149836 1416902 0023764 0023820 0205177 0439167 0441655 1561536 0349966 1337208 0392747 0443172 0205250 0441889 0456079 1299351 1547707 2700149 2946261 2949735 0035953 2346414
 1709098 0013786 0013790 0442828 1292856 1948023 0003062 0442805 0577559 1306372 3152252 0023816 1416902 1149837 0023816 1149836 1416902 0023764 0023820 0205177 0439167 0441655 1561536 0039224 1706073 1706074
 0085639 0238715 0577559 1306372 3152252 0023816 1416902 1149837 0023816 1149836 1416902 0023764 0023820 0205177 0439167 0441655 1561536 0376593 0020944 1547282 0026845 0332307 1547052 0205342 0332281 0205177 0205278 0439167 0441655 1561536 0039224 1706073 1706074
 0332575 1260956 0007457 0026845 0043157 0220938 1995013 0205342
 1280500 2348382 2346714 0018017 1571704 1261322 1552578 0205234 1285542 0015259 1522704 1710082
 0442805 1705535 1184743 1522240 0600138 0449719 1709471 0205177 0439167 0441655 1561536
 0178693 0947630 0150312 0086045 1446561 0205217 0442805 0684224 0700287 0450348 0450355 0917903 0086045 1446561 1518422 0040607 0184069 0220931 0392747 0443172 1705241 2673163 2712999
 0557651 2603343 0450348 1441672 0442739 1548568 0392747 0443172 1705241 0018787 1281570 0242694 1305356
 0947630 0150312 0442805 1524063 0184069 2712999 0678536 0450348 0702093 0450355
 0302523 0700325 3244290 0439509 0702093 1518422 0007457 0026845 0043157 0220938 0740116 2827735 2981700
 0034693 0034721 0035253 0033727 0369286 0441932 0564385 1512335 0450348 0450355 0392756 0085732 0442726 0392747 0443172 0224441 0584894 0150312 0557651 2603343 0039224 1706073 1706074
 1518422 0205309 1705241 1705242 0034693 0034721 0947630 0034693 0034721 0036866 0079399 0804628 1522384 1705241 1705242 0449774
 2607943 2926606 3539655 0332290
 1552616 1706244 0557651 2603343 0359589 1999230 0332120 0239313 0015259 0205263 1522704 0023216 1269079 1456800 1522391 0015385 0026845 1280090 1995013 2983612 1274040 1546471 2825142 1184743 1522240
 0302523 0700325 1964257 0851285 1327622 0026845 0332575 1260956 1518422 1995013 0001288 0026820 0205177 0205307 0332173 0439166 0439167 0441655 0449238 1561536 2347086 2926735 0034693 0034721 0243148 1550141 1882979 2587213 3274648
 1519795 0242485 0282480 0242697 1520138 0007457 0026845 0043157 0220938 1304649 0522498 0332173 0439228 0439505 0034693 0034721 0020056 0022877 0337189 1442989 2828392 3244292
 0007457 0026845 0043157 0220938 1995013 0035696 0033684 1706449 0205177 0439167 0441655 1561536
 0034693 0034721 0035953 2346414 1516077 0702093 0332307 2827734 2981698 0740116 2827735 2981700
 0441889 0034693 0034721 0243148 1550141 1882979 2587213 3274648 0332173 0439228 0439505 0332173 0439228 0439505 1425988 1518422 0205217 0442805 0040607 0220931 1517331 2673163
 0035953 2346414 0205217 0442805 0237753 0449788 0026845 1995013 0750492 0392747 0443172 3154930 0019868 0026845 0332575 1260956
 0557061 2584313 0185117 1514873 0026820 0026845 1140999
 0681814 1706386 0392366 2949735 0205177 0439167 0441655 1561536 0231502 0026606 1321502 0205177 0439148 0439167 0441655 1444656 1513492 1519795 1561536 1704753 1705994 1880519 0232338 0005767 0005768 0229664 0806140 2827734 2981698 1549995 0392360 0242694 1305356
 0035696 0577559 1306372 3152252 0205177 0439167 0441655 1561536 0039224 1706073 1706074 0242694 1305356 0034693 0034721 0243148 1550141 1882979 2587213 3274648 1518422 0205250 0441889 0456079 1299351 1314677 1547707 2700149 2946261 0034693 0034721 1522391
 1705535 0441889 2949735 0441655 2827734 2981698
 1705241 1705242 0242694 1305356 0242690 1305065 1710422 0026845 0205094 0039224 1706073 1706074 1301751 1280500 2348382
 1547282 1279919 0040223 1632851 0441889 0205251 1299352 1550472 0205250 1299351 2700149
 2346714 1705242 0040607 0220931 2673163 0025320 0392747 0443172 0040704 0205374 0000696 0012173 0225326 0304068 0332307 0439836 1260603 1304649 1547052 0392747 0443172 1705241 0178587 0039224 1706073 1706074
 0035953 2346414 0205447 0917903 0023676 0443288 0034693 0034721 1705241 1705242 0332307
 1274040 1546471 2825142 1547282 0443290 0242690 1305065 0205094 1710422 0242694 0026845 1305356 1995013 0242690 1710422 1305065 0026845 0205094 0035696 0577559 1306372 3152252 0205177 0439167 0441655 1561536 0231484
 0150312 0449450 0557651 2603343 0332149 1705910 2362652 0015127 0205225 0439631 1524003 0441889 0332307 0205177 0439167 0441655 1561536
 0150312 0449450 1518422 0015259 1522704 1710082 1883351 0205263 0185117 0023816 1416902
 0806213 0683312 1705535 0439086 2827736 2981702 1710082 0026820 0205177 0439167 0439849 0441655 0445223 1561536 1710082 0019932 0032105 0439849 0445223 1550098 1521761 2827422 0020168 0597811
 0035173 0023816 1416902 0023764 0023820 0444584 1546549 1550677 0015259 0242821 0442805 0444667 0460148 0522510 1268086 1522704 0205447 1521761 2827422 0020168 0597811 1547282 1883351 1149837 0023816 1149836 1416902 0023764 0023820 0205177 0439167 0441655 1561536
 0947630 1518422 0444706 3541902 0025320 0392747 0443172 0026845 1995013 1518422 0015259 1522704
 1621983 0205263 0857127 0026845 1999230 0392360 2699007
 0557651 2603343 1547282 0442805 0577559 1306372 3152252 0205177 0439167 0441655 1561536 0205177 0439167 0441655 1561536 0231484
 1285553 0332120 1080058 0205177 0439167 0441655 1561536 0449432 1705248 0185117 0023816 1416902 1517586 0012634 0348080 1705253
 0035696 0023816 1416902 0577559 1306372 3152252 0205177 0439167 0441655 1561536 0231484 0205448 0443228 1704243 0242690 1305065 1710422 0026845 0035253 0205094 0441988 1512899 1707455 0003062 0445247 1883727 0039224 1706073 1706074
 0459471 3173575 0501384 0027740 0027757 1280541 1513492 1705994 0026820 0026845 1140999 0205410 0205263 0185117 0023816 1416902
 0947630 0027552 0686904 1883351 1704675 0205177 0439167 0441655 1561536
 1149837 0023816 1149836 1416902 0023764 0023820 0205177 0439167 0441655 1561536 0035953 0040607 0220931 0392747 0439656 0443172 0600140 1704688 1705241 2346414 2673163 3543419 1955394 0040300 0205369 1547928 1552740 0442805 0442739 1548568 0392747 0443172 1705241 0242692
 0557651 2603343 0439086 2827736 2981702 0684224 0700287 3496591 1149837 0023816 1149836 1416902 0023764 0023820 0205177 0439167 0441655 1561536 1518422 0242694 0392747 0443172 1305356 1705241 0231530 0015663 0026845 0205217 0332575 0442805 0456962 1260956 0224444 1321539 1149837 0023816 1149836 1416902 0023764 0023820 0205177 0439167 0441655 1561536 1706449
 1261322 0015259 0392747 0443172 1522704 1705241 1274040 1546471 2825142 2713393 0332241
 1707959 0039003 0205178 0557651 0947630 2603343 0035953 2346414 0684224 0700287 3496591 1149837 0023816 1149836 1416902 0065058 0125953 1096202 0023764 0023820 0205177 0439167 0441655 1561536 0242694 1305356 0947630 1524063 1513371 1705738 2347637 2348146 0684224 0700287 3496591 0442739 1548568 0392747 0443172 1705241 0242694 1305356
 1883351 0443221 0034693 0034721 0035953 0600140 1704688 2346414 0442805 1149837 0023816 1149836 1416902 0023764 0023820 0205177 0439167 0441655 1561536 0242694 1305356 0205373 1521761 2827422
 0023816 1416902 0023764 0023820 1547282 1883351 0032214 0600138 0035820 1705810 0229665 1550611 2335890 0003842 0005767 0005768 0221464 0229664
 0150312 0392747 0443172 0332281 0040607 0220931 0518031 2598169 2673163 0000934 0205276 0392673 0015127 1524003 0242692 1280260 0026845 0037253 0521324
 0150312 0449450 0557651 2603343 0150312 0015259 0040607 0220931 1522704 2673163 1280500 2348382 0427716 1304757 0086045 1446561 0243102 0014442 0205177 0439167 0441655 1561536 0205177 0439167 0441655 1561536 0231484 0442805 0205177 0439167 0441655 1561536
 2607943 2926606 3539655 2825141 0332290 0026820 0026845 1140999 0205410 0205263 0185117 0023816 1416902
 0231174 0680095 0392747 0443172 1705241 0185117 0332290 0205177 0439167 0441655 1561536 0185117 0023816 1416902
 1705241 1705242 0332307 0034693 0034721 0243148 1550141 1882979 2587213 3274648 1274040 1546471 2825142
 0282416 1561607 0947630 1547282 0205177 0439167 0441655 1561536 1521761 0242692 1280260 0026845 0037253 0521324
 2986676 0031831 1707664 2348314 3540849
 0025370
 0369773 2603361
 1999230 0018896 0449851 0031831 1707664 2348314 3540849
 0006556
 2825232 0557651 2603343 0003864 0021622 1272753 1521721 3245503 0497254 2707260 0037274 0012634 0018173 0369637 0441923 0444099 1123023 1278993 1548284 2986463
 0018787 1281570 0024109 0819757 1278908 0005767 0005768 0018173 0021622 0229664 1272753 1548284 0021622 1272753 0497254 2707260 0037274 0012634 0016327 0018173 0439133 0444099 1123023 1278993 1548284 1553038 2986463 0018173

 0376649 1442065 0369637 0441923
 0005532 0031330 1524059 0031842 0031843 0041740
 1514756
 0205088 0348078 0376315 1272684 1522492 1546485 1548435
 1514811 1706462 0557061 2584313 1514811 1706462 2827734 2981698
 0205090 0684010 2603358
 2347469 0369637 0441923
 0033727 0369286 0441932 0564385

 0005767 0005768 0229664 0806140 0026845 0034693 0034721 1515981 1995013 0031843 0542341 0700205 1705273 0040223 3541383 0015259 1522704



 0000857 0600678 1552863
 0740116 2827735 2981700
 0205090 0684010 2603358
 2347469


 0439394 1706495 3642217
 0205090 0684010 2603358

 0554210 0369773 2603361


 3278916 0333670 0333668 0522510 2708665 0449238
 0230467 0741204
 0025141
 0439086 2827736 2981702
 0439267

 0439394 1706495 3642217
 2347469

 0205090 0684010 2603358

 0554210
 1149837 0023816 1149836 1416902 0695406 0023764 0023820 0205177 0439167 0441655 1561536 0231484

 1858559




 0582525 0439267

 0023816 1416902 0023764 0023820 2349975 3158650 0243122 1145667 1167622 0034821 1366529 1416912 0242972 0748025 0023823 0597357 0065059 0023820 0033684 0178587 0205251 0439849 0445223 1299352 1550472
 1418943

 0268596 2700624
 3642273
 0041703 0000857 0600678 1552863
 0439084 0728893
 0016327 0439133 1553038
 1709500 2919747
 0369637 0441923
 2603360


 0035696

 1858559



 0369773 2603361 0369718 0441922 1553036

 0025663 0449851 0871511 0185115 0684295
 0003461 2939124

 0025141

 0369637 0441923


 0486616 1555710 0456389 1304649 2258114 0205177 0439167 0441655 1561536 0231484

 1858559




 0369637 0441923

 1416902 0017262 0017337 0185117 0182953 0441889 0456079 1547707 2946261


 0025141

 0439394 1706495 3642217
 0369637 0441923

 0369718 0441922 1553036

 0033727 0369286 0441932 0564385

 0003241 0021027


 0025141


 0597277 1708601
 2603360
 0205090 0684010 2603358
 0369637 0441923



 0015259 1522704 0015259 1522704 1260953 0871261 0000857 0600678 1552863



 0450348


 0016327 0439133 1553038 0369637 0441923

 0369773 2603361


 0369637 0441923


 0086231 0014442 0020980 0021060 1517892 1704666
 0003461 2939124

 0025141

 0021966 0221138

 2603362
 2603360
 0369637 0441923
 2646282 0369637 0441923
 0205090 0684010 2603358

 0035820 1705810 0851285 1327622 1158917 0025519 0025520 0023821
 0947630 0023816 1416902 0023764 0023820 0311403 0026447

 1315013

 0025141

 0205090 0684010 2603358 2603360

 0449774 0034693 0034721
 0349590 1262865 0025141


 1553033 2603362
 0036110 0327949 0459210
 0015576 1704727 0243148 1550141 1882979 2587213 3274648




 0025141


 0205090 0684010 2603358 0021966 0221138
 0205090 0684010 2603358

 0439394 1706495 3642217
 0066801
 2603362
 2603360
 2603362
 0369637 0441923

 0205090 0684010 2603358
 0033727 0369286 0441932 0564385

 0199176 1706420 2700409 0025936 0003069 0025914 0025929 0026809 1514559 0023816 1416902 0023764 0023820



 0056167 0220905 1456376 1704735

 2347469 0033727 0369286 0441932 0564385

 1158917 0025519 0025520 0040607 0205263 0220931 0392747 0443172 2673163 0242692 1280260 0026845 0037253 0521324

 1315013

 0025141

 0369637 0441923
 0033727 0369286 0441932 0564385

 0597277 1708601

 0851285 1327622 0026845 0001527 0040300 1547928

 1858559

 0450389

 0369637 0441923
 0033727 0369286 0441932 0564385 0205090 0684010 2603358
 2347469

 0449775 0449774 0034693 0034721



 0018787 0332520 1281570 2347774

 0033727 0369286 0441932 0564385 0369637 0441923

 0369773 2603361


 0442805 0242692 1280260 0026845 0037253 0521324 0015259 1522704 0080103 0869014
 0025519 0025520

 0369637 0441923
 0016327 0439133 1553038
 0205090 0684010 2603358
 0205090 0684010 2603358

 0033727 0369286 0441932 0564385
 0439394 1706495 3642217




 0021966 0221138

 0033727 0369286 0441932 0564385



 0369637 0441923
 0205090 0684010 2603358

 1515926 0032105 1550098 0025936 0003069 0025914 0025929 0026809 2932881 0023816 1416902 0023764 0023820


 0201682


 0369637 0441923

 0369637 0441923
 0205090 0684010 2603358



 0242831 1283195 0023816 1416902 0023764 0023820 0003250 0003241 0021027 0746619 0018790 0237477 0392351 0521111 1149836 0205177 0439167 0441655 1561536


 0025141

 0369773 2603361 0369637 0441923


 0014020 0259862

 2347379
 0000857 0600678 1552863
 0450348

 0205090 0684010 2603358
 2347469
 0369637 0441923

 0016327 0439133 1553038
 0369773 2603361


 1280500 0204695 2987508 0001527 0040300 1547928 0028754 1563743 0018787 1281570 1882854 0242692 1280260 0026845 0037253 0521324
 0025519 0025520 0025141

 0439394 1706495 3642217
 2347469 0205090 0684010 2603358




 0015259 0040607 0220931 1522704 2673163 1280500 2348382 0026845




 0025141

 0369773 2603361

 2347469

 0033727 0369286 0441932 0564385
 0021966 0221138
 0033727 0369286 0441932 0564385



 0597277 1708601


 0369637 0441923
 0205090 0684010 2603358

 0026882 1705285 0023816 1416902 0332281 0201950 0428466 0441889

 0325074
 0025141

 0205090 0684010 2603358



 0016327 0439133 1553038

 0015259 1522704 0205263 1416902 0017262 0314604 0017337 0185117 0001527 0040300 1547928 0028754 1563743



 0450355

 0205090 0684010 2603358
 0597277 1708601
 1424153 2603360
 0439267

 0016327 0439133 1553038

 0920532 0205263 0857127 0015259 1522704 0443303 0040704 0205374





 0205090 0684010 2603358
 0439394 1706495 3642217
 0016327 0439133 1553038

 0023816 1416902 0023764 0023820 0851285 1327622 1372798 1280500 0015259 1522704
 0015259 1522704 0282443 0868955
 0439114

 0004716 0369773 2603361


 2603362
 2603360
 0369637 0441923
 0597277 1708601
 0450955 2603360
 0443008 0597277 1708601

 2603362



 1514559 0025936 0003069 0025914 0025929 0026809 0020443 1522133






 0033727 0369286 0441932 0564385
 2603360
 0597277 1708601
 0450955 0369637 0441923
 2603360
 0443008
 0369718 0441922 1553036

 1514559 0025936 0003069 0025914 0025929 0026809
 0332325 0237834 1514892 0020443 1522133


 0201682

 0450355
 0021966 0221138 0597277 1708601
 0597277 1708601

 0369637 0441923
 0597277 1708601
 2603362
 2603360
 2603360
 2603360
 0450955

 2267000 0301630 0392756 0441610 0035696 0015259 0031809 0205485 1509143 1522704





 0205090 0684010 2603358
 2347469
 0369637 0441923
 0369773 2603361


 0851285 1327622 0023816 1416902 0023764 0023820

 1315013

 0025141

 2603360
 0205090 0684010 2603358
 2347469

 0205177 0439167 0441655 1561536 0231484

 1858559


 0009993 1552856 0037455 0205463 0596070