 0035820 1705810 0205321 0031676 0202177
 0439267
 0369637 0441923


 0033727 0369286 0441932 0564385
 0033727 0369286 0441932 0564385

 0041740 0031525 0030853 1704729 0005477 0086345 0017398 0017399 1521991 0439148 1519795 1704753 1880519 0000872 0001895 0041740 1551894 2825084 0001895 1551894 2825084 0205099 0005532 0041740 0004950 0022877 1619828 0587487 1704729 0035172 0021622 0035168 0242481 1272753 0006754 0041740 3146274 0036152 1826357 1293116 1875307 1514811 1706462 1101522 0085201 0023767 0003592 0003591 0021966 0221138 2248593 1159709 1550030 0005528 0008377 1317949 1555029 1880177 3495449 0023884 0736268 1278929 2346688 0031676 0202177 0008377
 1521970 1706388 2346469 2348519 1184743 1514873 1522240 1518422 0162340 0521116 0557651 1705970 2603343 0376649 1442065
 0205369 1552740
 0016030 0872351 1439852 0086045 1446561 0439526 0085732 1299581 0030685 0391871 0439180 0680255 1283071 1963578 0008377 0031676 0202177
 1883351 0871161 1292721 0013126 1184743 1522240 0030956 0085201 1711300 2700613 0002518 0004793 0162326 0162327 1519249
 0030956 1709915 1882936 0441635 0453882
 0030956 0332128 0030956 1882932 0369718 0441922 1553036 0449719 0085732 0031676 0202177 0008377
 2246761 0450385 0332232 0085201 0003592 0003591 0021966 0221138
 0596988 0085201 0003592 0003591 0021966 0221138 2827421 1510827 0205266 0567416 1554187 1707455
 0033684 0085201 0003592 0003591 0021966 0221138 0085201 0003592 0003591 0021966 0221138 0052199 0003591 1537525 0052201 0003591 0015272 0085732 0849355 1883720 3244314 0008377 0031676 0202177
 0547047 0033684 0085732 0392756 1707520 0031676 0086296 0202177 0205321 1561571 1561572
 0282416 1561607 1274040 1546471 2825142 0021107 0441587 1512796 1883719 0567416 1261552 1704379 1705117 2825408 0441712 1706376
 0085732 1511545
 1514811 1706462 0062708 0023821 0023820 0178587 0205250 1299351 2700149 1179435 0449432 1705248 0003591 0085201 0003592 0003591 0021966 0221138 0443211 1272684 1883351 2827734 2981698 0740116 2827735 2981700
 0678226 0035820 0205099 1705810 1879652 3146286 0086597 1159709 0005528 1317949 3495449 0007634 3282337 0450429 0543484 0699900 1516314 1184743 1522240 1515273 1705313 2826302 2248593 1159709 0005528 0008377 1317949 1555029 3495449 0442758 0439086 2827736 2981702
 0205170 0443211 1272684 3146287 0368909 0008377 0332296 1880497 1996904 2983605 1184743 1522240 0205447 0205448 0441712 1709305 2745955 0085201 0003592 0003591 0021966 0221138 0441889 0449286 0542560 1561545 2348088 0725813
 0085201 0003592 0003591 0021966 0221138 0150312 0449450 2983605 0442825 0012222 0205170 0441712 0599956 1696141 1704788 1706376 3146287 3539106
 0012634 0348080 1705253 0015127 1524003 0003591 0023821 0023820 0178587 0205250 1299351 2700149 1706214 3244320 0337051 1509144 2349200 0032854 0542537 2700379 0085201 0003592 0003591 0021966 0221138 2983605 0003591 0750490 1706221 0441712 1706376
 1184743 1522240 0085201 0003592 0003591 0021966 0221138 0007603 0025255 0032105 0596901 0750490 1550098 1706182 1706221 2983605 0031676 0202177
 1522508 0205170 3146287 0162340
 0030351 1547566 0162340 0205234 1285542 1521970 0013126 1184743 1522240
 1412468 0003591 0085201 0003592 0003591 0021966 0221138 0085202 0052209 0003592 0003591 0052181 1412470 0003592 0003591 0003594 0003591 0003595 0003591 0085732 1299581 0444454 1554204 2983605 0031676 0202177
 1705535 0003591 0023779 0086597 0127400 0332296 1880497 1996904 0851827 1701901 3244310
 0003591 1457900 0332256 2700400 0441635
 1880389 1883221 3541951 1999230 0567416 0023779 0750490 1706221 0023821 0023820 0079613 0178587 0205250 0449432 0678594 1299351 2700149
 0947630 1292732 0085201 0003592 0003591 0021966 0205234 0221138 1285542 0000901 0449432 1705248 0597177 0332296 1880497 1996904 0032854 0542537 2700379 0348078 0376315 1522492
 1510827 0332148 0750492 0237881 0750502 1546944 2983605 0033213 1706387 1518422 0332128 1522508 1561567
 0441833 0687744 1257890 1552516 1552839 1705428 1705429 0684224 0700287 3496591 1880389 1883221 3541951 0599845
 0332290 0947630 1882932 1880389 1883221 3541951 1444656 0205435 1279901 1704821 0018882 0229304 1017315 1705682 1510827
 0043227 0376649 1442065 0042153 0457083 1947944 0597551 0030956 0085201
 0026559 0029237 0029246 0220885 1300196 1522486 0332257 1552866 2700399 1880389 1883221 3541951
 0085732 1882932 1880389 1883221 3541951 0205171 0439044 0679994 0205170 0205195 1947911 3146287 2983605 0031676 0202177 1292732
 0030956 0376649 1442065 0004793 0162326 0162327 1519249
 1517331 1883351 1292732 0035820 1705810 0596988 0085201 2827421
 0567416 0085201 0332268 1709915 1882936 0085201 0003592 0003591 0021966 0221138 0332268 1709915 1882936 1145667 1167622 0085201 0003592 1883559 0441729 0003591 0021966 0031676 0202177 0205170 0221138 0332307 0445392 1547052 3146287
 0119082 1880389 1883221 3541951 1273518
 1883351 1283174 1707520 0085732 0849355 1883720 3244314 0023779 0205419 0003595 0332268 1880389 1883221 3541951 1148636
 0052199 1537525 0052201 0003591 0332268 1709915 1882936 1705417 0004083 0439849 0596306 0699792 0052199 0003591 0205266 1537525 1554187 1707455 0567416
 2825142 1274040 1546471 0597551 0030956 1883254 0085201 0003592 0003591 0021966 0221138 0567416 1707520 0085732 0007603 3161472 0007634 0025255 0031676 0178539 0202177 0596901 1706182 2983605
 0441712 1706376 0392148 0007603 0025255 0032105 0205321 0596901 1550098 1706182 0205263
 0008168 0008377 0047661 2584702 0014994 0014996 1161324 2945717 0026794 1416945 3541379 0010454 0009458 0018270 0162867 0220844 1254021 1621966 2911660 0869011 0017436 0439526 0546866 0242295 1947943 2348609
 2827734 2981698 1442460 0008377 0439190 1442460 0008409 0008203 0596019 0439190 0332070 0005526 0036397 0376558 1301820 1514468
 0009458 0205224 0439536 0547040 1524031 1705217 2945599 3244283 0991865 0006353 0031603 0031701 0036082 1601799 0869011
 0230445 1305418 0229671 1546774 1550100 0039421 0376558 1999230
 0009458 0162867 1254021 0017436 0439526 0546866 0242295 1947943 2348609
 0370188 0085201 0432616 0003592 0003591 0021966 0221138 0034493 0312586 0003241 0021027 0443131 0869011 0027976 1879958 0051979 0034493 0018019 1265549 1510458 0002059 1318717 0031678 1149880 1979842 0522529 0003241 0021027 0043194 0258432 1421478
 0034760 0441800 0919553 3244287
 1185738 1706132 0038848 1875802 0331955 0869011
 0939975 0455052 1521827 0023821 0023820 0178587 0205250 1299351 2700149 0023823 0023820 0178587 0205251 1299352 1550472 0032105 0205409 0443224 1548221 1550098 2827486 0013018 1301820 1527169 0041609 1552738 0037179 0087136 0175723 0205171 0439645 1521913 0700364 0013856 0596607 1706746 0013855 0017243 0036681 1382104
 0042153 0457083 1947944 0023820 0041175 0006353 0077281 0814229 0037494 1959973 0013618 0020283 0450407 0450408 0450409
 0243114 1998793 0085202 0003592 0023821 0023820 0178587 0205250 1299351 2700149 0014994 3495432 0001962 0014996 1161324 0450355 0085201 0003592 0003591 0021966 0221138 0085202 0052209 0003592 0003591 0008552 0003075 0008550 0036681 0205409 0678640 1548221
 0033684 0348078 0376315 1522492 1698986
 0042153 0457083 1947944 0003591 0018320 0120446 3171719 0041175 0006353 0077281 0814229 1282910 1552828
 0086045 1446561 1268822 2825050 0085202 0052209 0003592 0003591 0025663 0392747 0449851 0871511 1554963
 0243114 1998793 0052201 0023825 0023823 0442811 0023820 0178587 0205251 0442824 1299352 1550472 0032105 0205409 0443224 1548221 1550098 2827486 0001963 0008238 1264633 1554103 0439962 1547547 0008559 0016107 0017243 0205409 1382104 1548221 0332283 0008552 0003075 0008550 0036681 0678640
 0052201 0205409 1548221 2348205 0023825 0023823 0442811 0023820 0178587 0205251 0442824 1299352 1550472 0027361 0032134 0237401 1301820 0020473 0052201 0003591 0031437 1285572
 0023825 0023823 0442811 0023820 0178587 0205251 0442824 1299352 1550472 0031831 1707664 1999230 2348314 3540849
 0030853 0041740 0031525 3541314
 0042153 0457083 1947944 0003591 0018320 0120446 3171719 0041175 0006353 0077281 0814229
 0086045 1446561 1268822 2825050 0052201 0003591
 0052199 0003591 1537525 0052199 0003591 1537525 0370003 2347026 0014834 1521827 1552738
 0455052 1521827 0030956 1882932 0441635 1883254 1524063 1710269 1552738
 1883351 0033414 0205360 2347098 0314668 0369718 0441922 1553036 0718463 0030956
 0037633 0030956 0205309 1265611 1305866 1521827 0175730 1547937 1704474 0041175 0006353 0077281 0814229 2709005 0005910 0011682 0043100 0205222 0439083 0439087 1305866 1512080 1705104 0030956 0030956 0043100 0205309 0444706 0449770 1706689 1268822 2825050 0030956 0332256 2700400 0041484 0041485 1421250 0086045 1446561
 0185117 0597301 0243114 1998793 0441513 0085201 0003592 0003591 0021966 0221138 0085201 0003592 0003591 0021966 0221138 0206243 0699809 0439787 0849355
 0450348 1415386 1552738
 0085201 0441729 0003592 0003591 0021966 0221138 0596988 0085201 2752523 0014834 0525009 1819995 0007634 0014833 1167395 1883067 3282337 1179886 0450348
 0007634 3282337 0009458 0439536 1705217 3244283 1268822 2825050 2584321 0444499
 2945717 0086045 0205088 1446561 1524062 1546485 0205263 0857127 0206243 0699809 0439787 0849355 1442467
 0007634 3282337 0179834
 0805525 1264633 0441436 0993610 1998480 1521827 1552738
 0596988 0085201 0004627 0033684 0521009 1998793 0598629 0008564 0687342 0022013 0008552 0008550 0022023 0678640 1700702 1185738 1706132 1524063 0449913 1553451 1704459 0331955
 0033684 0085201 0003592 0003591 0021966 0205419 0221138 0521093 0750484 0949466 0005863 0002778 0936012 1524024 1705493 0312586 1979003 0003242 0221138 0370188 0003241 0021027 0443131 0443640 0003241 0021027 0002059 1318717 0031678 1149880 1979842
 0427716 1304757 0086045 1446561 1268822 2825050 1441506 0015347 1707429 0085201 0003592 0003591 0021966 0221138
 1148554 0030956 0085201 1510827 1708533 2698172 1522508 1552738 1561567
 0184661 1948041 2700391 3274430 3538935 3539779 0449851 0079809 0242485 0033095 0205148 0460139 1306345 0033684 0085732 1299581 0205166 1706317 0205321 0872351
 3540812 0001861 0043047 0332261 0599638 1550678 1708533 1947932 2698172 3536832 0991865 0006353 0031603 0031701 0036082 1601799 1999230 0033095 0205148 0460139 1306345 1514721 2348147 3542016
 0085201 0003592 0021966 0221138 0003595 0003591 0136026 0030956 0332256 2700400 1720154 2827826 0086045 1446561 3642216 0991865 0006353 0031603 0031701 0036082 1601799 1720119 1948037 0018320 0086045 0120446 0205088 0439190 0475211 1274040 1446561 1546471 1546485 2825142
 0025320 0563547 0392747 0443172 1705241 0021966 0221138 0005971 0066503 1139930 1417162 3537155 0034869 0282484 0034869 2986575 0678587 0205361 1301808 1442792 3148680
 0037633 0525069 1883171 0024488 0563532 0242485
 0042295 0031843 0542341 0700205 1705273 1999230 0033095 0460139 1306345
 0004083 0439849 0596306 0699792 0333262 0884358 1522508 1552738 1561567
 0030956 0205430 0333262 3160715 2827734 2981698 0456603 1547037 1709500 2919747
 0085732 0012456 2986669 0037633 0525069 0596836 0023693 0439742 0522510 1306462 1881376 0444706 3541902
 0920433 0455052 1521827 1272578 0016030 0439799 0005971 1139930 3537155 0205170 3146287 0005971 1139930 3537155 0205200 0005367 0973231 2722820 0015965 0229671 0230445 0521457 1305418 1546774 1550100 0242295 1947943 2348609 0021178 0001861 3536832 2347816
 0205200 0007634 3282337 2348025 1417650 1630409 0439526 1442460 1708632 0008377 0009458 0205224 0439536 0547040 1524031 1705217 2945599 3244283 1720119 1948037 0011155 0023820 0229671 1546774 1550100 1636779 0242295 1947943 2348609 0439509 1442460 0008409 0008203 0596019 0009458 0205224 0439536 0547040 1524031 1705217 2945599 3244283 1720119 1948037 0011155 0023820 0229671 1546774 1550100 1636779 0033727 0369286 0441932 0564385
 0455052 1521827 0150312 0449450 0028158 1512080 1550581 2827485 0001962 1883712 0009458 0162867 1254021 0218063 0086045 1446561 2003902 0560268 2349105
 0681814 0368909 0008377 0872351 0872351 1439852 0456696 1442770
 0018790 0237477 0392351 0521111 0014895 0740116 2827735 2981700 2827734 2981698 0027960 0324740 0439189 1456781 1824986 0027960 0324740 0439189 1456781 1824986 0036774 0036773 0728877 0001924 0007452 0229671 1140701 1546774 1550100 1442460 0008377 1442460 0008409 0008203 0596019
 1442460 0181496 2827499 1273517 1883351 0332283 1719822 0026649 1547282 0031676 0202177 0439083 0439087 0008377 0016030 0359583 0391871 1283071 1101522 0085201 0023767 0003592 0003591 0021966 0221138 0008405 0332256 2700400
 0184661 1948041 2700391 3274430 3538935 3539779 0332462 0442805 1274040 1546471 1880834 2825142 2983605
 2246761
 0441648 0872351 0040223 1632851 0242485 0185125 0205170 1947919 2347934 3146287 3539080 1548602 1704686 0009458 0439536 1705217 3244283 0000901 0332529 0427716 1304757 0033684 0086045 1446561 0871633 1720119 1948037 0019215
 0681814 0179245 0043047 0150141 0439844 0599638 1550678 1999244 0004927 0009458 0162867 1254021 0019215 0242295 1947943 2348609
 0034553 0036406 0302908 0678573 1304698 1546699 1561501 0750480 1705566 0872291 0040223 1272706 3541383 0750572 1264633 1554103 0009458 0391871 0439536 1283071 1705217 3244283
 2734073 0520510 0332152 0849355 2826257 0750480 1705566 0016107 0009458 0439536 1705217 3244283 0180860 0581406 1522664 1704449 1704684 1875155
 0205197 1554962 0449247 0040223 0750729 3541383 0205170 3146287 0991865 0006353 0031603 0031701 0036082 1548982 1601799 0040223 1632851 0023779 0022237 0185115 3541890
 0023779 1265611 0205170 3146287 0036406 0302908 0444706 0678573 1304698 1546699 1561501 3541902 0577559 1306372 3152252 0005507 0243073 1510438
 0150312 0449450 0040223 3541383 0086376 0524983 0007634 0033684 1269647 1704653 1948049
 2247163 0441648 0872351 0040223 1632851 0202177 0242485 2247163 1548602 1704686 1552738 2983605
 1510844 0872291 0040223 0205369 0849355 1272706 1552740 3541383 1442463 0180860 0581406 1522664 1704449 1704684 1875155
 1883708 1524062 1883351 0309872 0030011
 0023779 0185115 0370003 2347026 3541890 0039798 0087111 1522326 1533734 1705169 3538994 2827734 2981698 2827734 2981698 0001963 0008238 1883708 0205390 0700198 0205390 1548982 0040223 1632851 0043047 0599638 1550678
 0205390 0028158 1512080 1550581 2827485 0184301 1533199 0034553 0036406 0302908 0678573 1304698 1546699 1561501 0750480 1705566
 0205197 1554962 0449247 0040223 0750729 3541383 0205170 3146287 0991865 0006353 0031603 0031701 0036082 0040223 0205449 1548982 1601799 1632851 0023779 0006507 0022237 0144208 0185115 0332256 0439526 2700400 3541890
 2828366 0028158 1512080 1550581 2827485 0332296 1880497 1996904 1442460 0008405 0849355 1552738
 0185115 0684295 1265611 0205170 3146287
 0577559 1306372 3152252 2717977 0005507 0243073 1510438
 0150312 0449450 0040223 3541383 0086376 0524983 0007634 0033684 1269647 1704653 1948049
 0010992 0002778 0936012 1511726 1524024 3245479 0030685 0391871 0439180 0680255 1283071 1963578 0031676 0202177 0936012 1552738 0449913 1553451 1704459
 0002778 0936012 1524024 1527178 1705938 0449913 1553451 1704459 0587267 0023779 2987476 0337051 1509144 2349200 0337051 1509144 2349200
 0337051 1509144 2349200 2987476 1301808 1442792 2983605 3148680 2612541 0014895 0332269 0205198 1706082 0003277 1999216 0008380 1420304 0185111 0332257 0947647 3538986
 0031676 0202177 0337051 0036572 0424576 0552449 0871208 1521828 1551432 1551969 1552645 2349186 1882932 1264633 1554103 0007634 3282337 2603360 0040223 3541383 1515273 1705313 2826302 0558058 1264633 1554103 0009458 0439536 1705217 2987476 3244283 0014653 1547026 2347469 0040223 1547014 1948059 3541383 1521970 0031676 0202177 1547014 1948059 1882932 1264633 1554103 0332281 0699040 0007634 3282337 0014653 1547026
 0439828 0036572 0441548 1441547 3245521 1511726 3245479 0684320 0684321 0814195 0037585
 2986811 0871208 1521828 1547014 1948059 0022558 0449381 1441547 3245521
 0040223 2825407 3541383 0439227 1883708 0444686 1441506 1443182 0332283 1719822 0022558
 0042295 0038215 0022885 0038492 0039593 0392366 1551041 1552573 1707455 0814195
 1274040 1546471 2825142 0205170 0443211 1272684 3146287 0085201 0003592 0003591 0021966 0221138 0003591 0023821 0085732 2983605 0031676 0202177
 1883351 0220825 0556043 1514873 1184743 1522240 0085732 0085202 0052209 0003592 0003591 0003594 0003591 0052199 0003591 1537525 0052201 0003591 0849355 1883720 3244314 0023779 1707455
 0033684 0023821 0441635 1514721 2348147 3542016
 0003591 0439526 1439852 0086045 1446561 1514873 2983605 2247163 0016030
 0449247 0040223 0750729 3541383 0349966 0870432 1337208
 2827734 2981698 2963144 0085202 0003592 0052209 0003591 0003591 0085732
 0085202 0003592 0849355 1883720 3244314 0007634 0178539 0332232 2983605 1292429 0003591 0450367
 1274040 1546471 2825142 1518422 0205419 0205265 0871208 1279901 1521828 1555582 1705685 2983605 0033684 1301820 1705242 0022558 2986811 0871208 1521828 1547014 1948059 0449247 0040223 0205435 0750729 1279901 1442450 3541383 2827734 2981698 2827734 2981698 0580272 1519043 2827734 2981698 0053358 1412484 0085202 0052209 0003592 0003591 0003594 0003591 0052199 0003591 1537525 0052201 0003591
 0231184 1184743 1522240 1518422 1441672 2247163 0349966 1337208 1547282
 0740116 2827735 2981700
 0868928 1706255 1706256 0003591 0444868 3539085 1548602 1704686 2247163 0085201 0003592 0003591 0021966 0221138 0003594 0003591 0849355
 0085201 0003592 0003591 0021966 0221138 1883207 0052190 1412477 3539062 0003591 1547547 0052191 1547548 0013682 2247163 2348205 1511726 3245479 1518422 1547282
 0449911 0333052 2607870 0557702 1272706 1704674 0557702 1272706 1704674 0349966 1337208
 2827734 2981698
 2246761 0003591 0023821
 0442822 1524031 1883002 1708632 1442460 2983605 0359583 0332462 1880834 0392148 0023823 0023820 0178587 0205251 1299352 1550472 0332624 0003277 1999216 0008380 1420304 0025664 0184661 1517586 1552738 2700391
 0184661 1948041 2700391 3274430 3538935 3539779 0007634 0178539 0439269 0441889 1960952 2346927 2983605 0007634 0033684 1269647 1704653 1948049
 0003591 0150312 0439526 0449450 0019215 0872351 1439852 0439531 1948053 1292429
 1510844 0009458 0162867 0849355 1254021 2348792 0040223 1552961 2347617 3541383 0180860 0581406 1522664 1704449 1704684 1875155 0034553 0036406 0302908 0678573 1304698 1546699 1561501 0750480 1705566
 0679214 1882932 0444504 2347634 2348143 2983605 0391871 0872351 1283071 0085201 0003592 0003591 0021966 0221138 0085202 0052209 0003592 0003591 0003594 0003591 0052199 0003591 1537525 0052201 0003591
 0205134 0036572 0441548 3146294 0552449 0871208 1521828
 0042295 0030685 0205202 0391871 0439180 0680255 1283071 1963578 0019215 0205171 0439044 0679994
 0205171 0439044 0679994 0085201 0003592 0003591 0021966 0221138 0392148 1441672
 0449911 0333052 2607870 0557702 1272706 1704674 0557702 1272706 1704674 0349966 1337208
 0740116 2827735 2981700
 2247163 0003591 0023821
 0442822 1524031 1883002 1708632 1442460 0008409 0008203 0596019 0359583 0332462 1880834 2729544 0349966 1337208
 2827734 2981698 2247163 0444706 3541902
 0003591 0150312 0439526 0449450 0019215 0872351 1439852 1292426
 1185738 1706132 1882932 0444504 2347634 2348143 0031676 0202177 0391871 0872351 1283071 1707455 0085201 0003592 0449768 0003591 0021966 0221138 0444706 3541902
 0042295 0205202 0019215 0332197 1689985 0003591
 2247163 0205171 0439044 0679994 0085201 0003592 0003591 0021966 0221138 0392148 1441672
 2827666 0003594 0003591 0369773 2603361 0237881 0750502 1546944 0022885 0038492 0039593 0392366 1551041 1552573
 0085732 0031676 0202177 0002518 0002520 2917660 0001128 0004793 0162326 0162327 0202406 1519249 1518422 0025255 0596901 1514873 1706182
 0043227 1521970 1705535 0018882 0229304 1017315 1704821 1705682 0444454 1554204 0023779
 0332272 1883351 0162340 0001721 0013682 0030956 1882932 1457900 1709915 1882936 0441635 0085201 0003592 0003591 0021966 0221138 2827421
 0453882 1883254 0030956
 3146294 1882932 0017446 0205147
 0597551 0030956 1883254 0359583 0872351 1439852 2983605 2983605 2247163
 1274040 1546471 2825142 0021966 0221138 2963144 0030956 0456148 0549184 0442799 0023779
 0680220 1518422 2983605 2247163
 0030956 0332256 2700400 0018882 0229304 1704821 1705682 0085201 0003592 0003591 0021966 0221138 0450385 0002520 1518422 0018882 0229304 1017315 1300196 1704821 1705682 0030956 1882932
 0449911 0039224 1706073 1706074 0557702 1272706 1704674 0557702 1272706 1704674 2983605 2247163 0085201 0003592 0003591 0021966 0221138 0441635 1274040 1546471 2825142 0205448 1880389 1883221 3541951 0030956 0205177 1882932 1441414 1553874 1578820 1883351 1511545 0450348
 0033095 0460139 0030956 0085201 0003592 0003591 0021966 0221138 0085732 0441635
 0681493 2698021 0349966 0449450 1337208
 0439086 2827736 2981702
 0442805 1882932 0442805
 2963144 1510827 1148636 0332232 0442805 0449864 0030956 0850310 3154893 0085732 0007603 0016030 0025255 0032105 0596901 1550098 1706182 0849355 1883720 3244314 2983605
 0042295 0039224 1706073 1706074 0745732 3272378
 0750489 0042295
 1274040 1546471 2825142 2698891 0439849 1705630 1706279 3540605 1280519
 2698977 0085732 0205170 3146287 0333262 0021966 0039224 0221138 1444656 1706073 1706074 0349966 1337208
 0439086 2827736 2981702 2945706
 0441635 1882932 0002520 0030956 0333262 1518422 0849355 1883720 3244314 2983605
 0750482 0750541 1522609 0025255 0596901 1514873 1706182
 0449911 0333052 2607870 0557702 1272706 1704674 0557702 1272706 1704674 0349966 1337208
 0439086 2827736 2981702
 1707520 0085732 0849355 1883720 3244314 2983605
 2983605 0016030 0359583 0391871 1283071 2983605 0021966 0039224 0221138 1552738 1706073 1706074
 0680251 2828389 0030956 0033095 0460139 1306345 0085201 0003592 0003591 0021966 0221138 1301820 0025664 0184661 1517586 1552738 2700391 0042295 2983605
 0679214 1698987 1882932 0030956
 1511726 3245479 1522427 0036572 0205134 0424576 2349186
 0030956 0333262 1444656 2945706
 0449911 0039224 1706073 1706074 0557702 1272706 1704674 0557702 1272706 1704674 0680251 2828389 0085201 0003592 0136026 0003591 0021966 0030956 0033095 0221138 0460139 1306345 0441635 1883351 0567416 1148636 0023779 0243122 1145667 1167622 1510827 0013126 0596988 0085201 1998793
 1707271 0030956 0205088 1705314 1705315 0085732 1299581 2983605 2247163 0033095 0460139 1306345 0205234 1285542 0026882
 0018882 0229304 1704821 1705682 0018882 0229304 1017315 1704821 1705682 0849355 1883351 1947971 0085201 0003592 0003591 0021966 0221138 0085201 0003592 0003591 0021966 0221138
 0596988 0085201 0003592 0003591 0021966 0221138 0016030 0086418 0359583 1439852 2983605 0242485 2983605 2247163 0349966 1337208
 0221102 0001721 0085732
 0015252 0728940 0085201 0003592 0003591 0021966 0221138 1706214 3244320 0085201 0003592 0003591 0021966 0221138 0237881 0301630 0392756 0441610 0750502 1546944 1274040 1546471 2825142 2983605 2247163
 0450382 2247163 0031676 0202177 0085201 0003592 0087044 0449768 0038164
 0015252 0728940 0348078 0376315 1522492 0085201 0003592 0003591 0021966 0221138 0085732 1548602 1704686
 2983605 2247163 0596988 1442161 1511760 1880274 1948023 0033684 0443225 1441672 1444754 1706316
 1274040 1546471 2825142 0684224 0700287 3496591 2717940 0007634 3282337 0085201 0003592 0003591 0021966 0221138 1709915 1882936 1517945 1441672 1442161 1511760 1880274
 1442161 1511760 1880274 0085201 0003592 0003591 0021966 0221138 0023175 0181586 1442948 1522538 2348269 3275067 0392747 0443172 2348042 2826345 1510827
 1704675 0205419 0349966 1337208 1547282
 1553637
 0015252 0728940
 0221102 0205216 0680251 2828389 0033095 0460139 1306345
 1707520
 0449911 0333052 2607870 0557702 1272706 1704674 0557702 1272706 1704674 0349966 1337208

 0596988
 2983605 2247163 1708632 1442460 1442460 0008409 0008203 0596019 0359583 0332462 1880834 0444706 3541902 0349966 1552738
 2827734 2981698 0740116 2827735 2981700
 0003591 0150312 0439526 0449450 0019215 0872351 1439852 1292426
 1185738 1706132 1882932 0030685 0391871 0439180 0680255 1283071 1963578
 0042295 0034553 0205202 0009458 0439536 0442726 1511790 1705217 3244283 0009458 0019215 0205224 0439536 0547040 1524031 1705217 2945599 3244283 0332529 0205171 0439044 0679994
 0085201 0003592 0003591 0021966 0221138 0085201 0003592 0003591 0021966 0221138 0870432 2983605 2247163 0022885 0038492 0039593 0392366 1551041 1552573 1707455 1709380 0042295
 2247163 0205216 0392756 0442797 1442161 1511760 1880274 0085201 0003592 0003591 0021966 0221138 1707455 0369773 2603361
 0449911 0333052 2607870 0557702 1272706 1704674 0557702 1272706 1704674 0349966 1337208
 0439084 0728893
 1704675 0003595 0003591 0205419
 0449851 1883351 0025252 0033095 0205148 0460139 1306345 0085732 1299581 0205166 1706317 0205321 0872351 0206243 0699809 0439787 0849355 0025664 0184661 1517586 1552738 2700391
 0042295 0085201 0003592 0003591 0021966 0221138 0085201 0003592 0003591 0021966 0221138 0031843 0542341 0700205 1705273 0033095 0205148 0460139 1306345 0021966 0221138
 2347469 0870432 1705417 1511726 3245479 0052201 0003591 0052199 0003591 1537525 0052201 0003591
 0679214 1882932 0205173 3539942 0242485 0205132 0023733 2346679 3176122
 1517331 1883351 1292732 0035820 1705810 2983605 2247163 1510827 0030695 0150369 0181904 0596972 1521743 1704646
 1532717 0052199 0003591 0441635 1537525 0052201 0003591
 0033684 0332268 1709915 1882936 0119082 1880389 1883221 3541951 0599845
 0596988 1705417 0301630 0392756 0441610 0033684 0443225 0444706 1444754 1706316 3541902 0052199 0003591 1537525 0052201 0003591
 0085732 2983605 2247163 0596988 1441672 1442161 1511760 1880274 0439070 1705160
 0052199 0003591 1537525 0052201 0003591 0849355 1883720 3244314 2983605 0052201 0003591
 0332232 2983605 0033684 0443225 0444454 1444754 1706316 0391871 0596988 1283071 1442161 1511760 1880274
 0033684 0332268 0017446 0205147 0870432 0003595 0003591 0085732 0205266 1554187 0030685 0391871 0439180 0680255 1283071 1963578
 0449911 0039224 1706073 1706074 0557702 1272706 1704674 0557702 1272706 1704674 1707520 0003595 0349966 1337208

 1274040 1546471 2825142 0349966 1337208
 0439086 2827736 2981702 0301630 0392756 0441610 0449864 1522609 0205197 1518422 0085732 2983605 2247163
 1521761 2827422 1510827 0205197 1518422 0013682
 1707520 0205419 2247163 0042295 0237881 0750502 1546944 1522609 0349966 1337208

 0449911 0333052 2607870 0557702 1272706 1704674 0557702 1272706 1704674 0349966 1337208

 1707520 0085732 0849355 1883720 3244314 0031676 0202177
 0439165 1549488 1561533 0016030 0359583 0391871 1283071 2983605 0349966 1337208 1552738

 0680251 2828389 0003591 0033095 0443225 0460139 1306345 1444754 1706316 0003595 0003591 0205419 0085201 1301820 0025664 0184661 1517586 1552738 2700391
 0679214 1698987 1882932 1705920 1444656
 0023733 2346679 0205132 0684320 0684321 0884358
 1522609
 1101522 0085201 0023767 0003592 0003591 0021966 0221138 0086597 2983605 2247163
 1883351 0162340 0441712 1706376 0004083 0439849 0596306 0699792 1709305 2745955 1521970 1706388 2346469 2348519 0599845 1880389 1883221 3541951 1184743 1514873 1522240 0027552 0686904 1883351 2986669
 0085201 0003592 0003591 0021966 0205392 0221138 0871161 1292721 3540770 0003591 0023821 0562342 1171285 0348078 0376315 2983605 0031676 0202177
 0556043 1514873 1883351 0007603 0025249 1278073 0023779 0025255 0032105 0596901 0750490 1550098 1706182 1706221 1521970 1706388 2346469 2348519 1514873
 0002518 0002520 2917660 0001128 0004793 0162326 0162327 0202406 1519249 0026385 0005910 0043100 1305866 1521991 1705104 0349590 1262865 1521761
 0683954 1274040 1546471 2825142 2986669 1880177
 0002518 0002520 2917660 0001128 0162326 0202406 0004083 0439849 0596306 0699792 0034800 0699040 0007634 0205148 0597357 1269647 1704653 1948049 0086597 1184743 1522240
 1705241 1705242 0205225 0439631 0678594 0003591 0444868 3539085 0000901 2983605 0085732 1299581 1548602 1704686 2983605 2247163 0349966 0740116 2827735 2981700
 0332290 0332529 0003591 0456387 1705943 0030956
 0039798 0087111 1522326 1533734 1705169 3538994 1301751 1280500 2348382 0740116 2827735 2981700 0183683 1521721 1518422 0025252 0699040 0033684 0205148
 0449475 0024432 1546706 1550652 0683607 0439064 0443302 2983605 0031676 0202177 0449432 1705248
 0872079 0033684 1704675 1547011 1879746 0002518 0002520 2917660 0001128 0004793 0162326 0162327 0202406 1519249
 1444754 1706316 0085732 1880177 0018882 0229304 1017315 1704821 1705682 0013126 2983605
 0052190 1412477 3539062 0003591 1547547 0052191 1547548 0003591 1273517 1705417 0443228 1704243 0085732 0849355 1883720 3244314 2983605 0031676 0202177 2929537 0549177 0205163 0577559 1306372 1524062 1527178 1549782 1874451 3152252
 0750729 0033684 1280519 1704419
 0018882 0229304 1704821 1705682 0450385 1444754 1706316 1444754 1706316 0085732 1299581 1548602 1704686 2983605 2247163 0021966 0221138
 0442808 1532132 1444754 1706316 0038475 0229304 0678594 1709915 1882936 1518422 2349975 2983605 0030685 0391871 0439180 0680255 1283071 1963578
 0085732 0030956 0444454 1554204 0023779 0449273 0439792 0549177 1518422 1704243 0033684 0443225 1441672 1444754 1706316
 0030956 0450385 0849355 1883720 3244314 0332232 0023779 0085201 0003592 0003591 0021966 0205266 0221138 0444454 1554187
 1274040 1546471 2825142 0442808 1444754 1706316 1518422 0442805 0085732 2983605 2247163
 1510827 0332284 0349590 1262865 0441635 0700364 1883351 1521761 0085732 0023779 0750490 1706221 2698977 2983605 0031676 0202177
 0030956 0085732 1299581 0015264 0183683 1521721 0031676 0202177 0349966 1337208
 0449864 1522609 1518422 0003591 0596988 1441672 1442161 1511760 1880274 0348078 0376315 0349966 1337208
 1880389 1883221 3541951 0015272 1510827 0042295 0558058
 1704675 0679729 1704675 0243122 1145667 1167622 0441635
 0392360 1518422 0449864 1522609 0750489

 1979874 0030956 1709305 2745955 0018882 0229304 1017315 1704821 1705682 1510827 0683454 0021966 0221138 1280500 2348382 0872351
 2247163 0085202 0003592 0052209 0003591 0086597 0127400 0549177 1704243 0085201 0003592 0003591 0021966 0221138 1441672 1148636 0033618 0242210 0023779 0033684 0205170 0243122 1145667 1167622 1510827 3146287 0349966 1337208
 0085202 0052209 0003592 0003591 1518422 0549177 1704243 3154893 3539897 1516240 0349966 1337208 0449770 0444706 1517001 1522609 3541902
 0392360 1518422 2963144 0678594 0392747 0242808 0015127 1314792 1524003 0085202 0052209 0003592 0003591 0444454 1554204 1880389 1883221 3541951 1278073 2983605 0359583
 3161035 2825142 1274040 1546471 0557651 2603343 2983605 2247163 0332290 0023779
 3161035 0018882 0229304 1017315 1704821 1705682 0205107 0444930 1510827 0013126 1704675 0007603 0025255 0032105 0596901 1550098 1706182 1548602 1704686 0031676 0202177
 0018882 0229304 1017315 1704821 1705682 0085732 1299581 1522427 0441587 0567416 1743766 1883719 0872351
 0085732 0031676 0202177 0205148 0205321 1261552 1704379 1705117 2825408 1184743 1522240 0349966 1337208
 0021107 0441587 1512796 1883719 1517001 1883351 2945843 0205145 1709305 2745955 0007603 0025255 0032105 0596901 1550098 1706182 0015272 0577306 0184967 1289829 2828395 0205407
 1704675 0205148 0205197 1184743 1522240 1706214 3244320 0023779 0678594 0007603 0025255 0032105 0596901 1550098 1706182
 1704675
 0441635 1272703 1148636 0023779 0243122 0439792 1145667 1167622 1510827 1704788 3539106 0002518 0002520 2917660 0001128 0004793 0162326 0162327 0202406 1519249
 0680240 0459920 0015252 0728940 0392756 0547047 0085732 0849355 1883720 3244314 0023779 0349966 1337208
 1517331 0035820 0183683 1521721 1705810 1148636 0023779 0243122 1145667 1167622 0205156 1552607 1999230 2607943 2926606 3539655 0441889 0449286 0542560 1561545 2348088 0023779 0450348
 0015252 0728940 2983605 2247163 0439070 1705160
 0441712 1706376 1521970 1706388 2346469 2348519 2827734 2981698 0025249 0023779 0025255 0596901 1706182 1300196 0683607 0018882 0229304 1017315 1704821 1705682 0740116 2827735 2981700 0018882 0229304 1017315 1704821 1705682 0015272 1510827 0205263 0004083 0439849 0596306 0699792
 0599845 1880389 1883221 3541951 1522427 0031676 0202177 0205321 0567416 0872351 0683454 0021966 0221138 0085201 0052189 1412475 0003592 1707271 0003594 0003591 0021966 0205088 0221138 1705314 1705315 0017446 0205147 0003595 0003591 0013126 0004083 0439849 0596306 0699792 0007603 0025255 0032105 0596901 1550098 1706182 1548602 1704686
 0449911 0333052 2607870 0557702 1272706 1704674 0557702 1272706 1704674 0349966 1337208

 0596899 3161035 0085201 0003592 0003591 0021966 0221138
 0018882 0229304 1017315 1704821 1705682 0015272 0851043 0205250 1299351 1510827 2700149 0031676 0202177 0205321 0449604 0205145
 1510827 1704675 0205263 0205431 1522492 1705920 0023821
 0042789 0557061 1947903 2584313 1522508
 0008377
 2986676 0028013 2348274
 2825232 0043227 0027468 0018173 0018684 0021622 1521721 3245503 0015770 1510825 1696107 0439267
 0010186 0220812 0449719 1709471 0220808 0680264 0007961
 1706852 0522501 1706089 0949214

 0376649 1442065 0006754 0041740 3146274 1826357 1704729 1555265
 0221193 1880177
 0282413 0376649 1442065 0005477 0041740 0861352 1428884 0031525 0030853
 0000723 1273517 0023821 0023820 0178587 0205250 1299351 2700149 0023821 0023820 0178587 0205250 1299351 2700149
 0003591 0003591
 0085201 0003592 0003591 0021966 0221138 0085201 0003592 0003591 0021966 0086418 0221138 0332268 1709915 1882936
 0085201 0003592 0003591 0021966 0221138 0085201 0003592 0003591 0021966 0086418 0221138 0332268 1709915 1882936
 0003595 0003591 0003595 0003591 0086418 0332268 1709915 1882936
 0012456 0012456
 2983605 0332296 1880497 1996904 0368909 0008377
 0009458 0205224 0439536 0547040 1524031 1705217 2945599 3244283 0009458 0205224 0439536 0547040 1524031 1705217 2945599 3244283
 0021966 0221138 0033095 0205148 0460139 1306345
 0033095 0460139 1306345
 0991865 0006353 0031603 0031701 0036082 1601799 0302950 0036140 0037494 0037633 0206136 0525069
 0031676 0202177 0031676 0202177
 0597277 1708601
 0439394 1706495 3642217
 1274040 1546471 2825142
 1514811 1706462 1293116 1875307 1514811 1706462
 2347469
 0369637 0441923
 0369718 0441922 1553036
 1414400

 0025141 0252873
 0205090 0684010 2603358


 0439267 2603362
 0369637 0441923
 0349590 1262865 0025141


 2347379
 0331809
 0331809 0369773 2603361


 2347379
 0000857 0600678 1552863
 0016327 0439133 1553038
 0033727 0369286 0441932 0564385 0439267
 0033727 0369286 0441932 0564385 0369637 0441923



 0025141
 0016327 0439133 1553038 2603362

 2347379
 0000857 0600678 1552863 2603362


 2827734 2981698 0025141 0369773 2603361
 0035984 0086964 0684317 0597277 1708601




 0025141 0369637 0441923
 0597277 1708601
 0369637 0441923
 0369773 2603361
 0439267
 0033727 0369286 0441932 0564385
 0004153 1419713 0025141 0369637 0441923

 0439267
 0033727 0369286 0441932 0564385


 0025141 0597277 1708601

 0439267
 0033727 0369286 0441932 0564385 0369637 0441923


 2347379




 0025141 0439114


 0025141 2758676 0033727 0369286 0441932 0564385 2603362


 0201682

 0597277 1708601
 0205090 0684010 2603358
 2347469
 0439267
 0033727 0369286 0441932 0564385

 2347379
 0000857 0600678 1552863
 0369773 2603361

 0439267 2603362
 1553033 0439267
 0369637 0441923
 0001483
 0201682
 0025141
 0369773 2603361 0443013 0369637 0441923
 0597277 1708601 0011198 0017480 3541240 0439394 1706495 3642217
 0033727 0369286 0441932 0564385
 0439267
 0439267
 0369637 0441923

 2347379
 0000857 0600678 1552863 0205090 0684010 2603358 2347469 1553033 0950540 0033727 0369286 0441932 0564385 2347469


 0201682
 2603362
 2603360
 0439394 1706495 3642217
 0597277 1708601

 2347379
 0000857 0600678 1552863 0033727 0369286 0441932 0564385
 0035984 0086964 0684317 0597277 1708601
 0369773 2603361


 2347379
 0000857 0600678 1552863 0055863 0369637 0441923
 0033727 0369286 0441932 0564385
 0033727 0369286 0441932 0564385 2603360
 0369773 2603361
 0021966 0221138


 0025141 1553033 0205090 0684010 2603358
 0331809

 0021966 0221138


 0201682
 0369773 2603361 2347469 0205090 0684010 2603358 0205090 0684010 2603358
 0005477 0025141 0033727 0369286 0441932 0564385

 2603360
 0205090 0684010 2603358 0016327 0439133 1553038 0439394 1706495 3642217
 0402217 0033727 0369286 0441932 0564385
 2347469 1708595 3280986
 0369637 0441923


 0201682

 2603360
 1652689
 1418943

 0268596 2700624
 3642273
 0041703
 0369637 0441923

 0597277 1708601 0369637 0441923
 2603362
 0439114 0439267

 0369773 2603361





 0597277 1708601
 0033727 0369286 0441932 0564385


 0201682
 1553033 0369637 0441923
 0205090 0684010 2603358 0597277 1708601
 0033727 0369286 0441932 0564385 0205090 0684010 2603358


 0036397 0025141 0597277 1708601
 0033727 0369286 0441932 0564385
 0001483
 0201682
 0025141 0369637 0441923

 0005477 0025141

 0003461 2939124

 0025141 0369773 2603361 1553033 0369637 0441923
 1315013

 0025141 0369637 0441923
 1828470 2603362
 0439394 1706495 3642217
 0439394 1706495 3642217 0369718 0441922 1553036

 0003461 2939124

 0025141 2603362
 0597277 1708601
 0033727 0369286 0441932 0564385 0205090 0684010 2603358


 0025141 0439394 1706495 3642217
 1418270 2983549 2603362
 2347469 2603360 0597277 1708601

 2603360
 0439394 1706495 3642217 0597277 1708601
 0033727 0369286 0441932 0564385



 0439086 2827736 2981702 0025141 0439267
 0369637 0441923

 0025141
 0597277 1708601 0369637 0441923
 0439267 0369637 0441923
 2603362
 0439114
 0369773 2603361 0439267
 0369637 0441923
 0005477 0025141
 0369637 0441923
 0205090 0684010 2603358
 0205090 0684010 2603358
 0016327 0439133 1553038

 0369773 2603361 0439267
 0369637 0441923
 0033684 0025141
 0007634 1269647 1704653 1948049 0025141
 0597277 1708601

 0439267
 0033727 0369286 0441932 0564385


 0593972 0025141 0331968 2699100
 1553033 1822658 0597277 1708601

 0439267 0439267
 0033727 0369286 0441932 0564385


 0201682
 0033727 0369286 0441932 0564385
 0439267
 0033727 0369286 0441932 0564385
 0369637 0441923


 0025141

 0439267
 0369637 0441923

 0369773 2603361 0439267
 0033727 0369286 0441932 0564385 0369637 0441923



 0201682

 0369637 0441923
 0205090 0684010 2603358
 0369773 2603361
 0369637 0441923
 1553033 0439267
 0033727 0369286 0441932 0564385


 0201682

 0439267




 0369773 2603361
 0439267
 0597277 1708601
 0369637 0441923
 0439267

 0369773 2603361 0369637 0441923
 1553033 0439267
 0033727 0369286 0441932 0564385
 0005477 0025141
 0439267

 0369773 2603361
 0016327 0439133 1553038

 1315013

 0025141 0265294 0439394 1706495 3642217
 0369718 0441922 1553036


 0201682
 3495095 0033727 0369286 0441932 0564385 2603362


 0025141 2758676 0033727 0369286 0441932 0564385 2603362
 0023779 0025141 0369637 0441923
 0012358
 0033727 0369286 0441932 0564385
 0349590 1262865 0025141 2603362
 1652689
 0021966 0221138


 0201682
 0009993 0037455 0596070 1552856 0005477 0026376 0005532 1521991