 0443264 0020792 0205396
 2945617 0369637 0441923
 0036375 1704729 1516225 0520510 0557061 2584313 1514811 1706462 1835367 1278147 2612456 0583325 0032105 0441889 1550098 0850624 0850664 0035648 0050325 0679238 0960756 1281905 0035647 1521761 2827422
 0032105 0441889 1550098 1179435 0428479 1171362 3244092 0033684 0185117 0441889 0449432 0456079 1521970 1547707 1705248 2946261 0003592
 0185117 0003592 0014939 0019932 0443264 0205309 1522427
 1953345 0008633 0017446 0205147 1273518 0003592 0086222 0205396 1550043 1551388 0582519
 0439148 1519795 1704753 1880519 0332256 2700400 0600508 0013879 0014939 0871261 1704632 1705248 1706817 2911692 2936882 1149369 0034804 1414461 1521863 0597358 0014939 0243122 0597357 1145667 1167622 2936882 0012854
 0597357 0332297 0014912 1145667 1167622 1689898 1879547 2349209 0040624 1880389 1883221 3541951 0040648 0040649 1521761 2827422 0309872 1148673 0243122 1145667 1167622
 0520510 0557061 2584313 1514811 1706462 0003592 0003591 1179435 0449432 1705248
 0065058 0037943 0228341 2239920 0023823 0065058 0125953 1096202 0023820 0178587 0205251 0332529 1299352 1550472 0003592 1517892 1704666 0205666 0003593 0003591 2827734 2981698 0740116 2827735 2981700
 0033522 0282458 0920317 0002778 0936012 1042496 1524024 1979886 0004153 0042373 0005847 0012634 0333482 1558950 1801960 0442759 0439086 2827736 2981702 1554961 1705847
 0003592 0017968 0032140 1367553 0332256 1880389 1883221 2700400 3541951 1334043
 1710052 2348205 1527178 1874451 1707520 0004153
 0003592 0065058 0037943 0228341 2239920 0032140 1367553 0243122 1145667 1167622 0015982
 0309872 1292733 0439836 0541749 1709743 0016017 1305868 2249824 1879547 0031437 1285572 1880177
 0023820 0683150 0086045 1446561 1548673 1414070 0086418 0205419 0439083 0439087 1515981 0596130 0851285 1327622 0237881 0750502 1546944 0814896
 0683150 0086045 1446561 0205351
 1521970 1706388 2346469 2348519 1880177 1883351 0032105 0441889 1550098 0683150 0086045 1446561 0237753 0449788 0064417
 0036884 0301818 0019932 0014939 0205309 1883351 0441994 1548802 2003888 0065058 0037943 0228341 0441889 2239920
 0681876 0032659 0947630 1257890 1547282 0065058 0037943 0228341 0441889 2239920 0442805 0043210 0232970 0080103 0205345 1547039 0450348
 0023981 0205127 0947630 0684224 0700287 3496591 0282402 0279025 0279033 0019932 0035139 0039798 0087111 0559956 1363945 1555302 0441994 1548802 2003888 0086045 1446561
 1511726 3245479 0332256 2700400 1708726 1274040 1546471 2825142
 0031330 0178602 0205464 0441994 1272755 2003888 0683150 0427716 1304757 0086045 1446561 0086045 1446561 0025914 0025929 0026809
 0557651 2603343 0020792 0205396 1273518
 0043227 1547282 0017446 0205147 0080103 0205345 1547039 0949639 0040649 0205145 0439659 1515974 2825164 0205410 0013126 0040649
 0017446 0205147 0214562 0065110 1420631 0069116 0872184 0209278 0040648 0023884 0040649 0227525 0359583 0521447 0669372 0736268 1145667 1167622 1278929 1521761 2346688 2827422 0003592 0023884 0205369 0220781 0736268 1278929 1551359 1552740 1883254 2346688 2741673 2981730
 0003592 1367553 0017337 0018670 0075804 0449830 1281590 1300196 1706305 2827597 0443299 3272453 0444930 0450355
 0887857 0162326 0003592 0185117 0851285 1327622 1880177
 0008628 1442161 1511760 1880274 0185117 0003592 0011519 1148702 0011522 0021966 0205145 0221138 0017446 0205147 0205448 0003592 0017362 0017337 0162326 0220905 1704735 0314642
 0086222 0205132 0332256 0600401 1550648 1552960 2700400 0086860 0003592 0205145 1515974 2825164 0086222 0040648 0040649 1521761 2827422 0013879 1705248
 0684224 0700287 3273238 0013879 1705248 1273518
 0034804 1414461 1521863 0014939 0597357 2936882 1518422 0700364 1883351 1145667 1167622 0162326 0004793 0012854 0013879 0162327 1519249 1705248 1947931 1883351 0040648 0040649 0521102 1521761 2827422
 0520510 0520510 0557061 2584313 1514811 1706462 0441513 0032136 0332256 2700400 0998415 0998414 2995905 0006556 0311727 0003592 0086860 0547040 1524031 2945599 0013126
 0887859 0017446 0205147 0887889 0872017 0008641 3494793 0008633 0009013 0205409 0332256 0521009 1522642 1548221 2004457 2700400 1229602 1708726 0332255 0443288 0486805
 0332255 1708096 0032520 0220781 0337112 0443286 1114821 1335439 1524075 1883254 3146294 1883178 0206415 0332256 2700400 0011516 1882940 0205145 0443288 1515974 2825164
 1514468 1704444 0032520 2945843 0205145 1515974 1519179 1854580 2825164 0086022 0442335 1705099 0072149 0332256 2700400 0033413 0017446 0086860 0205147 0086022 0442335 1705099
 2827421 0032520 0220781 0337112 0443286 1114821 1335439 1524075 1883254 3146294 0206415 0004793 0162326 0162327 1441547 1519249 3245521 0349966 1337208 1547282
 0332256 2700400 1882940 0205145 0443288 1515974 2825164 0332283 0023690 0205145 1515974 2825164
 0441513 0332256 2700400 0332255 1708096 0599566 0086022 0185117 0442335 1515981 1883559 0332307 0445392 1547052 1552738 1999230
 0032136 0332256 2700400 1948062 0040078 0009013 0031727 0040077 0086860 0205094 0086022 0442335 1705099
 0079870 0079866 3146302 0449604 0206243 0699809 0206415 0439787 0442711 0680240 0849355 1507394 1522729 1881865 2348563 0205090 0684010 2603358
 0206415 0332256 2700400 0026882 0349966 1337208 1552738
 0439086 2827736 2981702
 1514468 0011516 0868946 1883178 0521093 0750484 1553778 1561491 0005507 0243073 1510438
 0079411 3146294 1883351 2717940 0007634 3282337 0427861 2717940 0677626 0007634 0023903 2239176 3282337 0599566 0086022 0185117 0442335 1705099 1552738 0332300 0006556 0004793 0162326 0162327 1519249
 0007634 3282337 0010454 0009458 0205224 0325564 0439536 0547040 1524031 1551720 1705217 2945599 3244283 0010453 0220814 0430400 2242979 0039421 0019215 0242295 1947943 2348609 0017797 0002525 1576824 0034354 0244104 0017436 0546866 0007452 0015965 0229671 0521457 1140701 1546774 1550100 0036576 0039421
 0009013 0005863 1524063 1624602 0439267 1999230
 0007585 0007634 0010453 0220814 0430400 1269647 1704653 1948049 2242979 0005507 0243073 1510438 2717940 0007634 3282337 1314677 0009458 0205224 0439536 0547040 1524031 1705217 2945599 3244283 0019215 0242295 1947943 2348609 0017797 0002525 1576824 0034354 0244104 0052009 0017436 0546866 0007452 0015965 0229671 0521457 1140701 1546774 1550100 0022877 1619828
 2347578 0007634 0205170 0332232 3146287 3282337 0007585 0180454 1166718 0005971 0007634 0010453 0205170 0220814 0430400 0456696 1139930 1269647 1442770 1704653 1948049 2242979 3146287 3537155 0036563 1705192 1882540 2346495 0040669 0025663 0449851 0871511 0442711 1507394 1522729 2348563 0072149 1552738
 0040669 0206243 0699809 0439787 0849355 0205174
 0072149 0072149 0243148 1550141 1882979 2587213 3274648 0032136 0205170 1524062 3146287 0009458 0024501 0439536 0439844 1705217 1999244 3244283
 0332282 0040669 0009458 0439536 1705217 3244283 1524062 0332256 2700400 0014912 1719918 0001962 0001962 0205171 0439044 0679994
 0392747 0443172 1705241 0007634 3282337 1512335 0024348 0205177 0439167 0441655 1561536 1524063 0072149 0442711 1999230
 1883351 0013682 0040669 1551359 2741673 2981730 1274040 1546471 2825142 0370003 0456603 0684224 0700287 1547037 2347026 3496591 0243148 1550141 1882979 2587213 3274648 0205177 0439167 0441655 1561536
 0598490 0002778 0936012 1524024 1518434 0521447 2828366 2717940 0007634 3282337 1552738 1521827
 0028952 0028953 0182400 1273517 0439084 0728893
 0028630 1444656 0392747 0443172
 0028953 1883254 0182400 1704681 2347609 3536729 0444930 2746065 1708632 1553631
 0184661 1948041 2700391 3274430 3538935 3539779 1552738 0439509 0332300 0006353 0332256 2700400 0560267 0016071
 0034804 1414461 1521863 0014939 0597357 2936882 0043194 0258432 1421478 0043193
 0312586 0003241 0081620 0087044 0815047 0033684 0220905 1704735 0005574
 0004793 0162326 0162327 1519249 0449884 0017243 0333051 0679932 1273517 1382104 2347509 0439084 0728893
 0520510 0557061 2584313 1514811 1706462 0020792 0205396 0017446 0205147 1367553 0017337 0887889 0872017 0008641 3494793 0008633 0009013 0205409 0521009 1522642 1548221 2004457 0332255 0486805 0006556
 0032136 2717940 0007634 0392366 3282337 0392747 1883351 0034804 1414461 1521863 0014939 0597357 2936882 2717940 0007634 3282337
 0332282 0040669 0007634 3282337 0332293 0014912 1522326 3539520 1151115 0205177 0439167 0441655 1561536
 3244092 0185117 0441889 0456079 1547707 2946261 0349966 1337208 1518422 0039798 0087111 0392760 1314939 1522326 1533734 1705169 3538994 3539520
 2827421 1547282 0851285 1327622
 0205171 1720467 2827421 1711300 2700613 0086222 1547282 2267000 0301630 0392756 0441610 0392148 3539520 2827421
 0017428 0017446 0205147 0887950 0029266 0392366 2827421 0349966 1337208 0205177 0439167 0441655 1561536 0150312 1883351 0851827 1701901 3244310
 0205177 0439167 0441655 1561536 0871261 1704632 1706817 2911692 0443228 0549177 1704243 0009013 0029266 0445247 1704322 1704972 3539923 0080103 0205345 1547039 0008633 1708726 0029266 0439178 1446409 1514241 1704322 1704788 1704972 2825490 3539106 3539923
 0185117 0332256 2700400 0205448 0017446 0205147 1547282 1883351 0871161 1292721 2827421 1518422 0392760 1314939 3539520
 0449911 0333052 2607870 0557702 1272706 1704674 0557702 1272706 1704674 0349966 1337208
 2827734 2981698
 0003592 0003591 0887859 0017446 0205147
 1953345 0008633 0017446 0205147 0443299 0003592 1367553 0017337 1704458 1547282
 0449738 0336721 1444656 0015385 0278454 0024779 1706473
 0449788 0332255 0486805
 0332255 0486805 1708096 2945843 0205145 1515974 2825164 0949639 0040649 0205145 0439659 1425988
 0011519 1148702 0011522 0021966 0205145 0221138 0205128 0336721 1444656
 1547282 0205177 0439167 0441655 1561536 2717940 0007634 2827421 3282337
 0205170 0335038 1522485 1705915 1709908 2827421 3146287 0005971 1139930 3537155 0016955
 0332282 0040669 0007634 3282337 0332197 1689985 1707156 3274014 3541345 0392148 1707156 3274014 3541345 0014912
 0441655 1150051 0016955 0205177 0439167 0441655 1561536 1882115 0080103 0205345 1547039 0032136 0332256 2700400 0335038 1522485 1705915 1709908 0003592 0086860 0547040 1524031 2945599 0013126
 1511726 3245479 1882932 0040669
 0020792 0205396 1883351 0439148 1519795 1704753 1880519 0332255 1708096 1880022 0349966 1337208 1547282
 0740116 2827735 2981700
 2717940 0007634 3282337 0332255 1708096 2698977 0332462 1880834 0185117 0003592 0086860 0547040 1524031 2945599 0013126
 0039798 0087111 1522326 1533734 1705169 3538994 0185117 0392756
 0349966 1337208
 0162326 0086222 0205177 0439167 0441655 1514873 1561536 0021966 0221138
 0086022 0442335 0332256 2700400 0021966 0221138 0014290 0015272 0205177 0439167 0441655 1561536 0392756 3539520
 0014290 0205171 0439044 0679994 1280500 2348382 0014290 0021968 0013879 0021966 0086222 0221138 1707455 0205342
 0014290 0009013 0075804 0086022 0205173 0335038 0442335 1522485 1705099 1705915 1709908 3539942 0205177 0439167 0441655 1561536 0871261 1704632 1706817 2911692
 0871261 0332291 0009013 0029266 0085862 1299583 1704322 1704972 2827421 3539923
 0449911 0333052 2607870 1413114 0557702 1272706 1704674 0557702 1272706 1704674 0349966 1337208
 0740116 2827735 2981700
 0020792 0205396
 1547282 0009170 0413399 0349966 1337208
 2827734 2981698
 0332255 1708096 0017446 0205147 0332256 2700400 0014290 0013879 0179400 1638312
 2347469 1547282 0205177 0439167 0441655 1561536 2717940 0007634 2827421 3282337
 0029266 1704322 1704972 3539923 0681494 2827421 1547282 0205091 1552822
 1522508 0010992 0002778 0936012 1511726 1524024 3245479 1552738 2729544 0349966 1337208
 2827734 2981698
 1707156 3274014 3541345 0007634 3282337 0332197 1689985 0392148 0032140 1367553 0032140 1367553
 0024075
 0439849 1705630 1706279 3540605 0086860 0557651 2603343 0086222 0086860 0086860 0086860 1511726 3245479 1518422 1547282
 0040669 2717940 0007634 3282337 0086222 0205217 0442805 0332462 1880834 0040649 0038975 0086860 0013126 1301751 1280500 2348382
 2827421 1547282 2267000 0301630 0392756 0441610 0332282 0039798 0087111 1522326 1533734 1705169 3538994
 0301630 0392756 0441610 0038975 1441672 2827421 1705535 1880177 0871261 1704632 1706817 2911692 0038975 0086597 0086860 0127400
 1274040 1546471 2825142 1705535 0439148 1519795 1704753 1880519 1704675 0003592 0086860 0332297 0547040 1145667 1167622 1524031 1689898 2349209 2945599
 0205342 0013879 0205263 1705248 0851827 1701901 3244310 3539520
 2717940 0007634 1268443 3282337 0003592 0086022 0086860 0335038 0442335 0547040 1522485 1524031 1705099 1705915 1709908 2945599 0442739 1548568 0392747 0443172 1705241 0871261 1704632 1706817 2911692 0039798 0087111 1522326 1533734 1705169 3538994
 0205342
 0205342 2267020 0034804 1414461 1521863 0014930 0014939 0231491 0597357 2936882 0086045 1446561 1511726 3245479 1518422 1547282
 0796357 0002778 0936012 1524024 0199219 0443289 0442824 0587267 0150103 1708943 1547282 0439086 2827736 2981702 0005456 0682969 2945843 0205145 1515974 2825164
 0600436 0002055 0178499 0205341 1547730 1705914 1709450 1880022 1880279 0028630 0086972 0205449 0443299 0687118
 0205341 1547730 1705914 0028630 0086972 0205452 0443299 0687118
 0206243 0699809 0079866 3146302 0349966 1337208 1547282 0392366 2827421
 0026882 0392756 0205177 0439167 0441655 1561536 0205342 0028630 0205090 0206655 0446516 1269078 1269612 2681631 0230346 1268255
 0026882 0849355 0205177 0439167 0441655 1561536 0871261 1704632 1706817 2911692
 0302523 0700325 1964257 0026882 1280519 1704419 1705535 1518422 0205145 0332297 0443225 1145667 1167622 1515974 1689898 2349209 2825164
 0040627 0243122 1145667 1167622 1521761 2826298 2827422 0079613 0004793 0162326 0162327 1519249 1705535
 0302523 0700325 1964257 0684336 0086222 0205177 0439167 0441655 0684336 1561536 1705535 0521102 0031843 0542341 0700205 1705273 1521761 2827422
 0449911 0333052 2607870 0557702 1272706 1704674 0557702 1272706 1704674 0349966 1337208
 0439086 2827736 2981702
 0796357 0002778 0936012 1524024
 0004793 0162326 0162327 1519249 0349966 1337208
 0028630 0392747 0443172 1705241 1705285 1547282
 1522508 0010992 0002778 0936012 1511726 1524024 3245479 1552738 2729544 0349966 1337208
 2827734 2981698
 1707156 3274014 3541345 0007634 3282337 0332197 1689985 0392148
 1514873 1883351 1517378 0233820 0086222 0206243 0699809 0439787 0849355 0002778 0936012 1524024 1514873 1280500 2348382
 0444930 2746065 2717940 0007634 1268443 3282337 0003592 0086022 0086860 0335038 0442335 0547040 1522485 1524031 1705099 1705915 1709908 2945599 0031249 0086022 0442335 1705099 0206243 1334435 0017337 0042896 0086860 0879457 1333929 0013126 0349966 1337208 1707156 3274014 3541345 1883559 0332307 0445392 1547052
 0441833 0687744 1257890 1552516 1705428 1705429 1707156 3274014 3541345 0039798 0087111 1522326 1533734 1705169 3538994 0442805 0205177 0439167 0441655 1561536 0205177 0439167 0441655 1561536
 1511662 1148673 0012854 0205447 0243122 1145667 1167622 1880389 1883221 3541951 0026252 1273518 0040624 1880389 1883221 3541951 1414304 0878311 1707271
 0392747 0443172 0013879 1705248 0034809 1334899 1370369 0162735 0026882 1552961 1705285 2347617 0878311 0205197 0681205 1517001 1518422 1280500 2348382 0086222
 1442161 1511760 1880274 0871261 1704632 1706817 2911692 1518422 0871261 1704632 1706817 2911692 0878311
 0544461 1879547 0333118 1280500 0086222
 0544461 1879547 0205197 0035143
 1514873 0183683 1521721 1512571 0040648 0040649 1521761 2827422 0086222 0205177 0439167 0441655 1314939 1561536 0031843 0521102 0542341 0700205 1705273
 0449911 0333052 2607870 0557702 1272706 1704674 0557702 1272706 1704674 0349966 1337208

 0002778 0936012 1524024 0205342
 2717940 0007634 1268443 3282337 2827421 1707156 3274014 3541345 2827421 1707156 3274014 3541345 0024075 1706395 0162735 0026882 1552961 2347617 1444656
 0332282 0040669 0007634 3282337 0332197 1689985 1707156 3274014 3541345 0392148 1707156 3274014 3541345 0014912
 0010454 0009458 0018270 0220844 0439536 1621966 1705217 2911660 3244283 0392747 0443172
 0441655 0205177 0220928 0439167 0441655 1561536 1882115 0080103 0205345 1547039 0205177 0439167 0441655 1561536 1442160 0000925 1883724 0036849 1442518 1705195
 1511726 3245479 1882932 0040669
 1511662 1148673 0012854 0243122 1145667 1167622 1880389 1883221 3541951 0392360 3146298 0015264 0205177 0439167 0441655 1561536 0012854
 1883351 0521093 0750484 1456348 1512571 0681850 1550501 1706203 2349001 2697811 0028953 0182400 1704681 2347609 3536729 0004793 0162326 0162327 1519249 0949632 0005507 0243073 0333051 0425245 0449580 1510438 2347509 0013855
 0220781 0439634 1522492 0012893 0182400 1704681 2347609 3536729 1518434 2828366 0028589 0949374 2717940 0007634 3282337 0349966 1337208 1708639 0086418 1514798 1708639 1883712 1998793
 1274040 1546471 2825142 1301820 1439852 0182400 1704681 2347609 3536729 0007592 2828366 2717940 0007634 3282337 0392148 0332197 1689985 1511726 3245479 1518422 1547282
 1883712 0439962 0231175 1883351 0175723 0439645 1521913 1708639
 2607943 2926606 3539655 0183683 1521721 1707478 1518422 0012854 0332297 1145667 1167622 1689898 2349209
 1274040 1546471 2825142 1301820 1524063 0182400 1704681 2347609 3536729 0028953 0332256 2700400 0026882 1705285 0086222 0205177 0439167 0441655 1561536 0349966 1337208
 0199219 0205145 1515974 2825164 0443289 0005456 0682969 0597358 2986841 0205145 0243122 1145667 1167622 1515974 2825164 0680022 2698041
 0681814 0349966 1337208 1708639 0681814 0081620 1708639 0081620 1518422 1145667 1167622 0004793 0162326 0162327 1519249
 0449911 0333052 2607870 0557702 1272706 1704674 0557702 1272706 1704674 0349966 1337208
 0439084 0728893
 0598490 0002778 0936012 1524024
 0028953 1711300 2700613 0004793 0162326 0162327 1519249 0042789 1947903 0182400 1273517 1704681 2347609 3536729 0949632 0005507 0017243 0243073 0333051 1382104 1510438 2347509 1708639
 0182400 1704681 2347609 3536729 1273517 0026882 1705285 0205177 0439167 0441655 1561536
 0182400 1704681 2347609 3536729 0205171 1720467 1708639 0332256 2700400
 1979886

 0020852 3536873 0021027 0439267 1621846
 0520510 0557061 2584313 1514811 1706462 0036884 0301818 0019932 0017362 0182953 0683150 0086045 1446561
 0947630 0013879 0003592 0185117 1314939 0086860 0949639 0040649 0205145 0439659 1515974 2825164 0086222 0522505
 0013879 0012751 0549177 0086860 0439064 0851285 1314939 1327622 0017337 0332257 0003591
 0684224 0700287 3273238 0017446 0205147 0332256 2700400 0014290 0013879 1705248 0086860 0033414 0227525 0007634 0205054 3282337
 0733755 0011519 1148702 0011522 0021966 0205145 0221138 1515974 2825164
 0205145 0332281 1516511 0008546 0175566 0678594 1325550 0392360 3146298 0017446 0205147 0026377 3640814 0040648 0040649 1521761 2827422
 0205177 0439167 0441655 1561536 0332256 2700400 0086222 0349966 1337208 2827421 0851827 1701901 3244310 0205177 0439167 0441655 1561536 0442821 0332255 1708096 0009013 0029266 0445247 1704322 1704972 3539923 0080103 0205345 1547039 0008633 1708726
 0332255 1708096 0684224 0700287 3496591 1883351 0332268 0205177 0439167 0441655 1561536 0009013 0029266 1521805 1704322 1704972 3539923 0086860 0003592
 0392360 0231175 1883351 0442726 0086222 0034987 0013879 0220905 1704735
 1518422 2963144 1947971
 0332149 1705910 2362652 0220905 1704735 1136190 0013879 0150312 0449450 1883351 0218063 0036679 0237868 1881713 0851285 1327622 1367553 0017337
 0011546 0439857 2698668 0745777 0017446 0205147 1880274 0013879
 0086222 1547282 1883351 0021966 0221138
 0040648 0040649 1521761 2827422 0021966 0205177 0221138 0439167 0441655 1514873 1561536 2266880 0166418 1418776 2984537
 0205145 0035339 0684224 0700287 1280500 1314939 2348382 3496591 0185117 0003592
 0150312 0017446 0205147 0205171 0439044 0679994 0205410
 0017446 0205147 0332256 2700400 0004793 0162326 0162327 1519249 1511726 3245479 0243122 1145667 1167622 0205145 1515974 2825164 1518422 1883351 1314939
 0026882 1518422 0205342
 0596988 0332268 1511662 2247624 1148673 0012854 0243122 1145667 1167622 1880389 1883221 3541951 0442799 0333051 0231175 1883351 0332120
 0018563 1281583 1552914 1514873 1705535 0040648 0960756 0040649 1521761 2827422 0521102 0031843 0542341 0700205 1705273
 1511726 3245479 0392148 0309872 1292733 0872079 1704675 0439148 1519795 1704753 1880519
 1704675
 0028953 1704689 0026882 1705285 0681205 0086222 0205177 0439167 0441655 1561536 0085732 0221099 0684336 0348078 0376315 1522492 1704241 0311403
 1704675 0040648 0040649 1521761 2827422 0449961 0017362 0449801 3273238 0017337 0220905 0237753 0439148 0449788 0684224 0700287 1519795 1704735 3496591
 0868928 1533148 0597358 2610645 0243122 1145667 1167622 0004793 0162326 0162327 1519249 1314939
 1707959 0014802 1257751 0018956 0007634 3282337 0209278 1420631 0040648 1333663 1530719 0040649 1145667 1167622 1427248 1521761 2827422 1880389 1883221 3541951 0439851 1947931 1148673 0012854 0243122 1145667 1167622 0309872 0017255 1879547
 0441712 1706376 1547282 1883351 0443264 0017262 0017337 0185117 0679932 0040648 0040649 1521761 2827422
 0332149 1705910 2362652 0750558 1710571 1149367 0243122 1145667 1167622 1521840 2986546 0000702 1883351 0014939 0086222 0205177 0205342 0439148 0439167 0441655 1314939 1519795 1561536 1704753 1880519 2936882
 0026882 0681205 0205177 0439167 0441655 1561536
 0302523 0700325 1964257 0015264 1280500 2348382 0185117 0205177 0439167 0441655 1514873 1561536
 0424215 2003939 1518422
 0004793 0162326 0162327 1519249 1711300 2700613 0028630 0026882 1705285 0332256 2700400 0005456 0682969 0597358 2986841 0205145 0243122 1145667 1167622 1515974 2825164 0679932 0681814 1518422 0332120 0183683 1521721 0035820 1705810
 2347946 1883351 0443211 1272684 1515655
 0681814 1880274 1953345 0017446 0205147 0206243 1708726
 0543488 1883351 1316572 1317574 1369612 0185117 0003592 0205342 0185117 1518422
 0003592 1367553 0017337 3272453 0012854 0017428 0086972 0205171 0443299 0687118 0887950 1720467
 0033413 0086860 0017446 0205147 0004793 0162326 0162327 1519249 2348205 0332257 1514873
 0543488 2987476 1880355 0017337 0851285
 1705535 0348078 0376315 1522492 0450382 0443299 1881713 0003592 0243148 1550141 1882979 2587213 3274648 0017446 0205147 0750492 0017446 0205147 0086860
 2986676 0369773 2603361


 1883559 0332307 0445392 1547052 0599566 0086022 0442335 0557061
 2825232 0043227 0027468 0018173 0018684 0021622 1521721 1548284 3245503 0718133 0015770
 0010186 0220812 0449719 1709471 0220808 0680264 0007961
 1706852 0522501 1706089 0949214

 0282413 0376649 1442065 0039796 0723712 0254343 0796520 3272379

 0085205 1549619 1880669
 0013849 1705961 0024492 1538057 1547565
 1551730 0252873 0086792 0009452
 0000723 0000723 1273517 0582519
 1832586 0011519 1148702
 0014290 0013879 1705248
 0034804 1414461 1521863 0014939 0597357 2936882
 0600508 0013879 0014939 0871261 1704632 1705248 1706817 2911692 2936882
 3539520 0014912
 0439148 1519795 1704753 1880519 0439148 1519795 1704753 1880519
 0026252 1511662 1148673 0012854 0243122 1145667 1167622 1880389 1883221 3541951
 1514811 1706462 0520510 0557061 2584313 1514811 1706462
 0439267
 0369637 0441923

 1315013

 0025141 0439267
 0036397 0025141
 0033727 0369286 0441932 0564385 0205090 0684010 2603358
 2603362
 0230467 0741204
 1144859

 0000857 0600678 1552863
 0439267 0439394 1706495 3642217


 0439394 1706495 3642217
 0369773 2603361


 0369773 2603361




 0000857 0600678 1552863 0439267 0033727 0369286 0441932 0564385



 0025141 1551776
 0439394 1706495 3642217
 0439267
 0454845 0369637 0441923


 1315013
 0201682
 0369773 2603361

 0033727 0369286 0441932 0564385 0369637 0441923





 0000857 0600678 1552863



 0999213
 0439267

 0205090 0684010 2603358
 0369637 0441923
 0349590 1262865 0025141 1553033
 2603360 0033727 0369286 0441932 0564385
 0033727 0369286 0441932 0564385

 1315013

 0025141 0369773 2603361
 2347469
 0205090 0684010 2603358 2603360
 2603362
 1418943

 0268596 2700624
 3642273
 0041703
 0000857 0600678 1552863 0597277 1708601
 1511325
 0439394 1706495 3642217 0205090 0684010 2603358
 0439394 1706495 3642217
 0349590 1262865 0025141 0331865 0439394 1706495 3642217
 0439267

 0439267

 0016327 0439133 1553038
 0349590 1262865 0025141 0369718 0441922 1553036

 2945617
 0597277 1708601
 0252873
 0205090 0684010 2603358
 0369637 0441923

 1315013


 0369718 0441922 1553036
 0016327 0439133 1553038
 2603360
 0439394 1706495 3642217 0205090 0684010 2603358
 0369637 0441923
 1418943

 0268596 2700624
 3642273
 0041703

 0033727 0369286 0441932 0564385

 0369773 2603361
 0439394 1706495 3642217
 0369773 2603361 0205090 0684010 2603358
 0369637 0441923
 0036397 0025141
 0369773 2603361
 0205090 0684010 2603358
 0205090 0684010 2603358


 0349590 1262865 0025141 0033727 0369286 0441932 0564385
 0439267 0033727 0369286 0441932 0564385
 1553033 0439267

 0325074
 0439083 0439087 0025141
 0861352 1553033 0439267 0033727 0369286 0441932 0564385
 0033727 0369286 0441932 0564385

 1315013

 0439083 0439087 0025141 0439267 0033727 0369286 0441932 0564385
 0033727 0369286 0441932 0564385
 0439267 1826521 0033727 0369286 0441932 0564385
 0033727 0369286 0441932 0564385
 0439267

 1315013

 0025141
 0439267 0033727 0369286 0441932 0564385
 0033727 0369286 0441932 0564385

 1315013

 0025141 0369718 0441922 1553036
 0016327 0439133 1553038
 0597277 1708601 2347469
 0439394 1706495 3642217

 1315013

 0025141 0678579 2603362
 0205090 0684010 2603358

 1708595 3280986


 0000857 0600678 1552863

 0369637 0441923
 0369773 2603361

 0369773 2603361

 0005775 1516559 0000857 0600678 1552863 0033727 0369286 0441932 0564385

 0016327 0439133 1553038
 0369637 0441923
 1704648


 0025141


 0025141 0599444 0702216 0369637 0441923
 0205090 0684010 2603358 0021966 0221138 0205090 0684010 2603358 0205090 0684010 2603358
 0369773 2603361
 0230467 0741204
 1144859

 0000857 0600678 1552863
 0033727 0369286 0441932 0564385

 0033727 0369286 0441932 0564385 0702093
 0597277 1708601


 0000857 0600678 1552863 0597277 1708601
 0439267
 0439394 1706495 3642217 0252873
 0369637 0441923

 0325074
 0025141 2347469
 0205090 0684010 2603358 0597277 1708601 0205090 0684010 2603358
 0439267
 0369637 0441923





 0369773 2603361 0439267
 0205090 0684010 2603358
 0369637 0441923


 0201682

 0597277 1708601 0597277 1708601
 0016327 0439133 1553038 0205090 0684010 2603358
 0369637 0441923


 0000857 0600678 1552863 0369773 2603361 0369718 0441922 1553036 0016327 0439133 1553038 0205090 0684010 2603358

 0027960 0324740 0439189 1456781 1824986
 0325074
 0439086 2827736 2981702 0000857 0600678 1552863 0369773 2603361 0205090 0684010 2603358


 2347379

 0025141
 0369773 2603361 0439394 1706495 3642217
 0033727 0369286 0441932 0564385 2347469
 0016327 0439133 1553038 0205090 0684010 2603358


 0201682
 2945617 0369718 0441922 1553036 0597277 1708601 0205090 0684010 2603358


 0201682

 0369637 0441923
 0369637 0441923
 0205090 0684010 2603358
 2603362
 0597277 1708601


 0201682
 0205090 0684010 2603358
 0442711 0369637 0441923 0033727 0369286 0441932 0564385 0007457 0043157 0220938
 0027976
 0205090 0684010 2603358
 0027960 0324740 0439189 1456781 1824986

 0439084 0728893 0000857 0600678 1552863 0439394 1706495 3642217 0007457 0043157 0220938 1553033 0369718 0441922 1553036 0369773 2603361
 0007634 1269647 1704653 1948049 0025141 2945617 0439394 1706495 3642217 0369773 2603361
 0033727 0369286 0441932 0564385 0033727 0369286 0441932 0564385 0450955

 0027960 0324740 0439189 1456781 1824986
 0007634 1269647 1704653 1948049

 0000857 0600678 1552863
 2603362
 0597277 1708601
 0036397 0025141 0439267 0439267 0205090 0684010 2603358 0205090 0684010 2603358



 0000857 0600678 1552863
 2603362
 0040648 0040649 1521761 2827422 3538926
 0027976 0332583 0369773 2603361 0369773 2603361
 0369773 2603361

 0439084 0728893 0000857 0600678 1552863 0033727 0369286 0441932 0564385 0597277 1708601 0597277 1708601 0369637 0441923


 0201682
 2603360 0369718 0441922 1553036
 2603360 0016327 0439133 1553038 0439267
 0349590 1262865 0025141
 0369718 0441922 1553036 2603362

 0369637 0441923


 0201682
 0369718 0441922 1553036 0597277 1708601 1511325
 0439394 1706495 3642217

 2347379
 0000857 0600678 1552863 0369637 0441923




 0025141 0205090 0684010 2603358 0369637 0441923

 2603362


 2347379

 0025141 0439267
 2603362
 0033727 0369286 0441932 0564385
 0027960 0324740 0439189 1456781 1824986
 0007634 1269647 1704653 1948049

 0000857 0600678 1552863 0439394 1706495 3642217 0439114 0033727 0369286 0441932 0564385
 0027960 0324740 0439189 1456781 1824986

 0369637 0441923
 0033727 0369286 0441932 0564385 2347469 0369637 0441923
 2603360 0369773 2603361
 0007634 1269647 1704653 1948049 0025141
 0033727 0369286 0441932 0564385 0439267
 0007634 1269647 1704653 1948049 0025141 2603360
 0021966 0221138
 0439267
 0007634 1269647 1704653 1948049 0025141 0009993 0037455 0596070 1552856 0005477 0026376 0005532 1521991