 1521761 0086597 0033618 0242210 0243122 1145667 1167622 0369637 0441923
 0033727 0369286 0441932 0564385
 0369637 0441923
 1704729 0013227 0025118 0005477 0026376 0005532 1521991 0008044 0041740 0008044 0020898 1704729 0036397 0041740 0022277 0021622 1272753 0035172 0021622 0035168 0242481 1272753 0587487 1704729 0006754 0041740 3146274 0036152 1826357 0006754 3146274 0034036 0034037 1514756 1704324 0348078 0376315 1515981 1522492 1527075 0557061 2584313 1514811 1706462 0003595 0003591 0332256 2700400 2612461 0597177 0023821 0684224 0700287 3496591 1883351 0021135 1533691 2827718 0679823 0243122 1145667 1167622 1518422 1704788 3539106
 0444930 2746065 0332128 0243122 1145667 1167622 0012456 0439855 1704241 0053574 1412792 0017973 0333668 1515981 3536869
 0005507 0243073 1510438 0053574 0332297 1145667 1167622 1412792 1689898 2349209 0444669 1167518 1706352 1882467 3274653 1705535 1513371 1705738 2347637 2348146
 0243122 1145667 1167622 0037494 0205216 0392148 0392756 0442797 0470296 1959973 0311403 0024337 0003765 1706211 0002520
 0332255 1708096 1882932 1880389 1883221 3541951 0012456 0439855 1704241 0332297 1145667 1167622 1689898 2349209 0443225 1444754 1706316 1880389 1883221 3541951 0205254
 1274040 1546471 2825142 0596608 0949632 0005507 0017243 0243073 0333051 0425245 0449580 1301820 1382104 1510438 2347509
 0679932 0947630 1524063 0205549 2348044 1547282 0441635 0243122 1145667 1167622 1314939
 0282416 1561607 1274040 1546471 2825142 1880389 1883221 3541951 1707271 0332256 2700400 0013879 1511545 0444669 1167518 1706352 1882467 3274653 0243122 1145667 1167622 0022023 1700702 0332291 0085862 0181001 1299583 1515981
 0557061 2584313 1514811 1706462 0003591 0003591 0033684 0032214 0600138 0035820 1705810 0449432 1705248 0023825 0023823 0442811 0023820 0178587 0205251 0442824 1299352 1550472 0065063 0023825 3272697 0023823 1264633 2827734 2981698
 0032105 0205172 0439083 0439087 1550098 0023884 0736268 1278929 2346688
 0007634 3282337 0085732 1299581 1327616 0740116 2827735 2981700
 0040018 1547282 1883351 0332283 1719822 0205088 1705314 1705315 1880389 1883221 3541951 1880389 1883221 3541951 0439086 2827736 2981702
 1880389 1883221 3541951 1273518 0034821 1366529 0023823 0065059 0023820 0178587 0205251 0597357 1299352 1550472 0019134 0770546 0062503
 1880389 1883221 3541951 0332256 2700400 0017446 0205147 1273518
 1883712 1880389 1883221 3541951 0086597 0243122 1145667 1167622 0030956 0002723 0002716 0439394 1706495 3642217
 0947630 1705535 0035820 1705810 0004153
 0205435 1279901 2346714
 0024432 1517927 1546706 1550652 0023779 1708715
 0205437 0025914 0025929 0026809 0243107 0678723 1527148 0522501 0205217 0442805 0521974 0301585 0012155 0205250 0332197 0424612 1299351 1442959 1519433 1689985 2700149 2983588
 0205438 1706303 0033268 0011155 1636779 1283695 1511243 1883559 1283557 1520150 1511240 0025914 0025929 0026809 0332307 0445392 1547052 0018790 0237477 0392351 0521111 0004153 0947630 1705535 0033414 0004153
 0205439 1836551 0684320 0684321 1517499 0017337 0023884 0040671 0736268 1278929 1705822 2346688 0025914 0025929 0026809
 0005847 0677535 1511228 0439673
 0441712 0243122 1145667 1167622 0015350 0521119 1704640 1706515 0507850 0677535 0450348
 0449255 0542559 0333562 0221198 0333482 0684224 0700287 3496591 1883351 0392752 0053574 0332183 1412792 0053574 1412792 1266240 0678594 0017973 3536869 0017973 3536869 0337112 1524075 0011602 0038720 0475337 3536965
 0053574 1412792 0014261 0005847 0014257 1558950 1801960 1883254 1135918 0596981 1267092 0007634 0026845 0205357 3282337
 0031843 0542341 0700205 1705273 2827933 1266240 2603362 0205169 0162340 0947630 1444656 0040691 1527194 0018284 0018270 0220844 1510411 1521761 1621966 2827422 2911660 0016055 0009325 1167364 0449432
 0596608 0949632 0005507 0017243 0243073 0333051 0425245 0449580 1382104 1510438 2347509 0332185 0684224 0700287 3496591 0597177 0699759 0053574 1145667 1167622 1412792 0871161 1882134 2347695 1518422 0332296 1858114 1880497 1996904 2612461 2697537 0015272 1705535 1704675 0086597 0127400
 0332268 0243122 1145667 1167622 0026377 0053574 1412792 1522634 1135918 0596981 1267092 0007600 0007635 0162865 0427861 3282338 0003842 0007634 0009458 0026845 0086418 0162867 0205357 0221464 1254021 1998793 3282337 0392148 0041942 0233824 0332268 0441712 1706376 0243122 1145667 1167622
 0033213 1706387 0150312 0449450 0947630 0376649 0596988 0012456 0439855 1704241 0012456 0333262 0243122 0332128 1145667 1167622 0053574 1412792 0003483 0086418 0185115 1278934 3541890 0302891 1301808 1442792 3148680
 0332155 0333668 0053574 1412792 1882932 0444669 1167518 1706352 1882467 3274653 0557651 2603343
 0033684 0053574 0444669 1145667 1167518 1167622 1412792 1706352 1882467 3274653 0013879 0002520 2917660 0001128 0202406 0441635 1706211 2982691 1880389 1883221 3541951 0243122 1145667 1167622 0022023 1700702 1518422 0449432 1705248
 0557061 2584313 1514811 1706462 0520510 0008455 0024188 0040676 0024188 0008463 0024188 0022202 0040676 0024188 0040371 0022341
 0002520 0036774 0036773 0728877 0001924 0007452 0229671 1140701 1546774 1550100 0041942 0120447 0018320 0120446 1512523 0041415 0018019 1265549 1510458 0034493 0301869 0068854 0031603 0031701 1601799 0869011 1719918
 0012456 0023779 0043194 0258432 0813983 1421478 0001896
 0869011
 0075278 0002059 1318717 0031678 0522529 1149880 1979842 0043194 0258432 1421478
 0020960 1416933 2986618 0057252 1413930 1416933 2986618 0031831 1707664 1999230 2348314 3540849
 0325045 1513897 0027468 0018684 0021622 3245503
 0020960 0332255 0486805
 0003250 1880022 0439084 0728893
 0020960 1552738

 0204727 0205409 0220862 0243114 1998793 0003483 1278934 0053574 1412792 0004398 0580205 0848632 1281571 1522460 0003483 0013018 0040288 0086418 0205409 0687676 1278934 1527169 1548221 1704687 0015780 0043210 0086287 1705497 1705498 0580836 2937358 0011065 0019080 1546956
 0370003 2347026 0456695 1516695 1516698 0011065 1306577
 0849355 1883720 3244314 0225342 0009458 0162867 1254021 0033692 0506947 0003483 0185115 3541890 0441635 0041942 0037494 1959973 0013618 0955274 1512523 0000608 0002546 0001128 0202406 0015101 0456696 1442770 0450376
 0033692 1883708 0041942 3171719 1442464 0450376 1517331 0008564 0687342 0022013 0008550 0022023 0678640 1700702 1998793 1185738 1706132 0041942 3171719
 0053574 1412792 0683454 0021966 0221138
 1264633 1554103 1413930 0086972 0443299 0687118 0033692 0074345 0036682 0450375 0392148 0037494 1959973 1552738

 0037633 1521827 0443224 2827486 0180860 0581406 1522664 1704449 1704684 1875155 1325742 0042153 0457083 1947944
 1261552 0450376 0004927 0392148 0033607 1444656 1282910 1552828
 0053574 1412792 1442464 0450376
 1514468 1704444 0333118 0042153 0457083 1947944
 0002778 0936012 1524024 0243125 0443299 0699900 0884358 0008455 2244533 0020197 0450355 0700083 1412573 2248821 2350443 3539770 0201699 0006901 0013855 0205250 0597198 0935624 1280521 1299351 1882330 2700149 1547282 0011602 0038720 0450382 0475337 3536965 0332529 0008466 0008454 0038720 0475337 3536965 1412999
 1882508 0936012 0600209 0013862 0071500 0596607 0013855 0017243 0071499 1382104 0332283 0487602 1704680 0349966 1337208 1708639 0020985 0005507 0243073 1510438 0053574 1412792 0079240 1948037 0740116 2827735 2981700 0349966 1337208 1708639 1524063 0034760 0331955 0302828 1442085 3263700
 0053574 1412792 0017243 0232902 1382104 1532717 1518422 0003242 0003241 0021027 0057252 0086418 1413930 1511726 3245479 1518422 1547282
 0449911 0333052 2607870 0557702 1272706 1704674 0557702 1272706 1704674 0349966 1337208
 2827734 2981698
 0002778 0936012 1524024 0053574 1412792
 0053574 1412792 0053574 1412792 0600209 0013862 0071500 0596607 0013855 0017243 0071499 1382104 0012634 0348080 1705253 0003242 0003241 0021027 0053574 1412792 0182400 1704681 2347609 3536729 2986582
 1708639 0053574 1412792 1510844 0003242 0003241 0021027 0053574 1412792 0182400 1704681 2347609 3536729
 1708639 0053574 1412792 1510844 0003242 0003241 0021027 0053574 1412792 0182400 1704681 2347609 3536729
 1708639 0053574 1412792 1510844 2986582
 1708639 0053574 1412792 1510844 2986582
 0455052 1521827 0060916 0086376 0439267 0008455 0020197 0700083 1439852 2248821 1882074 0020283 0450407 0450408 0450409 0037494 1959973 0332256 2700400
 0443286 1114821 0078774 1553404 2348570 1883712
 0600209 0013862 0071500 0596607 0013855 0017243 0071499 1382104 0053574 1412792 0037179 0087136 0175723 0205171 0232902 0439645 1521913 1532717 0020960 0053574 1412792 0349966 1337208
 1883351 0849355 1883720 3244314 0181001 0053574 1412792 1442464 0450376
 1514468 1704444 0333118 0042153 0457083 1947944
 1519445 0037812 2713504 2984732 0053574 1412792 0370003 2347026 0053574 1412792 0991865 0006353 0031603 0031701 1601799 1549535 1882074 0020283 0450407 0450408 0450409 0392148 0120447 0018320 0120446 0332197 1512523 1689985 1439852 1442450 0037812 1273517 2713504 2984732
 1883073 2827424 0034869 0919386 1444754 1705483 1706316 0439235 0005903 0039476 0243148 0439148 1519795 1550141 1704753 1880519 1882979 2587213 3274648 0750490 1706221 0027971
 1883073 2827424 1510992 2825518 3176809 0205202 1706907
 0444686 1441506 1443182 1552738
 0162807 0027627 0175668 0205436 0678594 0444686 1441506 1443182 1524063 1709697 2728259 3484370 1999230 0150098 0036849 1442518 1511726 1705195 3245479 0002045 1527178 1553907 1705938

 0349966 1337208 1547282
 1883073 2827424 0991865 0006353 0031603 0031701 1601799 0015272 0444506
 0162807 0027627 0175668 0205436 0678594 2349187 0541749 1709743 0018882 0229304 1704821 1705682 0034656 0439605 0444764 1413568 1705946
 0449381 0205166 1706317 0120447 0018320 0120446 0150312 0449450 1512523 0015252 0450442 0728940 1254351 1521826 0011945 0011946 0917873 1059964
 1883073 2827424 0991865 0006353 0031603 0031701 1601799 1524031 1552614 2826545 0205134 0053574 0205266 1412792 1554187 0015272 0450354 1706096
 0162807 0027627 0175668 0205436 0678594 2349187 0541749 1709743 0018882 0229304 1704821 1705682 0034656 0439605 0444764 1413568 1705946
 0053574 0868928 1412792 1706255 1706256 0522501 0120447 0018320 0120446 0392148 0392760 1314939 1512523 0015252 0728940 0450354 1706096
 1883073 2827424 1441506 0205280 0444669 1167518 1706352 1882467 3274653 1620161 0034861 1521827 1524063 0449913 1553451 1704459 1518422 1998793 0012634 0348080 1705253
 1883727 1883357 1511726 3245479 0183683 1521721 1707478 0033684 0003483 0086418 0185115 1278934 3541890 0439661 3245488 0026377 0184661 0243114 1948041 1998793 2700391 3274430 3538935 3539779
 0449911 0333052 2607870 0557702 1272706 1704674 0557702 1272706 1704674 0349966 1337208
 0740116 2827735 2981700
 1883073 2827424 0053574 1412792
 0053574 1412792
 1883073 2827424 0274281 0332157 0120447 0018320 0120446 1512523
 0053574 1412792 0205132 0441994 1444656 1548802 1550648 1552960 2003888
 2347469 0053574 1412792
 1883073 2827424 0274281 0332157 0120447 0018320 0120446 1512523
 0053574 1412792 0205132 1282910 1444656 1550648 1552960
 1883073 2827424 1510992 2825518 3176809 0205202 1706907
 0003595 0523511 1412481 0332255 0486805 0052199 0205409 1548221 0023820 1709908 0684224 0700287 3496591

 0052199 0332255 0486805 1708096 1709915 1882936 1709915 1882936 1709915 1882936 1709915 1882936 1709915 1882936 1551393 1705492 3272743 1709915 1882936 0349966 1337208
 0014834 0014833 1552738
 1882508 0332255 0486805 0600209 0013862 0071500 0596607 1826357
 0449911 0333052 2607870 0557702 1272706 1704674 0557702 1272706 1704674 0349966 1337208
 0439086 2827736 2981702
 1514861 1882932 0869040 0243122 0947630 1145667 1167622 1273517
 0369718 0441922 1553036 1707271 0205088 1705314 1705315 1444656
 0237753 0449788 0546742 0237753 0449788
 0008628 1442161 1511760 1880274
 0243126 0003595 0523511 1412481 0012456 0332255 0333262 0486805 1708096 0039686 2987476 0037633 0150312 0332285 0525069 1515655 0332281 0023779 0557651 2603343 0332255 0486805 0012456 0439855 1704241
 0333262 0439526 0012456 0037680 1512080 2827485 1521827 0265246 1532188 0013618 0242295 1947943 2348609
 0033684 0012456 0205195 2827734 2981698 0439086 2827736 2981702 1709500 2919747 0007704 0041609 0178587 0205409 0439182 0812409 1548221 1552738
 0439509
 0178587 1514721 2348147 3542016 1300565 0439526 1514721 2348147 3542016 0034037 1704324 0332255 0486805
 1264633 0332256 2700400 1704241 1709595 2349200 0013618 0265246 0332256 1532188 2700400 0450376 1698986 0042153 0457083 1947944
 1707455 3494467 0013862 0071500 0596607 0013855 0017243 0071499 1382104 0038137 0175675 1947971 1301886
 0455052 1521827 0003595 0523511 1412481 1524063 0331955 0302828 1442085 3263700 0012456 0439855 1704241
 0178587 1301886 2348205 1301820
 0455052 1521827 0085201 0003592 0021966 0221138 0205409 1548221 0036806 0023821 0023820 0086418 0178587 0205250 0229671 1299351 1546774 1550100 1998793 2700149 0439526 0008564 0687342 0022013 0008550 0022023 0678640 1700702 1552738

 0085201 0003592 0021966 0221138 0012456 0333262 1704241 1552738 1880022 0332255 0486805
 0680220 0178587 0521108 1514721 2348147 3542016 1300565 0439526
 3494467 0013862 0071500 0596607 0013855 0017243 0071499 1382104 1444656 0032659 1257890 1301886 0312860
 0013618 0265246 0332256 1532188 2700400 1698986 0450376 0042153 0457083 1947944
 0681814 0005507 0243073 1510438 0884358 1552738

 1709027 1139930 0348000 0053574 1412792 1522408 0053574 1412792 0439526 1292425
 0005456 0457192 0036774 0036773 0728877 0265246 1532188 1442450 2348236 0005903 0039476 1547703
 0441648 0265246 1532188 0036774 0036773 0728877 0041415 0427716 1304757 0086045 1524062 0205170 0265246 1532188 1439852 1442450
 0205170 3146287 1548982 0040223 1632851
 0033684 0442726 1511790 1524063 0229671 1546774 1550100 1412113 1516077 0079240 1948037 1442450 2348236 0005903 0039476 1547703
 0040223 3541383 0205170 3146287 1548982 0040223 1632851 0301869 0079240 1948037 0740116 2827735 2981700 1442450 1524062 2348236 0005903 0039476 1547703
 0441648 0068854 0031603 0031701 1601799 0439526 0020283 0450407 0450408 0450409 1524062 0243107 0678723 1527148 0332283 1514743 1706461 0348000
 0449913 1273517 1553451 1704459 0243122 1145667 1167622 0075278 0442726 1511790 0002059 1318717 0031678 0522529 1149880 1979842 0079240 1948037 0740116 2827735 2981700
 1511726 3245479 1883708 0027960 0027962 0324740 1456781 1510411 1524063 0205134 0023688 0443211 1272684
 0560145 0444686 1441506 1443182 1179435 0033684 0449432 0560145 1527178 1705248 1705938
 0002778 0936012 1524024 0206243 0699809 0439787 0849355 1265611 0332297 1145667 1167622 1689898 2349209 0004457 0999597 1522496 0456603 1547037 0023688 0332296 0332297 1145667 1167622 1689898 1880497 1996904 2349209 0004457 0999597 1522496
 1301820 0598981 3146232 0026691 1705240 1839259 0456603 1547037 0598981 3146232
 0596608 0949632 0005507 0017243 0243073 0333051 0425245 0449580 1382104 1510438 2347509 1265611 1439852 1442450 0053574 1412792 0449468 1690016 1705102 2700258 0265246 1532188
 1524062 0370003 2347026 3494467 0013862 0071500 0596607 0450376 0020985 0332282 0079240 1948037 0439084 0728893 0370188 0085201 0003592 0021966 0221138 0079240 1948037 0740116 2827735 2981700 1979003 0312586 0003241 0021027
 0002778 0936012 1524024 0427716 1304757 0086045 0053574 1412792 0332255 0486805 0085201 0003592 0021966 0221138 0005507 0033684 0243073 1510438
 1514811 1706462 0243122 1145667 1167622 0053574 1412792 0053574 1412792 0015272 0243122 1145667 1167622 0053574 1412792 0349966 1337208 0026691 0042295 1705240 1839259
 0042295
 0333668 1518422 0001721 0449381 0917903 1704675 0053574 1412792 0033684 0444669 1167518 1706352 1709305 1882467 2745955 3274653
 1705175 1705176 1705177 1705178 1882348 1711411 0037791 1511884 0557651 2603343 2247768 0243122 1145667 1167622 0085201 0003592 0021966 0221138 0012456 0333262
 0012634 0348080 1705253 0005507 0243073 1510438 0231175 1883351 0053574 0348078 0376315 1412792 1522492 1511726 3245479 1518422 1547282
 0449911 0333052 2607870 0557702 1272706 1704674 0557702 1272706 1704674 0349966 1337208

 0243122 1145667 1167622 0053574 1412792 0053574 1412792
 0312860 0053574 1412792 1439852 0053574 1412792 1442450
 1265611 0332297 1145667 1167622 1689898 2349209 0003242 0003241 0021027 0025664 0184661 1517586 1552738 2700391
 1511726 3245479 0449450 1704970 0205173 3539942 0004927
 0243122 1145667 1167622 0053574 1412792 0085862 1299583 0021966 0221138 0205463 1709305 0012634 0348080 1705253 0683454 0021966 0221138 0392148 0037494 1959973
 1979874 0086045 1446561 0036140 0037494 0206136 0037494 1959973 0243122 1145667 1167622 0205216 0392756 0442797 0021966 0221138 1705535 0349590 1262865 0444669 1167518 1706352 1882467 3274653
 0449911 0039224 1706073 1706074 0557702 1272706 1704674 0557702 1272706 1704674 1521761 2827422 0392760 1314939 0243122 1145667 1167622 0086045 1446561 0053574 1412792 1439852 0392148 0086045 0205447 0332282 0596235 0037494 1959973 0024337 0003765 0004015 0001128 0202406 0061472 0523665 0001128 0202406 0017890 0522461 0033382 0042285
 1265611 0332297 1145667 1167622 1689898 2349209 0003242 0312586 0432616 1979003 0003241 0021027 0034493 0025664 0184661 1517586 1552738 2700391
 1547282 0024337 1709915 1882936 0872079 0033684 1314939 1704675 0034821 1366529 0023823 0065059 0023820 0178587 0205251 0597357 1299352 1550472 0023816 1416902 0023764 0023820
 1439852 0053574 1412792 0332197 1689985 0392148 0003765 0086045 1446561 1457900 3171718
 0002520 0311403 0243122 1145667 1167622 0053574 1412792 0439792 0021966 0221138
 1706211 0002520 0449913 1273517 1553451 1704459 0243122 1145667 1167622 0205216 0392756 0442797 0439792 0547044 0021966 0221138
 1316572 1317574 1369612 0017890 0522461 0033382 0042285 1301751 1280500 2348382 0021966 0221138
 1274040 1546471 2825142 1705535 1704675 0444669 1167518 1706352 1882467 3274653 0851827 1701901 3244310
 0243122 1145667 1167622 1705175 1705176 1705177 1705178 1882348 0017446 0205147 1273518 0444669 1167518 1706352 1882467 3274653 0557651 2603343 0332255 0486805 0205088 1705314 1705315 1707271 0205088 1705314 1705315 0012456 0439855 1704241
 1704241 0015272 0243122 1145667 1167622 0349966 1337208 0026691 1705240 1839259
 0042295 2348205 0443225 1301820 1444754 1706316
 1979874 2610645 0243122 1145667 1167622 0349966 1337208
 0302523 0700325 3244290 1880389 1883221 3541951 1273518 0444669 1167518 1706352 1882467 3274653 0053574 1412792
 0449911 0333052 2607870 0557702 1272706 1704674 0557702 1272706 1704674 0349966 1337208
 0439084 0728893
 0243122 1145667 1167622 0012456 0333262
 0053574 1412792 1439852 0427716 1304757 0086045 1446561 0312860 1265611 0332297 1145667 1167622 1689898 2349209 0003242 0003241 0021027 0025664 0184661 1517586 1552738 2700391
 1511726 3245479 0449450 1704970 0205173 3539942 0004927
 0596608 0949632 0005507 0017243 0243073 0333051 0425245 0449580 1382104 1510438 2347509 1883351 0332255 0486805 0033684 0053574 0444669 1167518 1412792 1706352 1882467 3274653 0037633 0150312 0332285 0525069 1439852 0332255 0486805 0012456 0439855 1704241 0053574 1412792 0265246 1532188 0332128 0425245 0449580 3494467 0013862 0071500 0596607 0013855 0017243 0071499 1382104
 0349966 1337208 1547282
 0053574 1412792 0521111 0600210 1533574 1881827 1301751 1280500 2348382
 0053574 1412792 1517586 0012634 0348080 1705253 1518422 0392747 0004927 2707008 1511726 3245479 1518422 1547282
 1274040 1546471 2825142 0243122 1145667 1167622 0444669 1167518 1706352 1882467 3274653 0037633 0150312 0332285 0525069 0205369 1552740 1880389 1883221 3541951
 0449911 0333052 2607870 0557702 1272706 1704674 0557702 1272706 1704674 0349966 1337208

 0949466 0005863 0002778 0936012 1524024 1705493 0332255 0486805 0265246 1532188 0332197 1689985 0053574 0392148 1412792
 1265611 1439852 1442450 0332197 1689985 0392148 0444669 1167518 1706352 1882467 3274653 0449468 1690016 1705102 2700258 0265246 1532188
 0370003 2347026 3494467 0013862 0071500 0596607 0450376 0332283 0020985 1979003 0312586 0003242 0003241 0021027
 0336721 0079946 0439659 1550512 0449738
 1280500 2348382 0243122 1145667 1167622 0053574 1412792 1705175 1705176 1705177 1705178 1882348 1711411 1880389 1883221 3541951 0086597 1704675 0444669 1167518 1706352 1882467 3274653 0003250 0003241 0021027 0746619 1709915 1882936 0003964 0005889 0302908 0444611 1704353 2827734 2981698 0079240 1948037 1442450 0243122 1145667 1167622 0053574 1412792
 1265611 0002059 1318717 0031678 0075278 0301869 1149880 1979842 0025664 0184661 1517586 1552738 2700391
 0015127 1524003 0392756 0547047 0053574 1412792 0369718 0441922 1553036 0243148 1522609 1550141 1882979 2587213 3274648
 0541749 1709743 0003320 0003592 0003591 1301751 1280500 2348382
 1274040 1546471 2825142 0183683 1521721 1314939 0243122 1145667 1167622 0444669 1167518 1706352 1882467 3274653
 0679932 0947630 1705175 1705176 1705177 1705178 1882348 1517331 0013879 1273518 0444669 1167518 1706352 1882467 3274653 1704241 1709915 1882936 0003647 0085732 0392366 0243122 1145667 1167622 0053574 1412792
 0525026 1518422 0001721 0243122 1145667 1167622 0053574 1412792 0053574 1412792 1511726 3245479 1518422 1547282
 1517001 1999216
 0332255 0486805 1709915 1882936 0442799 0243122 1145667 1167622
 1979874 1709915 1882936 1280500 2348382
 1883727 1883357 1274040 1546471 2825142 1705535 0017446 0205147 0243122 1145667 1167622 0444669 1167518 1706352 1882467 3274653 0053574 1412792
 0449911 0039224 1706073 1706074 0557702 1272706 1704674 0557702 1272706 1704674 1516240 0332255 0486805 0012456 0439855 1704241 0243122 1145667 1167622 0003595 0523511 1412481 0012456 0333262 0025664 0184661 1517586 1552738 2700391
 0086045 1446561 0053574 1412792 1439852 0392148 0205447 0348078 0376315 0012456 0439855 1704241 0039224 0684224 0700287 1706073 1706074 3496591 0427716 1304757 0033684 0086045 0470296 1446561 1457900
 1265611 0332297 1145667 1167622 1689898 2349209 0002059 1318717 0031678 0075278 0301869 1149880 1979842 0025664 0184661 1517586 1552738 2700391
 1514811 1706462 0683954 1274040 1546471 2825142 0012456 0439855 1704241 0003483 0033684 0053574 0444669 1145667 1167518 1167622 1412792 1706352 1882467 3274653 0449432 1705248 1518422 0205171 1720467 0243122 1145667 1167622 1314939
 1513371 1705738 2347637 2348146 0332290 1547282 1145667 1167622 0011602 0038720 0205169 0475337 3536965 0008466 0008454 0038720 0475337 3536965 0181001
 0947630 0033618 0242210 0243122 1145667 1167622 1707271 0205088 1705314 1705315 1709305 1880389 1883221 2745955 3541951
 0302523 0700325 1964257 1514756 0183683 1521721 1547282 0243122 1145667 1167622 2986417 0004793 0162326 0162327 1519249 2827666 0205088 1705314 1705315 1880389 1883221 3541951 1880389 1883221 3541951 1707271 0332256 2700400 0018882 0229304 1017315 1704821 1705682 2827734 2981698 1708698 1883351 0750591 1514562 1273518 0003591 0015272 0871161 1882134 2347695
 0085201 0003592 0021966 0221138 0003591 0012456 0439855 1704241 1518422 0033684 0053574 0444669 1145667 1167518 1167622 1412792 1706352 1882467 3274653
 1550452 1704788 3539107 1707271 0205088 0348078 0376315 0557651 1705314 1705315 2603343
 0683954 1274040 1546471 2825142 0441635 0667569 0013879 1511545 1705535 1706211 1709915 1882936 1314939 1704675 0444669 1167518 1706352 1882467 3274653
 0459471 3173575 1521721 1547282 0004015 0001128 0202406 0003765 0243077
 1511726 3245479 0005456 0682969 0033618 0242210 0205145 0243122 1145667 1167622 1515974 2825164 0002520 0001128 0205447 0270814 1706211 2982691 0230171 1880389 1883221 3541951
 0221198 0333482 0053574 1412792 0332148 0750492 0449432 0035280 0333117 1753315 1880177

 1510996 0021135 1533691 2827718 0033684 0392752 0027869 0205144 1706311 1979768 0872079 0033684 0750492 1704675
 0521116 1265611 0015350 0521119 1704640 1706515 0023820 0032105 0332256 1441547 1550098 2700400 3245521 1265611 0024432 1320928 1546706 1549439 1550652 2347958
 0205393 1533716 0681850 1550501 1706203 2349001 2697811 1518422 0024554 0025266 0086418 0185125 1632850 1879355 0947630 1301820 0025914 0025929 0026809
 3161035 0024432 1441547 1546706 1550652 3245521 1880177 1705535
 0035820 1705810 0947630 0221198 0025914 0025929 0026809 1442161 1511760 1880274 0017337
 0332162 0596130 0750489 1280500 2348382 0332291 0023820 0032105 0085862 0392747 0443172 1299583 1550098 2987476
 1550608 0947630 1547282 0024432 1546706 1550652 0332268 1947931 1184743 1522240 1880177 0024432 1327616 1546706 1550652 1280500 2348382 0023820
 0015264 0441472 3266814
 0035280 0333117 1753315 0521116 1261552 1279919 1563937 1704379 1705117 2825408 0449911
 1521761 2827422 0309872 0035280 0333117 1753315 3245505
 0868928 1706255 1706256 0947630
 0450348 1705535 0035820 1705810 0439849 0445223 0439092 0547044 0449719 1709471 0085732 0023823 0023816 1416902 0023764 0023820 0035280 0178587 0205251 0333117 0521102 0851827 1299352 1550472 1701901 1753315 3244310 1704640 1706515
 0057488 1869122 0011602 0033692 0038720 0475337 3536965 0057252 1413930 0683454 0053574 1412792 0238767 1706086 0086045 0442805 1446561 0221198 1272688 1280477
 0872079 1704675 0085732 1145667 1167622 1521761 2827422
 1521761 2827422 0332257 1552866 2700399 0021966 0221138 0016055 0040691 1527194 0018284 0018270 0220844 1510411 1521761 1621966 2827422 2911660 0683954 1548161 0439611 0680240 0947630 1515981 0003592 0003591 0740116 1883712 2827735 2981700 1705535 0015350 0005847 0332297 0521119 1145667 1167622 1558950 1689898 1704640 1706515 1801960 2349209 0309049 2248593 1159709 0005528 0008377 1317949 1555029 3495449 0018790 0237477 0392351 0521111 0032176 0677599 0920267 0005821 0332621 0439168 0443264 1518062 0024264 0031843 0542341 0700205 1705273 0018270 0220844 1621966 2911660 0031437 0185117
 0021135 1533691 2827718 0017446 0205147 0205242 0333853 0457406 1706053 1709915 1882936 0014442 0014445 0015576 1704727 0450382 1522634 2936350 0333463 0333482 1882932 1551338 0332255 0486805 1708096
 0679133 1316572 1317574 1369612 0507850 0003842 0226004 0677535 0205171 1720467 0150312 0333348 0017446 0205147 0221198 0025543 0150312 0449450 1883351 0443211 1272684 0332255 0486805 0150312 0449450 1517586 0264956 0032214 0600138
 2986676 0031831 1707664 2348314 3540849
 0026376 0005532 1521991 0008044 0041740 0018896 0037812 0947630 1552861 2713504 2984732
 2986676 0031831 1707664 2348314 3540849

 0018896 0449851
 2825232 0043227 0027468 0018173 0018684 0021622 1521721 3245503 0439493 1513009 2346751 0369637 0441923 0439493 1513009 2346751 0369637 0441923
 0010186 0220812 0449719 1709471 0220808 0680264 0007961
 1706852 0522501 1706089 0949214

 0282413 0376649 1442065 0013227 0025118 0008044 0041740
 0108844 0008044 0254343 0796520 3272379

 0085205 1549619 1880669
 0013849 1705961 0024492 1538057 1547565 0059804
 0034037 1704324 0030351
 2346751 0302523 0700325 3244290

 2346751 0302523 0700325 3244290
 0000723 0000723 1273517 0003591 0003591
 0023821 0023820 0178587 0205250 1299351 2700149 0023821 0023820 0178587 0205250 1299351 2700149
 0332255 1708096
 0332255 1708096
 0023823 0023820 0178587 0205251 1299352 1550472 0023823 0023820 0178587 0205251 1299352 1550472
 1266240 0033692
 0017973 3536869 0017973 3536869
 0053574 1412792 0053574 1412792
 0011602 0038720 0475337 3536965 0011602 0038720 0475337 3536965
 0012456 0012456
 0017973 3536869 0333668
 0036774 0036773 0728877 0001924 0007452 0229671 1140701 1546774 1550100 0036774 0036773 0728877 0001924 0007452 0229671 1140701 1546774 1550100
 0120447 0018320 0120446 1512523 0120447 0018320 0120446 1512523
 0013862 0071500 0596607 0013855 0017243 0071499 1382104 0013862 0071500 0596607 0013855 0017243 0071499 1382104
 0265246 1532188 0041175 0006353 0036082 0077281 0814229
 0031493 0016327
 1514811 1706462 0557061 2584313 1514811 1706462 2827734 2981698
 0205090 0684010 2603358




 0025141 0740116 2827735 2981700
 2603362
 0597277 1708601 0678579 0369637 0441923
 1832110
 0597277 1708601 0205090 0684010 2603358

 0439394 1706495 3642217
 1418943

 0268596 2700624
 3642273
 0041703
 0000857 0600678 1552863 0439086 2827736 2981702


 2347469
 1708595 3280986 2603362
 0033727 0369286 0441932 0564385


 2347379

 0025141
 2603360

 2603362
 1708595 3280986 0597277 1708601
 0033727 0369286 0441932 0564385 0205090 0684010 2603358



 0201682
 0439084 0728893
 0597277 1708601
 0033727 0369286 0441932 0564385 2603362
 0205090 0684010 2603358
 0205090 0684010 2603358

 0439394 1706495 3642217 0326937
 2603360


 0201682

 0205090 0684010 2603358


 2347379
 0439509 2827734 2981698
 0450955


 0201682

 0439394 1706495 3642217
 0369773 2603361
 0205090 0684010 2603358 0597277 1708601
 0033727 0369286 0441932 0564385 1431628 1553033
 1553033 0016327 0439133 1553038
 2603360


 0201682

 2603360 1553033 1537575 0439394 1706495 3642217 0205090 0684010 2603358 0369637 0441923


 0025141
 2603362
 2347469 3495095 2603362
 0369718 0441922 1553036
 0021966 0221138
 0005477

 0016327 0439133 1553038 1419788 3274822 3274823 2347469


 0201682

 0369773 2603361 1553033


 1553033


 2347379

 0025141
 0205090 0684010 2603358
 0205090 0684010 2603358 0369637 0441923
 0369773 2603361
 1418943

 0268596 2700624
 3642273
 0041703
 0000857 0600678 1552863
 0439114 0597277 1708601
 2603362
 2603360
 0439114 0369637 0441923




 0000857 0600678 1552863
 0439114 0597277 1708601
 0597277 1708601

 0597277 1708601 2603360
 0369718 0441922 1553036
 0005775 1516559
 2603360



 0025141
 0016327 0439133 1553038 2603362



 0439073 0439082 0025141
 2603362
 0033727 0369286 0441932 0564385 0205090 0684010 2603358

 0369718 0441922 1553036
 0036397 0025141

 0554249
 2603360 0597277 1708601
 0439267 0252873
 1511325
 0439394 1706495 3642217
 0007634 0450389 1269647 1704653 1948049 0025141

 0439394 1706495 3642217
 0597277 1708601

 2347379
 0439509
 0597277 1708601 0205090 0684010 2603358 2603362
 0033727 0369286 0441932 0564385 2247561






 1553033 0016327 0439133 1553038 0369773 2603361
 0439267 0018767 0369718 0441922 1553036




 0450348

 0439394 1706495 3642217


 0201682

 0033727 0369286 0441932 0564385 0033727 0369286 0441932 0564385 0597277 1708601

 1315013
 0201682
 1315013

 0025141
 0003086
 2603360


 2827734 2981698 0025141
 0597277 1708601 0597277 1708601
 0439394 1706495 3642217



 0025141
 0033727 0369286 0441932 0564385
 2603360 0369637 0441923
 0439267 2603360
 0369718 0441922 1553036 0439394 1706495 3642217



 0201682

 1553033 0449205 1538613
 2603360
 0369637 0441923


 0201682

 0439267 0771627 1024812 2603360 0439114 0016327 0439133 1553038 0439267
 0004153 0025141
 0205090 0684010 2603358 0439267
 0369773 2603361 0439267
 0025141 0450355
 0439267
 0369773 2603361 0021966 0221138 0439267


 0025141
 0205090 0684010 2603358

 0003461 2939124

 0450387 0025141

 0369718 0441922 1553036
 0439267


 0025141

 2603360 1431628
 2945617
 2603360
 0003461 2939124

 0450355
 0369773 2603361 0003086

 0287990 1552930
 0597277 1708601
 0597277 1708601



 0201682

 0597277 1708601
 0033727 0369286 0441932 0564385 2603362
 1708595 3280986 0205090 0684010 2603358



 0201682

 0439394 1706495 3642217
 1553033 0369637 0441923
 0205090 0684010 2603358 2603360 0205090 0684010 2603358
 0597277 1708601
 0033727 0369286 0441932 0564385



 0201682

 1553033 2347469 0597277 1708601
 0033727 0369286 0441932 0564385


 0025141
 2603360
 0205090 0684010 2603358
 0205090 0684010 2603358



 0201682
 0025141 0439509
 2603360
 0597277 1708601
 0033727 0369286 0441932 0564385 0597277 1708601
 2603362
 1708595 3280986 0205090 0684010 2603358



 0201682

 0205090 0684010 2603358
 2603360
 0439394 1706495 3642217 0205090 0684010 2603358



 0201682

 0439114 1553033 0439394 1706495 3642217
 0369637 0441923


 0201682

 0205090 0684010 2603358
 2603360
 0205090 0684010 2603358
 0597277 1708601
 0033727 0369286 0441932 0564385 0678579
 0033727 0369286 0441932 0564385


 0201682
 0025141
 0597277 1708601
 0033727 0369286 0441932 0564385 2603360
 0439394 1706495 3642217 0205090 0684010 2603358



 0201682
 0000857 0600678 1552863
 2347469

 0597277 1708601
 0033727 0369286 0441932 0564385 0205090 0684010 2603358

 0439394 1706495 3642217





 2347469 0016327 0439133 1553038 2347469 2603362


 2347379

 0025141

 0369773 2603361 1553033
 0439394 1706495 3642217
 0005477 0025141

 0597277 1708601
 0033727 0369286 0441932 0564385


 1417055

 0025141
 0597277 1708601
 0021966 0221138



 0025141
 1551756 0205090 0684010 2603358

 0331895 0597277 1708601

 1315013

 0025141
 0597277 1708601
 0004153 0450388 0025141
 0016327 0439133 1553038 0369637 0441923
 0443030 2603362
 0025141

 0439394 1706495 3642217 0439394 1706495 3642217
 1315013

 0025141
 1077662 0439394 1706495 3642217 0021966 0221138

 2603362
 0021966 0221138
 2603362


 0201682
 0450382

 0205090 0684010 2603358 0439394 1706495 3642217
 0369773 2603361 2603362
 1708595 3280986 0597277 1708601
 0033727 0369286 0441932 0564385


 0201682
 0009993 0037455 0596070 1552856 0005477 0026376 0005532 1521991