 0030190 1418252 0032145 1419349 0032144 1418824 0032140 1367553 1999216 0678951 0032529



 0205099 0011318 0020028 0019994 0041740 1510665 0035172 0021622 1272753 0027778 0022877 3244292 1266240 0027778 0030561 0331677 1824032 0681850 1550501 1706203 2349001 2697811 0557061 2584313 1514811 1706462 1706907
 0162735 2924612 0596611 0026882 1552961 1705285 2347617 0205419 0035648 1553898 0035647 1521761 1705535 2827422 0243107 0678723 1527148 0085672 1553035 0009566 1171258
 0025663 0025664 0449851
 0557651 2603343 1550335 0030705 0025266 0439234 0439234 0030705 0025266 1510829 0439234 0439234
 1274040 1546471 2825142
 0150904 0030705 0030190 1418252 0032145 1419349 0032144 1418824 0032105 0032140 0441889 1367553 1550098 1999216 2986759 0444504 2347634 2348143 0449829 0439275 0439526 0025266 1707455 0439275 0439526 0369773 2603361
 0030705 1883351 0030190 1418252 0032145 1419349 0032144 1418824 0032105 0032140 0441889 1367553 1550098 1999216 0369773 2603361 1705241 1705242 0030705 0205397 0022658 1515981
 0017270 0439603 1519042 0740116 2827735 2981700 0022658 0030705
 0037775
 0010054 0010068 0018799 0012634 0018787 1281570 0033105 0220900 0030705 0206243 0002085 1707455 0030705 0439086 2827736 2981702 0017431 0369773 2603361
 0004083 0030190 1418252 0032145 1419349 0032144 1418824 0032140 1367553 1999216 0032529 1441672 0369718 0441922 1553036
 1707478
 0032529 1882417 0003595 0521110 1749797 0243107 0678723 1527148 0007457 0030705 0043157 0205397 0011854 1320657 0441729 0011847 0011849 0332307 1547052 0011881 1442864 0022658 0241863 0012634 0348080 1705253 0030190 1418252 0032145 0032144 1418824 1419349 0032105 0032140 0205250 1367553 1550098 1880022 1999216 3163633 0025266
 0030190 1418252 0032145 1419349 0032144 1418824 0032140 1367553 1999216 0678951 0032529 1882417 1412481 1445865 0314657 0012655 0017296 0220898 0314603 1264642 1547045 1880177 0011881 1442864 0022658 0241863 0035309 1962966
 1708608 0032529 1882417 0003595
 0010054 0010068 0018799 0012634 0018787 1281570
 0342257 0009566 1171258
 0011881 1442864 0022658 0241863
 0032529 1882417 0030190 1418252 0032145
 0681850 1550501 1706203 2349001 2697811 0557061 2584313 1514811 1706462 0199236 0947630 0011881 1442864 0022658 0241863 1705535 0449432 1705248
 0026565 0026566 0026538 0220880 1441672 0030705 0205171 0241863 1518422 1720467 0022658 0012634 0022646 0227665 1278978 1514845 0030551 0241863 1518422 0439084 0728893 0035173 1184743 1522240 0004153 0332152 1522538 0017667 0178664 1417247 1512571 0681814 0947630 1517586 1521721
 0686907 1332838 0017337 0004083 0439849 0596306 0699792 0947630 1292732 0850624 0035648 1553898 1521761 2827422 0017337 0683454 1547699 2700640 0449432 0017337 0017337 0598783 1517898 0023779 0025519 0025520
 0030190 1418252 0032145 1419349 0032144 1418824 0032140 1367553 1999216 0030190 1418252 0032145 1419349 0032144 1418824 0032140 1367553 1999216 0032214 0600138 0035820 1705810 0043240 0040300 0374711 1314939 1547928
 0185117 0030190 1418252 0332281 1704640 1706515 0268731 0012634 0010054 0010068 0018799 0012634 0018787 1281570 1515981
 0032529 1882417 1367553 0017337 0030190 1418252 0032145 1552738 0030190 1418252 0032145 0032144 1418824 1419349 0456947 0032105 0032140 0163712 0441889 1367553 1550098 1999216 1518422 0947630
 2347954 1317750 0684224 0700287 0185117 0085672 1553035 0009566 1171258 0442809
 0035648 0035647 1521761 2827422 1979963 2003903 0449719 1709471 0042333 0017296 0205419 0314603 0003591
 0002085 0740116 2827735 2981700 0439086 2827736 2981702 0439660 2700640 3539520 1537525 1510827 0023823 0023820 0178587 0205251 1299352 1550472 0034821 1149327 0597357
 0002085 0700364 1883351 0005516 0010054 0010068 0018799 0332281 0243083 0012634 0018787 1281570 0241863 1518422 0450348 0032659 1257890
 1947946 2948600 3540471 3540472 1883351 1292732 0439849 1705630 1706279 3540605 1367553 0017337 0030190 1418252 0032145 0032529 1882417 0011881 1442864 0022658 0241863 0018563 1281583 1552914 0441833 0687744 1257890 1552516 1705428 1705429 0030705
 1883712 0332128 0004083 0439849 0596306 0699792 0010054 0010068 0018799 0012634 0018787 1281570 0011854 2984334 1320657 0011849 0441729 0011847 0332307 1547052
 0681850 1550501 1706203 2349001 2697811 0681850 1550501 1706203 2349001 2697811 0557061 2584313 1514811 1706462 1550335 0030705 0017654 1561549 0232809 0016107 0022663 0268731 0871208 1521828 0439234 0439508 0444706 0445247 3541902 0002424 0029921 0442592 1548439 1549405 0205099 0007328 0557651 2603343
 0011881 1442864 0022658 0241863 0011900 0243161 1527178 1705938 0001925 0439423 0439421 0033727 0369286 0441932 0564385 0205448 0200354 0600644 1516698 1704814 0392148 0205210 0332120 0011881 0022658 0012634
 0439175 0439810 0011854 1320657 0441729 0011847 0011849 0332307 1547052 0009253 0036864 0079399 0150103 1314687 1522384 1708943 0001779 0449238 2926735 0243148 1550141 1882979 2587213 3274648
 0043210 0205452 1514756 0279494 0039798 0087111 1363945
 0030705 0456148 0549184 0003367 0013227 0023779 0441994 2003888 0030705 2608320 0445550 1708745 0004057 0178602 0205251 0869039 1114758 1299352 1550472 0439269 1960952 2346927 0278329 0441833 0687744 1257890 1552516 1705428 1705429 0022658 1515981
 0557651 2603343 0085546 0015000 0205276 0205540 1527243 2699414 0030705 1947971 0021430 1511481 1522154 1554192
 1261322 0332170 0884358 0332282 0720371 1516084 0008810 0205419
 0229667 1550615 2338243 0005767 0005768 0042449 0229664 0348013 0333138 0547040 1524031 2945599 0013113 1275965 1276271 0042449 1278960 1549091 0175730 1547937 1704474
 0007703 0700308 0033727 0369286 0441932 0564385 0884358 0032105 1550098 1698986
 0024264 0229664 0012854 1521827 1524063 0025664 0449851
 0032520 0337112 0443286 1114821 1335439 1524075 1273517 1883351 0442726 0002085 0002085
 0012854 0017431 0205145 0282111 1515974 1552738 2825164 3281223 1555015 3281223
 1285573 0030705 0884358 0022658 0003595 0003591 0030705
 0681850 1550501 1706203 2349001 2697811 0030190 1418252 0032145 0032144 1418824 0441861 1419349 0008902 0017431 0032140 0205447 0205449 0441833 0687744 1257890 1367553 1552516 1552839 1705428 1705429 1999216 0205447 0740116 2827735 2981700 1519042 0740116 2827735 2981700 0740116 2827735 2981700 0439086 2827736 2981702 0442757 0439086 2827736 2981702
 0030705 0369718 0441922 1553036 1554077 2828389 0002778 1707455 0007294
 0369850 0369852 0369854 0003320 0030190 1418252 0370003 2347026 0035953 0600140 1704688 2346414 1524063 0331880 0004950
 0005507 0243073 1510438 0369718 0441922 1553036 1524063 0440742 0032105 0205307 0439166 1550098 2347086 0681921 0205419 1707429
 0030705 0021822 0935630 1524063 0034394 0043237
 0013798 0023175 1442948 1522538 1547122 1623258 1705651 2348269 3275067 0034869 0009219 0805701 0205448 0870992 0336809 1552514 0449440 0449437 0030705 0150108 0205210 0449438 1524063 0681889 0175659 0349674 0871208 1947916 3536777
 0010054 0010068 0018799 0012634 0018787 1281570 0011900 0013798 1547122 1623258 1705651 1547282 0220912 0220913 0311392 0681889 0026183 0175659 0349674 0871208 1947916 3536777 0010054 0151744 0474715 0022116 0681889 0026183 0175659 0349674 0871208 1947916 3536777 0439084 0728893 0030705 0684224 0700287 3496591 0455530 0019664 0019665 0262512 0262926 1705255 2004062 1704788 3539106 0035853 0995005 0450355 0027051 0428953 2926063 0021308 0027061 1522564 0243161 0043237
 1272641 0232108 0005823 0229665 1271104 1550611 2335890 0003842 0005767 0005768 0033095 0221464 0229664 0460139 1306345 0038846 0444706 0733755 3541902 0035253 1622890 0456692 1524063 0183427 0489480 0456389
 0428883 1305849 0005823 1271104 1272641 0005767 0005768 0012000 0033095 0229664 0460139 1306345 0277892 0037709 0034869 0205390
 0035309 1962966 0200189 0016823 0017129 0031749 0227254 0227817 0740422 1516048 0026961 0012356 0012359 0441800 0919553 3244287 0442734 2338991 0154830 0339467 0011884 0035309 0241863 0334094 1962966
 0337664 0027361 1704788 3539106 0037369 0453996 1881674 0205172 0205447 0677453 0678446 1704760 1709545 2828033 0332173 0439228 0439505 1955473 0337672
 0232827 0486291 0001924 0042027 0086045 1446561 1524119 0086231 0014442 0020980 0021060 0444706 3541902 0200354 0600644 1516698 1704814
 0019018 0202054 0019046 0008562 0444706 3541902 0041703 0086715 0205307 0439166 1514721 2347086 2348147 3542016
 0683149 0086045 1446561 1516048 1524063 0025663 0449851 0871511
 0587184 0201950 0543421 1441420 0008377 0229671 0439175 0439810 1546774 1550100 0086045 0444255 0178913 0229667 1550615 2338243 0005767 0005768 0042449 0229664 0348013 0370003 2347026 0085201 0003592 2347469
 0023822 0023821 1522133 0065055 0008377 0023820 0178587 0205250 1299351 2700149 0003593 0023820 0032931 0032932 0332256 1642401 2584299 2700400 0031730 0001128 0202406
 0023824 0202117 0008377 0444686 1441506 1443182 1524063 0489829 1705501
 0439828 1442162 1550718 3244317
 0585937 1318386 2827741 0001924 0042027 0221102 0504085 0871208 1521828 1524119 2699704 0201976 0600061 0010294 0229671 1546774 1550100 1561535 0041004 0086045 0030190 1418252 1708728 2986775 0871424 0002778 0038215 0936012 1510411 1524024 0520511 1704711 0549183 1442162 1550718 3244317 1514721 2348147 3542016 2986759 1704970
 1707455 0884358 1524063 1710574 0022885 0038492 0039593 0392366 1551041 1552573 0002780 0002778 0936012 1524024
 0439603 0439165 1442162 1549488 1550718 1561533 3244317 0009667 0237529 1272706 1552654 1552713 1704725 1704726
 0008041 1552646 0022885 0039593 0205120 0392366 1552595 1720589 1273517 1883351 1707455 0017431 0037775 0243148 1550141 1882979 2587213 3274648 1273517 1707455 0441833 0687744 1257890 1552516 1552839 1705428 1705429 0439828
 0017270 0439603 0017337 0025663 0449851 0750572 0871511 0750480 1705566 0014653 1547026 0008041 1552646 0022885 0039593 0205120 0392366 1283174 1552595 1720589
 1709380 1522609 0039259 0205448 0750591 0237881
 1441506 1881534 1524063 0376691 3484370 0041703
 1274040 1546471 2825142 0681850 1550501 1706203 2349001 2697811 0557061 2584313 1514811 1706462 0441833 0687744 1257890 1552516 1705428 1705429 0022658 0441833 0687744 1257890 1552516 1705428 1705429 0150103 0205170 1708943 3146287 0001779 0449238 2926735
 1516606 2707520 1511726 3245479 0039224 1706073 1706074 1547282
 0449911 0039224 1706073 1706074 0557702 1272706 1704674 0557702 1272706 1704674 0039224 1706073 1706074
 0683325 0815172 3645613 1521970 0011881 1442864 0022658 0241863 0022658 0039155 0428883 1305849 0005823 1271104 1272641 0005767 0005768 0012000 0033095 0229664 0460139 1306345 0700225 0201976 0600061 0010294 0229671 1546774 1550100 1561535 0595929 3276464 0587184 0008377 0229671 1546774 1550100 0041004 0030705 1707455 0369773 2603361
 0030705 1512456 0033105 0220900 0450388 0441833 0687744 1257890 1552516 1705428 1705429 1707455 0369773 2603361
 0150904 0030705 0030190 1418252 0032145 1419349 0032144 1418824 0032105 0032140 0441889 1367553 1550098 1999216 0439275 0439526 0025266 1707455 0439275 0439526 0369773 2603361
 0030190 1418252 0032145 1419349 0032144 1418824 0032140 0441889 1367553 1999216 0025266 0205250 3163633 0449238 2926735 0033687 1962972 0439234 0549183 0876920 1515981 1522609 2347635 2348144 2939193 0439275 0439526 0369718 0441922 1553036
 0441833 0687744 1257890 1552516 1705428 1705429 1705241 1705242 0205397 1511726 3245479 0201976 0600061 0010294 0229671 0549183 0680240 0876920 1546774 1550100 1561535 2347635 2348144 2939193 0030190 1418252 0032145 1419349 0032144 1418824 0032140 0441889 1367553 1999216 0009253 0036864 0079399 1314687 1522384 0030705 1518422 1514756 0003364 0013227 3244316 0004057 0369718 0441922 1553036
 0043210 1705241 1705242 0030705 1441672 0022658 1515981 0439275 0439526
 1705241 1705242 0017431 0030190 1418252 0032145 0441833 0687744 1257890 1552516 1705428 1705429 0030705 0022658 0369773 2603361 0030705 0017431 1883351 0086045 1446561 0032105 1550098 0439275 0439526 0030705 0206243 0002085 0450385 0439275 0439526 0369773 2603361
 0439849 1705630 1706279 3540605 0030190 1418252 0032145 1419349 0032144 1418824 0032105 0032140 0441889 1367553 1550098 1999216 0441833 0442726 0687744 1257890 1511790 1552516 1705428 1705429
 1705241 1705242 0030190 1418252 0032145 0032144 1418824 1419349 0456947 0032140 0441889 0807955 1367553 1999216 0542495 0041004 0229671 1546774 1550100 0441833 0687744 1257890 1552516 1552839 1705428 1705429 0369718 0441922 1553036
 0587184 0008377 0229671 1546774 1550100 0023824 0202117 0008377 0003593 0441889 0205250 1299351 2700149 0002085 0023822 0023821 1522133 0065055 0008377 0023820 0178587 0205250 1299351 2700149 0041004 1518422 0052198 0003595 0002085 0003591 0007294 0002085 0002085 0039224 1706073 1706074
 0449911 0039224 1706073 1706074 0557702 1272706 1704674 0557702 1272706 1704674 0039224 1706073 1706074
 0023779 0003591 0023820 0030705 0011881 1442864 0022658 0039224 0241863 1515981 1706073 1706074 1547282 1705241 1705242 0441729 1550335 0030705 0241863 0332307 1441672 1547052 0011881 1442864 0022658 0241863
 1705241 1705242 0017270 0376249 0439603 0871396 1561548 1705502 0449439 0449438 0030705 1441672 0022658 1515981 0039224 1706073 1706074
 0037775 0017431 0003595 2348205 0043210 0369718 0441922 1553036
 0449911 0039224 1706073 1706074 0557702 1272706 1704674 0557702 1272706 1704674 0039224 1706073 1706074
 0520511 1704711 0740116 2827735 2981700 0439086 2827736 2981702 0030190 1418252 0032145 1419349 0032144 1418824 0032140 1367553 1999216 0017431 0002085 0022658 0205322 0282416 1515981 1561607 0520511 1704711 1518422 0014653 1547026 0369718 0441922 1553036 0441833 0687744 1257890 1552516 1705428 1705429 2360800 1830427 0237753 0449788 0017431 0547044 0700321 0369718 0441922 1553036 1517001 0369718 0441922 1553036 0369773 2603361
 0520511 1704711 0868928 1533148 0243148 1550141 1882979 2587213 3274648 1518422 0014653 1547026 0369718 0441922 1553036
 0033105 0220900 0030705 0205250 3163633 0022658 0030705 0369773 2603361
 0030705 0022658 0683278 0580836 0439234 0369773 2603361 0439591 0449238 2926735 0439234 0369773 2603361
 1883712 0488055 0871470 1306620 0005823 1271104 1272641 0005767 0005768 0033095 0039155 0229664 0460139 1306345 0201976 0600061 0010294 0229671 1546774 1550100 1561535 0205250 3163633 0439475 0369773 2603361 0347982 0027960 0324740 0439189 1456781 1824986
 0680220 0030705 0010054 0010068 0018799 0012634 0018787 1281570 1514756 0003364 0013227 3244316 1707455 0030705 0010054 0010068 0018799 0012634 0018787 1281570 0369773 2603361
 0441833 0687744 1257890 1552516 1705428 1705429 0587184 0008377 0229671 1546774 1550100 0369773 2603361 0041004 0369773 2603361 0030705 0442818 0010054 0010068 0018799 0012634 0018787 1281570 0442748 2827734 2981698 0439084 0728893 2827734 2981698 1532563 0010054 0010068 0018799 0012634 0018787 1281570
 0036878 0520511 1704711 2348205 0585937 1318386 2827741 0001924 0042027 0221102 0504085 0871208 1521828 1524119 2699704 0428883 1305849 0005823 1271104 1272641 0005767 0005768 0012000 0033095 0229664 0460139 1306345 0023822 0036806 0587184 0023821 1522133 0065055 0008377 0023820 0178587 0205250 1299351 2700149 1518422 0030705 0010054 0010068 0018799 0012634 0018787 1281570 1515981
 0439849 1705630 1706279 3540605 0332197 1689985 1709643 0030705 0205397 0441833 0687744 1257890 1552516 1705428 1705429 0022658 1511726 3245479 1518422 1547282
 0520511 1704711 2348205 0010054 0010068 0018799 0012634 0018787 1281570 1704629 1704752 0030705 0017431 0369718 0441922 1553036
 1979874 0004083 0439849 0596306 0699792 0003595 0003591 0032529 1882417 2987476 0010054 0010068 0018799 0012634 0018787 1281570 1552646 0205120 1552595 1720589 0369773 2603361 0017270 0376249 0439603 0871396 1561548 1705502 0205250 1299351 2700149 0011881 1442864 0022658 0241863 0010054 0010068 0018799 0012634 0018787 1281570 0030705 0010054 0010068 0018799 0012634 0018787 1281570 0369773 2603361
 0030705 0206243 0002085 0010054 0010068 0018799 0012634 0018787 1281570 0205171 1720467 0030705 0017431 1547282 0220912 0220913 0311392 0369773 2603361
 1705241 1705242 0030190 1418252 0032145 1419349 0032144 1418824 0032140 1367553 1999216 0037775 0030705 0205397 0339467 0035309 0334094 1962966 2338991 0011884 1857417 0035309 0241863 1962966 0022658 0441833 0687744 1257890 1552516 1705428 1705429 1511726 3245479 1518422 1547282
 0681850 1550501 1706203 2349001 2697811 0557061 2584313 1514811 1706462 0007328 0557651 2603343 0443289 0004083 0032529 1882417 0003595 0011881 1442864 0022658 0241863 0011884 0035309 1962966
 0002085 0205397 0030705 0205172 0332183 0010054 0010068 0018799 0012634 0018787 1281570 0011881 1442864 0022658 0241863 0012634 0348080 1705253 0030190 1418252 0032145 0032144 1418824 1419349 0032105 0032140 0205250 1367553 1550098 1880022 1999216 3163633 0025266
 0030190 1418252 0032145 1419349 0032144 1418824 0032140 1367553 1999216 1170748
 0030190 1418252 0032145 1419349 0032144 1418824 0032140 0441889 1367553 1999216 0441730 0205217 0241863 0332307 0442805 1301808 1442792 1547052 3148680
 0030190 1418252 0032145 0032144 0032140 1367553 1999216 1518422 0241863 1518422 0243148 1550141 1882979 2587213 3274648 0947630 0332257 0205388 0030705 0035309 1515981 1962966 0150312 1550401 0042295 0585937 1318386 0740469 2827741 0001924 0042027 0221102 0504085 0871208 1521828 1524119 2699704
 0150312 0449450 0557651 2603343 0011884 0035309 0241863 1962966 0521093 0750484 1456348 0231448 0439792 0037088 0243095 2825141 0025267 0025266 0750729 0011881 1442864 0022658 0241863
 0030190 1418252 0032145 1419349 0032144 1418824 0032140 0441889 1367553 1999216 0027051 0332281 0428953 2926063 0021308 0027061 1522564 0241863 1518422 0441730 0241863 0332307 1547052 0681850 1550501 1706203 2349001 2697811
 0237753 0449788 0010054 0010068 0018799 0012634 0018787 1281570 0011900 1524063 0034394 1706422 0013798 0018896 1552861 1883351 0332268 0009566 2362589 0683150 0086045 1446561 0030190 1418252 0150312 0205397 0449450 0557651 2603343
 0221103 0301625 0439181 0728721 0021467 0021469 1628982 3463820 0008972 0205210 0947630 0030705 0205393 0010054 0010068 0018799 0012634 0018787 1281570 0003015 0332293 0243077 1522326 1280500 2348382 0004083 0439849 0596306 0699792 0010054 0010068 0018799 0012634 0018787 1281570
 1518422 0681876 2348561 0032659 0241863 0557651 0947630 1257890 1518422 2603343 0150312 0004083 0439849 0596306 0699792 0033413 0017446 0086860 0205147 1367553 0017337 0030190 1418252 0032145 1319364 1150269 0205177 0439167 0441655 1561536 0030190 1418252
 0947630 1551488 1524069 0439849 1705630 1706279 3540605 1319364 1150269 0205177 0439167 0441655 1561536 0030190 1418252 0150312
 0150312 0449450 0557651 2603343 0030705 0011881 1442864 0022658 0241863 0004083 0439849 0596306 0699792 0030190 1418252 0032145 0032144 1418824 0683150 1419349 0032105 0032140 0086045 1367553 1550098 1999216 0017431 0042295 0030705 0150312 0017431
 0441833 0687744 1257890 1552516 1705428 1705429 0086045 1705241 1705242 0442726 1511790
 1514153 1704675 0202042 0455280 0017725 0032105 1550098 1705535
 1513158 0243148 0311400 1524026 1550141 1882979 2587213 2707259 3274648 0022658 0150312 0449450 0557651 2603343 0018896 1552861 1883351 1705241 1705242
 0332268 0030190 1418252 0032145 1419349 0032144 1418824 0032140 1367553 1999216 0032529 1882417 0011881 1442864 0022658 0241863 1511726 3245479 0010362 0552389 0205155 0557651 2603343 2828360 1551488 1524069
 0599755 0549177 0032863 0442726 0012727 0205419 1705236 0369773 2603361
 1513916 0037088 0243095 2825141 1518422 0814897 0032863 0038215 0205412 0231180
 0030190 1418252 0032145 1419349 0032144 1418824 0032105 0032140 0441889 1367553 1550098 1999216 1518422 0030705 0205250 3163633 0035309 1962966 0150312 0449450 0557651 2603343
 0035309 1962966 0557651 2603343 1551488 1524069 0004083 0439849 0596306 0699792 0035309 1962966 0007457 0030705 0043157 0150312 0557651 2603343 1425988
 1290905 0031437 1705242 0011854 0441729 1320657 0332307 1547052 0439793 2983285 1705241 1705242 0205160 1513916 2825415 2825491
 1261322 1552578 0947630 1707689 2983265 1883351 1292732 0017398 0017399 1514873
 0012634 0033105 0220900 0205250 1299351 2700149 0027051 0428953 2926063 0021308 0027061 1522564 0681850 1550501 1706203 2349001 2697811
 0439849 1705630 1706279 3540605 1518422 0332282 0443228 0521093 0549177 0557651 0750484 1704243 2603343 0868928 1533148 0032659 1257890
 1511978 0004083 0439849 0596306 0699792 0032529 1882417 0441729 1550335 0030705 0241863 0332307 0442726 1511790 1547052 0011881 1442864 0150312 0449450 0557651 2603343 2360800 1830427 0237753 0449788 0557651 2603343 0700321 0369718 0441922 1553036
 0557651 2603343 0237753 0449788 0030705 0019664 0019665 0262512 0262926 1705255 2004062 0010054 0010068 0018799 0012634 0018787 1281570 0376249 0439603 0871396 1561548 1705502 0150312 0868928 1533148 0243148 1550141 1882979 2587213 3274648 0369773 2603361
 0441712 0178664 1417247 1705535 0003850 0012634 0348080 1705253 0332281 0242339
 0428460 0023779 0441889 0449719 1709471 0042333 0017296 0205419 0314603 0003591
 0002085 1412481 1445865 0017337 0003595 0700364 1883351 0005516 0010054 0010068 0018799 0332281 0243083 0012634 0018787 1281570 0241863 1518422 0450348 0032659 1257890
 0686907 0597358 0243122 1145667 1167622 1158323 1158917 0025519 0025520 0332281 0002085 0150312 0549399 3276464 0023824 0202117 0008377 0003593 0441889 0206243 0002085
 0557651 2603343 0439509 0030705 0150312 0004083 0017431 0003595 1511726 3245479 0003591 1518422 0449450
 0557651 2603343 1705241 1705242 0030705 0150312 0557651 2603343 0439509
 1274040 1546471 2825142 0332185 0557651 1551058 1979874 2603343 0221193 0684224 0700287 3496591 1979886 0030705 0022658 0441729 0441835 0441861 1550335 0030705 0241863 0332307 0441833 0687744 1257890 1547052 1552516 1705428 1705429 1707455 0730345
 0332257 0030705 0243148 1550141 1882979 2587213 3274648 0475311 0035647 2919365 0011881 1442864 0022658 0241863 1272688 1280477 0011847 0011849
 0557651 2603343 0011860 1320657 0441730 0011847 0011849 0332307 1547052 0035171 2985227 0557651 2603343 0033105 0220900 0030705 0206243 0002085
 1514983 0036576 1546466 0237506 0012727 0205419 1274040 1546471 1705236 2825142 0014653 1547026
 0557651 2603343 0030705 0032659 0241863 0445247 1257890 0868928 1533148
 0025663 0025664 0449851 0017431 0205447 0678951 0032529 1882417 1292732 0281825 0394006 0441833 0687744 1257890 1552516 1705428 1705429
 0750591 0012727 0205419 1705236 0243148 1550141 1882979 2587213 3274648 0037088 0243095 2825141
 1707478 0032529 1882417 0003595 0521110 1749797 0243107 0678723 1527148 0007457 0030705 0043157 0205397 0011854 1320657 0441729 0011847 0011849 0332307 1547052 0011881 1442864 0022658 0241863 0012634 0348080 1705253 0030190 1418252 0032145 0032144 1418824 1419349 0032105 0032140 0205250 1367553 1550098 1880022 1999216 3163633
 0030190 1418252 0032145 1419349 0032144 1418824 0032140 1367553 1999216 0678951 0032529 1882417 1412481 1445865 0314657 0012655 0017296 0220898 0314603 1264642 1547045 1880177 0011881 1442864 0022658 0241863 0035309 1962966
 0018896 0449851
 0178587 0557775 0018896
 0205090 0684010 2603358

 0369637 0441923
 0557651 2603343



 1709854
 1316572 1317574 1369612 0282413 0686900 1272683 1522634 1883351 0205099 0011318
 1514811 1706462 0681850 1550501 1706203 2349001 2697811 0557061 2584313 1514811 1706462 2983605
 0012641 0009085 0332120 0011881 1442864 0022658 0241863

 0000857 0600678 1552863 0597277 1708601 0597277 1708601
 0011881 1442864 0022658 0241863 0009566 2362589

 0025141 0369637 0441923 0268060 1415529
 1521761 2827422 0243107 0678723 1527148 0030705 0011854

 0025141 0597277 1708601
 0033687 1962972 1522609 0011854 0011849 0011847 0021641 0851827 1533581 1579433 1701901 3244310

 0025141 0597277 1708601 3537453
 0012641 0009085 0030705 0011854 0011847 0011849 0021641 0851827 1533581 1579433 1701901 3244310 0022658

 0000857 0600678 1552863 0006413 1552663 2827109
 0023779 0178664 1417247

 0025141 0021966 0221138
 0475264 1744691 0333562 0017665 0022658 0025255 0205287

 0000857 0600678 1552863
 0016017 1305868 0004153

 0025141
 0042333 0205419 0030190 1418252 0032145 1150269 1319364 0032144 0332281 1418824 0683317 1419349 0032105 0032140 0205177 0392747 0439167 0441655 0441889 1367553 1550098 1561536 1999216 0456947

 0000857 0600678 1552863 3540627
 0442805 1367553 0017337 0030190 1418252 0032145 0027051 0332281 0428953 2926063 0021308 0027061 1522564

 0000857 0600678 1552863 2348513 3538902 0030428 3538810
 0032529 2350877 0017296 0314603 1882417 0030190 1418252 0032145 1419349 0032144 1418824 0032140 1367553 1999216 0030190 1418252 0032145 1419349 0032144 1418824 0032140 1367553 1999216 0017337 0332281 1319364 1150269 0205177 0439167 0441655 1561536 0030190 1418252 0027051 0428953 2926063 0021308 0027061 0035647 1518422 1522564 0557651 2603343

 0025141 0016327 0439133 1553038 1552154
 1521761 0080103 0869014 1367553 0017337 0030190 1418252 0032145

 0000857 0600678 1552863 0369637 0441923 0030428 3538810
 0678951 0032529
 0332268 0017431 0205177 0439167 0441655 1561536 0428475 0041004 0441889 0018759

 0011318
 0086860 0017431 0439849 1705630 1706279 3540605 0021655 0524620 2700570 0021641 0039082 0237834 1514892 1521970 1533581 1579433 1706388 2346469 2348519

 0025141 0011318 1552154 0013123 2825512
 0011884 0035309 0241863 1962966 0086860 0678951 0032529 1882417 1150269 0205177 0439167 0441655 1561536 0011860 1320657 0441730 0011847 0011849 0332307 1547052

 0000857 0600678 1552863
 1521970 1706388 2346469 2348519 0011881 1442864 0022658 0241863

 0021966 0221138 0439267 0369637 0441923 0439267
 0030190 1418252 0032145 1419349 0032144 1418824 0032140 1367553 1999216 3641244 0205177 0439167 0441655 1561536 0015502 1333523 0205250 1299351 2700149 0730345

 0000857 0600678 1552863 0597277 1708601 0033727 0369286 0441932 0564385 0369637 0441923
 2259033 1879547 0368977 0856169 0031847 0277785 0730345

 0024548 0026385 0556966
 0678951 0032529 0441729 0332307 1547052 0011860 1320657 0441730 0011847 0011849 0332307 1547052 0030705 1515981 0011884 0035309 0241863 1962966

 0450389 0025141 1538326 3541325 1552154 3642216
 0032145 0032144 0032140 1367553 1999216 0035648 0050325 0960756 0035647 1521761 2827422 0030705

 0450388 0000857 0600678 1552863 1538326 3541325 1552154
 1150269 0205177 0439167 0441655 1561536 0206194

 0000857 0600678 1552863 0024548 0026385 0556966
 0030190 1418252 0032145 1419349 0032144 1418824 0032140 1367553 1999216 0030190 1418252 0032145 1419349 0032144 1418824 0032140 1367553 1999216 0032529 1882417 0010054 0010068 1956346 0205042 0852949 1269008 0003842 0012634 0018787 0226004

 0025141 0439267 0022337
 1825598 0023820 0035647
 0557651 2603343

 0000857 0600678 1552863 0035493 2699077 2699078 0439269 1960952 2346927 0022337 3541314 1718783
 0002085 0003595 0242339 0010054 0010068 0018799 0012634 0018787 1281570
 0557651 0680063 2603343 3166866

 0000857 0600678 1552863 0369637 0441923 0597277 1708601 0369637 0441923 0597277 1708601
 0080103 0869014 0428504 0430038 0031437 1285572 0011860 0011854 0011847 0011849 0021641 0851827 1518422 1533581 1579433 1701901 3244310

 0025141 0016327 0439133 1553038
 0332268 0021107 0032529 0441587 1442161 1511760 1512796 1880274 1882417 1883719 1333402 0017337 0022709 0011881 1442864 0022658 0241863 0339467 0035309 0334094 1962966

 0000857 0600678 1552863 0016327 0439133 1553038
 0017260 0678951 1442161 1955829 0021107 0032529 0441587 1511760 1512796 1880274 1882417 1883719 0010054 0010068 0018799 0332281 0243083 0012634 0018787 1281570 0030705 0011881 1442864 0022658 0241863

 0025141 2986463 3541314
 0039798 0087111 1522326 1533734 1705169 3538994 0871208 1521828 0232804 0022646 0031843 0227665 0542341 0700205 1278978 1514845 1705273 0011881 1442864 0022658 0241863

 0021966 0221138 0033727 0369286 0441932 0564385
 0038949 0025663 0025664 0449851
 0043237 0043236 0920545 0018684 0029237 0029246 0220885 1300196 1522486 2700280
 0033727 0369286 0441932 0564385
 0013798 1547122 1623258 1705651 0008902 0449913 1553451 1704459

 0035853 0995005
 0011900 1704338 1704656 0021775 0205267 0311395 1456822

 0025141 0369637 0441923
 0086231 0014442 0020980 0021060 1148554 0241863 0022658

 0025141 2700323 0035487
 0680844 0681916 0750572 0032105 1550098 0042153 0457083 1947944 0041609

 0205090 0684010 2603358
 0032143 1292273 1367601 0449568 0369854 0019633 0032144 2713035 0003320 0032140 0040300 0332307 1367553 1547052 1547928 0032145 0032144 0032140 1367553 1999216

 0000857 0600678 1552863 0021966 0221138 0369637 0441923
 1150269 0542152 0474395 1145751 0205177 0439167 0441655 1561536 0857690 0021641 0032105 1533581 1550098 1579433

 0025141 0439267
 0032145 0032144 0032140 1367553 1999216 0035648 0035647 1521761 2827422 2986492

 0740116 2827735 2981700 0025141 0011198 0017480 3541240 0022337 0016080
 1280500 0014653 0205415 0560184 0030705 2349195 0155626 0340293 3541950 0027051 0428953 2926063 0333548 0225821 1279341 0021308 0027061 0205094 1522564
 0035173 0489835

 3538806 0022718 0439209
 1518681 1280500 0016017 1305868 0025266 1998297 0027051 0428953 2926063 0333548 0021308 0027061 1522564

 0025141 0024548 0026385 0556966
 0014406 0599555 0599559 0017296 0314603 0961411 1521761 2827422 0030705 0011860 2697407 0011854 0011849 0011847 0021641 0851827 1518422 1533581 1579433 1701901 3244310

 0025141
 0017431 0003595 0035647

 0000857 0600678 1552863 1506978 1705538 0020283 0450407 0450408 0450409
 0004083 0439849 0596306 0699792 0011881 1442864 0022658 0241863 0681850 1550501 1706203 2349001 2697811 0011854

 0025141 0033727 0369286 0441932 0564385
 1514307 0681890 1522609 0030705 0011854 0011847 0011849 0021641 0851827 1533581 1579433 1701901 3244310 0439591 0449238 2926735

 0025141 0034036 0034037 1514756 1704324
 0439617 0558347 1527075 1514756
 2827734 2981698