 0243122 1145667 1167622 0332220 0947630 1547282 0074129 0205145 0439064 0085201 0003592 0003591 0021966 0221138 0456387 1705943 0018882 0229304 1704821 1705682
 2303040

 0439267
 0369637 0441923

 0000872 0565990 1552471 0041740 0205099 0205476 0027976 0041740 0205314 1301808 1442792 3148680 0006736 0027976 0205314 0041740 0031525 0030853 0035168 0242481 0013621 0013622 0013658 0039401 2347782 0205099 2936316 0018696 1456613 0086388 0018684 0449913 1553451 1704459 1947933 0006754 3146274 0003850 0035168 0242481 0439148 1519795 1704753 1880519 0000872 0565990 1552471 0205099 0205476 0001895 1551894 2825084 0034036 0034037 1514756 1704324 0348078 0376315 1515981 1522492 1527075 0557061 2584313 1514811 1706462 0074129 0017108 0597357 1003377 0074129 0441729 0017108 0021966 0221138 0332307 0597357 1003377 1547052 0086597 0243144 0347980 0243144 0347980 0243125 0699900
 0023821 0023820 0178587 0205250 1299351 2700149 0023823 0023820 0178587 0205251 1299352 1550472 0023823 0023820 0178587 0205251 1299352 1550472 0333262 0332256 2700400 0031676 0023820 0332256 2700400 0085201 0003592 0003591 0021966 0221138 0085202 0003595 0523511 1412481 0052191 1412478 1609817 2825881
 1853126 1527178 1874451 0074129 0439673
 1273517 0439851 1947931 0002778 0936012 1524024 0220806 3272558 0332220 1883351 1704675 0085201 0003592 0021966 0221138 0033684
 1274040 1546471 2825142 1547282 1858114 2612461 2697537 0023767 0023779 0332296 1301808 1442792 1880497 1996904 3148680 0026514 0672719 1145667 1167622 1417458 1826541 3539708 0205250 1299351 1510827 2700149 1300565 0439526
 0085201 0003592 0021966 0221138 0178576 0332220 0699040 0007634 0026514 0205148 0672719 1269647 1417458 1704653 1826541 1948049 2828360 3539708 1517892 1704666 0332158 0337611 1705415 1521970 1706388 2346469 2348519 0013126 1704675
 0012456 0439855 1704241 0205088 1705314 1705315 0010511 1707271 0085201 0003592 0021966 0221138 0332255 0486805 1708096 0074129 0017108 0332297 0597357 1003377 1145667 1167622 1689898 2349209 0178576 0332220 2828360 1517892 1704666 0026514 0672719 1417458 1826541 3539708
 0205145
 0456387 1705943 0018882 0229304 1704821 1705682 1547282 0205250 0243122 1145667 1167622 1299351 1510827 2700149 0332220
 0947630 0018882 0229304 1704821 1705682 0074129 0023175 1442948 1512571 1522538 2348269 3275067 0023821 0023820 0178587 0205250 1299351 2700149 0439148 1519795 0085201 0003592 0021966 0221138
 1512571 1704675 1883525 2346866 0003591 0162807 0027627 0175668 0205436 0678594 0456387 1705943 0018882 0229304 1704821 1705682 1514562 0023823 0023820 0178587 0205251 1299352 1550472
 0557061 2584313 1514811 1706462 0023821 0023820 0178587 0205250 1299351 2700149 0023821 0023820 0178587 0205250 1299351 2700149 2827734 2981698 0008387 0014898 1704259 1705987 1184743 1522240 2612461 0023821 0023820 0178587 0205250 0348011 0597177 1299351 2700149 0007603 0025255 0032105 0596901 1550098 1706182 0243144 0347980 1157973 0243125 0699900 1412468 2827734 2981698
 0035804 1704259 1705987 0032214 0600138 0035820 1705810 0008387 0014898 0023884 0736268 1278929 2346688 1261552 2248593 1159709 0005528 0008377 1317949 1555029 3495449 0450346 0740116 2827735 2981700
 0243144 0347980 1709305 2745955 0001625 1268989 1515890 0007634 1285092 3282337 0029939 0227898 1278992 0359589 1999230 0008377 0008387 0544951 0544952 0010834 0014898 0337174 0521449 1515981 1698986 1753314
 0947630 1184743 1522240 0023882 0700321 2700395 0678659 0205309 0205474 0441712 1706376 0567416 2612461 0023821 0023820 0178587 0205250 0348011 0597177 1299351 2700149 0007634 1269647 1704653 1948049
 0947630 0205396 1550043 1551388 0034800 0699040 0205148 0597357 0074129 1145667 1167622 2612461 0597177 0023821 0243144 0347980 0007634 3282337
 0026809 0591833 0026809 0591833 0040300 0015272 1515655 0243144 0347980 1704259 1705987 0023884 0736268 1278929 2346688 0001625 1268989 1515890 1285092 0029939 0227898 1278992 0039597 1278981
 0520511 1704711 0440744 0040300 0086418 1709305 2745955
 0947630 1441616 1547282 0074129 0150312 0449450 0040300 0034693 0034721 0025914 0025929 0026809 0185117 0019932 0851285 0851285 1327622 0033268
 0023602 0007634 3282337 1547282 0074129 0150312 0449450 0348078 0376315 1522492 0439799 1706095 0333312
 0439799 1706095 1883351 0205145 1515974 2825164 0243144 0347980 1709305 2745955
 1511726 3245479 1999230 0332120 0233649 0074129 0034800 0699040 0007634 0205148 0597357 1269647 1704653 1948049 1273518
 0332120 0947630 1999230 0003241 0021027 1517050 0521119 1880389 1883221 3541951 0028778 0332206 2983591 0243144 0347980 0011209 0559563 1705822 1704259 1705987 2986474 0007634 3282337
 1883712 0598496 1514761 0544461 0025914 0025929 0026809 0205217 0442805 0392885 0583325 1522133 0201950 0428466 0441889 0023779 1882074 2825492 0001625
 0025914 0025929 0026809 0206243 1512710 0026882 1705285 0597360 0185117 0441889 3244092 1547282 0301630 0392756 0441610 0450348
 1883727 1883357 0302523 0700325 3244290 0074129 0032214 0600138 0035820 1705810 0086597 0243144 0347980 0007634 1515981 3282337
 1853126 1527178 1874451 0074129 0439673
 1145667 1167622 0023821 0023820 0178587 0205250 1299351 2700149 0023823 0023820 0178587 0205251 1299352 1550472 0023823 0023820 0178587 0205251 1299352 1550472 0333262 0332256 2700400 0031676
 0947630 0007600 0007634 0205132 1269647 1550648 1552960 1704653 1948049 1547282 2612461 0597177 0023821 0332256 2700400 0085201 0003592 0021966 0221138 0033684 0003595 0523511 1412481 0205177
 0205172 0332185 0180459 1556138 1705229 2348299 0332256 2700400 0085201 0003592 0021966 0221138 0085202 0052191 1412478 1609817 2825881 1547282 1883351 0085080 0018555 0007634 0008120 0018557 0029939 0152035 0227898 1145667 1167622 1278992 3282337 0026514 0672719 1417458 1826541 3539708
 1274040 1546471 2825142 1518422 1999230 0441468 0441469 0332290 1524057 0524637 0023821 0074129 0678226 1704675 3146286 0851043 0023779 0023821 0205214 1522138 3245511 1514562 0023821 0023820 0178587 0205250 0237876 1299351 1522138 2700149 0023823 0023820 0178587 0205251 1299352 1550472 0003591 0205195 1947911 1704675
 0150312 0449450 0557651 2603343 0033213 1706387 1524063 0220806 3272558 0332220 1883351 0557651 2603343 1704675 0085201 0003592 0021966 0221138 0031676 0202177 1514798 1709305 2745955 0180459 1556138 1705229 2348299 0597177 0085201 1101522 0003592 0021966 0023779 0221138 0332296 1515981 1880497 1996904
 1274040 1546471 2825142 1547282 1457900 1705920 1145667 1167622 0332220
 0369718 0441922 1553036 0010511 0006222 0056658 0085201 0003592 0021966 0221138 0332255 0486805 1708096 0205250 1145667 1167622 1299351 1510827 2700149 0178576 0332220 1517892 1704666 2828360 0085201 0003592 0021966 0221138 1704675 0005456 0678226 0682969 0205145 0243122 1145667 1167622 1515974 1518422 1710548 2825164 3146286 0085201 0003592 0021966 0221138
 1883712 0456387 1705943 0018882 0229304 1704821 1705682 1145667 1167622 0332220
 1274040 1546471 2825142 1881534 0085201 0332158 0003592 0021966 0221138 0337611 1705415 1552961 2347617 1514562 1704675
 0557061 2584313 1514811 1706462 0520510 0086418 0229671 1546774 1550100 1708335 0042960 1301820 1858114 2612461 2697537 2827734 2981698 0439267 0439526 0205409 0229671 1546774 1548221 1550100 0007703
 0085201 0003592 0021966 0221138 0023821 0023820 0086418 0178587 0205250 0205409 1299351 1548221 1998793 2700149 1552738
 0044576 0058325 0580272 1519043 0012456 0023779 0813983 0869011

 0021966 0021968 0885449 2348268 0332070 0005526 0036397 0376558 0869011 1514468
 0058494 0439086 2827736 2981702 0046905 1301820
 0991865 0006353 0031603 0031701 0036082 1601799 0009458 0325564 0392747 0439536 1551720 1705217 3244283 0006353 0019215 0005367 0973231 2722820 0869011
 0007452 0015965 0229671 0521457 1140701 1546774 1550100 0014442 0014445 0003232 1301820 1719918
 0036774 0036773 0728877 0001924 0007452 0229671 1140701 1546774 1550100 1301820
 0492793 0872171 0040284 0010046 0017596 0043227 1301820 1947936
 0036681 0038164 1301820
 0020960 0002520 0001128 0026514 0672719 1417458 1826541 3539708 1552738
 0455052 1521827 0008377 1704241 0205543 1691010 1883351 0180459 1556138 1705229 2348299 1521827 1552738 1880022 1524063 2825550 0456603 1547037
 0486616 1555710 0450316 0580272 1519043 2827734 2981698 2983605
 0002778 0936012 1524024 1547282 1301886 1511726 3245479 1518422 1547282
 0332255 0486805 0025663 0449851 0871511 1301820
 0450355
 0012238 2349986 0332255 0486805 0205088 1705314 1705315 1707271 0205088 1705314 1705315
 0085201 0003592 0021966 0221138 0010511 0439526 0868946 0040982 0001128 0202406 0456696 1442770 2348236 0005903 0039476 1547703 0332582
 0439962 0043047 0599638 1550678 1720119 1948037 1709915 1882936 0008562 0205390 0681850 1550501 1555029 1706203 2349001 2697811 0205102 1301886 0035191 1524063 0050456 0043047 0599638 1550678 0040982 0001128 0202406 0439182 0812409 0050456 2826285 0806140 0871208 1521828 0702093
 1264633 0332255 1708096 0332255 1708096 0332255 1708096 0332255 1708096 0332255 1708096 0008562 0936012 0681850 1550501 1706203 2349001 2697811 0002778 0936012 1524024 1883073 1524063 0183396 0183395 0577559 1306372 1710143 3152252 0001895 0041740 1551894 2825084
 0332255 0486805 1708096 2827734 2981698 0740116 2827735 2981700 0577559 1306372 3152252 0332255 0486805 0332255 0486805 0332297 1145667 1167622 1689898 2349209
 0332255 0486805 1708096 1707271 0205088 0332255 0486805 1705314 1705315 0577559 1306372 3152252
 1979963 2003903 1707520 0034037 0205170 0332472 0449774 1704324 1881708 3146287 0450355
 0205088 1705314 1705315 1707271 0205088 0332255 0486805 1705314 1705315 0018320 0120446 0470296
 1704241 0012456 1881534 0456603 1547037 2827734 2981698 1709500 2919747
 0012456 1549535 0175730 1512080 1547937 1561954 1704730 2827485 0042221 1512080 2827485
 1883708 0037494 1553389 1553403 1705537 1959973 0013618 2678549 1882074 0020283 0450407 0450408 0450409 0439648 0724378
 0333262 0012456 0455052 1521827 1524062 1439852
 0037680 0332283
 1704241 1883708 0037494 1959973 0013618 2678549 1882074 0020283 0450407 0450408 0450409
 0220781 0439634 1522492 3494467 0013862 0071500 0596607 1441647 0026019 2984656 0013852 0026018 3463986
 1704241 0332256 2700400 0012456 0456387 1705943 0018882 0229304 1704821 1705682 0030956 1521827 0333262 1257885 0005903 0039476 0599156 2700061 1552738
 0030956 0037494 1442447 1959973 1549535 0013618 0601906 0020283 0450407 0450408 0450409 0074721 0332283 0037680 0150141 1442460
 0012456 0001963 1549535 0740116 2827735 2981700 0086296 1512080 1561571 1561572 2827485 0336635 0175730 1547937 1561954 1704730 0042221 0439583 1948036 2987518
 0012456 1883708 0036082 0037633 0525069 1553389 1553403 1705537 0439648 0724378 0150141
 0012456 0030956 1524062 1439852 1442464 0683607 0220781 0439634 1522492
 0430302 0542502 0003591 0033684 0030956 1708632 1524063 0025663 0449851 0871511 1524063 0456603 1547037 0033684
 0439962 1883708 0141992 1122695 1119999 1300565 1637390 0074343 0439267 0439526 1185738 1706132 2828386 0331955 0037494 1442447 1959973 0013618 2678549 1882074 0020283 0450407 0450408 0450409 1264633 0441621 0870078
 1264633 0037494 1442447 1959973 0013618 2678549 1882074 0020283 0450407 0450408 0450409 0370003 2347026 0033684 0005507 0243073 1510438 0034553 0205369 0441655 1552740
 0205369 0441655 1552740 0332232 0180459 1556138 1705229 2348299
 1101522 0085201 0003592 0021966 0221138
 1858114 2612461 2697537
 0332255 1708096
 0332255 1708096

 0185117 1314677 0007452 0015965 0229671 0521457 1140701 1546774 1550100 0242295 1947943 2348609 1576824 0034354 0244104 0003232 0200940 0699799 1720092 1948045 0332174 0439230 1524063 0456603 1547037
 0007634 3282337 0599566 0086022 0185117 0442335 1705099 0026514 0672719 1417458 1826541 3539708 0086022 0442335 1705099 0205171 0439044 0679994
 0007634 3282337 2827734 2981698 0036563 1705192 1882540 2346495 0005971 1139930 3537155 0007452 0015965 0229671 0521457 1140701 1546774 1550100 0242295 1947943 2348609 1439852 1442448 0001861 3536832 0021178
 0439962 0229671 0332296 1546774 1550100 1880497 1996904 1720119 1948037 0205474 0032604 0175730 0232920 0678108 1547937 1561954 1704730 1521827 0325579 1524062 1166718 0007634 3282337 0005971 1139930
 0033727 0369286 0441932 0564385 0007634 3282337 1709595 2349200 1553389 1553403 1705537 0010454 0009458 0439536 1705217 3244283 0205170 0439064 3146287 0005971 1139930 3537155 0027552 0681814 0686904
 0681814 0206243 0699809 0456696 1442770
 0332220 1316572 1317574 1369612 2729544 0442711 1507394 1522729 2348563 1273517 0332220
 0026514 0672719 1417458 1826541 3539708 1257858 0376702 2347578 0007634 3282337 0005971 1139930 3537155 0020746 0442504 1704765 1882509 3496241 0040223 1632851 2678549 1882074 0020283 0450407 0450408 0450409 0036774 0036773 0728877 0001924 0007452 0229671 1140701 1546774 1550100
 0023688 1524062 0036774 0036773 0728877 0001924 0007452 0229671 1140701 1546774 1550100 0007634 3282337 1439852 0004178 0678214 0001861 3536832 2347816
 0007634 3282337 0020746 1548792 1548982 1948050 0019215 0040223 0205448 1632851 2678549 1882074 0020283 0450407 0450408 0450409 0036774 0036773 0728877 0001924 0007452 0229671 1140701 1546774 1550100 0040223 1632851
 2828360 1549535 0205548 0042153 0439526 0457083 1947944 0012403 0038770 0038771 0851343 0369637 0441923 1720119 1948037 0991865 0006353 0031603 0031701 0036082 1601799 0205170 1524062 3146287
 0007634 3282337 1439852 2348236 0005903 0039476 1547703 0007634 3282337 0020746 1548792 0009458 0439536 1705217 3244283 0849355
 0007634 3282337 0074757 0024348 0031603 0031701 0037473 0597484 1601799 2678549 1882074 0020283 0450407 0450408 0450409 0024472 0068941 0068940 0439509 0003641 0064858 0070329 0016327 0017890 0522461 0179834
 1510844 0849355 0750480 1705566 0021069 1273517 0013239 0011682 0016701 0020746 0205222 0677542 1512080 1698986 0002778 0936012 1524024
 0021069 0020960 1511625 1707271 0010834 0026514 0039259 0205088 0442818 0521449 0672719 1417458 1705314 1705315 1826541 3539708 0020960 0006353 0449468 1690016 1705102 2700258 0007634 1269647 1524062 1550101 1704653 1948049
 1524062 0037494 1959973 0013618 0041175 0077281 0814229 2678549 1882074 0020283 0450407 0450408 0450409 0146951 0133689 0242759 0037500 0037473 0086123 0597484 0037506 0074769 0058632 0037473 0038720 0475337 0597484 3536965 0332256 2700400 0033607
 0370003 2347026 0450376 1439852 0041119 0033727 0369286 0441932 0564385 0442762 0036681 0038164 1524062 0549178 1442450
 0175730 1547937 1561954 1704730 0205088 0231458 0439227 0564385 1546485 0333118 0991566
 0175730 1547937 1561954 1704730 0179834 1510844 0849355 0750480 1705566
 0441436 0993610 1998480 1548982 0006353 0021069 1720725 1948050 0991566 0175730 0348011 1547937 1561954 1704730 0750480 1705566
 0681814 0991566 0041175 0077281 0814229 0020283 0450407 0450408 0450409 0017861
 0007703 1510844 0849355 0750480 1705566 0002778 0936012 1524024 0600209 0013862 0071500 0596607 0013855 0017243 0071499 1382104 0006353 0449913 1553451 1704459 1524063 0038137 0175675
 0017243 1512080 2827485 0034553 0596957 1521991 1704254 1704922 3542466
 1517880 0023688 0243122 1145667 1167622 0007634 3282337 0205170 3146287 0005971 1139930 3537155 0005971 1139930 3537155 0020746 0442504 1704765 1882509 3496241 1548982 1948050 0019215 0040223 0205448 1632851 2678549 1882074 0020283 0450407 0450408 0450409 0036774 0036773 0728877 0001924 0007452 0229671 1140701 1546774 1550100
 0023688 2678549 1882074 0020283 0450407 0450408 0450409 0036774 0036773 0728877 0001924 0007452 0229671 1140701 1546774 1550100 0007634 1439852 3282337 1292425 0450376
 0009458 0439536 1705217 3244283 0849355 0179834 0440266 0681850 0750480 1550501 1705566 1706203 2349001 2697811 0086045 1446561
 0007634 3282337 1548982 0040223 1632851 2678549 1882074 0020283 0450407 0450408 0450409 0036774 0036773 0728877 0001924 0007452 0229671 1140701 1546774 1550100 0040223 1632851
 0007634 3282337 0370003 2347026 0849355 0750480 1705566 0033684 1148554 1515981
 0681814 0007634 3282337 0068941 0444499 0068940 0439509 0991865 0006353 0031603 0031701 0036082 1601799 0175730 0348011 1547937 1561954 1704730 0750480 1705566 0202202 0242485
 1749399 0597358 0243122 1145667 1167622 0042295 0007634 3282337 1514760 0007634 3282337 0205134
 0449381 0026691 1705240 1839259 0684320 0684321 1301820 0814195 1524063 0205447
 0557061 2584313 1514811 1706462 1704675 0026514 0672719 1417458 1826541 3539708 1704675 1257858 0376702 0007634 3282337 0086022 0442335 1705099 0205171 0439044 0679994 0599566 0026514 0086022 0185117 0442335 0672719 1417458 1705099 1826541 3539708
 0349966 1337208
 2827734 2981698 1547282 0007634 3282337 0332297 1145667 1167622 1689898 2349209 1704241 0449432 0007634 3282337 1547282 0205171 1720467 0449432 1705248
 1514893 1706463 2699488 0034980 0002778 0684320 0684321 0936012 1524024 1547282 0449432 1705248 0087044 0033684 1522609 2348205 0243122 0684224 0700287 1145667 1167622 1858114 2612461 2697537 3496591 0007634 3282337 1257858 0376702 0007634 0454802 3282337
 0807955 0007634 3282337 0332297 1145667 1167622 1689898 2349209 0439269 1960952 2346927 0086706 0268226 0085201 0003592 0021966 0221138 0086045 0439267 0439526 0439093 0443228 1704243 0007634 3282337 0332297 1145667 1167622 1689898 2349209 0439269 1960952 2346927 0086706 0268226 0085201 0003592 0021966 0221138
 1274040 1546471 2825142 1705535 0449432 1705248 0023688 0086045 0205250 0205397 1299351 2700149 0439267 2699156 0439526 0678226 0026514 0185117 0672719 1417458 1826541 3146286 3539708 1705242 0007634 0086022 0205397 0442335 1705099 3282337
 1527178 1874451 0439673 0558058 0392747 0443172 0439509
 0449911 0333052 2607870 0557702 1272706 1704674 0557702 1272706 1704674 0349966 1337208
 2827734 2981698
 0243122 1145667 1167622 1257858 0376702 0007634 3282337
 0074129 0017108 0597357 1003377 1257858 0376702 2347578 0007634 3282337 0005971 1139930 3537155 0003592 1439852 0180459 1556138 1705229 2348299 1292425 0450376 0025664 0184661 1517586 1552738 2700391
 0085201 0003592 0021966 0221138 0086045 1446561 1707478 0005507 0243073 1510438
 0205134 0036572 0424576 2349186
 0205134 0036572 0424576 2349186 0023733 2346679
 1883351 0022885 0039593 0392366 0439851 1947931 1704675 0085201 0003592 0021966 0221138 0026514 0672719 1417458 1826541 3539708 0007634 3282337 0003592 1439852 0180459 1556138 1705229 2348299 1548982 1883351 0849355 1883720 3244314 0023688 0332293 0014898 0205447 0205448 1522326 0238767 1706086 0446516 1269078 1269612
 0034760 1749467 1948047 0046905 0243071
 1883351 0022885 0039593 0392366 0085201 0332220 2828366 0003241 0021027 0301871 1511625 1707271 0010834 0026514 0039259 0205088 0442818 0521449 0672719 1417458 1705314 1705315 1826541 3539708 0301871 0085201 0003592 0021966 0221138 0392148 0005507 0243073 1510438
 1706074 1511726 3245479 1547282 2825142 1274040 1546471
 1185738 1706132 1708632 1547282 1527428 0180459 1556138 1705229 2348299 0441648 0443286 1114821 2828360
 0002778 0205156 0243122 0936012 1145667 1167622 1517001 1524024 1552607 0349966 1337208 0007634 3282337 0332297 1145667 1167622 1689898 2349209 0085201 0003592 0021966 0221138 0007634 0086022 0442335 1705099 1707455 3282337
 0007634 1269647 1704653 1948049 0007592 0007634 0026514 0672719 1417458 1826541 2828366 3282337 3539708 1518422 0332293 1522326 2828360 0026514 0672719 1417458 1826541 3539708 0301871 0003241 0021027 0023882 0700321 2700395 0085201 0003592 0021966 0221138 0441436 0521108 0993610 1998480
 1979874 0007634 3282337 0332293 1522326 0046905 0085201 0003592 0021966 0221138 0301871 0521108 0003241 0021027 0243148 1518422 1550141 1882979 2587213 3274648
 0439165 1549488 1561533 0301871 0521108 0021966 0221138 0439165 1549488 1561533 0178576 0332220 2828360 1517892 1704666 0046905 0085201 0332220 0442799
 0037791 1511884 0332220 0443286 1114821 0237820 1555688 2004454 0301871 1514873 0010357 0443286 1114821 0003241 0021027
 0449911 0039224 1706073 1706074 0557702 1272706 1704674 0557702 1272706 1704674 0021966 0221138 0085201 0332220 0205175 2347578 0205170 3146287 0086022 0442335 1705099 1439852 0180459 1556138 1705229 2348299 0439275
 0007634 3282337 1548982 0991865 0006353 0031603 0031701 0036082 1439852 1601799 2828360 0740116 2827735 2981700 0369637 0441923 2348236 0005903 0039476 1547703 0025664 0184661 1517586 1552738 2700391
 0007634 3282337 0020746 0442504 1704765 1882509 3496241 0009458 0439536 1705217 3244283 0849355 0205173 3539942 0205170 3146287 0024348 0449468 0006353 0024348 0439175 0439810 1536403 1690016 1705102 1709595 2349200 2700258 1881488 0521097 0007703 0450376
 1510844 0750480 1705566 1510844 1881488 0439583 0450376 0003241 0021027 0243148 1550141 1882979 2587213 3274648
 0700308 0036681 0038164 0007703 1550101 0441436 0993610 1998480 0750480 1705566
 0439165 0178576 0332220 2828360 1517892 1704666 1882932 0439165 1549488 1561533 0439157 0750480 1705566 0038164 0033684 0036681 0441436 0521108 0993610 1998480 1524063
 0180459 1556138 1705229 2348299 0439275 1439852 2828360 0740116 2827735 2981700 0991865 0006353 0031603 0031701 0036082 0369637 0441923 1601799 2348236 0005903 0039476 1547703
 0205174 0370003 2347026 0332232 1265611 0021069 1273517 0026514 0672719 1417458 1826541 3539708 0449719 1709471
 0042295
 0369718 0441922 1553036
 1883351 0218063 0332220 1518422 1705920 0003241 0021027 0026514 0672719 1417458 1826541 3539708 0180459 1556138 1705229 2348299 0178576 0332220 2828360 1517892 1704666 0037633 0150312 0332285 0525069 1883708 0026514 0672719 1417458 1826541 3539708
 0021966 0039224 0221138 1706073 1706074 1547282 0442822 1265611 0301871 0521108 0392148 0332197 1689985 1280500 2348382
 0085201 0003592 0021966 0221138 0026514 0301871 0521108 0672719 1417458 1826541 3539708 2828366 0007634 3282337 0558058 0332220
 0681814 1707455 0013682 0332220 0007634 3282337 1439852 0180459 1556138 1705229 2348299
 0868928 1533148 0332220 0206243 0699809 0439787 0849355 1705241 1705242 0332220 0013682 0205397 1514721 2348147 3542016 1511726 3245479 1518422 1547282
 0178576 0332220 2828360 1517892 1704666 0439855 1704241 0085201 0003592 0021966 0205431 0221138 0600209 1538570 0332128 1704732
 0349966 1337208 1547282
 0740116 2827735 2981700 0085201 0003592 0021966 0221138 0074129 0017108 0597357 1003377 0301871 0175723 0232902 0332464 0439645 1521913 3152252 0577559 1306372 0178576 0332220 0046905 2828360 1517892 1704666 1708639 0058772 1708639
 0332197 1689985 2828360 0085201 0003592 0021966 0221138 0085201 0003592 0021966 0221138 0232902 0733755 1708639
 0002778 0936012 1524024 1518422 0074129 0017108 0597357 1003377 0178576 0332220 2828360 1517892 1704666 0370003 2347026 1708639 1547282 0205171 1720467 0439855 1704241 0085201 0003592 0021966 0221138 1518422 0178576 0332220 2828360 1517892 1704666 0439092 0547044 1265611 0242392 0025252 0699040 0007634 0033684 0205148 1269647 1704653 1948049
 0332220 0332197 1689985 0007634 3282337 0441833 1999270 3537156 2347469 1547282 0085201 0003592 0021966 0221138 0178576 0332220 2828360 1517892 1704666 0046905 1708639 1708639 1883351 0348078 0376315 1522492 1704241 0476650 0700572 0232902 0392756 0425245 0449580 0085201 0003592 0021966 0221138 1707455 1708639 0015663 0456962
 0332197 1689985 0007634 3282337 2828360 1514468 1704444 0205397 0180459 1556138 1705229 2348299 0205435 1279901 0699040 0007634 0026514 0332297 0672719 1145667 1167622 1417458 1689898 1826541 2349209 3282337 3539708 1708639 0439086 2827736 2981702
 0175723 0439645 1521913 0232902 0332232 1882932 0085201 0003592 0021966 0221138 0178576 0332220 0699040 0007634 0026514 0205148 0672719 1269647 1417458 1704653 1826541 1948049 2828360 3539708 1517892 1704666
 0449911 0333052 2607870 0557702 1272706 1704674 0557702 1272706 1704674 0349966 1337208
 0740116 2827735 2981700
 0002778 0936012 1524024 0178576 0332220 2828360 1517892 1704666 0085201 0003592 0021966 0221138
 1514760 1257858 0376702 0007634 3282337 0003592 1439852 0180459 1556138 1705229 2348299 0268226 0085201 0003592 0021966 0221138 1442450 1548982 0178576 0332220 2828360 1517892 1704666 0046905 0025664 0184661 1517586 1552738 2700391 0021966 0221138
 0007592 2828366 1883708 0026514 0672719 1417458 1826541 3539708 0301871 0301871 0007592 2828366 0600209 0013862 0071500 0596607
 1708639 1881488 1518422 0301871
 1708639 1881488 2828360 1518422 0301871
 1708639 0301871 0178576 0332220 2828360 1517892 1704666 0007634 3282337
 1708639 0301871 0178576 0332220 2828360 1517892 1704666 0007634 3282337
 1708639 0005516
 0180459 1556138 1705229 2348299 0268226 0085201 0003592 0021966 0221138 0332155 1708639 0178576 0332220 0046905 2828360 1517892 1704666 1708639 1708639 0332197 1689985 0007634 3282337 0021966 0039224 0221138 1552738 1706073 1706074
 1704675 1858114 2612461 2697537 0022885 0039593 0392366 1301808 1442792 3148680 0243122 1145667 1167622 0332220 0085201 1101522 0003592 0021966 0023779 0221138 0332296 1707455 1880497 1996904
 0349966 1337208
 0439086 2827736 2981702 1547282 0243122 1145667 1167622 0441833 1999270 3537156 0007634 3282337 1101522 0085201 0003592 0021966 0221138 0441833 1999270 3537156 0004561 2347469
 1101522 0085201 0003592 0021966 0221138 0205250 1145667 1167622 1299351 1510827 2700149 1514760 0007634 3282337
 0243122 1145667 1167622 0180459 1556138 1705229 2348299 1705241 1705242 0243122 1145667 1167622 0332148 0750492 1274040 1546471 2825142 0558058 0007582 1704675
 1749399 0597358 0243122 1145667 1167622 1101522 0085201 0003592 0021966 0221138 1301820 0085201 0003592 0021966 0221138 0699040 0007634 0086022 0332297 0442335 1145667 1167622 1689898 1705099 2349209 3282337 0074129 0699040 1514760 0007634 0017108 0332297 0597357 1003377 1145667 1167622 1689898 2349209 3282337
 0349966 1337208 0205132 1547282 1101522 0085201 0003592 0021966 0221138 0441833 1999270 3537156 2347469 1300565 0180459 1556138 1705229 2348299
 0449911 0333052 2607870 0557702 1272706 1704674 0557702 1272706 1704674 0349966 1337208
 0439086 2827736 2981702
 1148636 0243122 1145667 1167622
 0074129 0017108 0597357 1003377 1257858 0376702 2347578 0007634 3282337 0005971 1139930 3537155 0003592 1439852 0180459 1556138 1705229 2348299 0441833 1999270 3537156 0332296 1880497 1996904 0441833 1999270 3537156 2347469 0450376 0025664 0184661 1517586 1552738 2700391
 0085201 0003592 0021966 0221138 0086045 1446561 1707478 0005507 0243073 1510438
 0205134 0205132 1550648 1552960 0042295 0086022 0442335 0444504 1301820 1705099 2347634 2348143 0042295 0036572 0441548 1511726 3245479 1524063
 0085201 0332220 1101522 0392366 1707455 0332220 1858114 2612461 2697537
 1257858 0376702 0007634 3282337 0086022 0442335 1705099 0023688 1439852 0439526 0332283 0441648 0332220 0021069
 0023688 0699040 0443228 1704243 0007634 0086022 0442335 1705099 1707455 3282337 0180459 1556138 1705229 2348299 0023688
 0868928 1706255 1706256 1547282 0004083 0439849 0596306 0699792 0007634 0086022 0442335 1705099 1707455 3282337
 1979874 0332290
 0450365 1706097 0016690 0004083 0439849 0596306 0699792 0007634 3282337 0332462 1880834 0439093 0443228 1704243 0007634 3282337
 1705241 1705242 0243122 1145667 1167622 1101522 0085201 0003592 0021966 0221138 0007634 3282337 0332220 0013682 0439165 1549488 1561533 0074129 0017108 0597357 1003377 1882443 0205202 0243122 1145667 1167622 0007634 3282337 0042789 1947903 2729544
 1705565 1947976 0439165 1549488 1561533 0074129 0178576 0332220 0017108 0597357 1003377 2828360 1517892 1704666 0003592 0180459 1556138 1705229 2348299 1858114 2612461 2697537 0085201 1101522 0003592 0021966 0023779 0221138 0332296 1880497 1996904
 0085201 1101522 0003592 0021966 0023779 0221138 0332296 1880497 1996904 0026514 0332297 0672719 1145667 1167622 1417458 1689898 1826541 2349209 3539708 0178576 0332220 0597357 2828360 1517892 1704666
 1316572 1317574 1369612 0444499 1101522 0085201 0003592 0021966 0221138 0332281 0699040 0007634 0086022 0442335 1705099 3282337 0026514 0301871 0521108 0672719 1417458 1826541 3539708 1511726 3245479 1518422 1547282
 1511726 3245479 0085201 0003592 0021966 0221138 1145667 1167622 0026514 0672719 1417458 1826541 1947931 3539708 1301808 1442792 3148680 0150312 0449450 2612463 2612461 0597177 0023821
 1705241 1705242 0332220 0013682 1101522 0085201 0003592 0021966 0221138 0085201 0003592 0021966 0221138 1705535 0026377 0032214 0600138 0035820 1705810 0349590 1262865 0597357 0085201 0003592 0021966 0221138
 0449911 0039224 1706073 1706074 0557702 1272706 1704674 0557702 1272706 1704674 0332220 0205170 3146287 0007634 3282337 0086022 0442335 1705099 1439852 0023688
 0007634 3282337 1548982 0991865 0006353 0031603 0031701 0036082 1439852 1601799 0369637 0441923 2348236 0005903 0039476 1547703 0025664 0184661 1517586 1552738 2700391
 1881488 0301871 0021966 0039224 0221138 1552738 1706073 1706074
 0003241 0021027 0243148 0301871 1550141 1882979 2587213 3274648 0034553 0441889 0444868 1706907 3539085 1511726 3245479 1518422 1547282
 0439165 1549488 1561533 0178576 0332220 0026514 0672719 1417458 1826541 2828360 3539708 1517892 1704666 1882932 0439165 1549488 1561533 0038164 0033684 0036681 0441436 0521108 0993610 1998480 1524063
 0439157 1719767 2348589 0439157 0699040 0007634 0086022 0332297 0442335 1145667 1167622 1689898 1705099 2349209 3282337 0439157 0699040 0007634 0026514 0332297 0672719 1145667 1167622 1417458 1689898 1826541 2349209 3282337 3539708
 1704675 1880389 1883221 3541951 0026514 0672719 1417458 1826541 3539708 0085201 0003592 0021966 0221138 0205145 1515974 2825164 0074129 0369718 0441922 1553036 0332255 0486805 1521827 0012456 0439855 1704241 0243122 0392366 1145667 1167622 0332220
 0349966 1337208 1547282
 0205088 1705314 1705315 1709915 1882936 0441833 1999270 3537156 1707271 0205088 1705314 1705315 1709915 1882936 0332255 1708096 0205250 0332297 1145667 1167622 1299351 1510827 1689898 2349209 2700149 1514760 0007634 3282337
 0332255 0486805 1708096 0332297 0439792 0547044 1145667 1167622 1689898 2349209 0007634 3282337 0243122 1145667 1167622 0700364 1883351
 1749399 0597358 0243122 1145667 1167622 1301820 0042295 0007634 0086022 0442335 1301820 1705099 3282337 0042295 0074129 1514760 0007634 0017108 0597357 1003377 1301820 3282337
 1511726 3245479 0023733 2346679 0205132 0684320 0684321 0936012 1518422 1524063 3161035 1301820 1706701 1749399 0086022 0442335 1705099 0205132 0441833 1999270 3537156 2347469
 0002778 0936012 1524024 1547282 0026691 1705240 1839259 0439526 0441994 1548802 2003888 0205088 0332255 1705314 1705315 1708096 0439526 0042295 2348205 0205088 1705314 1705315 0439269 1960952 2346927 1707271 0205088 1705314 1705315 0439269 1960952 2346927
 0002778 0936012 1524024 0007634 0205341 0443299 1550176 1948031 3282337 0026691 1705240 1839259 0439526 0332462 1880834 0441994 1548802 2003888 0205088 0332255 1705314 1705315 1708096 0439526 0042295 2348205 0205088 1705314 1705315 0439269 1960952 2346927 1707271 0205088 1705314 1705315 0439269 1960952 2346927
 1511726 3245479 1880389 1883221 3541951 0026514 0672719 1417458 1826541 3539708 1880389 1883221 3541951 1707271 1510827
 0010511 0085201 0003592 0021966 0221138 0332255 0486805 1708096 0700321 0348078 0376315 1522492 1704241 1518422 0936012
 0449911 0333052 2607870 0557702 1272706 1704674 0557702 1272706 1704674 0349966 1337208

 1323338 0243122 1145667 1167622 0074129 0085201 1707271 1523873 2245017 0003592 0017108 0021966 0205088 0221138 0597357 1003377 1704241 1705314 1705315 0007634 3282337
 0074129 0017108 0597357 1003377 1257858 0376702 2347578 0007634 3282337 0005971 1139930 3537155 1439852 1708632 0205088 1705314 1705315 1709915 1882936 0441833 1999270 3537156 1707271 0205088 1705314 1705315 1709915 1882936 0939261 1588750 2245017 1704241 0025664 0184661 1517586 1552738 2700391
 0332255 1708096 0086045 1446561 1707478 0005507 0243073 1510438
 0205134 0205132 1550648 1552960 0441833 1999270 3537156 0042295 0086022 0442335 0444504 1301820 1705099 2347634 2348143 0042295 0036572 0441548 1511726 3245479 1524063
 1883351 0022885 0039593 0392366 0439851 1947931 1704675 0074129 0205088 1705314 1705315 0332255 0486805 1704241 1704241 0086022 0332297 0442335 1145667 1167622 1689898 1705099 2349209 1514760 0007634 3282337 0178576 0332220 2828360 1517892 1704666
 0242485 0439070 1705160 2347325 0205170 3146287 1547282 0332255 1708096 0332297 0439792 0445247 1145667 1167622 1689898 2349209 0085201 1412468 2698168 0205088 0332255 1705314 1705315 1708096 0332297 1145667 1167622 1689898 2349209
 1274040 1546471 2825142 0332290 0349966 1337208
 1547282 1510827
 2349182 1265611 0023688 0699040 0007634 0086022 0332297 0442335 1145667 1167622 1689898 1705099 2349209 3282337 0439165 1549488 1561533 0074129 0178576 0332220 0017108 0597357 1003377 2828360 1517892 1704666 1707271 0205088 0332255 1705314 1705315 1708096 0205088 0332255 1705314 1705315 1708096 0085201 0003592 0021966 0205266 0221138 1554187
 0369718 0441922 1553036 0178576 0332220 1517892 1704666 2828360
 0449911 0039224 1706073 1706074 0557702 1272706 1704674 0557702 1272706 1704674 0439070 1705160 0332220 1704241 0007634 3282337 0086022 0442335 1705099 1439852 0012456 0012456
 0007634 3282337 1548982 0991865 0006353 0031603 0031701 0036082 1439852 1601799 0025664 0184661 1517586 1552738 2700391
 1881488 0301871 0021966 0039224 0221138 1552738 1706073 1706074
 0439165 1549488 1561533 0178576 0332220 0026514 0672719 1417458 1826541 2828360 3539708 1517892 1704666 1882932 0439165 1549488 1561533 0038164 0033684 0036681 0441436 0521108 0993610 1998480 1524063
 0439157 1719767 2348589 0439157 0699040 0007634 0086022 0332297 0442335 1145667 1167622 1689898 1705099 2349209 3282337 0439157 0699040 0007634 0026514 0332297 0672719 1145667 1167622 1417458 1689898 1826541 2349209 3282337 3539708
 0301871 1881488 0007634 3282337 0034553 0441889 0444868 1706907 3539085 1511726 3245479 1518422 1547282
 1704675 0085201 0003592 0021966 0221138 0332256 2700400 0001128 0202406 0205341 0439148 1519795 1547730 1705914 0871161 1292721
 1883351 1514562 0018882 0229304 1704821 1705682 0012456 0439855 1704241 0243122 0392366 1145667 1167622 1257858 0376702 0007634 3282337
 0018882 0229304 1704821 1705682 0596448 0033382 0037179 0087136 0205171 1709915 1882936 1517892 1704666 1547282
 0349966 1337208 1547282
 0439084 0728893 0180459 1556138 1705229 2348299 0205250 1145667 1167622 1299351 1510827 2700149 1547282 0004083 0439849 0596306 0699792
 2348589 0699040 0007634 0086022 0332297 0442335 1145667 1167622 1689898 1705099 2349209 3282337 0042295 1514760 0007634 3282337 0205134 0349966 1337208 0086022 0442335 1705099 0439526
 0392366 0332220 0178576 0332220 0026514 0672719 1417458 1826541 2828360 3539708 1517892 1704666 0013682 2348205
 1705565 1947976 0243122 1145667 1167622 0007634 3282337 0013682 0332220 0026514 0672719 1417458 1826541 3539708 2348205 1101522 0085201 0003592 0021966 0221138 0003592 2984079 0180459 1556138 1705229 2348299
 1274040 1546471 2825142 0456387 1705943 1947931 0018882 0229304 1704821 1705682
 0449911 0333052 2607870 0557702 1272706 1704674 0557702 1272706 1704674 0349966 1337208
 0439084 0728893
 0243122 1145667 1167622 0018882 0229304 1704821 1705682 0074129 1523873 0017108 0597357 1003377 1704241 0007634 3282337
 0074129 0017108 0597357 1003377 2347578 0007634 3282337 0005971 1139930 3537155 1292425 1439852 0450376 0180459 1556138 1705229 2348299 0025664 0184661 1517586 1552738 2700391
 0086045 1446561 1707478 0681814 1706386
 0205134 0205132 1550648 1552960 1301820 0036572 0441548 1511726 3245479 1524063
 1514811 1706462 0683954 1274040 1546471 2825142 1547282 0085201 0230716 0003592 0021966 0221138 1858114 2612461 2697537 0023767 0023779 0332296 1301808 1442792 1880497 1996904 3148680 0026514 0672719 1145667 1167622 1417458 1826541 3539708 0205250 1299351 1510827 2700149
 2348205 0439267 0268226 0439526 1858114 2612461 2697537 0180459 1556138 1705229 2348299 0023779 0332296 1301808 1442792 1880497 1996904 3148680 0349966 1337208 1705535 0332158 0337611 1705415 1521970 1706388 2346469 2348519 0013126 1704675
 1510827 1705535 0301641 0392747 0443172 0205224 1704675
 1707478 1514562 0332157 0205148 0524637 1101522 0085201 0003592 0021966 0221138 0085201 0003592 0021966 0205170 0221138 3146287 0180459 1556138 1705229 2348299 0597177
 1707478 0872079 0033684 1704675 1521970 1706388 2346469 2348519 1704675 1521721 1274040 1546471 2825142 0332220 0681814
 1274040 1546471 2825142 1547282 0085201 0230716 0003592 0021966 0221138 0178576 0332220 2828360 1517892 1704666 0085201 0003592 0021966 0221138 0332297 1145667 1167622 1689898 2349209 1704675 0332158 0337611 1705415 1709915 1882936 2828360
 0332220 0013682 1858114 2612461 2697537 1101522 0085201 0003592 0021966 0221138 0445247 0205250 1299351 2700149 0085201 0003592 0021966 0221138 2984079 0180459 1556138 1705229 2348299
 1705241 1705242 0332220 0013682 0558058 1705241 1705242 0085201 0003592 0021966 0221138 1301808 1442792 3148680 0725813
 1707478 0332220 1301808 1442792 3148680
 0037088 0243095 2825141 0332220 0013682 0332128 1705535 1514562 1518422 0392747 1301808 1442792 3148680
 0205341 1705914 1514562
 0456205 1552853 0180459 1556138 1705229 2348299 0557651 2603343 0023779 0332296 1301808 1442792 1515981 1880497 1996904 3148680
 1883351 0022885 0039593 0392366 3463805 0348078 0376315 1522492 0205214 1522138 3245511 0012456 0439855 1704241 0348078 0376315 1522492 0180459 1556138 1705229 2348299 1704675 0557651 2603343
 1274040 1546471 2825142 1547282 0026514 0332297 0672719 1145667 1167622 1417458 1689898 1826541 2349209 3539708 0205250 1299351 1510827 2700149 0178576 0332220 0026514 0672719 1417458 1826541 2828360 3539708 1517892 1704666 0013682 2348205 1858114 2612461 2697537
 1274040 1546471 2825142 0456387 1705943 0018882 0229304 1704821 1705682 0026514 0672719 1417458 1826541 3539708 0023175 0181586 1442948 1512571 1522538 2348269 3275067 0085201 0441885 2698967 0003592 0021966 0221138 0205341 1705914
 1512571 0037088 0243095 1521721 2825141 0205088 1705314 1705315 0010511 1707271 0085201 0003592 0021966 0221138 0332255 0486805 1708096 0026514 0332297 0672719 1145667 1167622 1417458 1689898 1826541 2349209 3539708 0085201 0003592 0021966 0221138 0005456 0205145
 0332255 1708096 1547282 1510827 0205250 1299351 2700149 0332220 0013682 0439070 1705160
 1274040 1546471 2825142 0332290 0332255 1708096 0456387 1705943 0039551 0205341 1705914
 0018882 0229304 1704821 1705682 0521093 0750484 1456348 0439855 1704241 0332256 2700400 0423896 0456205
 0010511 1707271 0332255 1708096 0332256 2700400 0441635 1704675 1880177
 0947630 1514873 1883351 0022885 0039593 0392366 0456387 1705943 0018882 0229304 1017315 1704821 1705682 1704675 1705241 1705242 0085201 0003592 0021966 0150312 0221138
 1521970 1706388 2346469 2348519 0085201 0003592 0021966 0221138
 0205435 1279901 2612461 0597177 0023821 0332256 2700400 1883525 2346866 0332257 0085201 0003592 0021966 0221138 0085202 0052191 1609817 0003594 0439070 1705160 0003595 0523511 1412481
 0003591 0439849 0445223 0332256 2700400 0205341 1705914
 0023823 0023820 0178587 0205251 0302891 1299352 1550472 0023823 0023820 0178587 0205251 1299352 1550472 0003591 0205666 1862593 0332256 2700400 0018882 0229304 1704821 1705682
 0947630 0086597 0243144 0347980
 0524637 0162807 0027627 0175668 0205214 0205436 0678594 1514562 1522138 1709305 2745955 3245511 0456387 1705943 0018882 0229304 1704821 1705682 0002518 0002520 0332291 2917660 0001128 0004793 0085862 0162326 0162327 0202406 0205419 1299583 1519249 0042333 0441635
 0456387 1705943 0018882 0229304 1704821 1705682 1706211 0002520 0230037 1289210 0015450 0205099 0813983 1281591 1555715 1704332 0681842 1882327 1883351 0015450 1281591 0074129 0017108 0597357 1003377
 0543488 1883351 0333262 0074129 0017108 0597357 1003377 0009085 2825491 0007961 0205160 1513916 1706211 2825415
 1521970 1706388 2346469 2348519 0085201 0003592 0021966 0221138 0332256 2700400 0456387 1705943 0018882 0229304 1017315 1704821 1705682
 1858114 2612461 2697537 1948062 0085201 0003592 0021966 0221138 0205341 1705914 1513371 1705738 2347637 2348146 1637379 1883351 0330386 0442632 2612461 0597177 0029266 1704322 1704972 3539923
 1316572 1317574 1369612 1510827 1858114 2612461 2697537 0085201 0003592 0021966 0221138 0004093 1762617 0034821 1366529 0023823 0065059 0599283 0023820 0178587 0205251 0597357 1299352 1510827 1550472 1707455 0023823 0023820 0178587 0205251 1299352 1550472 0205666 1862593 0332290 0023821 0023820 0178587 0205250 1299351 2700149 0026514 0672719 1417458 1637379 1826541 3539708
 1704675 0008387 0014898 0243144 0347980 0439831 0030685 0391871 0439180 0680255 1283071 1963578 0023636 0329040 1511572 0040671 1705822
 0074129 0023821 0023820 0178587 0205250 1145667 1167622 1299351 2700149 0003591 0023823 1518422 2963144 1749399 0597358 0243122 1145667 1167622 0003591 0086597 0127400 1705242 0008387 0014898 0040710 0205163 0243144 0347980 0439185
 1707455 0023821 0023820 0178587 0205250 1299351 2700149 1707959 1547282 0243144 0347980 0332462 1880834 0442799 0023821 0023820 0178587 0205250 1299351 2700149
 1883712 0085201 0003592 0011155 0021966 0025914 0025929 0026809 0221138 0557651 0947630 1636779 2603343 1705535 1514873 0008387 0007634 3282337 0011155 0162429 1623416 1280500 2348382 0583325 0441889
 1514873 0558058 0035820 1705810 1184743 1522240 0243122 1145667 1167622
 0947630 0596988 0085201 0332148 0750492 2986490 0162340 2247768 0243122 1145667 1167622 0074129 0040671 1705822 0444669 1167518 1706352 1882467 3274653 0023821 0007603 0025255 0032105 0596901 1550098 1706182
 0441712 1706376 0205170 3146287 0162340
 0947630 0008387 0014898 0023821 0086045 0439182 0560560 0578671 0812409 1269909 1299988 1446561 2699029 0439799 1706095 2612461 0597177 0023821 0007603 0025255 0032105 0596901 1550098 1706182
 1517050 0521119 1880389 1883221 3541951 0205172 1145667 1167622 0023821 0023820 0178587 0205250 1299351 2700149 0577538 0597177 0007603 0025255 0032105 0587267 0596901 1550098 1706182
 1517050 0521119 1880389 1883221 3541951 0700364 1883351 0008387 0014898 0442799 1514873 0040671 1705822 0205431 1522492 2362652 1704259 1705987
 1517050 0521119 1880389 1883221 3541951 0348078 0376315 1522492 1704259 1705987 0872079 1704675
 1274040 1546471 2825142 0332220 0002778 0936012 1524024
 0740116 2827735 2981700 1708639 0183683 1521721 1512612
 1511726 3245479 1547282 0178576 0332220 2828360 1517892 1704666 1705920 0332232
 0085201 0678226 0003592 0021966 0221138 3146286 0178576 0332220 2828360 1517892 1704666 0349966 1337208 1708639 0332232 0678226 0026514 0672719 1417458 1826541 3146286 3539708
 1442162 1550718 3244317 0026385 0005910 0043100 0750489 1305866 1521991 1705104 0577559 1306372 3152252 0558058 0596448 0033684 0205447 0439855 1704241 0025252 0025255 0033684 0596901 1706182
 0947630 0349590 1262865
 2986676 0001895 0041740 1551894 2825084 0002778 0936012 1524024 1883073
 0018896 0028013 2348274 0369718 0441922 1553036

 2825232 0043227 0027468 0018173 0018684 0021622 1521721 3245503 0011318 0035170 0035168 0242481 0243107 0442603 0678723 1515981 1527148 0199168 0587569 1546531 0557854 2825316 3245478 0079816 1556038 3496098 1549054 0042610 1704729
 0010186 0220812 0449719 1709471 0220808 0680264 0007961
 1706852 0522501 1706089 0949214

 0282413 0376649 1442065
 0254343 0796520 3272379

 0085205 1549619 1880669
 0013849 1705961 0024492 1538057 1547565 0059804
 0376649 1442065 1708595 3280986
 0020017 0019994 1510665 0031525 3541314
 1709854 1552857
 0034037 1704324 0030351 0000723 0000723 1273517 0023821 0023820 0178587 0205250 1299351 2700149 0023821 0023820 0178587 0205250 1299351 2700149
 0023823 0023820 0178587 0205251 1299352 1550472 0023823 0023820 0178587 0205251 1299352 1550472
 0003591 0003591
 0012456 0012456
 0044576 0058325 0580272 1519043
 0058494
 0046905 0439086 2827736 2981702
 0009458 0325564 0392747 0439536 1551720 1705217 3244283
 0036774 0036773 0728877 0001924 0007452 0229671 1140701 1546774 1550100 0036774 0036773 0728877 0001924 0007452 0229671 1140701 1546774 1550100
 0007452 0015965 0229671 0521457 1140701 1546774 1550100 0007452 0015965 0229671 0521457 1140701 1546774 1550100
 0074129 0441885 2698967 0074129 0441729 0017108 0021966 0221138 0332307 0456387 0597357 1003377 1547052 1705943
 0991865 0006353 0031603 0031701 0036082 1601799 0991865 0006353 0031603 0031701 0036082 1601799
 0008387 0014898 0008387 0014898
 2983605 0368909 0008377 0332296 1880497 1996904
 0008562 0008562 0008565 0008550 0033095 0205250 0302908 0460139 1299351 1304698 1306345 1546699 1561501 2700149
 0009458 0205224 0439536 0547040 1524031 1705217 2945599 3244283
 1514811 1706462 0557061 2584313 1514811 1706462 2827734 2981698
 0205090 0684010 2603358
 2603360
 0369773 2603361 0369637 0441923

 1708595 3280986


 0201682
 0740116 2827735 2981700

 0021966 0221138
 0016327 0439133 1553038 0205090 0684010 2603358


 1315013

 0025141 0439086 2827736 2981702
 0017596 1947936 1553033 0205090 0684010 2603358



 0201682

 0017596 1947936 1553033 0205090 0684010 2603358

 2347469
 1418943

 0268596 2700624
 3642273
 0041703
 0000857 0600678 1552863 0439084 0728893
 0439267 0439267 0439114


 0025141

 2603360



 0201682

 0999213
 0021966 0221138 2603362

 1315013

 0025141
 1551641

 0023779
 2347379
 0000857 0600678 1552863

 2603360 2347469


 0201682


 2603362
 0597277 1708601
 1511325
 0439394 1706495 3642217
 0439394 1706495 3642217

 1315013

 0439073 0439082
 0597277 1708601
 2603360 0033727 0369286 0441932 0564385
 0033727 0369286 0441932 0564385 0369637 0441923
 0036397 0000857 0600678 1552863
 0597277 1708601
 2603360 0205090 0684010 2603358
 0597277 1708601 0033727 0369286 0441932 0564385
 0033727 0369286 0441932 0564385

 1315013



 0205090 0684010 2603358 0369773 2603361 2603362
 0205090 0684010 2603358
 2347469 0205090 0684010 2603358

 0439394 1706495 3642217


 0201682

 0439267 0442999 1621797
 0597277 1708601 0597277 1708601
 0205090 0684010 2603358
 0597277 1708601
 0439394 1706495 3642217 0033727 0369286 0441932 0564385
 0033727 0369286 0441932 0564385


 0201682

 0597277 1708601 0332583 2603362
 0205090 0684010 2603358 0369718 0441922 1553036 0439114


 0201682

 0205090 0684010 2603358
 0439394 1706495 3642217 2603362
 0014137


 0023779
 2347379

 0439394 1706495 3642217 2603362

 0023779
 2347379

 2603362

 0023779
 2347379
 0000857 0600678 1552863
 0205090 0684010 2603358
 2347469 0205090 0684010 2603358
 2347469
 0439394 1706495 3642217
 1418943

 0268596 2700624
 3642273
 0041703

 0205090 0684010 2603358
 0557775 1511780
 0205090 0684010 2603358 2603362


 0025141
 2347469
 0033727 0369286 0441932 0564385 0439482 0369637 0441923
 1418943

 0268596 2700624
 3642273
 0041703
 0450348
 0369637 0441923
 0016327 0439133 1553038 0369718 0441922 1553036
 0033727 0369286 0441932 0564385 0227136 0369637 0441923
 0597277 1708601
 2709212
 2603362
 0023493 1961099
 0205090 0684010 2603358
 1418943

 0268596 2700624
 3642273
 0041703

 2603362
 0369773 2603361
 0033727 0369286 0441932 0564385
 0016327 0439133 1553038 0369637 0441923


 0201682

 2603362
 0439394 1706495 3642217 0369637 0441923


 0201682

 0205090 0684010 2603358
 0017596 1947936
 0597277 1708601
 0369637 0441923


 0201682


 0021966 0221138 0369637 0441923

 0023779
 2347379
 0000857 0600678 1552863
 0205090 0684010 2603358
 0033727 0369286 0441932 0564385

 0033727 0369286 0441932 0564385

 1315013

 0025141
 0369773 2603361 1553033 0369637 0441923
 1315013

 0025141
 1883069
 0369637 0441923
 1553033 2603362


 0201682
 0450355

 0205090 0684010 2603358 0369718 0441922 1553036
 0033727 0369286 0441932 0564385 2347469
 0003461 2939124

 0025141
 0439267
 0443013

 0439267
 0016327 0439133 1553038 2347469
 0033727 0369286 0441932 0564385 1551730 2603360


 0369773 2603361


 0201682

 0439267


 0369773 2603361 0369637 0441923



 0201682

 2603362
 0597277 1708601 0678579 0369637 0441923

 0025141
 0369637 0441923
 2603362
 0369718 0441922 1553036

 0439394 1706495 3642217


 0201682


 0597277 1708601
 0349590 1262865 0025141
 0439114
 0033727 0369286 0441932 0564385 0369718 0441922 1553036
 1441583
 0439394 1706495 3642217 0205090 0684010 2603358



 0201682


 2603362
 2603360 0205090 0684010 2603358
 0369637 0441923
 1553033
 0439394 1706495 3642217


 0201682

 2303040 0439267
 0033727 0369286 0441932 0564385 0369637 0441923
 0439267 2603362
 0369637 0441923
 1553033
 0439394 1706495 3642217

 0023779
 2347379
 0439509 0439509
 0439267 2303040 0369637 0441923
 0439267 0008532 0344346
 0369637 0441923
 0369773 2603361
 0439394 1706495 3642217 0439267
 0033727 0369286 0441932 0564385

 0025141

 0439267

 0027960 0324740 0439189 1456781 1824986

 0025141
 0337841 1553033 3495095 0033727 0369286 0441932 0564385 0443030 0369637 0441923
 0369718 0441922 1553036 0439394 1706495 3642217

 0027960 0324740 0439189 1456781 1824986

 0025141
 1883069
 0369637 0441923



 0201682


 0439267 0439267
 0369637 0441923


 0025141
 2347469 0369718 0441922 1553036 0439267 1537575 0439394 1706495 3642217 0205090 0684010 2603358
 0369637 0441923

 0023779
 2347379
 0000857 0600678 1552863

 0369773 2603361 0443013 0369637 0441923
 0597277 1708601
 0597277 1708601 0332239 2603362
 0033727 0369286 0441932 0564385 2603360
 0439394 1706495 3642217 0369718 0441922 1553036

 0023779
 2347379


 0369773 2603361 0443013 0369637 0441923
 0597277 1708601
 0597277 1708601 0439267




 0000857 0600678 1552863
 0205090 0684010 2603358
 0369637 0441923

 0439394 1706495 3642217


 0201682
 0009993 0037455 0596070 1552856 0005477 0026376 0005532 1521991