 0597360 0185117 1706395 0004793 0162326 0162327 1519249 0600600 0020479 0020476 0597298 0597277 1708601
 0017398 0017399 0026376 0005532 1521991 0587487 1704729 0013227 0025118 0028407 0041740 1709269 0442532 0028407 1709269 0034036 0034037 1514756 1704324 0348078 0376315 1515981 1522492 1527075 0557061 2584313 1514811 1706462 0597357 0086597 0449297 1382187 2825073 0023820 0034821 1366529 0023823 0065059 0023820 0178587 0205251 0597357 1299352 1550472
 0185117 1883351 0032930 0040048 0050325 0960756 1521761 2827422 0086418 0019904 0003595 0523511 1412481 0740116 2827735 2981700
 1883351 0022885 0039593 0392366 1280500 2348382 0597360 0185117 0034821 1366529 0023823 0543483 0699748 0020479 0020476 0441731 3146294 0002085 1519595 3493221 0034821 1366529
 0040649 0004793 0025914 0025929 0026809 0086860 0162326 0162327 0205227 0851285 1519249 1706395 1257757 0035696 0205217 0205360 0442805 1274040 1546471 2347098 2825142
 0023884 0736268 1278929 2346688 0019425 0678587 0683927 0205361 0441889 1301808 1442792 3148680 1519595 0441889 1520150 1883559 0025914 0025929 0026809 0332307 0445392 1547052
 0282416 1561607 0456948 0456949 0441889 0456079 1547707 2946261 0019425 0020479 0020476 0441731 0019904 0015127 1524003 0003595 0523511 1412481 0002085 1882115 1979963 2003903
 0917903 0442805 1293130 0205410 0309872 0681773 0032931 0032932 1642401 2584299 0025914 0025929 0026809
 0557061 2584313 1514811 1706462 0020479 0441729 0441731 0020476 0332307 0439070 1547052 1705160 0025517 0494345 0596848 0012634 0858034 0020443 0008377 0023175 0032105 0181586 0205250 1442948 1522538 1550098 2348269 3163633 3275067 0086045
 0597177 1514468 1704444 0023825 0023823 0442811 0023820 0178587 0205251 0442824 1299352 1550472 0021853 1441547 1708548 3245521 0023884 0736268 1278929 2346688
 0023823 0023820 0178587 0205251 1299352 1550472 0023823 0023820 0178587 0205251 1299352 1550472 0023820 0020479 0441731 0020476 0332307 0439070 0681850 1547052 1550501 1705160 1706203 2349001 2697811 0004153 0231203 1855073 0011065 1306577 2827734 2981698
 0020479 0020476 0441731 0019247 0332281 0038164 1171362 0003595 0033684 0185117 0221099 0523511 0684336 1412481 0740116 2827735 2981700 0439086 2827736 2981702 0011155 0162429 1623416
 0205393 0332281 0027361 0237401 0019904 0002085 1514468 1704444 1510827 0205214 0597298 1522138 1707455 3245511
 0019904 0740116 2827735 2981700 0205410 0001675 0019904 0205171 1706450 1720467 0012634
 0003595 0523511 1412481 0019904 0151718 0035647 0439084 0728893
 0205166 1706317 0017296 0314603 1516998 0002085 0020479 0441731 0020476 0243107 0332307 0439070 0678723 1514873 1527148 1547052 1705160
 0020479 0020476 0205319 0700597 0043210 1835401 0206132 0001779 0025266 0043210
 0043210 1883351 0020479 0020476 0025320 0567312
 1833334 0332162 0332281 0028754 1963185 0560219 0001948 0001962 0001975 0009830 1947907 0011849 0011847 0020676 2827734 2981698
 0441712 1706376 0012634 0348080 1705253 0205263 0020479 0020476 0441731
 0332149 1705910 2362652 0012634 0348080 1705253 1149327 0034821 1366529 1325353 2265601 0023823 1152818 0949469 0013081 0065059 1152633 0599283 0023820 0178587 0205054 0205177 0205251 0439167 0441655 0597357 0851285 1274040 1299352 1327622 1546471 1550472 1561536 2825142 0023820 0243144 0332152 0347980 0392756 1522538 0332256 2700400 0003595 0523511 1412481
 1550608 0014939 2936882 1547282 1883351 0442805 1149327 1325353 1152818 1152633 0205177 0439167 0441655 1561536 0034821 1366529
 0392756 0547047 0043210 0232970 0039869 1883351 1149327 0034821 1366529 1325353 0023823 1152818 0065059 1152633 0086439 0599283 1265608 1291139 0023175 0023820 0178587 0205054 0205177 0205216 0205251 0392756 0439167 0441655 0442797 0597357 1299352 1442948 1522538 1550472 1561536 2348269 3275067 0005775 0040223 1516559 3541383
 0025914 0025929 0026809 0052198 1299987 0009219 0162326 0079941 0003595 0523511 1412481 0002085 0025914 0025929 0026809
 0025914 0025929 0026809 0015272 0524899 0001779 0079399 0804628 1522384
 1705535 0017296 0314603 1521761 2827422 0032930 1444748 0031437 1285572 0025914 0025929 0026809 0150312 0449450
 1521761 2827422 0441889 0456079 1547707 2946261 0025914 0025929 0026809
 1955473 0025936 0003069 0025914 0025929 0026809 0052198 1521970 1706388 2346469 2348519 0003595 0523511 1412481 0332197 2699517
 1514559 1517499 0017337 0040671 1705822 1547282 1883351 1280519 1704419 1979963 2003903
 0684224 0700287 3273238 0205081 1881878 1514559 0031437 1285572
 0442805 1257757 0035696 0205360 2347098 2349975 0025914 0025929 0026809 0878517 1883351 3493221 0034821 1366529 0023823 0065059 0023820 0178587 0205251 0597357 1299352 1550472 0034821 1366529 0023823 0065059 0023820 0178587 0205251 0597357 1299352 1550472
 0557061 2584313 1514811 1706462 0441513 0314644 0017446 0205147 1366529 0017337 0032136 0205409 1548221
 1366529 1332838 1524063 0017337 0026809 0332453 0591833 1273517 1521840
 0031831 1707664 1999230 2348314 3540849
 0040371 0041740 0022341
 0332255 1708096 0332256 2700400 0032136 0205409 1548221 0025936 0003069 0025914 0025929 0026809 1273517
 0031831 1707664 1999230 2348314 3540849
 0041740 0022341
 2945843 0205145 0332255 0332529 1515974 1708096 2825164 0205145 1515974 2825164 3272453 0012854 0017428 0887950 0332255 1708096 0205145 1515974 2825164 0006556 0086418 0332255 1708096 0037081 0004793 0162326 0162327 1519249 1710082
 1883633 0017446 0205147 1334043 2697616 0332255 1708096 0205145 1515974 2825164 0017337 3272453 0012854 0017428 0025914 0025929 0026809 0887950 0032520 0677874 1524063 0206415 0004793 0006556 0034037 0162326 0162327 1519249 1704324 1707689 2983265
 0332255 0486805 1336633 0040078 1366752 0017337 0031727 0040077 0086022 0441587 0442335 1705099 2827421 0349966 1337208 1547282
 0450344 1553633
 0064230 0027603 0031727 1366752 0017337 0029266 0040649 0445247 1704322 1704972 3539923 0442504 1704765 1882509 3496241 1366529 0017337
 1366752 0017337 1550539 1553396 1554078 0205145 1515974 2825164 1366529 0017337
 0872178 0035139 0559956 1555302 0086022 0442335 1705099 0596508 0038250 1947950 0007634 0013935 0242767 1186763 3282337 1413028 0041405 1824670 3272447 0010454 0009458 0036576 0162867 1254021 0010453 0220814 0430400 1552738
 0007634 3282337 0332325 2827757 0017066 0205409 1548221 0032520 0677874 0220908 1305399 1705053 1524063 0050397 0077072 0205369 0206415 1167383 1366752 1420714 1428097 1552740 1861305 3538813 2827421 0206415 0796552 1417239 1455888 2986643 0021920
 1521840 0005862 1148472 0521093 0002778 0750484 0936012 1524024 1710133 1524063 0182400 1704681 2347609 3536729 0015295 1441547 3245521 0017337
 0008109 0596508 0221284 3272919 0007634 1521840 3146294 3282337 1521751 0025921 0025914 0025929 0026809 0006159 1704650 1301820 1706701 1622977 1707722 0040722 0242781 1521797
 0017431 0033727 0369286 0441932 0564385 0032520 0332255 0392148 0677874 1708096 1524063 0206415 0206415 0439084 0728893 2699751
 0002085 1520150 0032520 0332255 0442726 0677874 1511790 1708096 0450380 0015295 0040405 0205369 0206415 0220668 0439084 0728893 1516476 1552740 2699751 0206415 1282910 1552828
 0025914 0025929 0026809 0019425 0025914 0025929 0026809 0052198 0006159 1704650 0019904 0003595 0523511 1412481 0017337
 0025914 0025929 0026809 0025914 0025929 0026809 0052198 0205203 0025914 0025929 0026809 0019904 0017337 0019425 0025914 0025929 0026809
 0025914 0025929 0026809 1517331 0025914 0025929 0026809 0052198 0205203 0019904 0017337 0025914 0025929 0026809 0019904 0017337 0019425 0025914 0025929 0026809 1880022
 0025914 0025929 0026809 1273517 1880022 0205430 1421951 1720722 1292426 0015663 0456962 0002778 0936012 1524024 1278073
 0025914 0025929 0026809 0342895 0324335 3538743 0012155 0489654 1442959 1519433 1705493 2983588 0008377 1709500 2919747 0424612 1709500 2919747 1336633 0040078 0017337 0031727 0040077 0309847 1879743
 0002778 0936012 1524024 0025914 0025929 0026809 0029944 1546941 0681205 0023884 1512335 0181637 0262485 0260055 1550121 0016701 0028158 0302908 0677542 1304698 1546699 1550581 1561501 1698986
 0035668 0040300 1547928 1521827 1524063 0034760 0332282 0442711
 0005861 0002778 0936012 1524024 1621557 0332255 1708096 0332255 1708096 1273517 0182400 1704681 2347609 3536729 0205369 1552740 0314604 0017337
 0005507 0243073 1510438 1514433 1707689 2983265 1883351 0086418 0470166 1524063 0040405 0149561 0206415 0004793 0162326 0162327 0237876 1519249 1522138 1366529 0017337
 0010734 1420150 0011065 0231800 1704631 1514433 0231448 1880641 0332294 0026809 0231448 0470166 0591833 0678226 1880641 0231448 1880641
 0332255 0486805 0071500 0017243 0071499 0086972 0443299 0687118 1382104
 0061145 0206415 1415053 1422172 0332257 0443286 1114821 3538986 0017262 0185117 0597937 0205102 0243148 1550141 1553872 1619620 1882979 2587213 3274648
 0002778 0936012 1524024 1514433 0035696 0439175 0439810 0884358 1552738
 0011321 1273517 1883351 1265611 0027976 1879958
 1883351 0871208 1521828 0003062 2985205 0039259 0042449 1278960 1720154 0010934 0001259 3536807 0005910 1305866 0043100 0242821 0460148 1268086 1705104 0002402 0005910 1305866 0043100 0242821 0460148 1268086 1705104
 0003062 2348792 0040223 0440102 3541383 0681205 1552961 2347617 0021485 1272883 1533685 1828121 0035696 1521827 1524063 0442711
 0002778 0936012 1524024 1278073 0032105 1550098 0205409 1548221 0201950 0543421 0008377 0439175 0439810 0023822 0392885 0008377 0041004 0444706 3541902 1552738
 0365304 0032127 0449468 0009253 0036864 0079399 1314687 1522384 0003062 1709595 2349200 0023820 0041609 0086972 0443299 0687118 0599209 0008565 0008550 0015663 0033684 0302908 0456962 1304698 1546699 1561501 1552738
 1264633 0991865 0006353 0031603 0031701 0036082 1601799 2678549 1882074 0020283 0450407 0450408 0450409 0600209 0002778 0936012 1524024 1704732 0681850 1550501 1706203 2349001 2697811 1552738
 0449297 1382187 2825073 0023823 0023820 0178587 0205251 1299352 1550472 0023825 0023823 0442811 0023820 0178587 0205251 0442824 1299352 1550472 1264633 0003595 0011155 0025914 0025929 0026809 0032105 0205409 0523511 1412481 1548221 1550098 1636779 0041609 0042153 0457083 1947944 1522485 0947630
 0023825 0023823 0442811 0023820 0178587 0205251 0442824 1299352 1550472 0023823 0023820 0178587 0205251 1299352 1550472 1524063 0025664 0184661 2700391 0450348
 0226543 1278963 0022427 1280188 1549090 0042449 0205101 1278960 0332157 0085590 0232920 0441640 0678108 1704454 0086376 0033684 0439267 0023688 1720154
 0205548 0021485 1272883 1533685 1828121 0085590 1704454 0849355 0191279 0184898 2338258 0587267 1524063 0038969 0443239 0502420 1512900
 0178913 0370003 2347026 0025914 0025929 0026809 0205095 0441621 0521438 0699036 0870078 1516695 1516698 1720436 2348792 0040223 3541383 1552961 2347617 1527428 0017011 0677601 1552644 1705206 2349976 1709793
 0557061 2584313 1514811 1706462 0872178 0035139 0559956 1555302 0679199 1273517 1883351 0332454 1366529 0017337 1554078 0015295 0086418 0349966 1337208
 2827734 2981698
 0599773 2984295 0034865 1334043 0450344 1553633 2827421 0450345 0598468 0017337 0020205 1274040 1546471 2825142 0086860 0205227 0243148 1550141 1882979 2587213 3274648
 0314642 0162326 0220905 1704735 1708726 0205266 1554187 1711300 2700613 0439086 2827736 2981702 0086418 0559956 1299987
 0600680 1420099 1540171 0205448 1282927 1442161 1511760 1880274 3494461 0018026 0013879 0699759 1519595
 1883712 0332256 2700400 0032400 0071360 0747726 0037081 0162326 1710082
 0033684 0598467 0008109 0017337 1142652 0033684
 1708726 0314650 0079411 0242781 0332289 1521797 3146294 0008109 1512140 0007600 0596508 0221284 0007634 0205132 0205447 1269647 1521840 1704653 1948049
 1160186 1260875 1748461 1299950 0332506 0080141 0205307 0392747 0439166 0449774 0456389 1708726 2347086
 0002085 0033727 0369286 0441932 0564385 1520150 1883559 0002085 0025914 0025929 0026809 0332307 0445392 1547052
 0449911 0333052 2607870 0557702 1272706 1704674 0557702 1272706 1704674 0349966 1337208
 2827734 2981698
 0872178 0035139 0559956 1555302
 1517495 0029237 0029246 0220885 1300196 1522486 0179400 1638312
 3494461 0018026 0013879 0699759 1551058 0007457 0043157 0220938 0205142
 2945706 0733755
 2347469 2827421 0332256 2700400 0439084 0728893 0206655 0446516 1269078 1269612 2681631 0205132 1366529 0314604 0015295 0017337 0086418 0443239 1512900 0332283 0006556 0439659 0015295
 0179400 1638312 0015295 0205132 0021920
 0205435 1279901 0205142 0169964 0376560 0032400 0037663 0332283 0018270 0019932 0071360 0086418 0220844 0747726 1621966 2911660 0037081 0004793 0162326 0162327 1519249 1710082 0179400 1533124
 0064230 0027603 0031727 1366752 1336633 0017337 0040078 0596508 0221284 0007634 0036576 0439158 0441587 1269647 1521840 1704653 1948049
 1708726 0598467 0008109 0017337 1274040 1546471 2825142 1547699 2700640
 1257757 0683927 0035696 0441889 0025914 0025929 0026809 0185117 0005861 0521093 1621557 0002778 0035696 0750484 0936012 1524024 1709269 0182400 1704681 2347609 3536729 0205369 1552740
 0150312 0449450 0003062 0205171 1720467 0019425 0175723 0439645 1521913 1520150 1883559 0025914 0025929 0026809 0332307 0442726 0445392 1511790 1547052 0175723 0439645 1521913
 0392148 0521093 0750484 0025914 0025929 0026809 0205369 1552740 0441994 1548802 2003888 0441833 1999270 3537156
 0025914 0025929 0026809 1520150 1883559 1547372 0025914 0025929 0026809 0332307 0441889 0445392 0470166 1547052 1517945 1948062 1366529 0017337
 0449911 0333052 2607870 0557702 1272706 1704674 0557702 1272706 1704674 0349966 1337208
 0740116 2827735 2981700
 0017262 0185117
 0441833 1999270 3537156 0005861 0002778 0936012 1524024 1621557 1524063 0182400 1704681 2347609 3536729 0205369 1552740
 0035668 1883559 0205409 0332307 0445392 1547052 1548221 0019425 0025914 0025929 0026809 0200931 0002778 0032520 0677874 0936012 1524024 0017431
 0336721 0733755 0035703 0035668
 0441833 1999270 3537156 1321564 0182400 1704681 2347609 2986904 3536729 0205369 1552740
 2347469 0872262 0002778 0936012 1524024 1520150 1883559 0025914 0025929 0026809 0205409 0332307 0445392 1547052 1548221 0019425
 0175723 1882932 1519595 1414968 3536868 2260086 0017855 1444656
 0035668 0015780 0025914 0025929 0026809 0043210 0086287 0205409 0205452 1548221 1705497 1705498 0025914 0025929 0026809 0342895 0324335 0025914 0025929 0026809 0342895 0012155 0489654 1442959 1519433 1705493 2983588
 1514433 0231448 1880641 0027361 0237401 0884358 0370003 2347026 0086418 1519595 0011321 1709793 0042295 1704970
 0470166 0179400 1533124
 0470166 0179400 1533124
 0025914 0025929 0026809 0470166 0392756 0369773 2603361 0025914 0025929 0026809 0342895 0012155 0489654 1442959 1519433 1705493 2983588 0025914 0025929 0026809 1707455 0342895 0324335
 1883351 0750572 0521115 1265611 0470166 0679199 1514433 0206415 0004793 0162326 0162327 1519249 0086418 1366529 0017337 0450354 1706096
 0470166 0231448 0231449 0439792 1709450 0470166 0231448 0231449 0439792 1549081 1692758 1709450 0010734 1420150
 0019425 0678587 0683927 0205361 0441889 0456079 1301808 1442792 1547707 2946261 3148680 0439086 2827736 2981702 0369718 0441922 1553036 0040223 1632851 0441889 0456079 1547707 2946261 0369773 2603361
 0441889 0025914 0025929 0026809 2825407 1520150 1883559 0025914 0025929 0026809 0332307 0445392 1547052 0470166 0086418 0205217 0442805 0332462 1880834 1519042
 0013081 0851285 1327622 0871261 1704632 1706817 2911692 0441889 0470166 0376209 0456081 0683269 0025914 0025929 0026809 1564097 0017362 0013879 0040649 0220905 1704735 0034987 0205266 1554187
 0470166 0205307 0324335 0392756 0439166 0441889 0450387 0456079 1547707 2347086 2946261 0871261 1704632 1706817 2911692 1708715 0008395 1158770 0851285 1327622 0205266 1554187 0205245 0542341 2700217
 1883351 0678587 0683927 0205361 0441889 0456079 1301808 1442792 1547707 2946261 3148680 0678226 0470166 1293130 3146286 0010934 0001259 3536807 0002402 1521801 1515655
 0013227 0018790 0237477 0392351 0521111 0040649 1257758 0201785 0035696 0242485 0683607 1265875 2700592 0871208 1521828
 0007589 1511938 2945687 0470166 1883708 1273517 1883351 0871208 1521828 0023884 0736268 1278929 2346688
 0002778 0936012 1524024 0449247 0450365 1706097 1547282 0470166 0018517 0376558 1265875 2825407 0470166 0018517 0376558 1265875 2825407
 0521093 0750484 1456348 1517945 1519595 0442805 0549177 1274040 1546471 2825142 0205360 2347098 1515655
 0449911 0333052 2607870 0557702 1272706 1704674 0557702 1272706 1704674 0349966 1337208
 0439086 2827736 2981702
 1257757 0205360 2347098
 1306645 1548003 0025914 0025929 0026809 0027361 0205409 0237401 1548221 1442162 1550718 3244317 0191100 0021485 1272883 1533685 1828121 0005910 1305866 0043100 0242821 0460148 1268086 1705104 0002402 0005910 1305866 0043100 0242821 0460148 1268086 1705104 0040223 3541383
 0025914 0025929 0026809 0040223 1632851 0681205 0021485 0687676 1272883 1533685 1704687 1828121 1444656
 1708639 1882932 0035668
 2347469 1265875 2700592 0035696
 0035696 0441889 1282913 1551714 1282913 1551714 0080103 0205345 1547039 2348792 0040223 1552961 2347617 3541383 0040223 3541383
 0018517 0376558 2825407 1515981 0205435 0444686 1279901 1292425 1441506 1443182 1511726 3245479
 0301630 0392756 0441610 0025914 0025929 0026809 0019425 0019904 0025914 0025929 0026809 0015272 0332232 0301630 0392756 0441610 0023822 0392885 0008377 0324335 3642216 0369718 0441922 1553036 3642216 0369718 0441922 1553036 1707455 3642216
 0301630 0392756 0441610 0185117 1519595 0599883 1527180 0449911 1705241 1705242 0019425 0019904
 1880022 0019425 0025914 0025929 0026809 0043194 0258432 1421478 1883559
 1521798 0025914 0025929 0026809 3642216 0369718 0441922 1553036 1520150 1883559 0025914 0025929 0026809 0332307 0445392 1547052 1707455 3642216 0369718 0441922 1553036 0301630 0392756 0441610 1273937 0237881 0750502 1546944 0795725 0369773 0450348 2603361
 0013856 0596607 1706746 0013855 0017243 0036681 1382104 0450373 1553636 1514534 0002778 0936012 1524024 0599209 0450375 0032105 1550098 1547282 0449774 0332290 0023822 0392885 0008377
 0025914 0025929 0026809 0597177 0597177 0392756
 0002778 0936012 1524024 0041609 0178587 0205409 1548221 1548958 1705294 1547282 0301630 0392756 0441610 0301630 0441610 0520444 0003601 0450376
 0205666 1862593 0150312 0449450 0439526 0332197 2699517 0025914 0025929 0026809 0175723 0439645 1521913 0205666 1862593 0750482 1707959 1881707
 0003595 0523511 1412481 1264633 0032105 0392756 1550098 0025914 0025929 0026809 0205171 1720467 1265611 0597177 0023825 0023169 0023823 0442811 0023820 0178587 0205251 0442824 1299352 1550472
 0449911 0333052 2607870 0557702 1272706 1704674 0557702 1272706 1704674 0349966 1337208

 1278073 0023779 0520511 1704711 0019425 0019425 0025914 0025929 0026809
 0032105 1550098 0024554 0086582 0342895 0324335 1706746 0017243 0036681 1382104 0013855 0117300 0332575 0424612 1260956 2986582
 0733755 0023820 0332152 0740175 2257086 1444656
 2347469 0032105 1550098 1709595 2349200 0025914 0025929 0026809 0342895 0324335 0599209 0008565 0008550 0015663 0033684 0302908 0456962 0936012 1304698 1546699 1561501 1185738 1706132 0075647
 1264633 1516695 1516698 0023779 0439267 0444706 1264633 1554103 3541902
 0041405 1824670 3272447 0201950 0543421 0008377 0439175 0439810 1282913 1551714
 0337445 0041004 1282913 1551714
 1522609 0042295 0237753 1882932 0032105 0441889 1550098 0003062
 0032105 1550098 1709595 2349200
 0019425 0025914 0025929 0026809 0342895 0324335 0041609 0178587 1548958 1705294 1979893 1264633 1554103 0600209 1538568 0017243 0439182 0812409 1382104 1704732 0013855 0056270 0054051 0056269 1260957 2986582
 1264633 0332283 1719822 2827734 2981698 1300565 0439526
 2827734 2981698 1300565 0439526
 2827734 2981698 1300565 0439526
 2827734 2981698 1300565 0439526
 2827734 2981698 1300565 0439526
 2827734 2981698 1300565 0439526
 2827734 2981698 1300565 0439526
 0073187 1709595 2349200 0025914 0025929 0026809 0342895 0012155 0489654 1442959 1519433 1705493 2983588 0599209 0008565 0008550 0015663 0033684 0302908 0456962 0936012 1304698 1546699 1561501 1185738 1706132 0075647
 1264633 1516695 1516698 0023779 0439267 0444706 1264633 1554103 3541902
 0041405 1824670 3272447 0201950 0543421 0008377 0439175 0439810 1282913 1551714
 0337445 0041004 1282913 1551714
 1522609 0042295 0237753 1882932 0032105 0441889 1550098
 0342895 0012155 1442959 1519433 2983588 0332256 2700400 0008377 1709500 2919747 0424612 1709500 2919747 0201950 0428466 0858034 0008377 0441889 0025914 0025929 0026809 0205217 0442805 3642216
 0442805 0678226 0442805 3146286 0023822 0392885 0008377 0599209 0008565 0032120 0036825 1168405 1514534 0002778 0008550 0015663 0032105 0033684 0302908 0456962 0936012 1304698 1524024 1546699 1550098 1561501 1547282 0025914 0025929 0026809 0441833 0687744 1257890 1552516 1552839 1705428 1705429 0450377 2986754
 1705535 1883559 0332307 0445392 1547052 0025914 0025929 0026809 0008395 0008377 0012155 2699635
 0441889 0456079 1547707 2946261 0020479 0020445 0020476 1948062 0025914 0025929 0026809 1292748 0003595 0523511 1412481 0052198 0003595 0025914 0025929 0026809 0442504 0523511 0740116 1412481 1704765 1882509 2827735 2981700 3496241 0025914 0025929 0026809 0015272 0442805 0683927 0035696 0441889 0025914 0025929 0026809 0052198 1707455 1511726 3245479 1518422 1547282
 0456603 1610540 0035696 0441889 2348205 0025914 0025929 0026809
 0025914 0025929 0026809 0205307 0324335 0439166 1314677 2347086 0020479 0020476 0441731 0201950 0428466 0858034 0008377 0441889 3642216 0041004
 1979874 0858309 0858034 0008377 0440742 0428475 0041004 0441889
 0042295 2348205 1705535 0442805 0205410 1882115 1278073 0023779
 0301630 0441610 0041004 0025914 0025929 0026809 0052198 1441672 1551359 2741673 2981730 0023825 0023823 0442811 0023820 0178587 0205251 0442824 1299352 1550472 0013856 0596607 1706746 1553637
 0230704 2612461 0597177 0025914 0025929 0026809 1518422 0002085 0392148 0392756 1979874 0301630 0392756 0441610 0025914 0025929 0026809 1334805 0033684 1520150
 0449911 0333052 2607870 0557702 1272706 1704674 0557702 1272706 1704674 0349966 1337208
 0439084 0728893
 1278073 0023779 0520511 1704711 0052198 0740116 2827735 2981700 0002085 0086418 1515981 0019425
 0032105 1550098 0024554 0086582 0342895 0324335 1706746 0017243 0036681 1382104 0013855 0117300 0332575 0424612 1260956 2986582
 2347469 0032105 1550098 1709595 2349200 0025914 0025929 0026809 0342895 0324335 0599209 0008565 0008550 0015663 0033684 0302908 0456962 0936012 1304698 1546699 1561501 1185738 1706132 0075647
 1264633 1516695 1516698 0023779 0439267 0444706 1264633 1554103 3541902
 0041405 1824670 3272447 0201950 0543421 0008377 0439175 0439810 1282913 1551714
 0337445 0041004 1282913 1551714
 1522609 0042295 0237753 1882932 0032105 0441889 1550098
 0032105 1550098 1709595 2349200 0052198 0019425 0025914 0025929 0026809 0342895 0324335 0041609 0178587 1548958 1705294 1979893
 1264633 1554103 0600209 1538568 0017243 0439182 0812409 1382104 1704732 0013855 0056270 0054051 0056269 1260957 2986582
 1264633 0332283 1719822 2827734 2981698 1300565 0439526
 2827734 2981698 1300565 0439526
 2827734 2981698 1300565 0439526
 2827734 2981698 1300565 0439526
 2827734 2981698 1300565 0439526
 2827734 2981698 1300565 0439526
 2827734 2981698 1300565 0439526
 0073187 1709595 2349200 0025914 0025929 0026809 0342895 0012155 0489654 1442959 1519433 1705493 2983588 0599209 0008565 0008550 0015663 0033684 0302908 0456962 0936012 1304698 1546699 1561501 1185738 1706132 0075647
 1264633 1516695 1516698 0023779 0439267 0444706 1264633 1554103 3541902
 0041405 1824670 3272447 0201950 0543421 0008377 0439175 0439810 1282913 1551714
 0337445 0041004 1282913 1551714
 1522609 0042295 0237753 1882932 0032105 0441889 1550098
 1514534 0002778 0936012 1524024 0025914 0025929 0026809 0521093 0750484 0301630 0441610 0678226 0008377 0301630 0392756 0441610 3146286 0023820 0023825 0023823 0442811 0023820 0178587 0205251 0442824 1299352 1550472 1514721 2348147 3542016
 0442739 1548568 0392747 0443172 1705241 0025914 0025929 0026809 0052198 1707455
 1883712 0078207 0065191 0858892 0065060 0041004 0023825 0023823 0025914 0025929 0026809 0052198 0392756 0041004 1264633 0849355
 0243161 0456603 1547037 0023825 0023823 0442811 0023820 0178587 0205251 0442824 1299352 1550472 0443228 0549177 1704243
 0456603 1547037 0456603 1547037 0439092 0547044 1522609 0020479 0441731 1550351 0011900 0020476 0332307 0439070 1514873 1547052 1704338 1704656 1705160 0086418
 0025914 0025929 0026809 0205217 0442805 0441889 0034821 1517331 0600209 0002778 0003601 0936012 1524024 1704732 1547282 0023820 0041609 0205409 1548221
 0684224 0700287 3496591 0025914 0025929 0026809 0342895 0324335 1265611 0103839 0003595 0523511 1412481
 1979874 0025914 0025929 0026809 0003593 0003595 0441889 0523511 1412481 0456387 1705943
 1705241 1705242 0003595 0523511 1412481 0025914 0025929 0026809 0003595 0523511 1412481 0740116 2827735 2981700 0025914 0025929 0026809 1518422 1547282 0301630 0392756 0441610 0008377 1264633 0025914 0025929 0026809 0301630 0441610
 0012155 0489654 1442959 1519433 1705493 2983588 0798503 0805586 3274764 0025914 0025929 0026809 0020479 0441731 0020476 0332307 0439070 1547052 1705160
 0201950 0428466 0008377 0441889 0025914 0025929 0026809 0052198 0205217 0442805 3642216 0441994 1548802 2003888 0025914 0025929 0026809 3642216 0369718 0441922 1553036 0369773 2603361
 0041004 1518422 0442805 0441889 1707455 0324335 3642216 0025914 0025929 0026809 0052198 0205173 3642216
 1514534 0002778 0936012 1524024 0025914 0025929 0026809 0342895 0012155 1442959 1519433 2983588 1545588 3276464 0008377 1264633
 1979874 0025914 0025929 0026809 0522501 0205217 0442805 0078207 0065191 0858892 0065060 0041004 0023825 0023823 0023826 0023824 0860920 0008377 0065055 0023822 0392885 0008377
 1883727 1883357 1274040 1546471 2825142 0442805 0031437 1285572 1881534 0332325 2827757
 2612487 0449297 1382187 2825073 0032105 1550098 0025914 0025929 0026809 1883351 1278073 0023779 0456948 0023820 0441889 0678226 0442805 1551058 3146286 1149327 1325353 1152818 1152633 0205177 0439167 0441655 1561536 0034821 1366529 0449297 1382187 2825073 0023823 0023820 0178587 0205251 1299352 1550472 0025914 0025929 0026809 1301820 0011155 1636779 0444706 3541902
 0349966 1337208
 1547282 1442460 0021485 1272883 1533685 1828121 0023825 0023823 0442811 0023820 0178587 0205251 0442824 1299352 1550472 0023823 0023820 0178587 0205251 1299352 1550472 0025914 0025929 0026809 0032105 0052198 1550098 0025914 0025929 0026809 0052198 1707455
 0332290 0025914 0025929 0026809 1299582 2963144 0023825 0023823 0442811 0023820 0178587 0205251 0442824 1299352 1550472 0021485 0687676 1272883 1533685 1704687 1828121
 0917903 0683927 0035696 0441889 0025914 0025929 0026809 0442805 1274040 1546471 2825142 1149327 1325353 1152818 1152633 0205177 0439167 0441655 1561536 0034821 1366529 0311402 0871208 1516314 1521828 1264633 1554103 0023825 0023823 0442811 0023820 0178587 0205251 0442824 1299352 1550472 0023823 0023820 0178587 0205251 1299352 1550472 1882115
 0449911 0333052 2607870 0557702 1272706 1704674 0557702 1272706 1704674 0349966 1337208

 0023825 0023823 0442811 0023820 0178587 0205251 0442824 1299352 1550472 0449297 1382187 2825073 0025515 0871208 1521828 0342895 0324335
 0023825 0023823 0442811 0023820 0178587 0205251 0442824 1299352 1550472 0023823 0023820 0178587 0205251 1299352 1550472 0003595 0011155 0025914 0025929 0026809 0205409 0523511 1412481 1548221 1636779 0041609
 0023825 0023823 0442811 0023820 0178587 0205251 0442824 1299352 1550472 1708632 0023823 0023820 0178587 0205251 1299352 1550472 1708632 0022427 1280188 0042449 1278960 1720154 0052198 0019425 0025914 0025929 0026809
 0025914 0025929 0026809 0019080 0205095 0521438 0597354 0444706 3541902
 0042295 1547282 0439165 1549488 1561533 1442460
 0522501 1514811 1706089 1706462 1979874 0086418 0020479 0020476 0441731 0001721 0052202 0003595 0439084 0523511 0728893 1412481 0019904 0025914 0025929 0026809 0019904 1521970 1706388 2346469 2348519 0001779 0079399 0804628 1522384
 0557651 2603343 0205217 0442805 0683927 0035696 0441889 1366529 0017337 1257757 0205360 2347098
 0025914 0025929 0026809 0206243 0002085 0015272 0442805 0449297 1382187 2825073 2612459 2612456 0597177 0031437 1285572 0853610
 0205171 1518422 1720467 0442805 0020479 0020476 0441731 0025914 0025929 0026809 0332325 2827757 0025914 0025929 0026809
 0678579 1514829 1704259 1705987 1274040 1546471 2825142 0871261 1704632 1706817 2911692 0441889
 1158770 0851285 1327622 0025663 0449851 0871511 0392747
 0013879 0220905 1704735 0034987 1522508 1561567 0557651 2603343 0237881 0750502 0851285 1327622 1149327 1325353 1152818 1152633 0205177 0439167 0441655 1561536 0034821 1366529 0205171 1720467 0439659 1883351
 0947630 0032214 0600138 0035820 1705810

 3494461 0018026 0013879 0699759 1519595 0036702 0162775 0004793
 0004793 0162326 0162327 1519249 1880177 0206256 0017337 0205253 0205548 1279919 0079189 1524094
 0699952 0004793 0162326 0162327 1519249 0079941 0009219 0017446 0205147 0314604 0017337
 0004793 0162326 0162327 1519249 0018517 0376558 2825407 0007600 0007635 3282338
 1547282 2827421 0332256 2700400 3494461 0018026 0013879 0699759 0871208 1521828 1707455 2827421 0332268 3494461 0018026 0013879 0699759
 3494461 0018026 0013879 0699759 0442796 1550602 1880177 0871208 1521828 3155686 2827421 0332256 2700400 0205171 1720467 0439084 0728893 0442805
 1519595 0025914 0025929 0026809 0332256 2700400 0004793 0162326 0162327 1519249 0332268 0205448
 0332268 0332462 0442805 1274040 1546471 1880834 2825142 0205360 2347098 0470166 0021135 1533691 2827718 0442805 2348205 0025914 0025929 0026809 0205397 0681829 1515655
 0025914 0025929 0026809 0678587 0683927 0456949 0205361 0441889 0456079 1301808 1442792 1547707 2946261 3148680 1520150 1883559 1547372 0025914 0025929 0026809 0332307 0445392 0470166 1547052 1707455
 0002085 0314642 0162326 0220905 1704735 0442805 0470166 1274040 1546471 2825142 0205360 2347098
 1316572 1317574 1369612 0150312 0920533 0013081 0017263 0851285 1327622 0314604 0017337 1882115 0019425
 0470166 0002085 0392756 0871261 1704632 1706817 2911692 3276464 0008395 0008377 0449286 0542560 0024501 0456603 1547037 0025914 0025929 0026809 1441672 0342895 0324335
 1705535 0441712 1706376 0035696 0441889 1158816 0205360 2347098 0205217 0442805 1515655
 0025936 0003069 0025914 0025929 0026809 3493221 0034821 1366529 0023823 0065059 0023820 0178587 0205251 0597357 1299352 1550472 0684224 0700287 3496591

 0221193 1273517 0004793 0086860 0162326 0162327 1519249 0013126 0185117 0025936 0003069 0025914 0025929 0026809
 2348205 0025936 0003069 0025914 0025929 0026809 0201950 0428466 0441889 0023822 0392885 0008377 0003593 0003591
 0681841 0025914 0025929 0026809 1149327 1325353 0474395 1152818 1152633 0205177 0439167 0441655 1561536 0034821 1366529 0205217 0442805 2612487 0449297 1382187 2825073 0003595 0523511 1412481
 0441712 1149327 0474395 1325353 1152818 1152633 0205177 0439167 0441655 1561536 0034821 1366529 1880177 1883351 0441994 1548802 2003888 2357172 0023822 0392885 0008377 0947630
 0025936 0003069 0025914 0025929 0026809 3146294
 0205197 0012155 0020443 0205263 1442959 1519433 1522133 2983588 1514559
 1979874 0023822 0392885 0008377 0025914 0025929 0026809 0205217 0442805 0871261 1704632 1706817 2911692 3276464 0008395 0008377 0025914 0025929 0026809
 1705535 1710463 0017263 1158770 0851285 1327622 0441889 0025914 0025929 0026809 0205266 1554187
 1521761 2827422 1882443 0020479 0020476 0019904 2963144 0597360 0185117 0205410 2983310 0031437 1285572
 0947630 0022885 0039593 0392366 1280500 2348382 0020479 0020476 0441731 0025914 0025929 0026809 1273517 0441889 0450355
 0557651 2603343 0205435 1279901 1547282 0023882 0700321 2700395 0035696 0034821 1366529 0023823 0023825 0023823 0442811 0029053 1291138 0023820 0178587 0205217 0205251 0442805 0442824 0449297 1274040 1299352 1382187 1546471 1550472 2825073 2825142 0301630 0392756 0441610 0041004 0052198 0342895 0324335
 0003595 0523511 1412481 0019904 0025914 0025929 0026809 1705535 0332149 1705910 2362652 0036849 1442518 1552961 1705195 2347617 0205250 1299351 2700149 0025914 0025929 0026809
 0003595 0523511 1412481 0086597 0449297 1382187 2825073 0034821 1366529 2924612 1552961 2347617 1518422 1158917 0025519 0025520 0025914 0025929 0026809 0003595 0523511 1412481 0052198 0086418 0559956 1299987 1280519 1704419 0086597 0243144 0347980
 0205449 2825406 2986716 0019425 0004793 0086418 0162326 0162327 1519249 1551058
 0947630 1524063 0016030 0007634 3282337 1547282 0023825 0023823 0442811 0023820 0178587 0205251 0442824 1299352 1550472 0332256 2700400 0003595 0523511 1412481 0052199 0597298 0034821 1366529 0023823 0065059 0599283 0023820 0025914 0025929 0026809 0178587 0205170 0205251 0597357 1145667 1167622 1299352 1550472 3146287 0023825 0023823 0442811 0023820 0178587 0205251 0442824 1299352 1550472 1145667 1167622 1510827 2348205 0233535 0023825 0023823 0442811 0023820 0178587 0205251 0442824 1299352 1550472 1707455 0332256 2700400 0052198 0003595 0523511 0597298 1412481 1274040 1546471 2825142 2348205 0427861 0007634 3282337 1273517 0178849 1705241 1705242 0034821 1366529 0023823 0065059 0023820 0178587 0205251 0597357 1299352 1550472 1518422 0700364 1883351 0032214 0600138 0035820 1705810
 1979874
 1547282 0023823 0023820 0178587 0205251 1299352 1550472 1510827 0597357 1705535 1280500 0150312 0449450 0205666 1862593 0034821 1366529 0023823 0065059 0023820 0178587 0205251 0597357 1299352 1550472
 1518422 0442805 0019425 0349966 1337208 0019904 1511726 3245479 1518422 1547282 0150312 0449450 0557651 2603343 0206243 0699809 0019425 0052198 0439787 0849355 0439855 1704241 0205263 1704675 0023823 0023820 0178587 0205251 1299352 1550472 3493221 0034821 1366529 0023823 0065059 0023820 0178587 0205251 0597357 1299352 1550472
 0947630 1547282 1149327 1325353 1152818 1152633 0205177 0439167 0441655 1561536 0034821 1366529 0040649 0441712 0687676 0851285 1704687 0332257 0392747 0443172 2350440 0205360 2347098
 1707959 0039798 0087111 1522326 1533734 1705169 3538994 0039654 0000975 0767601 1547282 1883351 0442805 1257757 0205360 2347098 1280500 2348382 0025979 0010853 1748451 0450442 1254351 1521826
 0162326 1547282 1883351 0004083 0439849 0596306 0699792 0025979 0010853 1748451
 0332268 0018790 0237477 0392351 0521111 1624027 1293130
 0017245 0013227 1254351 0020479 0441731 1524063 0020476 0039798 0087111 0332307 0439070 1273517 1522326 1533734 1547052 1705160 1705169 3538994 0086418 1547282 1883351 2349975 1257757 0205360 2347098
 0085542 1999216 0063164 0030016 0047420 0040649 1280500 2348382 1257757 0205360 2347098 0017245 0205217 0442805 1880833 0332462 1880834 0871208 1521828
 0013227 1280519 1707887 0085542 0441994 1548802 2003888 0023824 0023823 0860920 0065055 0008377 0023820 0178587 0205251 1299352 1550472 0039798 0087111 1522326 1533734 1705169 3538994 0301630 0441610 0443228 0549177 1274040 1546471 1704243 2825142 0023826 0023824 0860920 0065055 0008377 0023825 0023823 0041004
 1705241 1705242 1274040 1546471 2825142 1149327 0034821 1366529 1325353 0023823 1152818 0065059 1152633 0029053 0474395 0599283 1291138 0861064 0023820 0178587 0205177 0205217 0205251 0332152 0439167 0441655 0442805 0597357 1299352 1522538 1550472 1561536 0728866 0678226 0013227 1280500 1551058 3146286 0023796 0036536 0036537 0023825 1518422 1514893 2699488
 1623476 0851285 1327622 0035820 1705810 1705535 0333668 0021467 0021469 1628982 3463820 0597790 1414563 0038071 0132555 1158816 0035696 0040649 0205217 0442805 1274040 1546471 2825142 0205360 2347098 0040712 0597295 1519614
 1515926 0086418 1515926 1257757 0205360 2347098 0050325 0032930 1521761 2827422 0020479 0020476 0441731
 0150312 0449450 0557651 2603343 1881534 2963144 0392747 0443172 1705241 1705242 1257757 0205360 2347098 1280500 2348382 2986594 3161035 0020479 0020476 0441731
 2986676
 0597277 1708601
 0018896 1552861

 2603362
 1273517 2827421

 0562547 0554249 0018896 0023820 0449297 0681814 1382187 1552861 2825073

 0031831 1707664 2348314 3540849
 0439114
 0031831 1707664 2348314 3540849
 0369773 2603361
 0031831 1707664 2348314 3540849
 2603362

 2825232 0043227 0027468 0018173 0018684 0021622 1521721 3245503
 0010186 0220812 0449719 1709471 0220808 0680264 0007961
 1706852 0522501 1706089 0949214

 0221193 1880177 0043227
 0282413 0376649 1442065 2951520
 0030664 0205469 0677042 0013227 0025118 0028407 0041740 1709269 0442532 0254343 0796520 3272379

 0085205 1549619 1880669
 0013849 1705961 0024492 1538057 1547565 0059804
 0034037 1704324 0030351
 0302523 0700325 3244290

 0302523 0700325 3244290
 0000723 0000723 1273517 0020479 0020476 0441731 0020479 0020476 0441731
 0003595 0523511 1412481 0003595 0003591
 0599209 0008565 0008550 0015663 0033684 0302908 0456962 1304698 1546699 1561501 0008565 0008550 0302908 1304698 1546699 1561501
 1414968 3536868 0017855 2260086 0030016 0031603 0031701 1601799 0017337 0017875 1415199
 0023821 0023820 0178587 0205250 1299351 2700149
 0023823 0023820 0178587 0205251 1299352 1550472 0023823 0023820 0178587 0205251 1299352 1550472
 0034821 1366529 0023823 0065059 0023820 0178587 0205251 0597357 1299352 1550472
 1366752 1335408 0017337 0064230
 0023825 0023823 0442811 0023820 0178587 0205251 0442824 1299352 1550472 0023825 0023823 0442811 0023820 0178587 0205251 0442824 1299352 1550472
 0600436 0002055 0178499 1709450 1880279
 0582519 1709450
 0032520 0677874 0032520 0337112 0443286 1114821 1335439 1524075
 1704732 0013862 0071500 0596607 0013855 0017243 0071499 1382104
 0599209 0008565 0008550 0015663 0033684 0302908 0456962 1304698 1546699 1561501 0599209 0008565 0008550 0015663 0033684 0302908 0456962 1304698 1546699 1561501
 3494461 0018026 0013879 0699759 3494461 0018026 0013879 0699759
 0065063 0023820 0178587 0205103 1550465 2827755
 1514811 1706462 0557061 2584313 1514811 1706462 2827734 2981698
 0402217 0033727 0369286 0441932 0564385
 2347469 1708595 3280986 0439394 1706495 3642217
 0205090 0684010 2603358



 1144859

 0025141 0740116 2827735 2981700
 0205090 0684010 2603358

 0036397 0025141 0439086 2827736 2981702
 0205090 0684010 2603358

 2603362

 2347379
 0439509 2827734 2981698

 0205090 0684010 2603358
 0439267 2603360

 0439394 1706495 3642217
 0402217 0033727 0369286 0441932 0564385
 2347469 1708595 3280986

 1315013

 0025141 0439084 0728893
 0205090 0684010 2603358

 0016327 0439133 1553038
 0003850 2827734 2981698 0000857 0600678 1552863
 0205090 0684010 2603358
 0021966 0221138
 2603362

 1144859

 0025141
 0369773 2603361
 2603360 0450955 2603360
 0439394 1706495 3642217 0678579 0369637 0441923
 2603362
 1418943

 0268596 2700624
 3642273
 0041703
 0000857 0600678 1552863
 0369773 2603361
 0033727 0369286 0441932 0564385 2603362
 0033727 0369286 0441932 0564385 0369718 0441922 1553036

 1315013



 2603362
 1708595 3280986 0205090 0684010 2603358



 0201682

 0597277 1708601
 2347469
 0557775 1511780 1538150 2347469 0557775 1511780 0033727 0369286 0441932 0564385 0597277 1708601 0439394 1706495 3642217 0439394 1706495 3642217
 0369637 0441923
 0033727 0369286 0441932 0564385





 0597277 1708601
 2347469
 1538150 0033727 0369286 0441932 0564385
 2347469 0557775 1511780 2603360
 0439394 1706495 3642217
 0369637 0441923
 0033727 0369286 0441932 0564385

 2347379
 0439509
 0678579 0369637 0441923

 0205090 0684010 2603358
 0181107 0205090 0684010 2603358
 0439482

 1315013

 0025141
 0181107 0205090 0684010 2603358
 0678579 0369637 0441923

 0439394 1706495 3642217
 0036397 0025141
 0450955 2603360
 0439267 0678579 0369637 0441923

 0369637 0441923

 0439394 1706495 3642217 1979971

 0007634 1269647 1704653 1948049 0025141


 0331857
 0016327 0439133 1553038
 0027960 0324740 0439189 1456781 1824986
 0325074
 0025141
 2347469
 0033727 0369286 0441932 0564385 0033727 0369286 0441932 0564385

 0597277 1708601 0205090 0684010 2603358
 1708595 3280986 0369773 2603361 1551836 2347469 0439114
 1418943

 0268596 2700624
 3642273
 0041703
 0000857 0600678 1552863
 0369773 2603361 0369718 0441922 1553036
 0003461 2939124

 0025141
 2347469 0369718 0441922 1553036
 0439114


 0201682

 0369773 2603361
 0033727 0369286 0441932 0564385 1553033 0205090 0684010 2603358
 2603362
 0033727 0369286 0441932 0564385 0369718 0441922 1553036


 0201682

 1553033 0369637 0441923
 0033727 0369286 0441932 0564385 0369637 0441923
 0597277 1708601 2603362
 0033727 0369286 0441932 0564385 0369773 2603361
 0369718 0441922 1553036

 1315013


 2603362
 0033727 0369286 0441932 0564385 0205090 0684010 2603358

 0369718 0441922 1553036
 0036397 0025141


 0349590 1262865 0450348

 0205090 0684010 2603358
 0021966 0221138


 0025141


 0439267 0369637 0441923

 0027960 0324740 0439189 1456781 1824986
 0007634 1269647 1704653 1948049

 0000857 0600678 1552863
 0331968 2699100

 2347961
 0000857 0600678 1552863
 0678579 0369637 0441923

 0439394 1706495 3642217
 0007634 1269647 1704653 1948049 0025141

 0033727 0369286 0441932 0564385 2347469
 2603360 0553654

 0007595 0018270 0220844 1621966 2911660
 0439084 0728893 0000857 0600678 1552863
 0439267
 1425720 0369637 0441923
 0205090 0684010 2603358
 0439267

 2347379


 0439394 1706495 3642217 0369773 2603361
 0033727 0369286 0441932 0564385


 1315013


 0205090 0684010 2603358
 2603362
 1708595 3280986

 2347379
 0439509 0450355
 2347469
 0597277 1708601
 1538150 0033727 0369286 0441932 0564385
 2347469 0369773 2603361
 0557775 1511780 0557775 1511780 0033727 0369286 0441932 0564385 0369637 0441923
 0369637 0441923
 0033727 0369286 0441932 0564385 0439394 1706495 3642217
 0369637 0441923


 0201682

 1188484 0016327 0439133 1553038
 0016327 0439133 1553038 0439394 1706495 3642217 1553033 0205090 0684010 2603358
 0439394 1706495 3642217
 0004153 0025141
 0439267
 0331964
 0205090 0684010 2603358
 0439267

 2347379
 0000857 0600678 1552863
 2603360 0033727 0369286 0441932 0564385 0155685 0597277 1708601 0369637 0441923





 0016327 0439133 1553038
 0369773 2603361 0369637 0441923


 0025141
 1417679 1504638 0439267

 0230467 0741204


 0025141 0009993 0037455 0596070 1552856 0005477 0026376 0005532 1521991