 0332268 0030705 0011881 1442864 0022658 0241863 0032529 0023816 1416902 0023764 0023820 0055538 1144465 2827734 2981698 0441833 0557651 0687744 1257890 1552516 1705428 1705429 2603343 0021966 0205090 0221138 0684010 2603358
 0024141 0039082 0441833 0557651 0687744 1257890 1552516 1705428 1705429 2603343 0020028 0019994 0041740 1510665 0002957 0019994 1510665 0030561 0331677 1824032 0019994 1510665 0030561 0331677 1824032 0019994 1510665 0016674 0042789 1947903 0681850 1550501 1706203 2349001 2697811 0008961 0035173
 1514811 1706462 1706907
 0314657 0012655 0017296 0220898 0314603 1264642 1547045 0011881 1442864 0022658 0035647 0241863 1880177
 0154251 0012634 0309049 0011881 1442864 0022658 0241863
 0032529 0011881 1442864 0022658 0241863
 0025663 0025664 0449851 0023816 0032529 1416902 0003591 0017296 0023764 0023820 0314603 1706202 1880177 0055538 1144465 0008387 0014898 0033684 0040671 1705822 0003591 0030705 0339467 0035309 0334094 1962966 1306673 0557651 2603343
 1184743 1522240 0218063 0030705 0035647 0011847 0011849
 1306673 0017296 0314603 1706907
 0858034 0201950 0543421 0008377 0439175 0439810 0041004 0085201 0003591 0003593 0003591 0003591 0023820 0003591
 0032529 0032520 0677874 1511790 1527178 1705938 0023816 1416902 0023764 0023820 0055538 1144465 0008387 0014898 0033684 0040671 1705822 0507114 1416271
 1274040 1546471 2825142
 0205447 0030705 0022658 0022658 0022658 0022658
 0439849 1705630 1706279 3540605 0201950 0543421 0008377 0439175 0439810 0369773 2603361 0041004 0369773 2603361 0003593 0003591 0369773 2603361 0003591 0369773 2603361 0085201 0003591
 0037775 0055538 1144465 0008387 0014898 0033684 0040671 1705822 1518422 0009566 0022646 1171258 1515273 1705313
 0557651 2603343 0032863 1883351 1548437 2700401 0456148 1512571 0017431
 1707478
 1274040 1546471 2825142 0183683 1521721 1280500 2699787 0011881 1442864 0022658 0241863 0545082 1512346 1947978
 1708608 0003595 0003591
 0055538 1144465 0008387 0014898 0033684 0040671 1705822
 0011881 1442864 0022658 0241863
 0017398 0017399
 0023816 1416902 0023764 0023820
 0681850 1550501 1706203 2349001 2697811 0008961 0035173
 1514811 1706462 0683150 0086045 1446561 0035648 0035647 1521761 2827422 0441729 0332307 1547052 0011854 0011847 0011849 0021641 0851827 1533581 1579433 1701901 3244310 2827734 2981698
 1979963 2003903 0175668 0277555 0027627 0205436 0016441 0589120 1522577 1704685 3274571 0332283 0947630 1719822 1705535 0015127 1524003 0022658 0030705 0011881 1442864 0022658 0241863 0150312 1883351 0020557 0041004 0041004 0086045 1518422
 1512571 0681814 0947630 1517586 1521721 1547282 0185111 0947647 0392747 0268731 0012634 0740116 2827735 2981700
 0032529 0033684 0598783 1517898 0023779 0025519 0025520 1314939 0023816 1416902 0023764 0023820 0023816 1416902 0023764 0023820 0055538 1144465 0008387 0014898 0033684 0040671 1705822 0055538 1144465 0008387 0014898 0033684 0040671 1705822 0003591 0003591 1547282 1883351 0001721 0683150 0086045
 0032529 0010054 0010068 0018799 0012634 0018787 0439849 0445223 1281570 0872128 0243148 1550141 1882979 2587213 3274648 0033522
 0023779 0199236 0015576 0241888 0947630 1521721 0150232 0858034 0201950 0543421 0008377 0439175 0439810 0086045 0730345 0684224 0700287 3496591 1883351 0205250 1299351 2700149
 1512571 0032529 1882417 0011881 1442864 0022658 0241863 0332128 0947630 1274040 1546471 2825142 3639994
 0947630 1518422 0023816 1416902 0023764 0023820 1272695 2746065 0032529 0055538 1144465
 0392366 1512571 1527178 1874451 0035647 0011881 1442864 0022658 0241863 1515926 1979963 2003903 0010362 0035171 2985227 0205155 0557651 2603343 2828360 0552389 1515004 0554924 0339467 0035309 0334094 0680240 1962966 1707391
 0679199 1273517 1883351 0849355 1883720 3244314 0087130 0449238 2926735
 0032529 0521116 0205309 1883351 0001721 0598783 1517898 0023779 0025519 0025520 0242656 1947900 0449258 0683454 0021966 0221138
 0023816 1416902 0439086 2827736 2981702 0055538 1144465 0439084 0728893
 0683150 0086045 0201950 0543421 0008377 0439175 0439810 0041004 0041004 0085201 0003591 0085201 0003591 0003593 0003591 0003591 0023820 0003591 0419179 0015663 0030705 0444706 1550565 3541902
 0681850 1550501 1706203 2349001 2697811 0681850 1550501 1706203 2349001 2697811 0008961 0035173
 1514811 1706462 0030705 0557651 2603343 0033522 1709709 0023981 0557651 2603343 1707689 2983265 1883351 0022885 0039593 0392366 1880177 0243107 0678723 1527148 0009566 1171258 0011854 2984334 1320657 0011849 0441729 0011847 0332307 1547052
 0030705 1510829 0439234 0025266 0439234 0011854 0441729 1320657 0011847 0011849 0332162 0332307 1527178 1547052 1874451 0439234 1444637 0154830 0339467 0011884 0035309 0241863 0334094 1962966
 1522508 1442162 1550718 3244317
 0243148 1550141 1882979 2587213 3274648 0681850 1550501 1706203 2349001 2697811 0009253 0036864 0079399 1314687 1522384 0027361 1515187 0449719 1709471 0683971 0032659 1257890
 0947630 0002957 0205540 0086021 0085546 2699414 0016674 0238767 1706086 0679646 1947971 0021430 1511481 1522154 1554192
 1314939 0205390 1300072 1306673 1552738 0021966 0221138 0022658 0585937 1318386 0860865 2827741 0001924 0042027 0221102 0504085 0871208 1521828 1524119 2699704 0439423 0439421 0033727 0369286 0441932 0564385 0560021 0702093 0439269 1960952 2346927 0439394 1706495 3642217 1278055 0010294 0032105 1550098 1561535 0347982 0039798 0087111 1522326 1533734 1705169 3538994
 0022658 0730345 0439423 0439421 0033727 0369286 0441932 0564385 0560021 0702093 0439269 1960952 2346927 0439394 1706495 3642217 1278055 0010294 0032105 1550098 1561535 0347982
 0439070 1705160 0022658 1444637 0439423 0439421 0033727 0369286 0441932 0564385 0560021 0702093 0439269 1960952 2346927 0439394 1706495 3642217 0039798 0087111 1522326 1533734 1705169 3538994 1278055 0010294 0032105 1550098 1561535 0347982
 0022658 1444637 0003364 0039798 0087111 1522326 1533734 1705169 3538994 1278055 0010294 0032105 1550098 1561535 0347982 0206074 0279033 1302112 0022646 0035139 0039798 0087111 0559956 1363945 1555302
 0010054 0010068 0018799 0012634 0018787 1281570 0030705 0034869 1301725 1609436 0003591 0678594 0034394 0429089 1305738 0392148 0678544 1421479 1515981 0009219 0026183 0243161 0805701 1623258 1623258
 0010054 0010068 0018799 0012634 0018787 1281570 0002962 0332197 2699517 0205390 1300072 1306673 0027051 0428953 2926063 0021308 0027061 1522564
 0680730 0201950 0543421 0008377 0439175 0439810 0041004 0085201 0003591 0003593 0003591 0003591 0419179 0003591 0015663 0030705 1515021 1550565 0005507 0243073
 0201950 0543421 0008377 0439175 0439810 0041004 1524063 0450074 0025663 0025664 0449851 3538851 0017480 0011900 0331965 0348026 0449913 1553451 1704459 0331779 0039021
 0085201 0003591 0003593 0003591 0003591 0439267 0439394 1706495 3642217 0444706 3541902 1524063 0025663 0449851 0871511 0011900 0348026 0017480
 0023816 1416902 0023764 0023820 0055538 1144465 0008387 0014898 0033684 0040671 1705822 0178913 0003591 0005767 0005768 0185115 0229664 0370003 0439526 2347026 3541890 0030705 0025663 0449851 0871511
 0003591 0023816 1416902 0023764 0023820 0017431 0055538 1144465 0032520 0677874
 0017431 0205448 1556020 0680238 0332294 0678226 1285573 0205341 0680240 1301820
 0017431 1518422 0205449 0681850 1550501 1706203 2349001 2697811 0023816 1416902 0023764 0023820 0681850 1550501 1706203 2349001 2697811 0055538 1144465 0008387 0014898 0033684 0040671 1515981 1705822 0681850 1550501 1706203 2349001 2697811
 0002085 0010654 0205396 1550043 1551388 1709915 1882936 1524063 0025663 0449851 0871511 0004475 0149561 0439084 0728893 1412573 1414899 1516476 1883257 2350443 2962221 2986848 3539770 0039872 0162872 0220668 0439084 0728893 1415027 1421391 1428265 1455888 3538813
 0332255 0486805 0012238 0678226 2349986 0071500 0017243 0071499 1382104 1883708 0013855 0019873 0332293 0006222 0015008 1522326 0017431 0023693 0023700 0041625 0449820 0684292 1961129 1964256
 0052198 3539520
 0052199 1537525 0052201
 0007294 0052198 3539520 0052199 0019904 1537525 1707455 0052199 1537525 0007294 0052201 1883351 0557651 2603343 1280500 2348382
 0030705 0002778 0936012 1524024 1554077 2828389 1518422 0052198 0008902 3539520 0052201
 0017431 0023816 1416902 0032520 0677874 1524063 0206415 0023816 1416902 0023764 0023820 0040405 0079613 0179630 0441918 1179698 1416177 1705968 2697657 3538813 0065060 0023816 1416902 0023764 0023820 0041004 0677634 0012238 2349986
 0332255 0486805 1706746 0017243 0036681 1382104 0013855 0019873 0006222 0015008 2986582 0017431 0023693 0023700 0041625 0449820 0684292 1961129 1964256
 0678951 0032529 1882417 0055538 1144465 0205396 0392148 1550043 1551388 0332197 1689985 0507114 1416271 1882940 0205145 0443288 1515974 2825164 0021920 0017337 1517480 1521871 1705759 0206415 0037293 0181496 0439084 0728893 1710492 0722969 0039872 0162872 0179630 0205090 0220668 0684010 1455888 1705968 2603358
 0332255 0486805 0012238 0678226 2349986 1706746 0017243 0036681 1382104 0013855 0019873 0006222 0015008 2986582 0017431 0023693 0023700 0041625 0449820 0684292 1961129 1964256
 0871424 0002778 0936012 1524024 0037585 0027964 0028407 0067895 0041703 0003625 0009622 0453947 0475653 1095830 1273517 3257517
 0032863 0237753 0449788 0027552 0686904 1883351 0220908 1305399 1705053 0032863 0370003 1441526 1880157 2347026 0008044 0020898 0021764 0022271 0041703
 1511726 3245479 0012727 0205419 0449450 1705236 0549183 0876920 2347635 2348144 2939193 1514721 2348147 3542016 0439828 1518422 1704711
 0520511 1704711 1511726 3245479 1708728 2986775 0002778 0936012 1510411 1524024
 0002780 0002778 0936012 1524024 1273517 1883351 0557651 2603343 0086045 1306673 0022658 0032529
 0022885 0039593 0392366 1273517 1883351 0557651 2603343 0086045 1446561 0205390 1300072 1306673 0022658 0030705 0205172 2825407 0003591 0086045
 0740116 2827735 2981700 0022885 0392366 0740116 1521798 2827735 2981700 1273517 1883351 1516048 0037775 0032659 1257890 0011881 1442864 0022658 0241863 0680240 1306673 1515981
 1705565 1947976 0185125
 0814896 0441889 0456079 1547707 2946261 0036849 1442518 1705195
 1274040 1546471 2825142 0681850 1550501 1706203 2349001 2697811 0008961 0035173
 1514811 1706462 1552738 0030705 0022658 0022658 0022658 0022658
 0010054 0010068 0018799 0012634 0018787 1281570 0332197 2699517 0002962 0027051 0428953 2926063 0021308 0027061 1522564 0150312 0030705
 0441889 0449286 0542560 1561545 2348088 1518422 0011881 1442864 0022658 0205390 0241863 0439849 0445223 1300072 1306673 0740116 2827735 2981700 0369773 2603361
 1280500 2348382 0201950 0543421 0016327 0439133 0450385 1553038 0369773 2603361 0041004 0016327 0439133 1553038 0369773 2603361 0003593 0003591 0016327 0439133 1553038 0369773 2603361 0003591 0033727 0369286 0441932 0564385 0369773 2603361 0085201 0003591 1518422 0016327 0439133 1553038 0369773 2603361 0039224 1706073 1706074
 0030705 0010054 0010068 0018799 0012634 0018787 0680240 1281570 0201950 0543421 0008377 0439175 0439810 0003593 0003591 0003591 0441889 0205250 1299351 2700149 0010054 0010068 0018799 0012634 0018787 1281570 0039224 1706073 1706074
 0449911 0039224 1706073 1706074 0557702 1272706 1704674 0557702 1272706 1704674 0039224 1706073 1706074
 0683150 0086045 0011881 1442864 0022658 0205390 0241863 1300072 1306673 0010054 0010068 0018799 0012634 0018787 1281570 0557651 2603343 0520511 1704711 0017431 0055538 1144465 1705242 0243148 1550141 1882979 2587213 3274648 0740116 2827735 2981700 0439084 0450388 0728893 0369773 2603361 2827734 2981698 0369773 0450382 2603361 0014653 0043194 0258432 1421478 1547026 0032659 1257890 0039224 1706073 1706074
 0026882 1705285 0205214 1522138 3245511 0009932 0243148 0441833 0687744 1257890 1550141 1552516 1705428 1705429 1882979 2587213 3274648 1705241 1705242 0237881 1273937 0038215 0750502 1546944 0740116 2827735 2981700 0439084 0728893 0369773 2603361 0039224 1706073 1706074
 0449911 0039224 1706073 1706074 0557702 1272706 1704674 0557702 1272706 1704674 0039224 1706073 1706074
 0520511 1704711 0598783 1517898 0023779 0025519 0025520 1314939 0557651 2603343 0001779 1515981 0018684 0031206 0681850 1550501 1706203 2349001 2697811 0520511 1704711 1518422 0022658 0205390 0680240 1300072 1306673 0740116 1521798 2827735 2981700 0369773 2603361 0039224 1706073 1706074
 0004083 0439849 0596306 0699792 0032529 0150312 1882417 0035078 1963154 0022646 0231174 0680095 0022658 0740116 2827735 2981700 2827734 2981698 0369773 2603361
 0004083 0439849 0596306 0699792 0023816 1416902 0023764 0023820 0740116 1521798 2827735 2981700 0439509 0740116 2827735 2981700 0369773 2603361 0017431 0055538 1144465 0740116 1521798 2827735 2981700 2827734 2981698 0369773 2603361
 0017270 0439603 1705242 0039224 1706073 1706074
 1707789 0439849 1705630 1706279 3540605 0003591 0023816 1416902 0023764 0023820 0032529 0055538 1144465 1511726 3245479 1518422 1547282
 0449911 0039224 1706073 1706074 0557702 1272706 1704674 0557702 1272706 1704674 0039224 1706073 1706074
 0032529 0011881 1442864 0022658 0205390 0241863 1300072 1306673 0557651 2603343 0037775 1705242 0444667 0599755 1707455 1511726 3245479 1518422 1547282
 0430044 0747306 1979963 2003903 0032529 0680240 0205390 1300072 1306673 0022658
 0683150 0086045 1446561 0205251 1299352 1550472 0205103 1550465 2827755 2348935 0052199 1537525 0439190 0439394 1706495 3642217 0205250 1299351 2700149 2348935 1532563 0016327 0439084 0439133 0439190 0728893 1553038 0369773 2603361
 1521798 0003593 0003591 0150312 0439294 0439294 0439294 0016327 0439133 1553038 0369773 2603361
 0041004 0086045 1518422 0017431 0439849 0445223 0016327 0439133 1553038 0369773 2603361 0016327 0439133 1553038 0369773 2603361
 1301751 1280500 2348382 0023779 0086045 0030705 0002778 0332257 0936012 1524024 3538986 1511726 3245479 1518422 1547282
 0858034 0201950 0543421 0008377 0439175 0439810 0041004 0085201 0003591 0086045 1518422 0055538 1144465 0008387 0014898 0017431 0033684 0040671 0680240 1705822 0016327 0439133 1553038 0369773 2603361 0016327 0439133 1553038 0369773 2603361 0016327 0439133 1553038 0369773 2603361 0016327 0439133 1553038 0369773 2603361
 0030705 0022658 0681850 1550501 1706203 2349001 2697811 0085201 0003591 0205251 1299352 1550472 0205103 1550465 2827755 0439267 0442767 0439394 1706495 3642217 0205250 1299351 2700149 0369773 2603361
 0681850 1550501 1706203 2349001 2697811 0008961 0035173
 2985663 0557651 1514811 1706462 2603343 0150312 0004083 0439849 0596306 0699792 0032529 0055538 1144465 0008387 0014898 0033684 0040671 1705822
 0376554 0150312 0449450 0557651 2603343 0205435 1279901 0011881 1442864 0022658 0241863 0023816 1416902 0023764 0023820 0032529 0055538 1144465
 0150312 1278073 0023779 0022658 0439793 0439849 0445223 2983285 0010054 0010068 0018799 0012634 0018787 1281570 1554961 1705847 0085201 0003591 0030705
 0242568 1504315 0150312 0449450 0750558 1710571 1274040 1546471 2825142
 0205435 1279901 0030705 0009932 0243148 0441833 0687744 1257890 1550141 1552516 1552839 1705428 1705429 1882979 2587213 3274648 0014653 1547026 0032529
 0205436 0439849 1705630 1706279 3540605 0201950 0543421 2348205 0683971 0032659 0150312 0205246 1257890 1553889
 0205437 0683150 0086045 0041004 0003593 0003591 0003591 0011881 1442864 0022658 0241863 0439849 0445223 1306673 0521093 0750484 1456348 2607943 2926606 3539655
 1278073 0023779 0011881 1442864 0022658 0241863 2698872 0016441 0023981 0589120 1522577 1704685 3274571 0332283 0947630 1719822 0030705 2827734 2981698
 0035820 1705810 0009807 1261322 1552578
 0314657 0012655 0017296 0220898 0314603 1264642 1547045 0199236 0015576 0241888 0947630 1521721 0150232 0557651 2603343 1444656 0449432 1705248 0012655 0015576 0220898 0241888 1264642 1547045 1517892 1704666 0007222 0007226 0012634
 0858034 0201950 0543421 0008377 0439175 0439810 0086045 0730345 0684224 0700287 3496591 1883351 0205250 1299351 2700149
 0003591 0023816 1416902 0023764 0023820 1537044 0441655 0055538 0001721 1278073 0023779 0004083 0439849 0596306 0699792 0010054 0010068 0018799 0012634 0018787 1281570 1292732
 0231175 1883351 1547282 0004083 0439849 0596306 0699792 0032529 1882417 0032529 1882417 1280500 2348382
 0205448 0684224 0700287
 0332185 0684224 0700287 3496591 0002085 0052198 0332281 0022658 0030705
 1278073 0023779 1518422 0684224 0700287 3496591
 0557651 2603343 0237753 0449788 0027552 0686904 1883351 0003591 0220908 0332120 1305399 1705053 1705241 1705242 0017431 0030705 0011881 1442864 0022658 0205390 0241863 1300072 1306673 0032863 0439083 0439087
 0150312 0449450 0557651 2603343 0205160 1513916 2825415 2825491 0814897 0032863 0868941 1441547 1511726 3245479 3245521 1548437 2700401 0456148 1512571
 0150312 0004083 0439849 0596306 0699792 0011881 1442864 0022658 0241863
 0032529 1882417 0332281 0442805 0041004 2357172 0023822 0392885 0008377 0392756 0547047 0439086 2827736 2981702
 1515926 2698872 0022658 0012634 0022646 0241863 1829939 0030705 2827734 2981698
 1511726 3245479 1285553 0026882 1705285 0521114 0205171 0205454 1720467 0545082 1512346 1947978 0030705 0557651 2603343
 1261322 0023816 1416902 0023764 0023820 0032529 1514873 1882417 0030705
 0678951 0032529 1882417 0043194 0258432 0543488 1421478 1537044 0205177 0439167 0441655 1561536 0055538 1144465 0150312 1883351 0205250 1299351 2700149 0011881 1442864 0022658 0241863 0860865 0001924 0042027 0221102 0504085 1524119 2699704
 0030705 0428479 0441889 1999230 0055538 1144465 0008387 0678951 0751455 1445865 1517499 0003591 0014898 0017337 0032529 0033684 0035820 0040671 1552603 1705810 1705822 1706202 1882417 0011881 1442864 0022658 0241863
 0085732 1299581 1518422 1547282 0004083 0439849 0596306 0699792 0017431 0055538 1144465
 1280500 2348382 0085201 0003591 1441672 0947630 1517001 0683971 0032659 1257890
 1511726 3245479 0684224 0700287 0035820 1705810 0009807 0011881 1442864 0022658 0241863 0010054 0010068 3534591 0018799 0457464 0012634 0018787 1281570 1425075
 0004083 0439849 0596306 0699792 0003591 0037943 0150312 0228341 2239920 0011881 1442864 0022658 0241863 0332290 0030705
 0003591 0441889 1516998
 2607943 2926606 3539655 0686907 1285553 0015127 1314792
 1707478 0150312 0004083 0439849 0596306 0699792 0030705 0032529 0598783 1517898 0023779 0025519 0025520 1314939
 0557651 2603343 0552389 0205155 2828360 1511726 3245479 0678226 0032863 0332268 0557651 2603343 2987476 3146286 2360800 1882124 1830427 0237753 0449788 0332167 3272283 0035647 0205250 1299351 2700149 1096776 0557651 2603343
 0681841 1515926 1518422 0032214 0600138 0035820 1705810
 0681850 1550501 1706203 2349001 2697811 0008961 0035173
 1514811 1706462 0679983 0486616 1555710 0332283 1719822
 0008961 0035173 2360800 1830427 0237753 0449788 0681850 1550501 1706203 2349001 2697811 0008961 0035173
 1514811 1706462 0030561 0331677 1824032

 1707512 0205099
 1420214 0030561 0331677 1824032

 0443058 0450355



 0450348





 0030561 0331677 1824032
 0450380 0439084 0728893
 0205099 0016674 1551058 0004950
 0681850 1550501 1706203 2349001 2697811 0008961 0035173
 1514811 1706462 1527114
 0681850 1550501 1706203 2349001 2697811 0008961 0035173
 1514811 1706462 0030561 0331677 1824032 0002957
 0021966 0205090 0221138 0684010 2603358
 0024141 0039082 0441833 0557651 0687744 1257890 1552516 1705428 1705429 2603343 1552738 0449468 0560268 1690016 0441833 0557651 0687744 1257890 1552516 1705428 1705429 2603343 0520511 1704711 0444706 3541902 0032659 1257890 0027361 0237401 1514811 1706462 0042295 0001779 0009253 0036864 0079399 1314687 1522384
 0011847 0011849
 2986676 0681850 1550501 1706203 2349001 2697811 1515187 0449719 1709471
 2986676
 0557651 2603343 0018173 1521721 0220781 0439634 1522492 0011854 1512888 0018173 1548284 0450382 1513822 1705739 1882071 0018173 1548284 0035168 0242481 0018173 1548284 0018173 1548284 0018173 1548284 0260206 0018173 1548284 0004083 0439849 0596306 0699792 1515981 0002957 0016674
 1527021 1554111 1705606 3541382 0031831 1283174 1707664 2348314 3540849
 1316572 1317574 1369612 0282413 0686900 1272683 1522634 1883351 0030561 0331677 1824032 0016674
 1514811 1706462 0681850 1550501 1706203 2349001 2697811 0008961 0035173
 1514811 1706462
 2698872 0027361 0237401 0011854

 0000857 0600678 1552863 0006413 1552663 2827109 0043021
 0039798 0087111 1522326 1533734 1705169 3538994 3263722 3263723

 0025141 2951520
 0332281 0032105 0041004 0205217 0442805 1550098 0441994 1548802 2003888 0086045 0023822
 0947630 1301808 0681814


 2986542 0019409
 1144465 1413353 0201950 0428466 0441889


 0443264 0031437 1285572 0282458 0920317 0002778 0936012 1042496 1524024

 0000857 0600678 1552863
 0035820 1705810 0242656 0449258 0010054 2733225 0004153 0018787

 0439269 1960952 2346927 0022337
 0002085 1281905 0035647
 0282458 0920317 0002778 0936012 1042496 1524024

 0369637 0441923 0369637 0441923 0439267
 0021655 2700570 0421248 0021641 0237834 1514892 1533581 1579433

 0025141
 0032529 1882417 0232804 0022646 0031843 0542341 0700205 1705273 0030705

 0000857 0600678 1552863 1506978 1705538 0020283 0450407 0450408 0450409
 0004083 0439849 0596306 0699792 0011881 1442864 0022658 0241863 0681850 1550501 1706203 2349001 2697811 0011854

 0025141
 0017431 0035647

 0000857 0600678 1552863 0369637 0441923
 1880177 0035096 2984247 0003018 0035094 0035100 0449913 1419338 1553451 1704459 0243107 0678723 1527148 0009566 1171258 0011854 0011847 0011849 0021641 0851827 1533581 1579433 1701901 3244310

 0454673 1550752 3539739 3542920
 0021017 0017256 1705759 0017337 1517480 1521871 0010813 0596311 1330957

 0450355 0000857 0600678 1552863
 0026882 1705285 0023816 1416902 0023822 0201950 0332281 0392885 0428466 0008377 0392756 0441889 0004153

 0025141 0205090 0684010 2603358
 0035268 0055538 1144465 0008387 0014898 0033684 0040671 1705822 1708726
 0028606
 0025141 0021966 0221138 0597277 1708601 0205090 0684010 2603358
 0032529 1882417 1142652 0033684 0055538 1144465 0008387 0014898 0033684 0040671 1705822 0023822 0023821 0065055 0332281 1522133 0008377 0023820 0178587 0205250 1299351 2700149 0441889

 0025141 1511278
 0441889 0011881 1442864 0022658 0241863

 0000857 0600678 1552863 0016703 1551081 1420098
 0003593 0003591 0242656 0449258 0011854 0011849 0011847 0021641 0851827 1533581 1579433 1701901 3244310

 0025141 0597277 1708601 0439267
 0012641 0009085 0030705 0011854 0011847 0011849 0021641 0851827 1533581 1579433 1701901 3244310 0022658

 0000857 0600678 1552863 0033727 0369286 0441932 0564385 0439267 0205090 0684010 2603358
 1144465 1413353 0055538 0032120 0036825 0008387 0014898 0032105 0033684 0040671 1550098 1705822 0439849 1705630 1706279 3540605 0210611 0003591 0065058 0125953 1096202 0023820 0730345 0022658

 0000857 0600678 1552863 0034036 0034037 1514756 1704324 0439617 0558347 1527075 1514756 0740116 2827735 2981700
