 1705565 1947976 0052199 1883559 0444498
 0205090 0684010 2603358
 0205090 0684010 2603358


 0332296 1880497 1996904 0036378 0036375 1704729 0023973 0041740 0041700 1708611 0166872 0034036 0034037 1514756 1704324 0348078 0376315 1515981 1522492 1527075 0557061 2584313 1514811 1706462 0003591 0003595 0523511 1412481 0032120 0036825 0032105 0033684 1550098 1883254 0023884 0736268 1278929 2346688
 0220825 0028953 0597298 0052198 1553033 0015127 1314792 1524003 0020479 0020473 0441731 0004153 0052199
 0205435 1279901 0332293 1522326 0085080 0018555 0007634 0008120 0018557 0029939 0152035 0227898 1278992 1514798 3282337 1327616
 0205437 0205447 0052198 0052199 0043240 0374711 0205360 1547311
 0007634 3282337 0052198 0009013
 1553778 1561491 0814037 0032520 0035380 0040649 0337112 0443286 1114821 1335439 1524075 1555029 0521093 0750484 0017431 0392747 0443172 1705241 0022169 0000936 1711411 2981153 0020985
 0205436 0457385 0565930 1561503 1705190 0443211 1272684 0017337 1521840 1515655 1524063 0025936 0003069 0025914 0025929 0026809 1514559 0052198 0008633 0449255 0542559 1515981 1524063 0024264 0019904
 0917903 3245505 0026882 1705285 0020479 0020473 0441731 0052199
 0557061 2584313 1514811 1706462 0003591 0033684 0441472 2246761 2827734 2981698
 0003595 0523511 1412481 3640263 0850664 0035648 0050325 0679238 0960756 1281905 0035647 1521761 2827422 0439084 0728893 0011155 0162429 1623416 0020473 0205082 1274040 1546471 2825142 0004153
 1979874 0003595 0523511 1412481 0700186 0221198 0333482 0025936 0003069 0025914 0025929 0026809 0241863 0020473
 0597298 0002520 2917660 0001128 0202406 0205448 0733755
 0052198 0010654 0010654 0052199 0010654 0033105 0220900 0033684 1883559 0052201 2984964
 0205419 0052198 0015127 1524003 1976850 0023820 1880022 3272697 2749803 0018799 0012634 0018787 1281570
 0449445 1292724 1883351 1292734 1522326 0309872 0004153 0332257 1552866 2700399 1515119 0017296 0017337 0039798 0087111 1363945 1524063 0521026 0679199 1883351 1514559 0033684 0018790 0237477 0392351 0521111 1563937 0184512 0221198
 1412481 1517499 0017337 0040671 1705822 0020473 0004153
 0243107 0678723 1527148 0017340 1524063 0028953 0332149 1705910 2362652
 0332256 2700400 0017446 0205147 0332297 0035668 0205166 0270814 1706317
 0181687 0175721 1883351 1881534 0332281
 1521970 1706388 2346469 2348519 0033414 0205369 0243122 1145667 1167622 1552740 0683607 0337076 2349182 0162735 0026882 1552961 1705285 2347617 0444498
 0185125 1632850 1879355 1327616 0052198 1547282 0017259 0017337 0439836 0052199 0205360 1547311 0205355 0035696 0428479 0033684 0441889 0456079 1547707 2946261
 1883712 0017337 0043240 0374711 1515655 1524063 0025936 0003069 0025914 0025929 0026809 1514559 0052198 1711411 0017429 0017428 2338314 1521840 1524063 0024264 0019904
 0917903 0026882 1705285 0020479 0020473 0441731
 0557061 2584313 1514811 1706462 0085080 0018555 0007634 0008120 0018557 0029939 0152035 0227898 1278992 1514798 3282337 0007634 3282337 0010454 0009458 0392747 0439536 1705217 3244283 0010453 0220814 0430400 2242979 0007452 0015965 0229671 0521457 1140701 1546774 1550100 1719918 0242295 1947943 2348609 0020684 0040077 0311461 0002525 0039421
 0006556 0009013 0599566 0086022 0442335 1705099 0023828 0439855 1704241 0007634 3282337
 1442457 0439230 0018270 0220844 1621966 2911660 0009458 0439536 1705217 3244283 0332268 0020684 0040077 0085080 0018555 0009013 0007634 0008120 0018557 0029939 0152035 0227898 1278992 1522642 3282337 3539520 0079240 0205409 0439801 1548221 1948037
 0243148 1550141 1882979 2587213 3274648 0085080 0007634 3282337
 0025936 0003069 0025914 0025929 0026809 0052198 0025936 0003069 0025914 0025929 0026809 0052198 0086418 0025914 0025929 0026809 1254211 1260875
 0012854 0039259 0185115 3541890 0339897 0680063 1710425 3282898 0032520 0677874 0220908 1305399 1705053 1708726
 0439178 1446409 1514241 2825490 0005516 0205160 1513916 2825415 2825491 1707391 0324335 1314677 1442989 2828392
 0024264 0024264 0005767 0005768 0030705 0205409 0229664 1548221 0019904 0014644 0042776 0319157 1396851 2826170
 0007634 3282337 0010453 0220814 0430400 2242979 1719918 0242295 1947943 2348609 0017797
 0028953 1883254 0017480 0014518 0205456 1709915 1882936 0230171 0441987
 1709915 1882936 0175721 1705942 1883710 0218063 0036588 1551994 3244295 0038475 0205173 0332281 0678594 1705764 1705765
 0456696 1442770 0205170 3146287 0036563 1705192 1882540 2346495 0005971 1139930 3537155 2347578 0007634 0205170 3146287 3282337
 0086045 0312860 0814202 1880568 1136140 0041700 1708611 0166872 0002508 1879694 0037494 0332256 1515981 1959973 2700400 1883708 2347578 0007634 0205170 1524062 3146287 3282337 0009458 0229671 0332256 0439536 1546774 1550100 1705217 2700400 3244283
 0011744 0033727 0369286 0441932 0564385 0872351 1548982 1720830 1823521 0456696 1442770 1524062 0012854 0185115 3541890
 0681814 0439799 0549178 0010453 0220814 0430400 2242979 0007634 0449719 3282337 0868928 1533148 0370215 1875400 0009013
 1705565 1947976 0557651 2603343 1515655 1524063 0025936 0003069 0025914 0025929 0026809
 0814202 1880568 1880165 0449468 1690016 1705102 2700258 0332256 2700400 0017725 1883708 0439855 1704241 1279039 1704247 2959511 0011334 0025914 0025929 0026809 0031153 0205447 0333343 0442034 1510420 0332293 1522326
 0025914 0025929 0026809 1514756 0814202 1880568 0205171 0439044 0679994 0243148 1550141 1882979 2587213 3274648
 1710063 0439228 0025914 0025929 0026809 0162388 0023884 0200930 0200931 0002778 0016701 0032520 0035268 0677542 0677874 0936012 1524024 3272453 0012854 0017428 0887950 0005558 0034656 0185115 0439605 3541890
 1285573 0162326 0917792 1553778 1561491 0812225 1150635 1705212 1705213 3273202 0002778 0185115 0936012 1524024 3541890 0032520 0035268 0677874 0332255 1708096 1709450 0439084 0728893 0036658 0439084 0728893 0443299 1514468 0205172 0071500 0017243 0071499 0027778
 0017431 1947971 0205195 1947911 0332283 1719822 0052198
 0052199
 0032659 1257890 0007634 3282337
 0017270 0376249 0439603 0871396 1561548 1705502 0011321 0034606 0441633 0750572 1882115 0012854 0175723 0439645 1521913 1524063 0012854 1442989 2828392
 0162326 0917792 1553778 1561491 1514468 0206415 0449902 0520510 1273517 1706746 0017243 0036681 1382104 1998793
 0032400 0071360 0747726 0035668 0007634 0185115 3282337 3541890 1524063 0331955 0006556 0205435 1279901 1515981 1704972 1704973 0605411 0039711 1517480 1521871 1705759 0206243 0699809 0439787 0849355 3272453 0012854 0017428 0887950 1552738
 1514534 0002778 0936012 1524024 0003595 0523511 1412481 0010454 0009458 0010453 0220814 0430400 0439536 1327616 1705217 2242979 3244283 0003241 0014441 0021027 0205448 0444706 3541902 1524063 0003595 0523511 1412481 1136140 0003595 0523511 1412481 1136140 1511790
 1442989 2828392 0086418 0229671 1546774 1550100 1136140 0331955 0439086 2827736 2981702 0439086 2827736 2981702 0439084 0728893 0046880 1136140 0009393 0243107 0678723 1273517 1527148 1550604 1705245
 1285572 1314763 0206243 0699809 0022169 0000936 0439787 0849355 2981153 0016327 0439133 1553038 0683454 0020985 0443299 0033684 0856657 0032105 1550098 1524063 1706746 0017243
 0025252 0033684 0003595 0523511 1412481 0175723 0234621 1524063 0301869 0162524 1450278 2349975 1332684 0331955
 0557061 2584313 1514811 1706462 0439836 0052199 0085080 0018555 0007634 0008120 0018557 0029939 0152035 0227898 1278992 1514798 3282337 0872351 0599566 0086022 0185117 0442335 1705099 3539520 1327616 0052198 3539520 0205409 1548221
 0009013 1327616 0439267 0439446 0439391 0033727 0369286 0441932 0564385 0033269 0205229 0349966 1337208
 0681814 0086045 0040223 1632851 0332293 1522326 0085080 0007634 3282337 0814202 1880568 0439855 1704241 0002508 1879694 2825550 0456603 1547037 0439084 0728893 2827734 2981698
 0007634 3282337 1548982 1720092 1720830 1823521 1948045 0009458 0439536 1705217 3244283 0456696 1442770 1524062 0012854 0185115 3541890 1883351 1516048 0052198 0200931 0200930 0002778 0936012 1524024
 0439836 0086045 0205397 1446561 0392366 0442799 0450354 1706096 0376249 0439603 0871396 1561548 1705502 1704970 0369718 0441922 1553036 1514721 2348147 3542016 0011321 0034606 0441633 0221191
 1705241 1705242 0332293 0456696 1442770 1522326 0442808 0814202 1880568 0456603 1610540 2827734 2981698 0677881 1511636
 0449774 0442739 2346711 0085080 0007634 3282337 0332293 1522326 0450354 1706096 1708639 1537525 1639518 1947986 0205160 0243148 1513916 1550141 1882979 2587213 2825415 2825491 3274648 1518422 0001721 0085080 0007634 3282337
 0449911 0333052 2607870 0557702 1272706 1704674 0557702 1272706 1704674 0349966 1337208
 2827734 2981698
 0009013
 0085080 0018555 0007634 0008120 0018557 0029939 0152035 0227898 1278992 3282337 0599566 0086022 0185117 0442335 1705099 3539520
 0079240 0205409 0439801 1548221 1948037 0009458 0220908 0220909 0439536 1515981 1698960 1705217 1710031 1710477 3244283 0003595 0523511 1412481 0014441 0033269 0009013 0205229
 0449911 0333052 2607870 0557702 1272706 1704674 0557702 1272706 1704674 0349966 1337208
 0740116 2827735 2981700
 0439836 0085080 0018555 0007634 0008120 0018557 0029939 0152035 0227898 1278992 1514798 3282337 0052199
 0028953 1273517 1547282 0162774 0004793 0162326 0162327 1334043 1519249 1706765 0314604 0017337
 0746574 1709915 1882936 1709915 1882936 0006909
 0017446 0205147 0558281 1547282 1511276 1552825 1704972 1704973
 0052198 0439267 0052199
 0052198
 0175721 1705942 1883710 0205091 0205396 1550043 1551388 1552822 0004793 0162326 0162327 1519249 0456378
 0028630 0205173 1705764 1705765 0028630 1524062 1883351 1881534
 2347469 0439836 0052199 0444598 0549183 1552826 0085080 0007634 0243148 1550141 1882979 2587213 3274648 3282337 0205397 1442464 1708639 0439855 1704241
 0013682 0439836 0085080 0018555 0221284 3272919 0007634 0008120 0018557 0029939 0152035 0205217 0227898 0442805 1278992 1521840 3282337 3539520 0332293 0450387 1522326 1708639 0040223 3541383 0205090
 0073187 0009013 0237753 0449788 0042789 1947903 0349966 1337208 0052199
 0085080 0007634 3282337 0332293 1522326 1521840 0040223 3541383 0439836 0205217 0442805
 1883351 0521093 0750484 1456348 0052198 0009013 0205369 0205449 1518422 1522642 1552740 0009013 0237753 0449788 0042789 1947903 0349966 1337208 0557651 2603343
 0009013 1522642 0150312 1883351 0007634 0052198 0439962 1537525 3282337 1705052 2986796 0039798 0087111 1522326 1533734 1705169 3538994 0023882 0205132 0700321 1280500 1550648 1552960 2348382 2700395 0439836 0750489 1705052 2986796
 0392747 1707689 2983265 0220825
 0205435 1279901 1709915 1882936 0020202 1300517 2349975 0439836
 0150312 1883351 1947971 0439836 0450348 1707455
 1881865 1704972 1704973 0311474 0012854 0332128 1280519 1704419 0042789 1947903 0450365 1706097 0542339 0678975 0205173 0450387 1442989 1705764 1705765 2828392 1881865 0042789 1947903 0450365 1706097
 0449911 0333052 2607870 0557702 1272706 1704674 0557702 1272706 1704674 0349966 1337208
 0439086 2827736 2981702
 0392747 1707689 2983265
 0013682 0439836 0150312 1524063 0037179 0087136 0205171 0450387 1881865 0442799 0205173 0450387 1442989 1705764 1705765 2828392 1881865
 0002778 0936012 1524024 1880109 0441889 0456079 1547707 2946261 0004793 0162326 0162327 1519249 0035696 0033684 0085080 0007634 3282337 1524063 2827734 2981698 1534709 1881714 0012854 0032520 0035268 0677874
 1705565 1947976 0052199 0442739 2346711 0450373 1553636 1708639
 0205117 0332282 1883708 0007634 3282337 0009013 1515981 0002778 0936012 1524024 1880109 0017431 0150312
 0009013 0052198 0205449 0052198 0205448 0052199 0205202
 0052198 0205132 1550648 1552960 0052199 0205132 1550648 1552960 0009013 1883708 0052198 0052199 1707455 0439659 0205430 3160715 0032659 1257890 0450373 1553636
 0162326 0917792 1553778 1561491 0521093 0750484 0017431 0017431 1707531 1706214 0450375
 0449774 0009013 0150312 0137714 0035668 0599161 0032520 0035268 0349966 0450376 0677874 0936012 1337208
 0521091 0750484 0443299 1301820 0597298 1524063 0016327 0439133 1553038 0683454
 1517001 0009013 0007634 3282337 1947971 0175723 0205280
 1979874 0052198 0009013 1947971 0175723 0007961 0086972 0205447 0439148 0443299 0687118 1519795 1704753 1706211 1880519 0450377 2986754 0521093 0750484 0392747 0443172 1705241
 0449911 0333052 2607870 0557702 1272706 1704674 0557702 1272706 1704674 0349966 1337208

 0439836 0052199 0205355 0428479 0033684 0441889 0456079 1547707 2946261
 0085080 0007634 3282337 2827734 2981698 0079240 0017259 0017337 0439836 0442739 2346711 0444598 0549183 1552826 0007634 3282337 0205090 0007634 3282337 0439086 2827736 2981702 0205091 1552822 0205409 1548221
 2347469 1705565 1947976 0521093 0439851 0750484 1553778 1561491 1947931
 1514468 1704444 0028630 2603360 0052198 1517001 0205091 1552822 0009013 1522642 0237753 0449788 0205090 0521093 0750484 1705565 1947976 0035696 0441889 0456079 1547707 1709305 2946261 0200930 0002778 0035268 0936012 1524024 0032400 0071360 0747726 0035668 0007634 0052198 0185115 1537525 3282337 3541890 0205202 1515981 0439086 2827736 2981702 0009013
 0073187 0597298 0009458 0439536 1327616 1705217 3244283 0022169 0000936 0442726 1511790 2981153 0020985 1524063 0032105 1550098 0013018 1527169
 0009458 0439536 1705217 3244283 0007634 3282337 0332256 2700400 0052198 0007634 3282337 1327616 0052198 0052199 0007634 3282337 0439086 2827736 2981702 0332256 2700400 0052199
 1705565 1947976 0220781 1883254 1159339 0036536 0036537
 1521840 1417166 0017337 0024264 0017337 1521840 1515655 0025936 0003069 0025914 0025929 0026809 1514559 0052198
 0003062 1514756 0814202 1880568 0205171 0439044 0679994
 0012854 0023899 0023884 0185115 0736268 1278929 2346688 3541890 0936012 0052198 0205054 0150312 1883351 0052199 1553637
 0052198 0332293 1522326 0024264 0086045 0312860 0002508 1879694 2825550 0456603 1610540 2827734 2981698 2827734 2981698
 0086045 3242229 0439836 0052199 0205397 0456603 1547037 0028953 1947971 0439836 1707959 1524063 0439836 0205397 2827734 2981698 2827734 2981698
 0042789 1947903 0349966 1337208

 0449911 0333052 2607870 0557702 1272706 1704674 0557702 1272706 1704674 0349966 1337208
 0439084 0728893
 1521840 1417166 0017337 0024264
 0439836 0052199 0205397 0025914 0025929 0026809 0052198 0086418 1720154
 2347469 0052198 1709305 0024264 0019904 0332293 0439855 0450387 1522326 1704241
 0439836 0002508 0205397 1879694 2825550 0456603 1547037 2827734 2981698
 1514811 1706462 0025664 0449851 1883351 1292748 0282641 0872285 0033684
 1546466 2983310 1517499 0017337 0040671 1705822 0040300 1521840 2986546 3244092 0441889 0309872 0871261 0036043 1705187 1520007 0086022 0442335 0521026
 1979874 0033684 0162735 0026882 1274040 1546471 1552961 2347617 2825142 0002085 1883559 0017337 2700640 0598279 0012899 1158765 0012854 0028953 0035668 0205340 1883254
 1720855 1705565 1947976 1332838 0002346 0949216 1523987
 0086222 0449255 0542559
 0683887 0039421 0332120 1705565 1947976 0205355 0439836
 1707959 0021135 1533691 2827718 0332257 1552866 2700399 0449982 0025201 0684073 0025914 0025929 0026809 0450348 1705565 1947976 0015127 1314792 1524003 0002895 2700574 0221283 0002871 0007634 1000483 1269647 1704653 1948049
 0392747 0443172 0684224 0700287 3496591 1515655 1524063 0205296 1514292 0683033 0684309 1519606 3161035 0332257 0034693 0034721 0008533 1366464 0019069 0684275 1321589 0015491 0200408 1366464 3161035 0025914 0025929 0026809 0012984 1280551 0026850 0026845 0333606 0442025 3161035
 0449851 0004611 1273517 1510439 2347473 0032098 0700364 1749889 0443288 0004793 0162326 0162327 1519249 1521840
 1273517 0205419 0052198 0015127 1314792 1524003 0019247 0457464
 0598089 0682523 0007600 0427861 0007634 0205132 1269647 1704653 1948049 1327616 0052198 0686905 0150312 2717940 0007634 3282337 0450355 0024432 1546706 1550652 0013018 0052199 1441547 1527169 1537525 3245521 0557651 2603343 0085080 0018555 0007634 0008120 0018557 0029939 0152035 0227898 1278992 1514798 3282337
 0681814 1947971 0013682 0439836 0205217 0442805 0237753 0449788
 1705565 1947976 0205369 1552740
 0085080 0007634 3282337 2986417 0052199 1518422 0085080 0007634 3282337
 0270814 1522196 0007634 3282337 1273517 0814202 1880568
 0071526 0042444 0348005 0028953 0021135 1533691 2827718 1515655
 0018790 0237477 0392351 0521111 0243125 0699900 0037640 1521840 0184511 0332272 1561611
 0007634 3282337 0557651 2603343 0018555 0008120 0018557 0029939 0152035 0227898 1278992 3539520 0006556 0008633 1555671 1280500 2348382 1705565 1947976
 1547282 0009013 0871208 1521828 0205132 1550648 1552960
 1707689 2983265 1704972 1704973 1280519 1704419
 0037088 0243095 2825141 1518422 0684224 0700287 3273238 1705535 1881865 0205340 0205447 1521840 1706214 2986546 1704972 1704973
 1947971 0439836 0035668 0002055 0178499 1626935 1880279 0020202 1300517 0205431 0439855 1704241
 1518422 1522609
 0332509 0456389 0034760 0441994 0750492 1548802 1882508 2003888
 0443211 1272684 1521840 2986546 1412481 0017337 0220825 0449851 0043240 0374711 0026882 1705285 0020479 0020473 0441731
 0205435 1279901 1705565 1947976 0205355 1136186 0007634 0016884 0079411 2828386 3282337 0033684 1883559 1327616
 0007634 3282337 0010453 0220814 0430400 0549178 1314677 2242979 1534709 1881714 1883708 0009013 1522642 0205409 1548221
 0200931 0200930 0002778 0936012 1524024 1547282 0013682 0439836 0392148
 0162326 0917792 1553778 1561491 0200931 0599161 0002778 0032520 0677874 0936012 1524024 0521093 0750484 0392747 0443172 0035696 0441889
 0052198 1953353 0002520 2917660 0001128 0202406 0392747 0443172 1274040 1546471 1705241 2825142 0010654 1705241 1705242
 0205547 1285572 1314763 1524063 0683454 0016327 0021966 0221138 0439133 1553038 0443299 0597298 0020985
 1273517 0442711 1507394 1522729 2348563 0442726 0003595 0523511 1412481 0010454 0009458 0010453 0220814 0430400 0439536 1327616 1705217 2242979 3244283 1883351 0030695 0150369 0181904 0596972 1521743 1704646 0439836 0033684 1883559
 0002778 0936012 1524024 0521093 0750484 1511726 3245479
 0085080 0007634 3282337 1327616 0052198 0597298 0009013 1522642 1327616 0033684
 0205117 0332282 1883708 1516048 1521840 2986546 0023884 0736268 1278929 2346688 0003595 0032105 0439083 0439087 0523511 1412481 1550098
 1273517 0599779 0003062 3161035 0025936 0025914 0025929 0026809 0025936 0003069 0025914 0025929 0026809 1514559 0052198 0439836 0052199

 0443211 1272684 0007634 0449475 0332307 1269647 1547052 1704653 1948049 1521840 0017337 0006556 0205202
 1948052 0947630 0521093 0750484 1456348 0037088 0243095 2825141 0332290 0013682 1521840 1883351 0557651 2603343 0443290 0004153
 1444647 1883351 1547282 1521840 2986546 1412481 0017337 0008643 0008661 0008633 0086418 1080058 0024264 0017431
 0162735 0026882 1552961 2347617 0332281 0020473 0007222 0007226 0012634 0003591 1327616 0014442 0014445 0033684 0034821 1149327 0333118 0597357
 0003595 0523511 1412481 1332838 0441472 0005775 0238767 1516559 1706086 0449685 0205145 0221198 1515981 1546698
 0185117 0023884 0736268 1278929 2346688 0700186 0015697 0333484 2348542 0221198 0439509
 0597298 1323371 0597358 1149326 0243122 1145667 1167622 0051300 0597357 0033684 1976850 0023820 0221099 0332152 0449297 0684336 1382187 1522538 2825073 3272697 0005775 1516559
 0052198 0442799 0052199 0439086 2827736 2981702
 1524063 0052198 0242656 0449258 0033414 0684320 0684321 0020479 0020473 0441731
 0681850 1550501 1706203 2349001 2697811 1518422 0004153
 0150312 0449450 0037088 0243095 2825141 0017337 1521840 0052199 0332294 1159339 0033684 0036536 0036537 0052199 0678226 0237881 0750502 1546944
 0052201 2984964 0052199 0002395 0332281 1521724 0243083 0012634 1883525 2346866
 1517331 0557651 0947630 2603343 0021135 1533691 2827718 1514292 1515981 1709630 3161035 0027552 0686904 1883351 0443252 0018017 0205166 1515273 1705313 1706317 2826302
 1549071 0034760
 2986676 0439394 1706495 3642217
 0597277 1708601
 1051267 2347469

 1511325
 2825232 0043227 0449719 1521721 1709471 0018173 1266240 1548284 1709701 1512022 0020283 0450407 0450408 0450409 1515981
 0718133 2603360
 0010186 0220812 0449719 1709471 0220808 0680264 0007961
 1706852 0522501 1706089 0949214

 0282413 0376649 1442065 0013227 0025118 0332296 1880497 1996904 0036378 0036375 0023973 0041740 0557806
 0254343 0796520 3272379

 0085205 1549619 1880669
 0013849 1705961 0024492 1538057 1547565
 0034037 1704324 0030351 0000723 0000723 1273517 0003591
 0018555 0008120 0018557 0029939 0152035 0227898 1278992 0018555 0008120 0018557 0029939 0152035 0227898 1278992
 0039667 1333216 0030016 0058075
 0007452 0015965 0229671 0521457 1140701 1546774 1550100
 0032520 0677874 0032520 0337112 0443286 1114821 1335439 1524075
 0600436 0002055 0178499 1709450 1880279
 0814202 1880568 0032486
 1720830 1823521 0991865 0006353 0031603 0031701 0036082 1601799
 0035268 0035268 0032529 0332255 0443288 1444754 1706316 1708096 1882417
 0035380 0040649 1555029
 0014441 0014441 2717977 0005507 0014442 0021075 0243073 1510438 1517892 1704666
 0019941 0019941 0027021 0031179 0330510 0939835 1110641 1318719
 0016327 0439133 1553038 0683454 0022169 0000936 2981153
 0014644 0014644 0042776 0319157 1396851
 0023823 0023820 0178587 0205251 1299352 1550472
 1514811 1706462 0557061 2584313 1514811 1706462 2827734 2981698
 0597277 1708601
 0033727 0369286 0441932 0564385
 0001483
 0201682
 0025141 0740116 2827735 2981700
 0205090 0684010 2603358




 0025141 0439086 2827736 2981702
 1431628 0439267

 1315013

 0025141

 0205090 0684010 2603358
 2603362


 0201682
 0439084 0728893

 1708595 3280986


 0369773 2603361
 0016327 0439133 1553038

 0004153 0439083 0439087 0025141
 0369637 0441923
 0016327 0439133 1553038 2603362



 0439073 0439082
 0369637 0441923
 0016327 0439133 1553038
 2347469 2603362
 0036397
 0369718 0441922 1553036 0021966 0221138 0597277 1708601 0033727 0369286 0441932 0564385 2603360 0597277 1708601 2603360

 1315013

 0025141
 0450955 0597277 1708601 0033727 0369286 0441932 0564385 2603360 0597277 1708601 0369718 0441922 1553036
 0011847 0011849 0000857 0600678 1552863
 0033727 0369286 0441932 0564385 0369718 0441922 1553036 2603360 0597277 1708601 2603360 1553033 0016327 0439133 1553038
 1418943

 0268596 2700624
 3642273
 0041703
 0000857 0600678 1552863
 0205090 0684010 2603358
 2603362
 1708595 3280986

 2347379
 0439509
 2603362
 2347469
 2347469






 0678579
 0205090 0684010 2603358
 0439267 2347469 0369718 0441922 1553036 0402217 0033727 0369286 0441932 0564385
 2347469 1708595 3280986

 1315013

 0025141
 0597277 1708601
 2347469
 1418943

 0268596 2700624
 3642273
 0041703

 0043402
 2347469
 2347469
 0027960 0324740 0439189 1456781 1824986

 0310367 0750526 0025141
 2347469
 2603360 0332083 0205090 0684010 2603358 0205090 0684010 2603358 0553654


 0451119 1444662
 0025141
 2347469
 0033727 0369286 0441932 0564385
 0017337 0025141
 2347469
 0597277 1708601
 1538150 0033727 0369286 0441932 0564385
 2347469 0369773 2603361
 0557775 1511780 0557775 1511780 0033727 0369286 0441932 0564385 0369637 0441923
 0369637 0441923
 0033727 0369286 0441932 0564385 0439394 1706495 3642217
 0369637 0441923


 0201682

 0178587 0557775
 0011198 0017480 3541240 0021966 0221138
 0033727 0369286 0441932 0564385 0369773 2603361 0033727 0369286 0441932 0564385 0998863
 0033727 0369286 0441932 0564385
 0016327 0439133 1553038
 0439267 0369637 0441923
 0033727 0369286 0441932 0564385


 0325074
 0025141
 1553033 0205090 0684010 2603358 0439267

 1552390 0025141


 2603360

 2347379
 0450355 0000857 0600678 1552863
 2603360
 3642273

 0025141 0450348
 0597277 1708601


 0025141
 0597277 1708601 2347469
 0035567 1140671 1509547 3484401 0369637 0441923

 0597277 1708601
 2347469
 0036397 0000857 0600678 1552863
 2347469
 2603360 0369773 2603361 0553654



 0025141
 2347469
 2603360 2347469 0369773 2603361 0369718 0441922 1553036
 0205090 0684010 2603358
 0205090 0684010 2603358 0553654

 1418943

 0268596 2700624
 3642273
 0041703

 2603360
 0369637 0441923
 0033727 0369286 0441932 0564385 0439394 1706495 3642217

 1418943

 0268596 2700624
 3642273
 0041703
 0439073 0439082
 0205090 0684010 2603358
 0332319 0369637 0441923

 2603360 0439394 1706495 3642217 0439090 1423767 2603360
 2603360 0024554 0025266 0086418 0369718 0441922 1553036 0439267


 0369718 0441922 1553036


 0025141

 2347469

 2827734 2981698 0025141
 2603360
 0439394 1706495 3642217 0439267
 0439394 1706495 3642217 2347469
 1418943

 0268596 2700624
 3642273
 0041703
 0450355
 2347469
 2603362
 1708595 3280986


 0201682


 0005680 0027567 0085756 0439541

 0439394 1706495 3642217
 0597277 1708601

 2347379
 0000857 0600678 1552863
 0439114 0033727 0369286 0441932 0564385 0016327 0439133 1553038 0369637 0441923
 0369637 0441923
 2347469
 0369773 2603361
 1418943

 0268596 2700624
 3642273
 0041703
 0000857 0600678 1552863
 0033727 0369286 0441932 0564385
 0439267
 0369773 2603361


 0201682

 0439267 0369637 0441923
 0205090 0684010 2603358 0026405 0439394 1706495 3642217


 0025141
 2347469
 2603360
 2347469 0553654

 0086403 1555763 0025141
 0021966 0221138
 0016327 0439133 1553038 0871611 0439267
 2347469
 0205090 0684010 2603358
 1315013
 0201682

 0205090 0684010 2603358

 0036397 0025141
 0439394 1706495 3642217
 0597277 1708601




 0025141 0439509
 0597277 1708601 0205090 0684010 2603358 2603362
 0033727 0369286 0441932 0564385 2247561






 1553033
 0016327 0439133 1553038 0369773 2603361
 0439267 0018767
 0369718 0441922 1553036





 0205090 0684010 2603358
 0439482 0597277 1708601
 0033727 0369286 0441932 0564385 0205090 0684010 2603358
 0678579 0369637 0441923

 0439394 1706495 3642217


 0201682

 0439394 1706495 3642217 0439267 2603362
 2347469 0205090 0684010 2603358 0439267 0205090 0684010 2603358 2603362

 0009993 0037455 0596070 1552856 0005477 0026376 0005532 1521991