 1704259 1705987 0007634 3282337 0033689 0008466 0008454 0033692 0038720 0475337 3536965 0597357 0004922 0597277 1708601

 0000872 0565990 1552471 0041740 0205099 0205476 0027976 0041740 0205314 1301808 1442792 3148680 0006736 0027976 0205314 2350993 0034907 0332575 0596070 1260956 2828360 0022877 3244292 0024858 0035168 0242481 0013621 0013622 0013658 0039401 2347782 0205099 1549054 0018696 1456613 0086388 0018684 0449913 1553451 1704459 1947933 0006754 3146274 0034036 0034037 1514756 1704324 0450348 0348078 0376315 1515981 1522492 1527075 0557061 2584313 1514811 1706462 0007634 3282337 1706701 0065055 0008377 1704259 1705987
 0868928 1706255 1706256 0008387 0014898 0007603 0025255 0032105 0348011 0596901 1550098 1706182 0014139 2984285 1157973 0243125 0699900
 0947630 0007634 3282337 0878517 1883351 0003595 0003591 0185117 2349975 0243144 0347980 1704259 1705987
 0681814 0022885 0039593 0392366 1512571 0243144 0347980 0074129 0017108 0086597 0127400 0597357 1003377 1413218 3537338 3540050
 0185117 1413218 3537338 3540050 1518422 0009013 0442726 1419589 1511790 1515333 1522642 0007634 3282337 0392148 0243144 0347980
 0243144 0347980 0007634 3282337 0597357 0033684 0311403 0332281 0024420 1515981 1879547 1705535 0679823 0284555 1416914 0023170
 0034760 0311403 1157216 0220781 1883254 0243144 0347980
 0034760 0456148 0549184 0311403 0243144 0347980 0009013 1522642 0007634 3282337 0243144 0347980 1413218 3537338 3540050 0086597 0127400
 0917903 0243144 0347980 1413218 3537338 3540050 0085862 1299583 1709305 2745955 1704259 1705987
 1704259 1705987 1184743 1522240 0033689 0008466 0008454 0033692 0038720 0475337 3536965 0597357
 0557061 2584313 1514811 1706462 0023169 0007294 0560175 1706209 3273162 0032105 1550098 0683150 0086045 1446561 0851285 0034821 1366529 0023823 0065059 0599283 0023820 0178587 0205251 0597357 1299352 1550472 1704259 1705987 0023884 0736268 1278929 2346688 2827734 2981698 0740116 2827735 2981700
 0018563 1281583 1552914 1704259 1705987 0034821 1366529 0493898 0023823 0015252 0023820 0086597 0178587 0205251 0205437 0205447 0728940 1299352 1550472 0027361 0237401 1273518 0027361 0237401 0019904 0332268 0034821 0439086 2827736 2981702
 2612459 0597177 0023823 0024369 1705822 0008387 0014898 0368909 0008377 0332296 1880497 1996904 0042153 0457083 1947944 0007634 1269647 1704653 1948049
 0597361 0014139 0086597 0127400 0597357 2984285 0008387 0014898 1883727 0007634 3282337 1704259 1705987 0008387 0014898 0007603 3161472 0007634 0025255 0348011 0596901 1269647 1704653 1706182 1948049 0243144 0347980 1157973 0243125 0699900
 1704259 1705987 0557651 2603343 0947630 1547282 0243144 0347980 0007634 3282337 0035804
 0007600 0007635 3282338 0427861 0018207 0007634 3282337 0023823 0008387 1441403 0014898 0023820 0178587 0205251 0243144 0347980 0439175 0439810 1299352 1550472 0243144 0347980 1704259 1705987 1709305 2745955
 0243144 0347980 0016030 0086418 1709305 2745955 0034693 0034721 0427861 0227525 0007634 1269647 1704653 1948049
 0243144 0347980 1184743 1522240 1705920 1709305 1883525 2346866 2745955 0449475
 0023882 0700321 2700395 0023823 0008387 0014898 0023820 0178587 0205251 0205309 0243144 0347980 0441712 1299352 1550472 1706376 0034800 0699040 0007634 0205148 0597357 1269647 1704653 1948049 1273518
 0009013 1522642 0007634 3282337 1413218 3537338 3540050 0086597 1264633 1554103 0021467 0021469 1628982 3463820 0221191 0003241 1413218 1517050 3537338 3540050 0521119 1880389 1883221 3541951 0439851 1947931
 0185117 1257858 0376702 0007634 3282337 0085080 0018555 0007634 0008120 0018557 0029939 0152035 0227898 1278992 3282337 1547282 1947931 1413218 3537338 3540050 0086597 0243144 0347980 0013682 0233535 0392756 0062150 0008387 0014898 0243144 0347980 1707455
 1413218 3537338 3540050 0023823 0008387 0014898 0023820 0178587 0205251 0243144 0347980 1299352 1550472 1880177 0449475
 0557651 2603343 0150312 0185117 0007634 3282337 2349975 0243144 0347980 0332462 1880834 0450346
 0009013 1522642 1273517 0043227 1419589 1515333 0878517 1883351 0052201 2984964 0023636 0329040 0185117 0205263 0332462 1880834 0010454 0009458 0010453 0220814 0430400 0439536 1705217 2242979 3244283
 0681814 1707689 2983265 1883351 0441712 1706376 0392747 0243144 0347980 0022885 0039593 0392366 1512571 1627358 2349975 1709305 0243144 0347980
 0150312 0007600 0007634 0205132 1269647 1550648 1552960 1704653 1948049 1518422 0441889
 1880022 0007634 3282337 1547282 0871161 1292721 1413218 3537338 3540050 0086597 0127400 1883351 0033689 0008466 0008454 0033692 0038720 0475337 3536965 0003595 0523511 1412481 0086282 1611821 0680022 2698041
 2607943 2926606 3539655 1704259 1705987
 0557061 2584313 1514811 1706462 0007585 0007634 0010453 0220814 0430400 1269647 1704653 1948049 2242979 0007634 3282337 1314677 0001861 3536832 0021178 1518416 0018837 0019944 0229671 0242616 1265527 1546774 1550100 0242295 1947943 2348609 0229671 0230445 1305418 1546774 1550100 0017797 0030842 0220892 0038425
 0007634 3282337 0445247 1314677 0332300 0052009 0119053 0039421 0063201 0039644 0039651 1744619
 0007634 3282337 1314677 0001861 3536832 0021178 0007452 0015965 0229671 0521457 1140701 1546774 1550100 0242295 1947943 2348609 0017797 0030842 0220892 0038425
 0005863 0332173 0439228 0439505 0009458 0439536 1705217 3244283 0009458 0229671 0332296 0392747 0439536 0443172 1546774 1550100 1705217 1880497 1996904 3244283 1444656
 1550101 0205409 1548221 1552738
 0033684 0439267 1514893 2699488 0013862 0071500 0596607 0013855 0017243 0071499 1382104 0013862 0071500 0596607 0013855 0017243 0071499 1382104 0348011 0025255
 0025255 0028778 0332206 1442450 2983591 2348236 0005903 0039476 1547703 2678549 1882074 0020283 0450407 0450408 0450409 0037494 1959973 0041415 0332256 2700400 0026131 0349374 0444318 2825079
 0025255 1883708 0003241 0205225 0205447 0439631 1439852 0041420 0332256 2700400 0026131 0349374 0444318 2825079 0432624 0432626 1707271 0039259 0205088 1705314 1705315 2827734 2981698 0432624 0432626 1707271 0039259 0205088 1705314 1705315 2827734 2981698 0439526 0078394 1152819 0597357 0439526 0450348 1416914 0439526 0034821 1366529 0023823 0065059 0023820 0178587 0205251 0597357 1299352 1550472 2827734 2981698 1416919 1568173 2987020 2827734 2981698
 0025255 0596901 1706182 1548982 0040223 1632851 0332256 2700400 0019941 0003241 0021027 0027021 0027627 0031179 0175668 0205436 0330510 0522529 0939835 1110641 1318719 1439852 1442450 2348236 0005903 0039476 1547703 0265246 1532188 0332256 2700400 0026131 0349374 0444318 2825079 0041420
 0175723 0162524 0234621 1450278 2349975
 0455052 1521827 1442460 1858114 2612461 2697537 1708632 1442460 1858114 2612461 2697537 0058173 0041479 1442460 0023823 0023820 0178587 0205251 1299352 1550472 1708632 1442460 0023823 0023820 0178587 0205251 1299352 1550472 1858114 2612461 2697537 1637390 0439526 0023823 0023820 0178587 0205251 1299352 1550472 1637390 0439526 0205173 1705764 1705765 0058173 0041479 1708632 1442460 0014994 0014996 1161324 0439084 0728893
 0020115 0205177 0205369 0439167 0441655 1552740 1561536 1442460 0033684 1514721 2348147 3542016 0033684 1515981 1442460
 0020115 0205177 0205369 0439167 0441655 1552740 1561536 1442460 0023823 0023820 0178587 0205251 1299352 1550472 0033684 1514721 2348147 3542016 0033684 1512024 1515981 1634619 1442460
 1148554 0062150 0008387 0014898 0205170 3146287 0010453 0220814 0430400 2242979 0005971 0009458 0205197 0439536 0725685 1139930 1705217 3244283 3537155 1515333 0009458 0439536 1705217 3244283 0439086 2827736 2981702
 0332173 0439228 0439505 0009458 0439536 1705217 3244283 0009458 0229671 0332296 0392747 0439536 0443172 1546774 1550100 1705217 1880497 1996904 3244283
 0456696 1442770 1708632 1442460 0023823 0242972 0748025 0023820 0178587 0205251 1299352 1550472 1708632 1442460 1444656 1524062 0549178 1292426
 0007634 3282337 1442464 0009458 0439536 1705217 3244283 0009458 0229671 0332296 0392747 0439536 0443172 1546774 1550100 1705217 1880497 1996904 3244283 0701510 0242295 1947943 2348609 0331880 1883254 0442766 2827734 2981698 0019935 0243071 0001655 1523997 2825093
 0456696 1442770 0009458 0439536 1705217 3244283 0009458 0229671 0332268 0332296 0392747 0439536 0443172 0701510 1546774 1550100 1705217 1880497 1996904 3244283 0597177 1524062 0549178 1292426
 0007634 3282337 0020746 0442504 1704765 1882509 3496241 1548982 0040223 1632851 0332256 2700400 0036774 0036773 0728877 0001924 0007452 0229671 1140701 1546774 1550100 0991865 0006353 0031603 0031701 0036082 1601799 1720092 1948045 0024348
 1881488 1522240 1883351 1749467 1948047 0040900 0034553 0034553 0439084 0728893 0007634 0033684 1269647 1704653 1948049
 0034553 1882932 0014139 0023820
 0034553 1882932 0003591
 1515051 0034553 0008387 0014898 0439185 0008387 0014898 1719767 2348589 0449768 0034553 0444706 1442460 3541902 0243144 0347980 0023823 0023820 0178587 0205251 1299352 1550472
 0243125 0699900 0007634 3282337 0010454 0009458 0205197 0439536 0725685 1705217 3244283 0010453 0220814 0430400 2242979 0332197 1689985 1515333
 0332173 0439228 0439505 0009458 0439536 1705217 3244283 0009458 0229671 0332256 0332296 0392747 0439536 0443172 1546774 1550100 1705217 1880497 1996904 2700400 3244283
 0456696 1442770 0007634 3282337 1548982 0005507 0009458 0243073 0439536 1510438 1705217 1720725 1948050 3244283 0242295 1947943 2348609 0019215 0036774 0036773 0728877 0001924 0007452 0229671 1140701 1546774 1550100 0005507 0009458 0024420 0243073 0332256 0439536 1439852 1510438 1705217 2700400 3244283 1416920 0024420 0439582
 0007634 3282337 0178587 0205170 3146287 0005971 1139930 3537155 0205170 3146287 0005971 1139930 3537155 0439583 0332256 2700400 0007452 0015965 0229671 0521457 1140701 1546774 1550100 0205200
 0007634 3282337 1548982 0005507 0009458 0243073 0439536 1510438 1705217 1720725 1948050 3244283 0005507 0009458 0024420 0243073 0332256 0439536 1439852 1510438 1705217 2700400 3244283 1416920 0024420
 0009458 0439536 1705217 3244283 0849355 0040900 0001128 0202406 1882443 0179834 1550101 0024420 0242485 0750480 1705566 0243125 0699900
 0243125 0699900 0034553 1265611 1704788 3539106 0009458 0439536 1705217 3244283 1749467 1948047
 0243125 0699900 0024420 0444706 1439852 3541902 0332197 1689985 0007634 3282337
 1523935 0243125 0699900 0024420 0439195 0007634 3282337
 0021467 0021469 1628982 3463820 1550369 0007634 0884358 1419589 1439852 1515333 3282337 0086045 1416920 0024420 1442450 1883712 0024420
 0021467 0021469 1628982 3463820 0597538 1883351 0018790 0237477 0392351 0521111 1157216 0220781 1883254 1419589 1515333 0007634 3282337 0332152 0740175 1439852 2257086 0073187 0009458 0229671 0332296 0439536 1546774 1550100 1705217 1880497 1996904 3244283 0005507 0243073 1510438
 1883351 0018790 0237477 0392351 0521111 0597538 0017973 0007634 3282337 1883712 0597177
 0015252 0728940 0062503 0007634 3282337 0332293 1442460 1522326 0268226 0062507 0021966 0221138 0040676 0024188 0062507 0021966 0221138 0439070 1705160 0439526 1457900 1883712 0597177
 0015252 0728940 0008466 0008454 0038720 0475337 3536965 0057488 1869122 0033692 0011602 0007634 3282337 0008455 0024188 0332293 0040676 0020197 0700083 1522326 2248821 1442460 0439526 1883712 0597177
 0014442 1719918 0009458 0016327 0439133 0439536 1553038 1705217 3244283 1549535 1273517 0205548
 0557061 2584313 1514811 1706462 1511790 1419589 1515333 0007634 3282337 0007634 3282337 0007600 0007634 0030551 0205132 1269647 1419589 1550648 1552960 1704653 1948049 2699423 1521827 0205448 0009015 0332490 0442504 1704765 1882509 3496241 0185117 0449913 1553451 1704459 1552738
 0007634 3282337 1300565 0332197 1689985 1515333 1260953 0185117 0392148 1515333
 1883351 1280500 2348382 0185117 1413218 3537338 3540050 0007634 3282337 1883351 1413218 3537338 3540050 3244092 0185117 0441889 0456079 1547707 1707455 2946261 0007634 3282337 1550101 0949466 0005863 0002778 0936012 1273517 1524024 1705493 1524063 0003241 0021027 1413218 1707271 3537338 3540050 0026809 0039259 0205088 0442818 0591833 1705314 1705315
 0349966 1337208
 2827734 2981698 1547282 0007634 3282337 1515333 0332197 1689985 1518422 1547282 0185117
 1517001 0185117 1413218 3537338 3540050 0007634 0442726 1419589 1511790 3282337 1547282 0442805
 1274040 1546471 2825142 0007634 3282337 1518422 1881534 1413218 3537338 3540050 0332197 1689985 1514552 2247782 0010531 1819041 1514528 3156336 0033640 0038164 0599177 0031727 0033684 1704259 1705987 1879547
 0005863 0949466 1705493 1524063 0368815 0003241 0021027 0231175 1883351 0442726 0205419 0392148 0332197 1689985 0349966 1337208
 1316572 1317574 1369612 0185117 1413218 3537338 3540050 0007600 0007634 0030551 0205132 0442726 1269647 1419589 1511790 1550648 1552960 1704653 1948049 2699423 0009013 1522642 3146294 3244092 0185117 0441889 0456079 1516077 1547707 2946261 0007600 0007634 0205132 1269647 1550648 1552960 1704653 1948049 0005863
 1527178 1874451 0007600 0007634 0205132 1269647 1550648 1552960 1704653 1948049 0439673 1514721 2348147 3542016 0007600 0007634 0030551 0205132 1269647 1419589 1441672 1550648 1552960 1704653 1948049 2699423 1883178 0009015 0079240 0205409 0439801 1548221 1948037 3542948
 0449911 0333052 2607870 0557702 1272706 1704674 0557702 1272706 1704674 0349966 1337208
 2827734 2981698
 0020985 1419589 1515333 0524983 0439267 2828366 0071500 0017243 0071499 1382104 0013855 0012634 0348080 1705253 0600190
 0003241 0021027 0182400 1704681 2347609 3536729 1413218 1707271 3537338 3540050 0026809 0039259 0205088 0442818 0591833 1705314 1705315
 0449580 0205090 0017243 0441987 1382104 1547282
 0449911 0333052 2607870 0557702 1272706 1704674 0557702 1272706 1704674 0349966 1337208
 0740116 2827735 2981700
 0020985 0521447 0687676 1550101 1704687 0007634 3282337 0392148 0332197 1689985 0936012 0013862 0071500 0596607 0025255
 1321564 0003241 0021027 1444656 0182400 1704681 2347609 3536729 1442460 2348236 0005903 0039476 1547703 0332283 0003241 0021027 0243107 0678723 1527148
 1883676 0439178 1446409 1514241 2825490 0243148 1550141 1882979 2587213 3274648 1413219 1515315 0025914 0025929 0026809 0039597 1278981 1413059 1999230 2828366 2828366 0599566 0086022 0185117 0442335 1705099 2828366 2828366
 1280500 2348382 0243144 0347980 1413218 3537338 3540050 1413219 1413059 0332148 0750492 1527178 1874451 0243144 0347980 0007634 3282337 0038951 0007634 3282337 1514760 0680022
 0349966 1337208 1547282
 0740116 2827735 2981700 0284555 0597357 0078394 1152819 0597357 0007634 0442726 1419589 1511790 1515333 3282337 1705241 1705242 0185117 0392148 0332197 1689985
 1517001 0034821 1366529 0023823 0065059 0023820 0178587 0205251 0597357 1299352 1550472 0949466 1511726 3245479 1518422 1547282
 0392148 0007634 1268443 3282337 0949466 0007634 3282337 1515888 0001625 1511726 3245479 1518422 1547282
 0949466 0597357 0231175 1883351 0442726 1514760 0597357 0349966 1337208 0007634 3282337 1515888 0001625 0003241 0021027 0442726 1511790 1514760 0597357
 0003241 0021027 0442726 1511790 0230715 0175723 0439645 1521913 0007634 3282337 1518422 0007634 0205397 1419589 3282337 1515888 0001625 1511726 3245479 1518422 1547282
 0034821 1366529 0023823 0065059 0023820 0178587 0205251 0597357 1299352 1550472 0284555 0597357 0078394 1152819 0597357 0086282 0680022 0007634 0442726 1511790 3282337
 1883351 0086282 0032214 0600138 0035820 1705810 0007634 3282337 1416920 1439852 0018790 0237477 0392351 0521111 0243122 1145667 1167622 1621296 0023688 0450355
 0349966 1337208 1547282
 0442808 0086045 0028778 0332206 2983591 0449432 1705248 0007634 3282337 1301751 1280500 2348382 0332197 1689985 0185117
 0681814 1706386 0007634 3282337 0205263 1883351 0003595 0523511 1412481 1416920 0311403 0243144 0347980 1301751 1280500 2348382 0450365 1706097
 0439165 0449432 1705248 0086045 0311403 0312860 1416920 1446561
 0449911 0333052 2607870 0557702 1272706 1704674 0557702 1272706 1704674 0349966 1337208
 0439086 2827736 2981702
 1280500 2348382 0008387 0014898 0023823 0243144 0347980 0062150 0007634 3282337
 0007634 3282337 0010454 0009458 0205197 0439536 0725685 1705217 3244283 0010453 0220814 0430400 2242979 0392148 0332197 1689985
 0332173 0439228 0439505 0009458 0439536 1705217 3244283 0009458 0229671 0332256 0332296 0392747 0439536 0443172 1546774 1550100 1705217 1880497 1996904 2700400 3244283 1515333
 1416920 0086045 1444656 1524062 1439852 1442460 1708632 1442460 0023823 0023820 0178587 0205251 1299352 1550472 1292426 1524062
 0007634 3282337 1522240 1883351 0243144 0347980 0184661 1517586 1552738 1948041 2700391 3274430 3538935 3539779
 0681814 1706386 1883712 1416920 1442460 0007634 3282337 0439526 1439852 1708632 1442460 0023823 0023820 0178587 0205251 1299352 1550472 1708632 1442460
 0007634 3282337 1522240 1883351 0243144 0347980
 1511726 3245479 0008387 0347980 0014898 0243144 0439165 1547282 0332197 1689985 1416920
 0042295 1882932
 0369718 0441922 1553036
 1280500 2348382 0243144 0347980 0243144 0347980 0062150 0007634 0392366 1419589 2986474 3282337 0680220 0243144 0347980 0062150 0678226 1413218 3537338 3540050 3146286
 0086045 0439526 0439526 1416920 1280500 2348382 0021467 0021469 1628982 3463820 0243144 0347980 0243144 0347980 1511726 3245479 1518422 1547282
 0008387 0014898 0243144 0347980 0062150 0332324 1550474 0007634 3282337 0243144 0347980 0007634 3282337 1518422 1413218 3537338 3540050 0332324 1550474
 0035820 1705810 0243144 0347980 0242356 0993637 0021467 0021469 1416920 1511726 1527178 1628982 1705938 3245479 3463820 0284555 0597357 1273518
 1152633 0205177 0439167 0441655 1561536 0007634 3282337 0392148 0003595 0523511 1412481 0205435 1279901 0150369 0392366 1516647 0243125 0699900
 0349966 1337208 1547282
 0450373 1553636 0007634 3282337 1881707 0024420 0871208 1521828 2348205 0205309 1883351 0284555 0597357
 1416920 0024420 0028778 0332206 2983591 0243125 0699900 0007634 3282337
 1883712 1416920 0311403 0243125 0699900 0086045 1446561 0450375 2348205 0021467 0021469 1628982 3463820 0243144 0347980 0450365 1706097
 0449911 0333052 2607870 0557702 1272706 1704674 0557702 1272706 1704674 0349966 1337208

 1280500 2348382 0024420 0243125 0699900 0024420 0007634 3282337
 0007634 3282337 0010454 0009458 0205197 0439536 0725685 1705217 3244283 0010453 0220814 0430400 2242979 0332197 1689985 1515333
 0332173 0439228 0439505 0009458 0439536 1705217 3244283 0009458 0229671 0332256 0332296 0392747 0439536 0443172 1546774 1550100 1705217 1880497 1996904 2700400 3244283
 0456696 1442770 0007634 3282337 1548982 0005507 0009458 0243073 0439536 1510438 1705217 1720725 1948050 3244283 0024420 1439852 1416920 0024420
 0009458 0439536 1705217 3244283 0024420 0242485 0849355 0243125 0699900
 0007634 3282337 0178587 0205170 3146287 0005971 1139930 3537155 0005971 1139930 3537155 0439583 0332256 2700400 0007452 0015965 0229671 0521457 1140701 1546774 1550100
 0007634 3282337 1883708 1548982 0005507 0009458 0243073 0439536 1510438 1705217 1720725 1948050 3244283 0005507 0243073 0243125 0699900 1273517 1510438
 0021467 0021469 1628982 3463820 0243125 0699900 1550369 0007634 0884358 1419589 1439852 1515333 3282337 0086045 1416920 1442450 1883712 0024420
 0007634 3282337 0456695 1439852 1522240 1883351 0024420 0243125 0699900
 0370003 2347026 0332256 2700400 1416920 0243148 1550141 1882979 1883727 2587213 3274648
 1707156 3274014 3541345 1882932 1514721 2348147 3542016
 0021467 0021469 1628982 3463820 0332290 0011900 0348026 0205171 0439044 0679994 1416920 0034821 1366529 0023823 0065059 0086282 0599283 0015576 0023820 0178587 0205251 0597357 0680022 1299352 1550472 1704727 0450355
 1979874 0024420 0205369 1552740
 0681814 1706386
 1553637 1547282 0024420 0311403 1325353 0023823 0008387 1441403 0014898 0023820 0178587 0205177 0205251 0243144 0347980 0439167 0439175 0439810 0441655 1299352 1550472 1561536 0007634 3282337
 1627358 2349975 0185117 0681814 1706386 0332462 1880834
 0021467 0021469 1628982 3463820 0024420 0558058 0021467 0021469 1628982 3463820 0243144 0347980
 0205449 0681814 0024420 0311403 1510992 2825518 0243144 0347980 0311403 0023823 0008387 0439092 0014898 0023820 0178587 0205251 0243144 0347980 0547044 1299352 1550472 0007634 3282337 1518422 0205263 1883351 0003595 0523511 1412481 0007634 1419589 3282337 1518422 0003595 0523511 1412481 1511726 3245479 1518422 1547282
 1511726 3245479 1705535 0284555 0597357 1273518 0243144 0347980 0007634 3282337
 1516084 1883351 0521093 0750484 1456348 0035820 1705810 0233660 0332206 1621287 0205177 0439167 0441655 1561536 0284555 0597357
 0012634 0348080 1705253 0024420 0243144 0347980 1301820 0021467 0021469 1628982 3463820
 0681814 0003595 0449432 0523511 0851827 1412481 1701901 1705248 3244310 0284555 0024420 0028778 0332206 0597357 2983591 3540560 0205448 0233535 0681814 0021467 0021469 1628982 3463820 0205397
 0449911 0333052 2607870 0557702 1272706 1704674 0557702 1272706 1704674 0349966 1337208
 0439084 0728893
 0021467 0021469 1628982 3463820 0024420
 0007634 3282337 0010454 0009458 0205197 0439536 0725685 1705217 3244283 0010453 0220814 0430400 2242979 0332197 1689985 1515333
 0332173 0439228 0439505 0009458 0439536 1705217 3244283 0009458 0229671 0332256 0332296 0392747 0439536 0443172 1515333 1546774 1550100 1705217 1880497 1996904 2700400 3244283
 0456696 1442770 1416920 0024420 0086045 1444656 1446561 1524062 1439852 1442460
 1708632 1442460 0023823 0023820 0178587 0205251 1299352 1550472 1883708 1524062 1292426 1439852
 0007634 3282337 1522240 1883351 0243144 0347980
 0681814 1706386 0205447 0007634 0036849 1419589 1442518 1515333 1705195 3282337 0010454 0009458 0205197 0439536 0725685 1705217 3244283 0010453 0220814 0430400 2242979 0392148 1515333
 0332173 0439228 0439505 0009458 0439536 1705217 3244283 0009458 0229671 0332256 0332287 0332296 0392747 0439536 0443172 1515333 1546774 1550100 1705217 1880497 1996904 2700400 3244283
 0456696 1442770 1708632 1442460 0023823 0023820 0178587 0205251 1299352 1550472 1292426 1524062
 0007634 3282337 1522240 1883351 0243144 0347980
 0042295 1882932
 0369718 0441922 1553036
 0035820 1705810 0243144 0347980 0033692 0699040 0205309 1883351 0332256 2700400 2612458 0597177
 1883712 0871786 0699040 0007634 0205148 0332297 1145667 1167622 1269647 1689898 1704653 1948049 2349209 0062503 0075691 1419891 0136134 1415793 2987155 0034821 1366529 0023823 0065059 0086282 1611821 0599283 0015576 0023820 0178587 0205251 0597357 0679823 0680022 1299352 1550472 1704727 1709305 2698041 2745955
 1883351 0022885 0039593 0392366 0035820 1705810 0243144 0347980 0007634 3282337 1273517 0205448 0449445 1292724 1883351 0018790 0237477 0392351 0521111 1157216 0220781 0439634 1522492
 0205435 1279901 0597538 0007634 0039798 0087111 0311403 1522326 1533734 1705169 3282337 3538994 0244223 0008173 0037473 0597484 1154250 1883712 1708632 1442460 0023823 0023820 0178587 0205251 1299352 1550472
 0681814 0039798 0087111 1522326 1533734 1705169 3538994 0244223 0008173 0037473 0597484 1154250 0021467 0021469 1628982 3463820 0015127 1524003 0243144 0347980 1553638 1280500 2348382 0243144 0347980 0007634 3282337 1518422 1881534 0003595 0523511 1412481
 0449445 0007634 3282337 0332293 1522326 0073187 1883351 0018790 0237477 0392351 0521111 0243126 0033692 0699040 1708632 1442460 0023823 0023820 0178587 0205251 1299352 1550472
 1274040 1546471 2825142
 1571602 1547282 0243144 0347980 0007634 3282337 1301751 1280500 2348382 0007634 3282337 0185117 1260953
 1999216 1280500 2348382 0243144 0347980 0007634 3282337 1518422 1881534 0003595 0523511 1412481
 1274040 1546471 2825142 0033692 0699040 0205224 0007634 3282337
 0449911 0333052 2607870 0557702 1272706 1704674 0557702 1272706 1704674 0349966 1337208

 1518681 1280500 2348382 0243144 0347980 0007634 3282337 0007634 3282337
 0007634 3282337 0009458 0016327 0205197 0439133 0439536 0725685 1314677 1515333 1553038 1705217 3244283
 0332173 0439228 0439505 0009458 0439536 1705217 3244283 0244223 0523891 0008173 0009458 0037473 0229671 0332256 0332287 0332296 0392747 0439536 0443172 0450396 0597484 1154250 1546774 1550100 1705217 1880497 1996904 2700400 3244283 1439852
 0023823 0023820 0178587 0205251 1299352 1550472 0439526 1883708 1524062 1292426 1439852
 0007634 3282337 1522240 1883351 0243144 0347980
 1628982 0021467 0021469 3463820 0243144 0347980 1719767 2348589 0039798 0087111 0441833 0687744 1257890 1522326 1533734 1552516 1552839 1705169 1705428 1705429 3538994 1883708 1705241 1705242 0439165 1522609 0009932 0243148 0441833 0687744 1257890 1550141 1552516 1705428 1705429 1882979 2587213 3274648
 0007634 3282337 0244223 0523891 0010454 0008173 0009458 0037473 0229671 0332287 0332296 0439536 0450396 0597484 1154250 1546774 1550100 1705217 1880497 1996904 3244283 0010453 0220814 0430400 2242979
 0205173 1705764 1705765 0023823 0023820 0178587 0205251 1299352 1550472 0439526 1883708 1524062 1292426 1439852
 0007634 3282337 1522240 1883351 0243144 0347980
 0042295 1882932
 0369718 0441922 1553036
 0449911 0333052 2607870 0557702 1272706 1704674 0557702 1272706 1704674 0349966 1337208

 1280500 2348382 0073187 0243144 0347980 0008387 0014898 0023823 0007634 3282337 0007634 3282337
 0007634 3282337 0009458 0016327 0205197 0439133 0439536 0725685 1314677 1515333 1553038 1705217 3244283
 0332173 0439228 0439505 0009458 0439536 1705217 3244283 0009458 0229671 0332256 0332296 0392747 0439536 0443172 1546774 1550100 1705217 1880497 1996904 2700400 3244283 0073187 1439852
 0205173 1705764 1705765 0023823 0023820 0178587 0205251 1299352 1550472 0439526 1883708 1292426 1524062
 0007634 3282337 1522240 1883351 0243144 0347980
 1183428 0007634 3282337 0086045 1439852 1444656 1446561 0073187
 0205173 1705764 1705765 0023823 0023820 0178587 0205251 1299352 1550472 0439526 1883708 1292426 1524062
 0007634 3282337 1522240 1883351 0243144 0347980
 0042295 1882932
 0369718 0441922 1553036
 1280500 2348382 0020197 0700083 2248821 1883351 0022885 0039593 0392366 1280500 2348382 0033689 0008466 0008454 0033692 0038720 0475337 3536965 0243144 0347980 0007634 3282337 0012238 0017973 0337112 0441987 1524075 2349986 3536869 0681850 1550501 1706203 2349001 2697811 0024188
 0007634 3282337 0062507 0332293 0268226 0021966 0221138 0439526 1522326 0062507 0021966 0221138 0439070 1705160 0043194 0258432 1421478 0301630 0392756 0441610 0243144 0347980 0349966 1337208
 1883712 0757900 0439070 1705160 1280500 2348382 0243144 0347980 1511726 3245479 1518422 1547282
 0039798 0087111 1522326 1533734 1705169 3538994 0007634 3282337 0008455 1442460 0243144 0347980 0311403 0443228 1704243 0439083 0439087 1705535 0679823 0057488 1869122 0033692 0011602
 0008455 0062507 1280500 2348382 0243144 0347980 0007634 3282337 0349966 1337208
 1316572 1317574 1369612 0243077 0024188 0301630 0441610 0301630 0441610 2348205 0004083 0439849 0596306 0699792 2612459 0597177 0023823 1511726 3245479 1518422 1547282
 0449911 0333052 2607870 0557702 1272706 1704674 0557702 1272706 1704674 0349966 1337208

 1280500 2348382 0039798 0087111 1522326 1533734 1705169 3538994 0007634 3282337
 0007634 3282337 0010454 0009458 0205197 0439536 0725685 1705217 3244283 0010453 0220814 0430400 2242979 0332197 1689985 0392148
 0332173 0439228 0439505 0009458 0439536 1705217 3244283 0009458 0229671 0332256 0332296 0392747 0439536 0443172 1546774 1550100 1705217 1880497 1996904 2700400 3244283 1515333
 0062507 0021966 0221138 0439526 0062507 0021966 0221138 0439070 1705160 0439526 0439526 1442460 1524062
 0205173 1705764 1705765 0023823 0023820 0178587 0205251 1299352 1550472 0439526 1883708 1292426 1524062 0007634 3282337 1522240 1883351 0243144 0347980
 1511726 1552961 2347617 1882932
 0369718 0441922 1553036
 1514811 1706462 0037088 0243095 2825141 0020792 0205396 0007634 3282337 0003595 0523511 1412481 0332291 1413218 3537338 3540050 0085862 1299583
 1704259 1705987 0597357 0033692 0699040
 0392762 0221191 1707455 0243144 0347980 0007634 3282337 0243144 0347980 0007634 3282337 0349966 1707959 1704259 1705987 1265611 2347139 0560020 1300563 0439267 0007634 0033684 1269647 1704653 1948049 0023823 0023820 0178587 0205251 1299352 1550472
 1704259 1705987 1704259 1705987 0680220 1883727 0007600 0007635 3282338 0007634 3282337 1704259 1705987 2612459 0023823 0023820 0178587 0205251 0597177 1299352 1550472 1709694
 0243144 0347980 0007634 1441672 3282337 0023884 0736268 1278929 2346688 1515655 0007600 0007635 3282338 2347578 0016030 0034693 0034721 0427861 0227525 0007634 1269647 1704653 1948049
 1880177 1704259 1705987 0449475 0010453 0220814 0430400 2242979 1515655 0439673
 0449475 0332257 0024432 0227525 0007634 3282337 1265611 0243144 0347980 1184743 1522240
 0037088 0243095 2825141 1416920 0311403 0449432 1705248 1705535 0086282 1611821 0680022 2698041 1314939
 0949466 1547282 0007634 3282337 0086282 0205448 0284555 0597357 0078394 1152819 0597357 0086045 0311403 1416920 2348205 0018790 0237477 0392351 0521111 0024420 0243125 0699900
 0205437 0205448 0243144 0347980 0024420 0311403
 0284555 0597357 0597357 0450355 1511726 3245479 1999230 0332120 0284555 0597357 0003595 0243144 0347980 0523511 0851827 1412481 1701901 3244310 0008387 0014898 0023823
 1274040 1546471 2825142 1518422 0679823 0205392 3540770 0205171 0332185 1720467 0205396 1550043 1551388
 0441712 1706376 0284555 0597357 0023823 0008387 0014898 0023820 0178587 0205251 0243144 0347980 1299352 1550472
 0683954 1274040 1546471 2825142 0243077 1157216 0005572 0220781 1547282 0033692
 1274040 1546471 2825142 1517331 0037088 0243095 1521721 2825141 0039798 0087111 1522326 1533734 1705169 3538994 0243144 0347980
 0679823 1184743 1522240 0033692 0699040
 1883712 0700364 0332148 0750492 0449719 0033692 1274040 1546471 1709305 2745955 2825142 1704675 0311403 0205171 0450387 1720467 0243144 0347980 1416920 0243077
 1416920 0205250 1145667 1167622 1299351 1510827 2700149 0086282 0015576 0680022 1704727 0441994 1145667 1167622 1510827 1548802 2003888 0033692 0699040 0026691 1705240 1839259 0443228 1704243
 0021467 0021469 1628982 3463820 0086045 0312860 0349966 1337208 0558058 0021467 0021469 1628982 3463820 1704675 0023823 0023820 0178587 0205251 1299352 1550472 0033692
 0947630 1547282 2612459 0597177 0023823 1706701 0567416 0007634 3282337
 1883712 1627358 2349975 0003595 0523511 1412481 0185117 1705535 0003595 0523511 1412481 0023823 0003595 0523511 1412481 0699040
 0683579 0003595 0523511 1412481 0031843 0542341 0700205 1705273 0392752 2612459 0597177 1704675 0033692 0284555 0597357 0023823 0065058 0125953 1096202 0003595 0023820 0178587 0205251 0359583 0439855 0523511 1299352 1412481 1550472 1704241 0284555 0597357 0033692
 0302523 0700325 1964257 0021467 0021469 1628982 3463820 0039798 0087111 1522326 1533734 1705169 3538994 0008455 0028778 0332206 1533157 1706084 2828370 0004083 0439849 0596306 0699792 0243144 0347980 1705535 0035820 1705810 0023823 1149323 0023820 0178587 0205251 0243122 1145667 1167622 1261552 1299352 1550472 1704379 1705117 2825408 0699040 0205148
 2607943 2926606 3539655 0684224 0700287 3496591 0023823 0008387 0003595 0014898 0023820 0178587 0205251 0243144 0347980 0523511 0851827 1299352 1412481 1550472 1701901 3244310 2826345 2348042 1627358 2349975 0243144 0347980 0443616 0227525 0871261 1704632 1706817 2911692 2612458 0597177
 1555306 1948033 1881534 1883351 0035820 0033692 0227525
 0868928 1706255 1706256 0008387 0014898 1883351 1709305 2745955 2612458 0205266 0243144 0347980 0523560 0597177 1554187
 1522508 2612459 0597177 0699040 0007634 0205148 0332297 1145667 1167622 1269647 1689898 1704653 1948049 2349209 0332148 0750492 0243144 0347980 1184743 1522240 1413218 3537338 3540050 0086597 0127400
 1707959 1413218 3537338 3540050 1883351 0887868 0008377 0025255 0037900 0359583 0392752 0596901 1706182 0230653 0700364 1883351 2945843 0205145 1515974 2825164 2612461 0597177 0450382
 1979874 0284555 0597357 0086282 0014139 1521840 2984285 0598180
 0332185 1624592 0699040 0007634 0205148 0243122 1145667 1167622 1269647 1704653 1948049 0023884 0025914 0025929 0026809 0034821 1366529 0439831 2984285 0014139 0284555 0597357 0443347 0439834 1707455 0034821 1366529 0023823 0065059 0599283 0023820 0086597 0127400 0178587 0205251 0597357 1299352 1550472
 1705535 0284555 0597357 0231185 0040223 0237096 3541383 0023823 0023820 0178587 0205251 1299352 1550472 0284555 0024420 0332297 0597357 1145667 1167622 1689898 2349209 3540560 0205166 1706317
 1316572 1317574 1369612 0557651 0947630 2603343 0023823 0023820 0178587 0205251 1299352 1550472 0699040 0007634 0033692 0205148 0332297 1145667 1167622 1269647 1689898 1704653 1948049 2349209 0022702 0205448 0337051 1709305 2745955 0205447 0700364 1883351 0333312 0337051 1509144 2349200 0439834 0750557
 1705535 0040223 0237096 3541383 0699040 0205148 0284555 0024420 0332297 0597357 1145667 1167622 1689898 2349209 3540560 0033692 0008387 0014898 0023175 0040671 1442948 1522538 1705822 2348269 3275067 0007603 3161472 0007634 0025255 0596901 1269647 1704653 1706182 1948049
 1709305 2745955 0023823 0023820 0178587 0205251 0205392 0332297 1145667 1167622 1299352 1550472 1689898 2349209 3540770 0439851 1947931 0230653 1184743 1522240 0332291 0025255 0085862 0596901 1299583 1706182 1880389 1883221 3541951 0439673
 1627358 2349975 0023816 1416902 0023764 0023820 0033692 0699040 1704675 0023823 0023820 0178587 0205251 1299352 1550472 0033692
 1511726 3245479 1274040 1546471 2825142 0683954 1274040 1546471 2825142 1705535 1512571 0033684 0023816 1416902 0023764 0023820 0596690 1416867 2262011 0023764 0205054 0243144 0347980 0597177 0425945 0439531 1948053 0040223 3541383
 1274040 1546471 2825142 1547282 1705241 1705242 0243144 0347980 0227525 0284555 0597357 0033692
 0243144 0347980 0227525 0062503 0700364 1883351 0205164 2987476 1627358 2349975 0003595 0523511 1412481
 1979874 0007634 3282337 0024188 0205369 1552740 1280500 0243144 0347980
 1274040 1546471 2825142 1705535 0023823 0023820 0178587 0205251 1299352 1550472 0008466 0008454 0038720 0475337 3536965 0057488 1869122 0033692
 1705241 1705242 0677626 0007634 0023903 2239176 3282337 0558058 1705241 1705242 1705241 1705242 0003595 0523511 1412481 0359583 0523560 0033692 1705242

 1316572 1317574 1369612 0337051 1509144 2349200 0033689 0008466 0332281 0008454 0033692 0038720 0475337 3536965
 0175636 0920316 0023823 0023820 0178587 0205251 1299352 1550472 1515655 0021135 1533691 2827718
 0543488 0441889 0456079 1547707 2946261 0007634 1419589 1515333 1709305 2745955 3282337 0332197 1689985 0185117 1553638 1571602
 0349590 1262865 1518422 0162340 1441672 0019134 0770546 0028778 0332206 1533157 1706084 2828370 1184743 1522240 1511726 3245479 1518422 1547282
 1274040 1546471 2825142 0332290 0243144 0347980 0007634 3282337 0678226 0033692 0205666 1704675 1862593 3146286 1883351 0392752 2612459 0597177
 1552616 1706244 0684224 0700287 3273238 0011209 0559563 1705822 1184743 1522240 0439064 1704259 1705987 1709305 2745955 0007634 3282337
 1704259 1705987 0851827 1701901 3244310 0284555 0597357 0033692
 0682673 1704259 1705987 0851827 1701901 3244310 1413218 3537338 3540050 0003595 0332197 0523511 1412481 1689985 1709305 2745955 1518422 0033692 0699040
 0947630 1514873 1883351 1516048 1880177 0243144 0347980 0449475 0010453 0220814 0238767 0430400 1706086 2242979 1515655
 2986676 0439482
 2825232 0043227 0027468 0018173 0018684 0021622 1521721 3245503 0199168 0587569 1546531 0557854 2825316 3245478 0079816 1556038 3496098 1549054 0042610 1704729
 0010186 0220812 0449719 1709471 0220808 0680264 0007961
 1706852 0522501 1706089 0949214

 0282413 0376649 1442065 0036397 0000872 0565990 1552471 0041740 0205099 0205476 0027976 0041740 0205314 1301808 1442792 3148680 0006736 0254343 0796520 3272379

 0085205 1549619 1880669
 0013849 1705961 0024492 1538057 1547565 0059804
 0034037 1704324 0030351 0000723 0000723 1273517 0023823 0023820 0178587 0205251 1299352 1550472 0023823 0023820 0178587 0205251 1299352 1550472
 0523560 0023825 0023823 0442811 0023820 0178587 0205251 0442824 1299352 1550472
 0023821 0023820 0178587 0205250 1299351 2700149
 0003591 0003591
 1413218 3537338 3540050 0441885 2698967 0074129 0441729 0017108 0021966 0221138 0332307 0456387 0597357 1003377 1547052 1705943
 0008387 0014898 0008387 0014898
 0024420 0024420
 0024420 0066318 1879547 0024420
 0284555 0597357 0284555 1416914 0023170
 1515333 0039644 0039651 1744619
 1416920 0597357 0033684 0332281
 0012054 0001455 0439596 1511572
 0265246 1532188 0041175 0006353 0036082 0077281 0814229
 1708632 1442460 1858114 2612461 2697537 0058173 0041479 1442460 1858114 2612461 2697537
 1708632 1442460 0023823 0023820 0178587 0205251 1299352 1550472 0058173 0041479 1442460 0023823 0023820 0178587 0205251 1299352 1550472
 1514811 1706462 0557061 2584313 1514811 1706462 2827734 2981698
 0678579 0369637 0441923

 0439394 1706495 3642217
 0036397 0025141 0740116 2827735 2981700

 0678579 0369637 0441923
 0205090 0684010 2603358
 0439267 1979971



 2347961

 2827734 2981698 2827734 2981698 0439086 2827736 2981702

 0439394 1706495 3642217 0678579 0369637 0441923
 2603362

 2347961

 0025141
 0335912 0439394 1706495 3642217

 2347379
 0000857 0600678 1552863 0439084 0728893
 1551641

 2347379
 0000857 0600678 1552863
 0332583 2603362
 0205090 0684010 2603358 0205090 0684010 2603358


 2347379
 0000857 0600678 1552863
 2603362
 0003850 0000857 0600678 1552863
 0999213
 0021966 0221138 0016327 0439133 1553038 2603362
 2603362

 1315013

 0025141

 0369637 0441923
 0205090 0684010 2603358
 0369637 0441923
 2303040 0439267
 0033727 0369286 0441932 0564385



 0025141
 0439394 1706495 3642217 0439394 1706495 3642217

 1315013



 0016327 0439133 1553038 2603360 0033727 0369286 0441932 0564385


 0025141
 0439394 1706495 3642217 0439394 1706495 3642217


 0439084 0728893
 0439394 1706495 3642217 0369637 0441923 0439394 1706495 3642217


 0025141
 0205090 0684010 2603358
 0369637 0441923

 0439394 1706495 3642217


 0201682

 0033727 0369286 0441932 0564385 0439267 0597277 1708601
 0439394 1706495 3642217 0033727 0369286 0441932 0564385
 0033727 0369286 0441932 0564385


 0201682

 0369637 0441923
 1549988
 0439394 1706495 3642217


 0201682

 2347469
 0369773 2603361

 0025141



 2347469 0453065
 2603362


 0000857 0600678 1552863

 0205090 0684010 2603358 0369773 2603361 2603362
 0205090 0684010 2603358
 2347469 0205090 0684010 2603358

 0439394 1706495 3642217


 0201682



 2347379

 0205090 0684010 2603358
 0557775 1511780
 0205090 0684010 2603358 2603362


 0025141
 0369637 0441923
 0205090 0684010 2603358
 0439267
 0330099
 0021966 0221138
 0205090 0684010 2603358
 2347469
 2603360
 0597277 1708601
 0007634 1269647 1704653 1948049 0025141 0450348
 0016327 0439133 1553038
 0369637 0441923
 0033727 0369286 0441932 0564385 0597277 1708601
 0205090 0684010 2603358
 0443050 2603362

 0597277 1708601
 0016327 0439133 1553038
 0014137 0000857 0600678 1552863

 0597277 1708601

 0597277 1708601
 2603362


 0201682

 0439114
 0033727 0369286 0441932 0564385 0369718 0441922 1553036
 1441583
 0439394 1706495 3642217 0205090 0684010 2603358



 0201682

 2603362
 0439114 0597277 1708601 0021966 0221138 0998924 2603362


 0025141

 0439267


 0025141
 0033727 0369286 0441932 0564385
 1418943

 0268596 2700624
 3642273
 0041703
 0000857 0600678 1552863
 0205090 0684010 2603358
 2347469 0439394 1706495 3642217
 0439394 1706495 3642217
 0439394 1706495 3642217

 2347379



 0201682
 0450355
 0369637 0441923

 0597277 1708601

 2347961

 0025141
 0205090 0684010 2603358
 2347469 0205090 0684010 2603358
 2347469
 0439394 1706495 3642217
 1418943

 0268596 2700624
 3642273
 0041703

 0205090 0684010 2603358


 2347379
 0439509 2827734 2981698


 0439394 1706495 3642217 0205090 0684010 2603358



 0201682

 0021966 0221138
 0597277 1708601
 0021966 0221138
 0205090 0684010 2603358
 0439267
 0369773 2603361 0205090 0684010 2603358
 2603360
 0325045
 0597277 1708601


 1315013


 0597277 1708601
 0021966 0221138




 0025141
 2603362
 0597277 1708601 0678579 0369637 0441923
 1832110
 0597277 1708601 0205090 0684010 2603358

 0439394 1706495 3642217
 1418943

 0268596 2700624
 3642273
 0041703
 0000857 0600678 1552863
 1260957 0369637 0441923
 2700303 2603362

 2347469
 1418943

 0268596 2700624
 3642273
 0041703
 0000857 0600678 1552863
 1551910 0369773 2603361
 0439394 1706495 3642217
 1427925 3273466 0369773 2603361

 1553033
 0439394 1706495 3642217

 2347379
 0000857 0600678 1552863 0439509

 0439267
 2603362

 2347379
 0000857 0600678 1552863
 0369718 0441922 1553036

 0205090 0684010 2603358

 0369637 0441923
 1418943

 0268596 2700624
 3642273
 0041703
 0000857 0600678 1552863
 1553033 2347469
 0021966 0221138

 2347379
 0000857 0600678 1552863
 0016327 0439133 1553038 0369773 2603361 0439394 1706495 3642217
 0005477 0025141
 2603360
 1551910 0369773 2603361
 0439394 1706495 3642217
 0439394 1706495 3642217
 0439394 1706495 3642217


 0201682
 0000857 0600678 1552863

 0033727 0369286 0441932 0564385
 0369637 0441923

 0439394 1706495 3642217
 0027960 0324740 0439189 1456781 1824986

 0000857 0600678 1552863
 0439394 1706495 3642217

 0205090 0684010 2603358


 0000857 0600678 1552863
 0205090 0684010 2603358
 2986502 0369637 0441923


 0000857 0600678 1552863

 1551910 0369773 2603361
 2603360
 1553033 0439394 1706495 3642217
 0439394 1706495 3642217


 0201682
 0000857 0600678 1552863
 2603360 0033727 0369286 0441932 0564385 0597277 1708601 0369718 0441922 1553036 2603360 2603360 2603360 2603360 2603360
 0005477 0025141
 0439267 0597277 1708601
 0597277 1708601


 0201682


 0205090 0684010 2603358



 0000857 0600678 1552863
 2603362
 1708595 3280986 0205090 0684010 2603358

 0005775 1516559


 0205090 0684010 2603358
 0369637 0441923
 2603360
 0439394 1706495 3642217 0205090 0684010 2603358



 0201682

 0205090 0684010 2603358


 0205090 0684010 2603358


 0268596 2700624
 3642273
 0025141 0450382
 2347469 0205090 0684010 2603358
 0369637 0441923


 0201682

 1538925 3273452 3273455 0439267
 0369773 2603361
 0557775 1511780
 0205090 0684010 2603358



 0201682

 0439482

 2347961

 0025141
 2347469

 0021966 0221138
 2603360
 0439267


 0201682

 0597277 1708601
 0439267
 0597277 1708601
 0369637 0441923
 0205090 0684010 2603358
 2603360
 0439394 1706495 3642217


 0201682

 2603360 2603360
 0021966 0221138
 0205090 0684010 2603358



 0201682


 0369773 2603361 1553033
 0439394 1706495 3642217
 0005477 0025141
 0439267 0439114 0439267
 0004153 0025141
 0439267 0597277 1708601 0439114 0439267





 2603360 0238749
 0205090 0684010 2603358
 2603362
 0439394 1706495 3642217


 0000857 0600678 1552863 0009993 0037455 0596070 1552856 0005477 0026376 0005532 1521991