 0524620 0039082 0013227 0025118 1515981 1704729 0007189 1555719 0008000 0007996 0079107 0201682 2347782 0205099 0019994 1510665 0041740 0681850 1550501 1706203 2349001 2697811 0557061 2584313 1514811 1706462 1706907
 0007222 0007226 0012634 0007465 0804771 0015127 0205164 1524003 0022671 0376387 0022646 0040732 0332835 1709854
 0035648 1553898 0559060 0035647 1521761 2827422 0242339 0011849 0011847 0205214 1522138 3245511 0205197 0007222 1512456 0007226 0012634 0033105 0205250 0220900 1299351 1551359 2700149 2741673 2981730 0032659 1257890
 1947946 2948600 3540471 3540472 1883351 1516048 0271650 0017725 0231199 1744706 2355652 1704788 3539106 2919615 0011849 0011847 0040732 0332835 0687676 1704687 0271650 0178665 0013220 0017725 0020963 0220929 0221099 0231197 0684336 1704410 1272092 0015663 0017725 0221099 0684336 1550565 0332281 0746556 0311400 1524026 2707259 0205309 1883351 0442805 1281905 0035647 2348205 0683971 0032659 0205246 1257890 1441672 1553889
 0025663 0025664 0449851
 0205447 0030705 0332128 0439230
 0029161 0017741 0201778 0337438 0595310 0597140 0178665 0201777 0013220 0017725 0020963 0022885 0039593 0220929 0231197 0392366 0442027 1704410 0030705 0205197
 0034394 1706422 0025102 0551625 1554096 0034869 0205476 1548330 1553414 0849535 0456984 1273517 1883351 0220825 0237753 0449788 0030705
 1274040 1546471 2825142
 0271650 0017725 0231199 1744706 2355652 0150312 0449450 1709854 0332281 0001779 0260520 1313980 0850707 0241889 1705495 0344339 0683519 0015576 0019664 0019665 0262512 0262926 1704727 1705255 2004062 3273245 0035015 0205178 1548437 1882923 2700401 0542495 1287372 0428475 0441889 0003593 0003591 0021641 1533581 1579433 0428472 1318181 0587184 1287371 0201950 0428466 0441889
 0376209 0456081 0683269 0001779 0009253 0036864 0079399 1314687 1522384 0441994 1548802 2003888 0023822 0392885 0008377 0369773 2603361 0542495 0020557 0041004 0229671 1546774 1550100 0369773 2603361 0003593 0003591 0369773 2603361 0021641 1533581 1579433 0369773 2603361 0271650 0332281 0017725 0040732 0231199 0332835 0687676 1704687 1744706 2355652
 0439230 0850624 0035648 0332281 1553898 0960756 0007226 0009085 0035647 0000768 0000769 0332290
 1708608 0007222 0007226 0012634
 0524620 0039082
 0242339
 2919615 0011849 0011847 0040732 0332835 0687676 1704687
 0271650 0017725 0231199 1744706 2355652
 0681850 1550501 1706203 2349001 2697811 0557061 2584313 1514811 1706462 0007222 0007226 0012634 0007222 0007226 0012634 0007465 0804771 0015127 0205164 1524003 0022671 0376387 0022646 0040732 0332835 1709854 2827734 2981698 0740116 2827735 2981700
 0035648 1553898 0559060 0035647 1521761 2827422 0242339 0011849 0011847 0205214 1522138 3245511 0205197 0007222 1512456 0007226 0012634 0033105 0205250 0220900 1299351 1551359 2700149 2741673 2981730 0032659 1257890
 0439086 2827736 2981702 1292748 2350543 0178566 0009085 0035648 1553898 0035647 1521761 2827422 0023822 0023821 1522133 0065055 0008377 0023820 0178587 0205250 1299351 2700149 0086045 0020557 1522137 0020538 1963138
 0271650 0017725 0231199 1744706 2355652 0020459 0684224 0700287 3496591 1883351 0850664 0035648 1553898 0679238 1281905 0035647 1521761 2827422 0683971 0032659 1257890 0439084 0728893
 0428568 1261430 0580545 0005802 0086715 0860800 1547411 0005767 0005768 0015663 0017725 0042295 0229664 1550565 0439190 0439394 1706495 3642217 0332281 0035647 0205217 0442805 0011065 1306577
 0017853 0019046 0017982 0376322 0684224 0700287 3496591 1883351 1835368 1277690 0850664 1113667 0035648 0679238 1281905 0035647 1521761 2827422 0030705
 0022671 0376387 0022646 0040732 0332835 1709854 0021641 1533581 1579433 0332325 2827757 0001779 1707455 0009253 0036864 0079399 0150103 1314687 1522384 1708943 0243148 1550141 1882979 2587213 3274648
 1707797 0021655 2700570 0021641 0237834 1514892 1533581 1579433 2919615 0011849 0011847 0040732 0332835 0687676 1441672 1704687 2348205 0030705 1441672 0011860 1320657 0441730 0011847 0011849 0332307 1547052 0683971 0032659 1257890
 0376387 1709854 0021641 1533581 1579433 0332325 2827757 2919615 0011849 0011847 0040732 0332835 0687676 1704687 0871261 1704632 1706817 2911692
 0011849 0011847 0443211 1272684 2698872 0010054 0151744 1313980 0018799 0012634 0018787 0475224 1281570 0022671 0376387 0022646 0040732 0332835 1709854 0740116 2827735 2981700 1511726 3245479 1709854 2919615 0011849 0011847 0040732 0332835 0687676 1704687
 0376554 0557651 2603343 0376649 1442065 0033213 1706387 1709854 0271650 0178665 0013220 0017725 0020963 0220929 0221099 0231197 0684336 1704410 1272092 0015663 0017725 0221099 0684336 1550565
 0332185 0684224 0700287 3496591 0021149 0220856 0271650 0178665 0013220 0017725 0020963 0220929 0221099 0231197 0684336 1704410 0450355 0439230
 2348070 0178602 0869039 1114758 0001779 2698872 0271650 0178665 0013220 0017725 0020963 0220929 0221099 0231197 0684336 1704410
 0026777 0002778 0936012 1524024 1547282 0241889 1705495 0015576 0019664 0019665 0262512 0262926 1704727 1705255 2004062 0010823 0009450 0031437 1285572 2919615 0011849 0332281 0011847 0040732 0332835 0687676 1704687 1524063 0042153 0457083 1947944 0271650 0178665 0332281 0013220 0017725 0020963 0220929 0221099 0231197 0684336 1704410
 1947946 2948600 3540471 3540472 1883351 1516048 0271650 0017725 0231199 1744706 2355652 0332281 0746556 0311400 1524026 2707259 0205309 1883351 0442805 1281905 0035647 0683971 0032659 0205246 1257890 1441672 1553889
 0681850 1550501 1706203 2349001 2697811 0681850 1550501 1706203 2349001 2697811 0557061 2584313 0030705 0439175 0439810 1514811 1706462 1514756 0564454 0040739 0450127 0205099 0376387 1709854 0150312 0332257 0449450 0557651 2603343 3538986
 0030705 1947971 0021430 1511481 1522154 1554192 0557651 2603343 0018898 0884358
 0680220 0030705 0332293 0010592 0205195 1522326 1947911 0032950 0004482
 0029161 0017741 0201778 0337438 0595310 0597140 0178665 0201777 0013220 0017725 0020963 0022885 0039593 0220929 0231197 0392366 0442027 1704410 0439230 0884358 0029216 0040732 0040733
 0030705 2919615 0011849 0011847 0040732 0332835 0687676 1704687 1518422 0029161 0017741 0201778 0178665 0201777 0337438 0595310 0597140 1955477 0013220 0017725 0020963 0022885 0039593 0220929 0231197 0332128 0392366 0442027 1704410
 1524063 0679228 0243161 0030705 0205447 0205450 0332849 0683312
 2919615 0011849 0011847 0040732 0332835 0687676 1704687 1532563 0271650 0178665 0013220 0020963 0220929 0221099 0231197 0684336 1704410 0015663 0017725 1550565 1532563 1272092 0015663 0221099 0684336 1550565 0015663 0017725 1550565 1532563 0017725 0011744 0439190 0439394 1706495 3642217 0178665 0860800 0013220 0017725 0020963 0205307 0220929 0231197 0439166 1704410 2347086 0015663 0017725 1550565 1532563 0017725 0011744 0439190 0439394 1706495 3642217
 2985627 0018017 1571702 1881534 0205393 1548787 1707455 0441833 0687744 1257890 1552516 1552839 1705428 1705429 1709854 2919615 0011849 0011847 0040732 0332835 0687676 1704687 0271650 0178665 0013220 0017725 0020963 0220929 0221099 0231197 0684336 1704410 1272092 0015663 0017725 0221099 0684336 1550565 0848894 0030705
 2348561 0032659 0557651 1257890 2603343 2949735 0442711 1507394 1522729 2348563 0029161 0017741 0201778 0337438 0595310 0597140 0178665 0201777 0013220 0017725 0020963 0022885 0039593 0220929 0231197 0392366 0442027 1704410 1522508 1552738 1561567
 0035648 1553898 0035647 1521761 2827422 0025102 0551625 1554096 0034869 0205476 1548330 1553414 0007222 0007226 0012634 0040732 0282443 0332152 0332835 0392148 0679133 0740175 1709940 2257086
 0027051 0428953 2926063 0021308 0027061 1522564 0008031 0521093 2926613 0024902 0019664 0019665 0030193 0262512 0262926 0750484 0817096 1527391 1705255 1962977 2004062 3538928 0013798 0180600 1623258 0392747 0443172
 0877341 0581603 0010055 2936173 0202883 2936666 0411287 0002996 2936667 0002997 0190211 0018787 0162577 0522520 0522523 1522231 1548817
 1849743 0441471 3541888 0332257 3538986 0007785 0332189 2937358 0019080 0442111
 0033105 0220900 0085413 0022680 0277562 0035647 0205217 0442805 0684224 0700287 1514811 1706462 3496591 0376649 1442065 0007222 0007226 0012634 2827734 2981698 0030705
 0013798 0029216 0040732 0040733 0332173 0439228 0439505 0034869 0030705
 0149721 3484363 0340279 2911650 0225897 1269892 0018827 0020564 0205091 1522565 1552822 0011900 0243161
 0332173 0439228 0439505 0029161 0017741 0201778 0337438 0595310 0597140 0178665 0201777 0013220 0017725 0020963 0022885 0039593 0220929 0231197 0392366 0442027 1704410 0030705 0205197 0034394 0376649 1442065 0007222 0007226 0012634 0150312 0449450 0858277 0683368 1457887 0021775 0205267 0311395 1456822 0018464
 0489786 0005910 0043100 1305866 1705104 0444706 3541902 0005893 1305855 0518010 0242821 0460148 0577559 0918012 1268086 1306372 1552854 1637833 3152252 0444686 1441506 1443182 0456689 0457242
 0030705 0439475 0439475 0444334 0733755 0332293 0003364 0013227 1522326 3244316 0008902 0857121
 0002778 0936012 1524024 0030705 0015663 0456962 0439583 0013227 3244316 0332173 0439228 0439505
 0178913 0370003 2347026 0015663 1301808 1442792 1550565 3148680 0013113 0205548 0007703 1524063 0017725 1148554 1273517 0010294 1561535 0023779 0002778 0016701 0021641 0677542 0936012 1524024 1533581 1579433 0205087 0019878 0019879 0003591
 1883712 0178913 0370003 2347026 0013113 0011744 0033727 0369286 0441932 0564385 0021641 1533581 1579433
 0812399 0010294 0449297 1382187 1561535 2825073 0444686 1441506 1443182 1524063 0489829 1705501
 0025663 0449851 0871511 0017730 0220837 1415455 0331965 0039021 0202041
 0370231 1546552 1608383 1608936 0005767 0005768 0229664 0444667 0175730 1547937 1704474 0020980 0021060 0041394 0017480
 0428357 1261415 0021641 1533581 1579433 0034580 0680536 3272563 0750480 1705566 0683758 0024015
 0376690 0017446 0205146 0015663 0444686 1441506 1443182 1550565 0700308 0033727 0369286 0441932 0564385 0020283 0683149 0086045 1524063 0805874 0870077 1446409
 0201950 0543421 0008377 0439175 0439810 0023822 0392885 0008377 0041004 0022885 0039593 0392366 0017480
 0023824 0023823 0860920 0065055 0008377 0023820 0178587 0205251 1299352 1550472 0086045 0552449 0750572 0042295 0960756 1521761 2827422 1719797 2911648
 0050325 1273517
 0065058 0125953 1096202 0023820 0005507 0243073 1510438 0017480 0085201 0017480
 1441420 0019878 0019879 0229671 0439175 0439810 1546774 1550100 0008562 0444706 3541902 0016315 1511790 0076983 0032931 0032932 1642401 2584299 0030981 0001128 0202406 0002072 0442757
 0025663 0449851 0871511 0750482 0392747
 0427728 0699870 1313904 0086045 0444706 3541902 1524063 0079365 0016316 0016318 0079603 0016315 0020980 0021060 0946292 0179038 1706246 1546858 0022877 1619828 0008044 0020898 0021764 0022271
 0237913 1883413 1710574 0022885 0392366 1709320 0002780 0002778 0936012 1524024 1273517 1548787 1707455 0042295 0444504 2347634 2348143
 0021149 0220856 0441833 0687744 1257890 1552516 1552839 1705428 1705429 0022885 0039593 0392366
 0008041 1552646 0022885 0205120 0392366 1552595 1720589 1273517 1883351 1511726 3245479
 0205132 0206031 0242415 0684320 0684321 0001779 0376209 0456081 0884358 2945673 0009253 0036864 0079399 1314687 1522384
 0520511 1704711 0542495 0041004 0229671 1546774 1550100 0065058 0125953 1096202 0023820 0019878 0019879 0021641 1533581 1579433 0439828 1708728 2986775 1510411 1883351 1550543
 0002778 0936012 1524024 1524063
 1274040 1546471 2825142 0681850 1550501 1706203 2349001 2697811 0557061 2584313 1514811 1706462 0030705 0231200 0039224 1706073 1706074 0332257 0376387 1709854 0271650 0178665 0013220 0017725 0020963 0220929 0221099 0231197 0684336 1704410 1272092 0015663 0017725 0205451 0221099 0684336 1550565
 0030705 0580836 0439234 0369773 2603361 0441833 0687744 1257890 1552516 1552839 1705428 1705429 1518422 0079399 0679133 0804628 1522384 0005893 1305855 0518010 0242821 0460148 0577559 0918012 1268086 1306372 1552854 1637833 3152252 0241889 1705495 0015576 0019664 0019665 0262512 0262926 1704727 1705255 2004062 0018464
 0017853 0019046 0017982 0376322 0015663 1550565 0700308 0033727 0369286 0441932 0564385 0202041 0017725 0229671 1546774 1550100 0860803 0205250 1299351 2700149 0039224 1706073 1706074
 0449911 0039224 1706073 1706074 0557702 1272706 1704674 0557702 1272706 1704674 0039224 1706073 1706074
 1511726 3245479 0439230 0271650 0017725 0231199 1744706 2355652 0332293 0444956 0038317 0178602 1522326 0205250 0441889 0456079 1547707 2946261 1705242 0039224 1706073 1706074
 1709707 0001645 0332293 0330390 0439096 1522326 2004068 0016860
 0449911 0039224 1706073 1706074 0557702 1272706 1704674 0557702 1272706 1704674 0039224 1706073 1706074
 0021079 0021081 0039798 0087111 1363945 1524063 0042153 0457083 1947944 0012798 0033105 0220900 1883351 0860803 0205250 1299351 2700149 0369773 2603361 2360800 1830427 0237753 0449788 0085413 0022680 0277562 1518422 0441833 0687744 1257890 1552516 1552839 1705428 1705429 0050854 0369773 0439509 2603361
 0021149 0220856 0860803 0205250 1299351 2700149 0369773 2603361 0232804 0022646 0031843 0542341 0700205 1705273 1518422 0441833 0687744 1257890 1552516 1552839 1705428 1705429 0039224 1706073 1706074
 0449911 0039224 1706073 1706074 0557702 1272706 1704674 0557702 1272706 1704674 0039224 1706073 1706074
 0178665 0013220 0017725 0020963 0220929 0231197 1704410 0232804 0022646 0031843 0227665 0439849 0445223 0542341 0700205 1278978 1514845 1705273 0150312 0449450 1709854 1515981 1709854 0369773 2603361 0039224 1706073 1706074
 0441833 0687744 1257890 1552516 1705428 1705429 0030705 0683278 0027051 0428953 2926063 0021308 0027061 1522564 0332293 0877341 0018787 0581603 1522326 0030705 0205451 1707455 0441833 0687744 1257890 1552516 1705428 1705429 0369773 2603361
 0449911 0039224 1706073 1706074 0557702 1272706 1704674 0557702 1272706 1704674 0039224 1706073 1706074
 0033105 0220900 0007222 0007226 0012634 1518469 0444502 0857121 0332152 1705850 0029216 0040732 0040733 1515981 1705241 1705242 0441833 0687744 1257890 1552516 1552839 1705428 1705429 0039224 1706073 1706074
 0149721 3484363 0340279 2911650 0225897 1269892 0018827 0020564 0205091 1522565 1552822 1623258 0150312 0449450 1515981 1709854 0369773 0450355 2603361
 0007222 0007226 0012634 1709854 0455406