 0242339 2936179 0028754 1963185 1280500 2348382

 0016327 0439133 1553038
 0369773 2603361
 0205090 0684010 2603358

 0012180 0920526 0036397 0039421 0041740 0043128 0004340 1705493
 0035172 1512360 0021622 0035168 0242481 1272753 0043128 0004340 0041740 1705493 0043128 0004340 1705493 0557061 2584313 1514811 1706462 1706412 0205847 2936179 0028754 1963185
 0441833 0687744 1257890 1552516 1552839 1705428 1705429 0201950 0428466 0858034 0008377 0441889 0681850 1550501 1706203 2349001 2697811 0583329 0428475 0441889 1265611
 0857690 0021641 0032105 1533581 1550098 1579433 0443228 1704243 0021655 2700570 0021641 0237834 1514892 1533581 1579433 0449820

 0103839 0073115 0030233 3503116 1273517 1883351 0030695 0150369 0181904 0596972 1521743 1704646 0025519 0025520
 1707455 0681850 1550501 1706203 2349001 2697811 0086045 1446561 0439093 0205172 0443228 1704243 0027361 0237401 0332299
 1550025 1704782 1708715 0205146 0205134 0073115 0376690 0443228 1704243 0103839
 0033727 0369286 0441932 0564385
 0073115 0030233 3503116 0439086 2827736 2981702
 2827734 2981698 0033727 0369286 0441932 0564385
 0205421 3272697 0242339 0376674 1880177 0681850 1550501 1706203 2349001 2697811
 0376690 0443228 1704243 0033727 0369286 0441932 0564385 0369773 2603361
 0041004 0011744 0033727 0205421 0369286 0441932 0564385 3272602 0681850 1550501 1706203 2349001 2697811
 0301630 0392756 0441610 1515655 1518422 0700364 1883351 0558058 0392747 0443172
 0871208 1521828 0023816 0150312 1883351 2348205 0681850 1550501 1706203 2349001 2697811
 0557651 2603343 0023823 0023820 0178587 0205251 1299352 1550472 0597360 0185117 0086589 1524063 0005516 0205054 0205177 0439167 0441655 1273517 1561536
 0150312 0681850 1550501 1706203 2349001 2697811 1149326 0243122 1145667 1167622 0205447 0392756 2825407 1707455 0243148 1550141 1882979 2587213 3274648 0332297 1145667 1167622 1689898 2349209 0086376 0033684 0524983 0369773 2603361
 0034821 1149327 0597357 0443616 0008731 0015252 0728940 1314939 1325761 3272697 1705535 0449297 1382187 2825073 0021641 0028754 0332325 1533581 1579433 2827757 0681850 1550501 1706203 2349001 2697811 2945640
 0205252 1563937 0449719 1709471 0558058 0449297 1382187 2825073
 0557061 2584313 1514811 1706462 2936179 0028754 1963185 0025266 0205397 0497406 0332183 1709634 0011860 2697407 0004153 0007222 0007226 0012634 0580272 1519043 2827734 2981698
 0035647 0000768 0000769 0311400 1524026 2707259 0449234 0332257 0021655 2700570 0021641 0237834 1514892 1533581 1579433 0020538 1963138 0242339
 0549634 0000768 0000769 0681850 1550501 1706203 2349001 2697811 0683150 0086045 1446561 1518422 0205250 3163633
 0740116 2827735 2981700
 0036536 0036537 0065060 0023820 0041004 0699759 0008731 0023884 0736268 1278929 1515981 2346688 0023825 0023823 0442811 0023820 0178587 0205251 0442824 1299352 1550472 0014442 0014445 0006904 0006901 0014257 0040300 0699759 0935624 1280521 0005767 0005768 0229664 0521097 1704259 1705987
 0028754 1963185 1457869 1861101 0020291 0243144 0347980 1273518 0332307 1547052 1880177 0205393
 0750528 0332120 1705535 1457869 1861101 0205099 1879652 0686907 0871261 1704632 1706817 2911692 0243163 0699914 1314650 1561604 1875802 1999230
 0018563 1281583 1552914 0242339 0080151 1883351 0050325 0960756 1521761 2827422 0028754 1963185 0022877 1619828 0684224 0700287 3496591 0871261 1704632 1706817 2911692 0424612 0442027 1550025 1704782 1708715
 0242821 0460148 1268086 1705535 0242339 0035648 0035647 1521761 2827422 0007222 0007226 0012634
 0008731 0205169 1976850 0023820 0023796
 0039869 1883351 0035647 0035280 0333117 1753315
 1527178 1874451 0021641 1533581 1579433 1149837 0023816 1149836 1416902 0023764 0023820 0205177 0439167 0441655 1561536 0237753 0449788 1705535 0028754 1963185 0242339 1709305 2745955 0023796 0392756 1416870 0023764
 1516240 0065060 0023820 0041004 0549177 0699759 1274040 1546471 2825142
 0018563 1281583 1552914 0021641 1533581 1579433 0175727 0441712 1706376 0521097 1515655 0439086 2827736 2981702
 1457869 1861101 0023796 0597360 0185117 1976850 0023175 0023820 0547044 0700321 1442948 1522538 2348269 3272697 3275067 0439794
 0237753 0449788 0332120 0311277 0028754 1963185 0021655 2700570 0021641 0237834 1514892 1533581 1579433 0596620 0025519 0025520 0439092 0547044 2963144 0021641 0441712 1515981 1533581 1579433 1706376 0008731 1515655
 0947630 0681850 1550501 1706203 2349001 2697811 0021655 2700570 0021641 0237834 1514892 1533581 1579433 0022877 1619828 0684224 0700287 3496591 1707520 0015663 1550565 0041004 0450355 1955473 0150312 0004083 0439849 0596306 0699792
 1273518 0681850 1550501 1706203 2349001 2697811 2936179 0028754 1963185 2963499 2970596 0205210 0238767 0679133 1517001 1706086 1274040 1948041 0679199 0750591 0886296 1273869 1515981

 2827734 2981698 0205396 1550043 1551388 1277690 1113667 1281905 0035647 0010054 0010068 0205449 0205250 1299351 2700149 0024554 0086582 1706180 1706428 1706429 0011847 0011849 0681850 1550501 1706203 2349001 2697811 0028754 1963185
 0020792 0205396 0449297 1382187 2825073 0033414 0597360 0185117
 1883351 1517331 0035820 1705810 1706412 1707391 1883351 1292732 0022702 0220865 2825046 0028754 1515981 0681850 1550501 1706203 2349001 2697811 0020443 1522133
 1512571 0205431 1527178 1874451 0025519 0025520 0028754 0681850 1550501 1706203 2349001 2697811 2699787 0920563 0202098 0428405 0021641 0036667 0312418 0427965 0439849 0441889 0445223 0456079 1511883 1522640 1533581 1547707 1579433 2346484 2349185 2946261 0332324
 0681842 1882327 1457869 1861101 0205447 1184743 1522240 0332148 0439092 0547044 0750492 0686907 0348078 0376315 1522492 0023796
 1514811 1706462 0681850 1550501 1706203 2349001 2697811 0681850 1550501 1706203 2349001 2697811 0439234 0009462 0205246 1553889
 0681850 1550501 1706203 2349001 2697811 0582103
 0680251 0243161 0332257 3538986 0037369 0453996 1881674 0023884 0736268 1278929 2346688 0031847 0277785 0024523 0039082 1963165 0002871 1000483 0020676 0017431 1524063 0042153 0457083 1947944 0450442 1254351 1521826
 0011847 0011849 0202042 0455280 0015663 0017725 0032105 1527178 1550098 1550565 1554077 1874451 2828389 0871261 1704632 1706817 2911692
 0681850 1550501 1706203 2349001 2697811 0023824 0202117 0008377 1554077 2828389 1883351
 0021430 1511481 1522154 1554192 1301820 0681850 1550501 1706203
 0025664 0184661 2700391 0085546 0015000 0205540 1527243 2699414 0019994 1510665 0018898
 0043101 0005910 1305866 0043100 0242821 0460148 1268086 1705104 0489786 0230097 1280087 0562350 0332520 0444706 3541902 0332282 0025664 0184661 2700391 1524063 0870992
 0205682 0019552 0022122 0230097 0456603 1280087 1547037 3538851 0444686 1441506 1443182 2936179 1524063 0028754 0079809 0242485 0442045 1273517 1963185 1704788 3539106 0205682 0019552 0022122 0230097 0456603 1280087 1547037 3538851 2827734 2981698
 0424612 0442027 1550025 1704782 1708715
 0681850 1550501 1706203 2349001 2697811 0015663 0456962 1883708 1550025 1704782 1708715 0700385 1378128 0332529 0073115 0030233 3503116 0073115 0030233 3503116 1508277 0005910 1305866 0043100 0242821 0460148 1268086 1705104 0475332 0699771 1337204
 0332173 0439228 0439505 0332152 0557651 2603343 0681850 1550501 1706203 2349001 2697811 0001962 0001975 0585040 1998602 1550569 0205251 1299352 1550472 0424612
 0444255 0178913 0229667 1550615 2338243 0005767 0005768 0042449 0229664 0348013 0370003 2347026 0175730 1516695 1516698 1547937 1704474 0332256 2700400 0013618 1272706 0085590 1704454 1275965 1276271 0042449 0441587 1278960 1549091
 0178913 0370003 2347026 0681850 1550501 1706203 2349001 2697811 1442162 1550718 3244317 0021494 0354566 0021485 0348016 1272883 1533685 1828121 0005767 0005768 0229664 0013113 0205087
 0681850 1550501 1706203 2349001 2697811 0444391 0733755 0557651 2603343 0683607 0444454 1554204 0043047 0599638 1550678 1999230 0040223 1632851
 0178913 0370003 2347026 0179834 1516077 0439267
 0032105 1550098 0103839 0003591 1148554 1516695 1516698 0103839 0073115 0030233 3503116 0023779 0021641 1533581 1579433 1149836 0441655
 1510844 1698986
 1148554
 0103839 1524063 0184661 1948041 2700391 3274430 3538935 3539779 1552738
 2826210 0237820 1555688 2004454 3272697 0204727 0205409 0220862 1300565 0178587 0439267 0439526 0033727 0369286 0441932 0564385
 0003591 0071500 0017243 0071499 0086972 0443299 0687118 1382104 0071710 0016327 0025255 0348011
 0025255 0003241 0021027 1439852 0003593 0011318 0033684 0234621 1524063 0051979 0034493 0019941 0522529 0034760
 0025255 0303896 0332157 0034571 0043299 0043309 1306645 1962945 0086894 0851346 2314876 2363670 2642841
 0175723 0205396 1550043 1551388 0011321 1709793 0033684 0577559 1306372 3152252
 0347985 0681921 1707429 0103839
 1709793
 0073115 0030233 3503116 0185115 3541890 0205548 0204727 0205409 0220862 1882442 0274281 0332157 0023693 1306462 1881376
 0008562 3161035 1185738 1706132 0001963 3469601 0205390
 1709793 0035280 0040223 0333117 1527178 1705938 1753315 3541383 0871261 1704632 1706817 2911692 0073109 0000975 0205102 1273517 1442989 1553872 1619620 2828392
 0681921 1707429 1148554 0073115 0008562 0740116 2827735 2981700
 1261322 1516048
 0025519 0025520 1441506 1709793 0376690 0017446 0205146 0376690 0017446 0205146 0041004 0103839 0073115 0030233 3503116
 0086045 0033727 0369286 0439531 0441932 0564385 1301820 1948053 0232478 1998602 1273517 1441506
 0376690 0750572 1705241 1705242 0017446 0205146 0086045 0168634 1442488 1446561 1704788 3539106 0376690 0017446 0205146 1442445
 0030705 0020283 0086045 1446561 0441994 1548802 2003888 0168634 1442488 0376690 0017446 0205146 1882932 0017446 0205146 2986575 0168634 1442488 0020283 0086045 0441889 1446561
 0376690 1882932 0442805 0871261 1704632 1706817 2911692 1550025 1704782 1708715 0086045
 1709697 2728259 3484370 0021622 1272753 0043038 1273517 1883351 0884358 2947996 1441506 3176122
 0242485 0026473
 0242485 0026473 0025663 0449851 0680240 0871511 1272695 2746065

 0332173 0439228 0439505 0798503 0805586 3274764 0026473 0370231 1546552 1608383 1608936 0005767 0005768 0205409 0229664 0444667 1548221 1524063 0678621 0025663 0449851 0871511 0016701 0677542 0037633 0525069 0038636 1161331
 0018026 1304897 0026473 0332297 1145667 1167622 1689898 2349209 0439175 0439810 0205370 0243122 0750540 1145667 1167622 0444706 0449770 1268822 2825050 1318876 0037125 0038128 0086222 0231441 0443218 0947651 1305285 2827483 0006413 1552663 2827109 0331965 0027971
 0023820 2262011 1149836 0005507 0205177 0243073 0439167 0441655 1510438 1561536
 0523751 0373670 0242485 0596690 1416867 2262011 0023816 0023764 0205054 0150369 1272695 1516647 2746065 0030685 0391871 0439180 0680255 1283071 1963578 0014020 0259862
 0041073 1442460 0028928 0028929 0001128 0202406 0037680 1521827
 1883351 0079809 0242485 1149836 0205177 0439167 0441655 1561536 0086418 0229671 1546774 1550100 0052190 1412477 0003594 0052209 0444967 0003591 0449416 1524062 1705919 0023816 1416902 0032105 1550098
 1883351 0439659 0443286 1114821 1710236 1524062 0175730 1547937 1561954 1704730 0179245 0040822 0043047 0150141 0599638 1439852 1550678
 0005507 0243073 1510438 1272691 1883712 0439509 2827734 2981698
 0015684 0001128 0037638 0185115 3541890 1883712 0068008
 0456205 1552853 0040822 1883023 0036679 0237868 1881713 0007703 0205251 0678536 1299352 1550472
 1510844 0175730 0348011 1547937 1704474 0332256 2700400 0205430 3160715
 0934502 1522408 1561599 0849355 1510844 0184301 0302908 0348011 0678573 1304698 1533199 1546699 1561501
 0034553 0750480 1705566 1513371 1705738 2347637 2348146 1441488 1705565 1947976
 1883351 0079809 0242485 0596690 1416867 2262011 0023764 0205054 0020291 0175730 0205436 0457385 0565930 1547937 1561503 1561954 1704730 1705190 0086418 0229671 1546774 1550100 0037494 0392148 0470296 1515981 1959973
 1149837 0023816 1149836 1416902 0023764 0023820 0205177 0439167 0441655 1561536 0444686 1441506 1443182 1705241 1705242 0871208 1521828 2262011 1149836 0441655
 0023779 0005507 0243073 1510438
 0041004 0022341 0008377 0004340 1690540
 0857690 0021641 0032105 1533581 1550098 1579433 0444706 3541902 1524063 0011900 0348026
 0202098 0242485
 0680844 0681916 0750572 1829779 1830060 0019868 0043194 0258432 0449820 1261322 1421478 1441506 1516048 3161035 0021641 0015663 0086045 1446561 1514468 1533581 1550565 1579433 1704444 1704788 3539106 0347978 0439394 1706495 3642217 0427743 1287281 0086045 1446561 0332849
 0025663 0025664 0043194 0258432 0449851 1421478 0557702 0008044 0020898 0021764 0022271
 1511726 3245479 0034821 1149327 1518422 1704711 1708728 2986775 1510411
 1707455 0022885 0038492 0392366 1551041 1552573
 0004083 1516048 1524063 0023733 2346679 0205132 0684320 0684321
 0814896 0441889 1273517
 0557061 2584313 1514811 1706462 0038215 0600673 0220908 0220909 1301820 1698960 1710031 1710477 0039224 0449450 1706073 1706074
 0243148 0456148 0549184 1550141 1882979 2587213 3274648 0681850 1550501 1706203 2349001 2697811 0455527 0019664 0019665 0262512 0262926 1705255 2004062 0027051 0428953 2926063 0021308 0027061 1522564
 0681850 1550501 1706203 2349001 2697811 0439539 0230097 1280087 0205682 0019552 0022122 0230097 0456603 1280087 1547037 3538851
 0683150 0086045 1446561 1705242 1707455 0243148 1550141 1882979 2587213 3274648
 0023824 0202117 0008377 0443228 1704243 0243148 1550141 1882979 2587213 3274648
 0041004 0205217 0442805 0009932 0243148 0441833 0687744 1257890 1550141 1552516 1705428 1705429 1707455 1882979 2587213 3274648 0237881 0301630 0392756 0441610 0750502 1546944 0683150 0086045 1446561 0023822 0023821 1522133 0065055 0008377 0023820 0178587 0205250 1299351 2700149
 0681850 1550501 1706203 2349001 2697811 0205250 3163633 0021641 1533581 1579433 0750591 0021641 1533581 1579433 0332325 2827757
 0449911 0039224 1706073 1706074 0557702 1272706 1704674 0557702 1272706 1704674 0039224 1706073 1706074
 0681884 1519021 1706465 1521970 0008731 0022702 0220865 0220908 0220909 1301820 1325761 1698960 1710031 1710477 2825046 0557651 2603343 0025266 1524063 0103839 0014898 0008731
 0042295 0376690 0015663 0205202 0441889 1550565 0103839 0073115 0030233 3503116 0349966 1337208 1547282
 2827734 2981698 2347469
 0376690 0150312 1883351 0443228 1704243 1707455 0243148 1550141 1882979 2587213 3274648 0039224 1706073 1706074
 0150312 0683150 0086045 1446561 0681850 1550501 1706203 2349001 2697811 1998602 0439526 0369773 2603361
 0449911 0333052 2607870 0557702 1272706 1704674 0557702 1272706 1704674 0349966 1337208
 2827734 2981698
 0683150 0086045 1446561 0073115 0030233 3503116 2347469 0041004 1553033
 1511726 3245479
 0449911 0039224 1706073 1706074 0557702 1272706 1704674 0557702 1272706 1704674 0039224 1706073 1706074
 0376690 0017446 0205146 0376690 2262011 1149836 0441655 0032105 1550098 0424612 0442027 0798503 0805586 1516695 1516698 1707478 3274764
 0150312 1705241 1705242 0349966 1337208 0028754 0681850 1550501 1706203 2349001 2697811
 1511726 3245479 1515655 1705535 0205421
 0681850 1550501 1706203 2349001 2697811 0683150 0086045 1446561 0043194 0258432 1292428 1421478 1522410 1998602 0681850 1550501 1706203 2349001 2697811 1292426 1709305
 0376690 0443228 1704243 1882115 0441889 0033727 0369286 0441932 0564385 0369773 2603361 0450366 0039224 1706073 1706074
 0449911 0333052 2607870 0557702 1272706 1704674 0557702 1272706 1704674 0349966 1337208
 0740116 2827735 2981700
 0023816 1416902 0023764 0023820 0023816 1416902 0023764 0023820 0596690 1416867 2262011 0023764 0205054 0596690 1416867 2262011 0023764 0205054 0205177 0439167 0441655 1561536 0376674 0444930 0798503 0805586 1516695 1516698 2746065 3274764 1547282 1707156 3274014 3541345 0028754 1707156 3274014 3541345 0681850 1550501 1706203 2349001 2697811
 1511726 3245479
 0449911 0333052 2607870 0557702 1272706 1704674 0557702 1272706 1704674 0349966 1337208
 0439086 2827736 2981702
 1149323 0243122 1145667 1167622 0034821 0086589 0597360 1149327 1524063 0005516 0185117 0205054 0597357 1273517
 0806987 0007634 1513475 3282337 0005767 0005768 0205409 0229664 1548221 0013113 0424612 0442027 1550025 1704782 1708715
 1705241 1705242 0441833 0687744 1257890 1552516 1705428 1705429 0369773 2603361
 1511726 3245479
 1149327 1152633 0205177 0439167 0441655 1561536 0034821 0444706 0449770 1516048 1149326 0243122 1145667 1167622 0806987 0007634 1513475 3282337 0332170 0376674 1261322 1516048 1516695 1516698
 1547282 1149326 0243122 1145667 1167622 0806987 0007634 1513475 3282337 0681850 1550501 1706203 2349001 2697811 0205171 0450382 1720467 0243148 1550141 1882979 2587213 3274648 0369773 2603361
 0010101 0002778 0936012 1524024 1273517 1883351 1521761 2827422 0028754 0681850 1550501 1706203 2349001 2697811
 0455829 0230097 0332520 1280087 1707520 0424612 0577559 1306372 3152252 0205090 0684010 2603358 0369773 2603361
 0439849 1705630 1706279 3540605 1516048 0857690 0021641 0032105 1533581 1550098 1579433 0034818 1334133 0021641 0597357 1533581 1579433 1829779 1830060 1524063 0019868 0042153 0449820 0457083 1261322 1516048 1947944 3161035 0205090 0684010 2603358 0369773 2603361
 0004093 1762617 1707520 0103839 0205090 0684010 2603358 0369773 2603361 1706412 0205090 0684010 2603358 0369773 2603361
 1979874 0150312 0004083 0439849 0596306 0699792 0021655 2700570 0021641 0237834 1514892 1533581 1579433 0376690 0103839
 1514811 1706462 0683954 2607943 2926606 3539655 0025266 0242339 0686907 0205216 0392756 0442797 0449297 1382187 2362652 2825073 1704259 1705987
 0025266 0150312 1883351 1323371 0597358 1149326 1149323 0243122 1145667 1167622 0806987 0007634 1513475 3282337 2986479 1707455 0243148 1550141 1882979 2587213 3274648
 1515655 0034821 1149327 0597357 0750591 1883351 0013153 0449444 1879941 2945640 0205309 1883351 0023175 1442948 1522538 2348269 3272697 3275067 0031437
 0597360 0185117 2348042 2826345 0205177 0439167 0441655 1561536 1705535 2612485 0449297 1382187 2825073 0681850 1550501 1706203 2349001 2697811 0242339 0376674 1880177 1273518 0015663 1301808 1442792 3148680 0456962
 0301630 0392756 0441610 0023824 0202117 0858034 0008377 0023175 0032105 0442818 1442948 1522538 1550098 2348269 3275067 0020443 1522133 1518422 1521970 1706388 2346469 2348519
 0700364 1883351 2607943 2926606 3539655 0034821 1149327 0080103 0205345 0597357 1510827 1547039 0023820 0003595 0523511 1412481 0205666 1862593
 1976850 0023820 0034821 1149327 0597357 1145667 1167622 0003595 0523511 1412481 0599281 0597357 0597357 0243122 1145667 1167622 0205666 1709305 1862593 2745955
 0681850 1550501 1706203 2349001 2697811 2936179 0028754 1963185 0301630 0392756 0441610 0449297 1382187 2825073 1555603 0439792 0023820 0205666 1145667 1167622 1862593
 1705313 1709305 2745955 0332152 1705850
 0679932 1273518
 0543488 1883351 1316572 1317574 1369612 0557651 2603343 0681850 1550501 1706203 2349001 2697811 0023824 0202117 0008377
 0086045 0444504 1446561 2347634 2348143 1518422 0750591 1883351 2826293 0205210 0237881 0750502 2987476
 1705535 1864570 0237677 0023175 0181586 0301630 0392756 0441610 1442948 1522538 2348269 3275067 0597360 0185117 0034821 1149327 0242339 0205447 1517001 1883351 0004083 0439849 0596306 0699792 0150312 0439849 1705630 1706279 3540605
 0449445 1881534 0086045 1446561 2587213 1883351 0597360 0185117 0034821 1149327 0680226 1704769 0449911 1527178 1874451
 0086045 0332298 1326961 0726398 0017725 0019868 2587213 0868928 1706255 1706256 0205216 0392756 0442797 1149327 1152633 0205177 0439167 0441655 1561536 0034821 1883708 1882365 0332281 0021641 0332325 1301808 1442792 1533581 1579433 2827757 3148680
 0449295 0079809 1879489 0920563 0021641 0036667 0312418 0427965 1511883 1522640 1533581 1579433 2346484 2349185 0017725 0805586 1441547 3245521 2262744 0019868
 0332268 1518422 0332196 2828389 0851285 1327622 1282914 0598783 1517898 0023779 0025519 0025520
 0020459 0039869 1883351 0441712 1706376 2349182 1707689 2983265 0000768 0000769 0871261 1704632 1706817 2911692 1301808 1442792 3148680 0520983 0237834 1514892
 0302523 0700325 3244290 0681850 1550501 1706203 2349001 2697811 1705535 0205412 0231180 2983310 0022702 0220865 2825046 1706412
 1707478 0020459 0679133 1825598 0013113 1326961 0019868
 0871208 1521828 1416870 0023764 0039869 1883351 0020557 1522137 1880177 0332325 2827757 0681850 1550501 1706203 2349001 2697811 1280500 0021641 1533581 1579433 0023816 1416902 0023764 0023820
 0449297 1382187 2825073 0439792 0547044 1515981 0686907 1704259 1705987
 0557651 2603343 1516240 1518422 0700364 1883351 0028754 0205216 0681850 1550501 1706203 2349001 2697811 1149837 1149836 0441655 2348480 1515655
 3258117 0205421 0376690 1705535 0439836 3272697 0443127
 0302523 0700325 3244290 0332290 1955473 0150312 0332120 0681850 1550501 1706203 2349001 2697811

 0450348 0332185 0684224 0700287 3496591 0871261 1704632 1706817 2911692 0230097 1280087
 0302523 0700325 3244290 2607943 2926606 3539655
 1707455 0023825 0023823 0442811 0023820 0178587 0205251 0442824 1299352 1550472 0023796 1515655 0185115 0684295
 0557651 2603343 0681850 1550501 1706203 2349001 2697811 0011849 0011847 0020291 0078207 0023825 0065191 0392756 0185115 0684295 0205217 0442805
 0332120 0065060 0023820 0041004 0699759
 0302523 0700325 3244290 1883351 0557651 2603343 1515981 1955473 1705535 0020557 1522137 0558058 0023825 0023823 0442811 0023820 0178587 0205251 0442824 1299352 1550472 0443616 0008731 0205170 1325761 3146287 3272697
 0332290 1274040 1546471 2825142
 0150312 0242339 0008731 0748864 0547044 0700321
 0302523 0700325 3244290 0597177 3272697
 0242339 1518422 0021853 0023820 0079946 0439659 1550512
 0679932 1704259 1705987 0023175 0442805 0521115 1442948 1522538 2348269 3275067 0023820 0079946 0439659 1550512
 0011209 0559563 1705822 0798503 0805586 3274764 0871208 1521828
 0750558 1710571 0237881 0750502 2987476 1442162 1550718 3244317 0015320 0035171 1517586 1707689 2983265 0557351

 1516084 1883351 2612488 0065060 0023820 0041004 0597177 0699759 0021853 1441547 1708548 3245521 0023884 0736268 1278929 2346688
 1705117 0041004 0014898 0917903 1706412 0678226 0023820 0205054 0205227 3146286
 0039869 0449445 0205309 1705241 1705242 0243126 0036536 0036537 0042839 2825076 0042890
 0947630 1705535 0808270 1415164 0040223 1416797 3541383 1948050 0041004 0042890 1979885 0700364
 0557651 2603343 0005516 0332257 0103839 1883351 0030695 0150369 0181904 0596972 1521743 1704646 0022702 0220865 2825046 0005516
 0103839 0443228 1704243 0009932 0243148 0441833 0687744 1257890 1550141 1552516 1705428 1705429 1707455 1882979 2587213 3274648 1457869 1861101
 1299582 0242339 0678226 3146286 0205421 0243067
 1442162 1550718 3244317 0086045 1446561 0443228 1704243 0033268 0392756 1149327 1152633 0205177 0439167 0441655 1561536 0034821 1705535 0205421 0332148 0750492
 0005516 1273517 0920563 0202098 0428405 0021641 0036667 0312418 0427965 0441889 0456079 1511883 1522640 1533581 1547707 1579433 1707520 2346484 2349185 2946261 0392360 2362652 1883351

 1292732 2247552 0871261 1704632 1706817 2911692 0025266 0917903 0021655 2700570 0021641 0237834 1514892 1533581 1579433 0332281 0015663 0041004 0086045 1550565 0332120 1706412
 1979874 1955473 0004083 0920563 0021641 0036667 0312418 0427965 1511883 1522640 1533581 1579433 2346484 2349185
 0557651 2603343
 0684224 0700287 3496591 0000768 0000769 1276042 0202098 0428405 0857690 0021641 0032105 0441889 1533581 1550098 1579433 0681850 1550501 1706203 2349001 2697811 0342940 0028754 1963185
 0332149 1705910 2362652 0587081 2607943 2926606 3539655 0558058 0332307 1547052 1999230
 1273517 0007004 0205263 1866503 0021641 0205178 0871261 1533581 1579433 1704632 1706817 2911692
 0871261 1704632 1706817 2911692 1999230 1159402 0851285 1327622
 1979874 0557651 2603343 0557651 1515981 2603343 0798503 0805586 3274764 1442162 1550718 3244317
 0150312 0449505 0332307 1547052 1518422 0205263 0871261 1704632 1706817 2911692 0302523 0700325 3244290
 0003062 0007600 0007635 3282338 0017337 0052191 1609817 0021641 1533581 1579433 0013879 0205342 1705248 0004793 0162326 0162327 1519249 0033413 0017446 0086860 0205147
 1517945 0025914 0025929 0026809 0241863 0439084 0728893 0021641 0332325 1301808 1533581 1579433 1709305 2745955 2827757 2936179 0028754 1963185
 0052191 1609817 0003594 0439070 1705160 0018790 0237477 0392351 0521111 1149837 0023816 1149836 1416902 0023764 0023820 0205177 0439167 0441655 1561536 0243144 0347980
 0441889 0583329 0428475 0032105 0041004 0441889 1550098
 1518422 0444706 0557651 2603343 3541902 0052191 1609817 0003594 0439070 1705160 0050325 0960756 1521761 2827422 0242339
 0040223 0205435 1279901 3541383 1547282 0681850 1550501 1706203 2349001 2697811
 1710238 0392747 0443172 0023820 0439775 0702240 1880177
 0021641 1533581 1579433 0205099 1879652 0205447 0886296 1273869 2979881 3542921 0920563 0021641 0036667 0312418 0427965 1511883 1522640 1533581 1579433 2346484 2349185 1947946 2948600 3540471 3540472 0599946 0086045 1446561
 0183683 1521721
 2825232 1709701 0027472 1568415 0079816 1556038 0035176 0004340 0018684 0035168 0205476 0242481 1521721 1551807 3245503 0225810 0016617 0018787 1281570 3245503 0016617 2986512
 0376649 1442065 0282413 1704729 0012180 0920526 0036397 0036382 0036370 0557800 0036375 0039421 0041740 0179400 1533124 0004340 0013849 1705961 0024492 1538057 1547565
 0010186 0220812 0449719 1709471 0220808 0680264 0007961
 1706852 0522501 1706089 0949214

 1514756
 0205088 0348078 0376315 1272684 1522492 1546485 1548435
 1514811 1706462 0557061 2584313 1514811 1706462 2827734 2981698
 0605411 0558269 1552984 0454673 1550752 0013123 2825512 2951520
 1317500 0449774 0023823 0035647
 1422839
 0740116 2827735 2981700
 0605411
 0020557
 0035647 0001554 0376636 1273870 3273539
 0014507 0014508 0699910
 0450387 1553663 0025141
 0439086 2827736 2981702
 0337445 2612485 0449297 1382187 2825073 0034493 0332452
 0332268 0055672 0597357
 0025141

 0027971 3538902 3541881
 0871261 1704632 1706817 2911692 0332281 0449432 1705248 0021655 0524620 2700570 0021641 0039082 0237834 1514892 1521970 1533581 1579433 1706388 2346469 2348519
 0025141
 0439084 0728893
 0999213 0369637 0441923
 1710463 1158770 0017263 0851285 1327622 0021641 1533581 1579433 0025914 0025929 0026809 1707520 0583329 0428475 0032105 0041004 0441889 1550098
 0023779 2347379 0000857 0600678 1552863

 1552154
 1706412 0332120
 0025141

 0335912 0022575 1705783 0012836
 0598783 1517898 0023779 0025519 0025520 0007613 0030281 0007634 0031843 0330390 0439096 0542341 0700205 1269647 1704653 1705273 1948049 2004068 0205300 0011860 2984301 0011849 0441730 1320657 0011847 0332307 1547052 0423896 0456205
 0025141


 0871261 1704632 1706817 2911692 0025266
 0011847 0011849 0000857 0600678 1552863


 0424621 0520511 1704711 0023820 0007222 0007226 0012634
 0004153


 0032529 1882417 0003595 0392747 0080103 0869014 0020557 1522137
 0011847 0011849 0000857 0600678 1552863


 0443616 0008731 1325761 3272697 0597357 0025519 0025520
 0025141

 0016327 0439133 1553038 0439267 0597277 1708601
 0023820 0242656 0449258
 0004153 0439073 0439082 0025141

 1552154 2951520 1718783
 1159432 0597672 1373181 0025519 0025520 0005516 0008731 3272697
 0025519 0025520 0025141

 0016703 1551081 0312860 3541314 1549972 0020283 0450407 0450408 0450409 3541894
 1158917 0025519 0025520 0681850 1550501 1706203 2349001 2697811
 0450389 1315013 0000857 0600678 1552863

 0001905 1412243 0337445
 0020557 1522137 0023796 0023820 0041004 0436331 0439834 0699759 1444749 0342895 0034693 0034721 0038432 0241863
 0025141


 0008731 0004153
 1278073 0023779 0035820 1705810 0868955
 0027778 1510747 1550724 3242376 0369773 2603361


 0022575 1705783 0369637 0441923
 0681850 1550501 1706203 2349001 2697811 0020445 0745103 1366529 0015576 0020443 0241888 1522133
 1315013 0025141

 0230613 0337445
 0023779 0005528 1317949 3495449 1280500 2348382 0449297 1382187 2825073 0008731 1325761 0014020 0034693 0034721
 0025141

 0031831 1707664 2348314 3540849 1419366
 1829779 1830060 0019868 1261322 1516048 3161035 0021655 2700570 0021641 0237834 1514892 1533581 1579433 0007613 0032112 0007634 0031843 0542341 0700205 1269647 1704653 1705273 1948049 0086045
 0025141

 2603360
 1292856 1948023 0021641 1533581 1579433
 0011847 0011849 0000857 0600678 1552863

 0033727 0369286 0441932 0564385 3540510
 2259127 0021467 0021469 1628982 3463820 0597551 0030956 1883254 0052191 1412478 0003594 0003591 0439070 1705160
 0023779 2347379 0000857 0600678 1552863

 0369718 0441922 1553036 0369637 0441923 0033727 0369286 0441932 0564385
 0021399 0424621 0520511 1704711 0065060 0023820 0041004 0699759
 1315013
 0450348
 3642216
 0332268 1706412 0028754 1563743 1531719 0031437 1285572
 0063789 3272375

 0597277 1708601 0369637 0441923 0369637 0441923
 0392762 1515926 0028754 1963185
 0022341 0450388 0228467 0242724 2697903

 1420193 1832169 3538902 2951520 0036154 0016703 1551081
 0449297 1382187 2825073 0001527 0040300 1547928 0028754 1563743 0681850 1550501 1706203 2349001 2697811



 0032529 1882417 0003595 0392747 0004083 0439849 0596306 0699792 0023820
 0023779 0450355 2347379 0000857 0600678 1552863

 3541314
 0034821 1366529 0023823 0065059 0023820 0178587 0205251 0597357 1299352 1550472 0063164 0185117 0047420 0023517 0023516 1513475 0851285 2348042 2826345 0017262 0314604 0017337 0185117
 1315013 0025141

 0205090 0684010 2603358 0022337
 0020459 1518422 0021655 2700570 1258192 0021641 0205100 0205432 0237834 1514892 1533581 1579433 0028754 1963185
 0011847 0011849 0000857 0600678 1552863

 0699759 3540627 0016703 1551081 0073115 0030233 3503116 0022337 0026691 1705240 1839259 1552950
 0036536 0036537 0302918 0034606 0022262 0205360 0449851 1547311 0557651 2603343 0025266 2936179 0028754 1963185
 0063789 3272375 0025141

 0205090 0684010 2603358
 1280500 0074554 0012171 1527016 0206131 1550569 0012155 0424612 2699635
 0004153 0025141
 0450355
 0369718 0441922 1553036 2827664
 0004083
 0063789 3272375 0025141

 0554249 0073187 0439822 0005507 0243073 0332324 1510438 1550474 1524063 0003241 0021027 0162524 1450278 2349975
 1315013 0025141

 0439267
 0011847 0011849 0004153 0814812
 0011847 0011849 3541329 2827734 2981698 0000857 0600678 1552863

 0006413 1552663 2827109 0001905 1412243
 2265601 0920552 0851285 1327622 1149327 0427861 0677626 0007634 3282337
 0021641 1533581 1579433 0442805 1149327 1152633 0205177 0439167 0441655 1561536 0034821 0205216 0221103 0301625 0439181 0728721
 0000857 0600678 1552863


 1280500 0034693 0034721 0086418 3272697
 0023779 2347379 0000857 0600678 1552863

 1431628 0268060 1415529 0039676 2349943 3539704
 0032529 1556096 1707520 0428475 0041004 0441889 0456079 1547707 2946261 0005893 1305855 0518010 0242821 0460148 0577559 0918012 1268086 1306372 1552854 1637833 3152252
 0025141

 3538987 0020268 1413512
 0851285 1327622 0015252 0728940 0871208 1521828 1280500 1156937 0040135 0596716 0019932 0040132
 0025519 0025520 0439509 0025141
 0439086 2827736 2981702 0009993 1552856 0037455 0205463 0596070