 0597295 0220781 1883254 0001675 0012155 1442959 1519433 2983588 0205410 0205411
 0041740 0041700 1708611 0166872
 1301808 1442792 3148680 0085410 1704729 0683939 0205099 0587482 1704729 0557806 0557061 2584313 1514811 1706462 0683150 0086045 1446561 0871208 1521828 0032923 1421224 0205666 0003591 0003593 0023825 0062708 0023821 0085201 0065058 0125953 1096202 0003591 0003592 0023820 0178587 0205250 1299351 2700149 0016006 1167394 2587184 0072348 1418544 0018595 0001675 0205307 0205452 0439166 0444706 2347086 3541902 1515981 0489617 1512806
 0597295 0220781 1883254 0449770 0243126 0444706 3541902 0031453 0332282 0444889 0574032 1827465 1524063 1882932 0337051 1509144 2349200
 0220781 1883254 0369773 2603361 0332282 0452269 0012155 1442959 1519433 2983588 0205666 0003591 0003593 0023825 0369773 2603361 0085201 0003592 0369773 2603361
 1979874 0220781 1883254 0919890 0016006 0205217 0442805 1167394 2587184 0369773 2603361 0018595 0439083 0439087 0369773 2603361
 1272746 0449774 0220781 1883254 0007292 0012177 0005528 0033684 1317949 3495449 0597295 0220781 0439634 1522492 0332299 0021760 0683150 1527132 0021764 0032105 0079189 0086045 0205217 0333348 0442805 1446561 1527200 1550098 0369773 2603361
 1272746 0449774 0220781 1883254 1840635 0597427 0033684 0332282 0205245 0542341 2347946 2700217 2987476 0596846 0005528 1317949 3495449 1516240 0018850 0597295
 0031453
 0001924
 0032923 1421224
 0205666 0003591 0003593 0023825
 0062708 0023821 0085201 0065058 0125953 1096202 0003591 0003592 0023820 0178587 0205250 1299351 2700149
 0016006 1167394 2587184
 0072348 1418544
 0557061 2584313 1514811 1706462 1171332 0556043 1514873 0001675 0009830 0441889 0456079 1527178 1547707 1705938 1947907 2946261 0562342 1171285 0005910 1305866 0043100 0242821 0460148 1268086 1705104 0429631 0014653 0028158 0205415 0560184 1550581 1314677
 0556043 1514873 0556660 1524004 0205419 1881534 0027361 0237401 0034866 0036849 1442518 1705195
 0489617 1512806 0439093 0443228 1704243 1184743 1522240 0332302 0032214 0600138 0429631 0014653 0028158 0205415 0560184 1550581 1883351 0001675 0428479 0033684
 0429631 0014653 0028158 0205415 0560184 1550581 0031843 0542341 0700205 1705273 1314677
 0332149 1705910 2362652 1883351 1881534 0000934 0392673 0429631 0001072 0014653 0028158 0205415 0560184 1514873 1550581 0311400 0542341 1524026 2707259 0441889 0443318 0456079 1547707 2698651 2946261
 1442162 1550718 3244317 0000934 0392673 0206243 0699809 0010186 0220812 1705535 1883351 0429631 0369890 0014653 0028158 0205415 0560184 1550581 0681205
 0449295 1518422 0332120 1516240 0798503 0805586 3274764 0392756 0085732 0009967 0038435
 0027361 0237401 1286104 0012155 0205251 1299352 1550472 2699635 2937289 1512806 0000934 0392673 0205195 0332529 0392747 0443172 1947911 0439084 0728893
 1707959 2267000 0301630 0392756 0441610 0392756 0547047 0240417 0026845 0577559 1306372 3152252 0750492 0085639 0205195 0238715 0522510 0205177 0439167 0441655 1561536 0023884 0736268 1278929 2346688
 2963144 0871261 1704632 1706817 2911692 0038435 0392747 0443172 0392747 1554963 0033684 1327616
 0023884 0736268 1278929 2346688 0205177 1159339 0036536 0036537 0032214 0600138 0035820 1705810 0242821 0460148 1268086 0015450 0038435 0237881 0392747 0750502 1281591 1546944
 0301630 0392756 0441610 1159339 0036536 0036537 0333051 2347509 0220781 1883254 1159339 0036536 0036537 0023884 0736268 1278929 2346688 0085732 1299581 0015264 0243148 1550141 1882979 2587213 3274648 1159339 0036536 0036537
 0038164 0489617 1568213 0033684 0392756 1512806 0015450 1281591 0012155 1442959 1519433 2983588 1292711 0449719 1709471 0392756 0547047 1159339 0036536 0036537
 0543488 1883351 0392747 0443172 1705241 0237876 1522138 0033684 1705242
 0150312 0449450 0557651 2603343 0444706 3541902 0036542 0871208 1521828 0596846 0005528 0023779 1314939 1317949 3495449 0001349 0439557 0205178 0205390 0871261 1515981 1704632 1706817 2911692 0038435 0001675 0012155 1442959 1519433 2983588 0332282 0439531 1948053 0012155 1442959 1519433 2983588 1999230 0205251 1299352 1550472 0489617 1512806
 0557061 2584313 1514811 1706462 1507394 2348563 0442711 0557651 1522729 2603343 0020028 1273810 0019994 0022417 0026531 0041740 0205540 0237935 0392905 0796085 1269611 1417725 1510665 1706309 2699414 3245466 1273803 0599437
 1519316 1561610 0021430 1511481 1522154 1554192 0681850 1301820 1550501 1706203 2349001 2697811 0349590 1262865 0557651 2603343
 0947630 0206243 0699809 1555940 0021622 0028707 0086418 0311400 0392209 0439787 0849355 1272753 1305702 1442959 1524026 1547134 2355574 2707259 0020008 0019994 0205246 1510665 1553889
 0681850 1550501 1706203 2349001 2697811
 1708335 0205307 0439166 2347086 0681850 1550501 1706203 2349001 2697811 0018684 0031206 1516620 0028707 0205210 0392209 0851286 1442959 1947908 0439148 1519795 1704753 1880519 0041740
 0031206 0018684 0205170 0262926 1704706 0019664 0019665 0205197 0205476 0262512 0725685 1527178 1705255 1705938 2004062 0031809 0205485 1509143
 0681884 1519021 1706465 1521970 0039224 1706073 1706074 1547282
 0421272 1977919 1285592 0005910 0086715 1305866 2712185 0043100 0205307 0242821 0439166 0460148 1268086 1512612 1514721 1705104 2347086 2348147 3542016
 0557651 2603343 0681850 1550501 1706203 2349001 2697811 0205197 0332173 0439228 0439505 0034869 1883351 0449774 0033684
 0015663 0439583 0456962 0681850 1550501 1706203 2349001 2697811 0311400 0439148 0449450 1519795 1524026 1704753 1880519 2707259 0014272 0015316 0035253 0424589 0542479 1442080 1512899 0006781 0006779 0439852 0444706 3541902 0016132
 1507394 2348563 0442711 0557651 1522729 2603343 1292428 1517741
 0205197 1554962 0557651 2603343 0681850 1550501 1706203 2349001 2697811 1998602 1999230 0442519
 0012155 0678594 1883351 1999230 0516979 0441889 0456079 1547707 2946261 0439417 0332173 0439228 0439505 0060916
 0332173 0439228 0439505 0681850 1550501 1706203 2349001 2697811 0311400 0439148 0449450 1519795 1524026 1704753 1880519 2707259 1507394 2348563 0442711 0557651 1522729 2603343 0205341
 0681850 1550501 1706203 2349001 2697811 0205390 0557651 2603343 0439228 0025329 0025344 1511572
 0449911 0039224 1706073 1706074 0557702 1272706 1704674 0557702 1272706 1704674 0039224 1706073 1706074
 1521970 0424589 0542479 1442080 0033684 0022262 0442711 0574032 1507394 1522729 1827465 2348563 0439531 1948053
 0036542 0871208 1521828 0449770 0243126 0444706 3541902 0031453 1524063 0205666 0003591 0003593 0205666 0003591 0003593 0023825 1882932 0023884 0736268 1278929 2346688 1883254 0032120
 0031453 0022877 1619828 0037494 1959973 1521827 1883351 0079809 0242485 0871208 1521828 0032923 1421224 0205666 0003591 0003593 0023825 0062708 0023821 0085201 0065058 0125953 1096202 0003591 0003592 0023820 0178587 0205250 1299351 2700149 0016006 1167394 2587184 0018595 0072348 1418544
 0052080 0015663 0033727 0369286 0439583 0441932 0456962 0564385 0005910 0043100 1305866 1705104 0489786 0444706 3541902 0745442 0085590 0002921 2930407 0446516 1269078 1269612
 0085590 1704454 1524063 0022262 0574032 1273517 1827465 0005834 0190979
 0018563 1281583 1552914 0016536 0181154 0018851 0182158 0332568 3540603 1177780 0229667 1550615 2338243 0005767 0005768 0042449 0229664 0348013
 0031453 1292428 0085590 1704454 0016536 0178602 0869039 0871133 1114758 0022718 0439209 1720154
 0178913 0370003 2347026 0439659 0574032 1827465 0013113 0558292 1272706 1515981 0574032 1827465
 1883351 0750572 0032127 0032105 0449468 1550098 1690016 1705102 2700258 0681850 1550501 1706203 2349001 2697811 1521801 0178602 0869039 1114758 0021494 0021485 0348016 1272883 1533685 1828121 0178913 0370003 2347026 0424092 2349954 2825032 0205087
 1303103 0002778 0936012 1524024
 0005767 0005768 0229664 0175730 1547937 1704474 0013113 0678420 0699716 0041242 0037733 0041236 0947608 1262902 1999216 3257531 0205548 0179834 1412113 1516077 0450376
 0032105 1550098 0849355 1698986 0002778 0936012 1524024
 0683150 0086045 1524063 2717789 0597410 0008562 0687276 1579831 0008565 0008550 0205250 0205390 0302908 0597198 1299351 1304698 1546699 1555029 1561501 1882330 2700149 0037293 0181496 1553037 1710492 0043047
 0021760 1527132 0021764 1527200 0021760 1527132 0021764 1527200 0086045 0014441 2717977 0005507 0014442 0021075 0243073 0444706 1442989 1510438 2828392 3541902 1524063 1690540 0205090 0684010 2603358 0449913 1553451 1704459
 0683150 0427716 1304757 0086045 0001924 0062708 0023821 0085201 0065058 0125953 1096202 0003591 0003592 0023820 0178587 0205250 1299351 2700149 0032923 1421224 0072348 1418544 0018595 0016006 1167394 2587184 0017231 0442038 0444706 0920847 3541902 1524063 1690540 0005456 0682969 0205145 0243122 1145667 1167622 1515974 2825164 1826357
 0086045 1446561 0205666 0003593 0086045 0444706 1446561 3541902 1550101 0017231 0442038 0920847 1552738

 0523560 0032105 0849355 1550098 0041609 0178587 0439526 0205666 0003593 0022237 0185115 3541890
 0006353 0178587 0439526 0032105 1550098 0444456 1706359 0175730 1547937 1561954 1704730 0348000 1446863 1292426
 0175730 1547937 1704474 0182576 0442504 1704765 1882509 3496241 0023693 1306462 1881376 1706907 0934502 1522408 1561599 0442757 0182301 0849355 0175730 0348011 1547937 1561954 1704730 1947930
 1550101 1540850 1880165 1524062 1446863
 0370003 2347026 0332302 0449468 1690016 1705102 2700258 0006353 0808397 0449468 1690016 1705102 2700258 1524062
 0439962 0439648 0724378 0683607 1883351 0596013 1704644 0439583
 0037633 0525069 0179834 1882443 1548982 0001964 0175804 1720725 1948050
 1882443 1512080 2827485 0456696 1442770 0002520 0007447 0008550 0678640 1998793 0348078 0376315 1522492
 1883351 0205666 0003593 0103839 0003593 0008731 0205279 0332281 1325761 2349974 0370003 2347026 0205448 0332849 1510844
 1510844 0205666 0003593 0022237 0032931 0032932 0205409 1548221 1642401 2584299 1552738

 1510844 1550101 0205666 0003241 0003593 0021027 0086418 0439583 0439855 1704241 1882443 1548982 0033684 0003241 0021027 0086972 0443299 0687118 0017243 1382104 1524063 0205666 0003593
 0175723 0439645 1521913 0033684 0000925 1883724 1548982 1512080 2827485 0002520 2917660 0001128 0202406 0391871 1283071 1998793

 0312606 1979886 0185115 3541890 0370003 2347026 1979886 0022237 0185115 3541890
 0001924 0032105 0185115 1550098 3541890 0001962 0016006 1167394 2587184 0015982 0185115 3541890 0032931 0032932 1642401 2584299 0205666 0003591 0003593 0023825 0041609 0086972 0443299 0687118 0032931 0032932 1642401 2584299
 1264633 1554103 0023821 0013618 0086972 0439182 0439526 0443299 0687118 0812409 1959943 0041609
 0032923 1421224 0018595 0072348 1418544 0032105 0205409 1548221 1550098 0021069 0032923 1421224 0018595 0072348 1418544 0027971 1552738 0450348
 0301871 1882443 0596607 0443299 1445860 0033684 1883351 0443299 0062708 0023821 0085201 0003592 0003591 0065058 0125953 1096202 0023820 0178587 0205250 1299351 2700149
 1442989 2828392 1719918 3538743 0038137 0175675 0022877 1619828 0017243 0332257 1382104 3538986 0450348
 0175723 0033684 1442989 2828392 0056270 0054051 0056269 0013343 1260957 2986582 0000925 0439787 0849355 1883724 0040223 1632851
 1882443 0175723 0456695
 0002520 0020291 0033684 0391871 1283071 0002520 0007447 0008550 0185115 0678640 3541890 0456603 1547037 0024868 0260255 0008555 0037813 2945612 0008550 0017110 0205160 0220806 0436196 0577559 0596601 0596801 1306372 1513916 2825415 2825491 3152252 3272558
 0002520 2917660 0001128 0202406 0014898 1527240 0456603 1547037 0022023 0150369 1516647
 1441506 0038215 0600673
 0597295 0220781 1883254 1264633 0444686 0552449 1441506 1443182 1514468 1704444 1709634 0442805 0032923 1421224 0062708 0023821 0085201 0065058 0125953 1096202 0003591 0003592 0023820 0178587 0205250 1299351 2700149 0016006 1167394 2587184 0018595 0072348 1418544 0031453 0456603 1547037 0031453
 1441506 0456603 1547037 0031453 0032105 1550098 3242379 1883351 1882932 0456603 1547037 0001924 0597427 0033684 1883254
 0456603 1547037 0037088 0243095 1301820 2825141 1510992 2825518 0205134 2584321 2964353 0349966 1337208
 2964353 1704788 3539106 0332283 1719822 1264675 1547051 0456603 1547037 1522609 1882115 0444953 0033727 0369286 0441932 0444930 0564385 0574032 1301820 1827465 2746065
 0042295 1883708 0023733 2346679 0205132 0684320 0684321 0936012 0040223 3541383 0574032 1827465 0439828
 2964353 1711411 0807955 1705242
 0243161 1881534 0814896 0441889 0456079 1547707 2946261 0369773 2603361 0868928 1706255 1706256 0205666 0003591 0003593 0023825 0220781 1883254 0871208 1521828 1264633 1554103 0444686 1441506 1443182 1552738
 0871208 1521828 0031453 2964353 2964353
 0449911 0333052 2607870 0557702 1272706 1704674 0557702 1272706 1704674 0349966 1337208
 2827734 2981698
 0001675 1514756 0871133 1511497 0031453 0178913 0370003 2347026 0558292 1272706 1883727
 0031453 0032105 0332296 0444706 1550098 1880497 1996904 3541902 0031453 1515981 0023825 0023823 0205666 0003591 0003593 0442811 0023820 0175630 0178587 0205251 0205409 0442824 1299352 1548221 1550472 0205666 0003591 0003593 0023825
 0042295 1705242 1442103 1547049
 0871208 1521828 0032923 1421224 0062708 0023821 0085201 0065058 0125953 1096202 0003591 0003592 0023820 0178587 0205250 1299351 2700149 0016006 1167394 2587184 0018595 0072348 1418544 0220781 0750572 1514468 1704444 1883254 1264633 0871208 1521828 0442123 0577559 1306372 2960476 3152252 0871208 1521828
 0442123 0577559 1306372 2960476 3152252 0443120 1514468 1704444 0683150 0427716 1304757 0086045 1446561
 0365304 0032127 0032105 0449468 1550098 1690016 1705102 2700258 0013341 0079240 0013343 0444686 0449851 1441506 1443182 1948037 1552738
 0552449 1273517 1883351 1441506 2348693 0005775 1516559 2348693
 0456603 1610540 0032105 1515981 1550098 0678587 0205361 1301808 1442792 3148680 0073187 2964135 0871208 1521828
 0439148 1519795 0439292 0439194 0439227 0564385
 1511726 3245479 0441833 0687744 1257890 1552516 1705428 1705429
 1705241 1705242 0205436 0457385 0565930 1561503 1705190 0557651 2603343 0439531 1948053 1709451 0022885 0039593 0392366 1516048 1709450
 0033204 0369773 2603361 1883727 1883351 1882932 0237881 1709380 0038215 0750502
 0557061 2584313 1514811 1706462 0681850 1550501 1706203 2349001 2697811 0085732 1299581 0452269 0012167 0012155 0033684 0333118 0392756 1442959 1519433 2983588 1546466 0039224 1706073 1706074 1547282 0557651 2603343 0009830 1947907 1314677 0560591 0332173 0439228 0439505 0332173 0392756 0439228 0439505
 0009830 1947907 0205216 0332173 0392756 0439228 0439505 0442797 0012155 0424589 0542479 1442080 2699635 0442749 0012155 0424589 0542479 1442080 2699635
 0452269 0012155 1442959 1519433 2983588 0007004 1999230 0424589 0542479 1442080 0023779 1999230 0424589 0542479 1442080
 0039224 1706073 1706074 1547282 0683150 0086045 1446561 0205217 0442805 0557651 2603343
 0001898 0017890 0522461 0036720
 2348693 0205216 0392756 0442797 0947630
 0441889 0456079 1547707 2946261 0031453 0947630 0349966 1337208 1547282
 0740116 2827735 2981700 1707455 0441889 0456079 1547707 2946261 2964353 0013113 0031453 0205666 0003591 0003593 0023825 0032105 0205409 1548221 1550098
 0557651 0947630 2603343 0205250 1299351 2700149 0205666 0003591 0003593 0023825 0456603 1547037 0205666 0003591 0003593 0023825 0031453 0947630
 0449911 0039224 1706073 1706074 0557702 1272706 1704674 0557702 1272706 1704674 0039224 1706073 1706074
 0683150 0086045 0347982 0439531 1948053 0449911 0333052 2607870 0557702 1272706 1704674 0557702 1272706 1704674 0349966 1337208
 0740116 2827735 2981700
 0001675 1514756 0871133 1511497 0031453 0557651 2603343 0557651 2603343 0012155 1442959 1519433 2983588 1999230 0428479 0441889 0456079 1547707 2946261
 0031453 0337051 1509144 2349200 0332297 1145667 1167622 1689898 2349209 0205666 0003591 0003593 0023825 0439531 0444930 0574032 1827465 1948053 2746065
 0039224 1706073 1706074 1547282 0683150 0086045 1446561 0220781 1883254 0871208 1521828 1264633 1554103 0205344 0220781 0871208 1521828 1883254 0947630
 0683150 0086045 1446561 1705242 0233535 0242972 0452269 0748025 0012155 0033684 0205251 1299352 1442959 1519433 1550472 2983588 0220781 1883254 0871208 1521828 1264633 1554103 0205344 0220781 0871208 1521828 1883254 0392756 0439509
 0039224 1706073 1706074 1547282 0042295 0205344 0205344 0220781 0871208 1521828 1883254 1705242 0725813 0032105 1550098 0031453 0023825 0023823 0205666 0003591 0003593 0442811 0023820 0178587 0205251 0332297 0442824 1145667 1167622 1299352 1550472 1689898 2349209 1273517 1441506 1882932 0002520 0001924 0220781 1883254 0013113
 0042295 0443228 1704243 1273517 1883351 1882932 0337051 1509144 2349200
 3242379 1882932 0332282 1273517
 1881534 1705241 1705242 0027361 0033684 0237401 1441547 3245521
 1518422 0001721 0025320 0392747 0443172 1705241 1707959 0001924 1547282 0947630 0039224 1706073 1706074
 0449911 0039224 1706073 1706074 0557702 1272706 1704674 0557702 1272706 1704674 0039224 1706073 1706074
 0086045 1446561 0220781 1883254 0871208 1521828 1264633 1554103 0205344 0220781 0871208 1521828 1883254 0001675 0332282 0012155 1442959 1519433 2983588 1999230 0428479 0441889 0456079 1547707 2946261 0439086 2827736 2981702 1547282 0683150 0086045 1704492 0032923 1421224 0205666 0003591 0003593 0023825 0062708 0023821 0085201 0003591 0003592 0065058 0125953 1096202 0023820 0178587 0205250 1299351 2700149 1515981 0452269 0012155 1442959 1519433 2983588
 0032923 1421224 0683150 0086045 1446561 0220781 1883254 0871208 1521828 1264633 1554103 0205344 0220781 0871208 1521828 1883254 1705242 0086153 0012155 0886296 1273869 1515981 1948041 2587213 2699635
 0205666 0003591 0003593 0023825 0392756 0547047 0452269 0012155 1442959 1519433 2983588 0332281 0392747 0443172 1705241 0220781 1883254 0871208 1521828 1264633 1554103 0301630 0392756 0441610
 1979874 0062708 0023821 0085201 0065058 0125953 1096202 0003591 0003592 0023820 0178587 0205250 1299351 2700149 0301630 0441610 0220781 1883254 0871208 1521828 1264633 1554103 0205344 0220781 0871208 1521828 1883254
 0449911 0333052 2607870 0557702 1272706 1704674 0557702 1272706 1704674 0349966 1337208
 0439086 2827736 2981702
 0001675 1514756 0871133 1511497 0031453 0557651 2603343 1707156 3274014 3541345 0332282 0557651 2603343 1707156 3274014 3541345 0012155 1442959 1519433 2983588 1999230 0428479 0441889 0456079 1547707 2946261 1264633 1554103 0220781 1883254 0871208 1521828 1264633 1554103 0205344 0220781 1883254 0871208 1521828 0205344 0220781 0871208 1521828 1883254 0683150 0086045 1446561 0205666 0003591 0003593 0023825 0062708 0023821 0085201 0065058 0125953 1096202 0003591 0003592 0023820 0178587 0205250 1299351 2700149 0062708 0023821 0085201 0065058 0125953 1096202 0003591 0003592 0023820 0178587 0205250 1299351 2700149
 0042295 1705241 1705242 1709451 0022885 0039593 0392366 1709450
 0369773 2603361
 0369773 2603361
 0871261 1704632 1706817 2911692 0001347 0439557 0033684 0205178 0205390 0439178 1446409 1514241 1880022 2825490 0349966 1337208 1547282

 0442739 1548568 0392747 0443172 0220781 1883254 0871208 1521828 1264633 1554103 0205344 0220781 0871208 1521828 1883254
 0016006 1167394 2587184 0018595 0442739 1548568 0392747 0443172 1705241 1705242
 0452269 0012155 1442959 1519433 2983588 0220781 1883254 0871208 1521828 0205217 0442805 0205344 0220781 0871208 1521828 1883254 0205217 0442805
 0018595 0025320 0392747 0443172 0871261 1704632 1706817 2911692 0452269 0012155 1442959 1519433 2983588 0522501 1706089 0442805 1299395 0220781 1883254 0871208 1521828 1264633 1554103 0205344 0220781 0871208 1521828 1883254 0439083 0439087
 0449911 0333052 2607870 0557702 1272706 1704674 0557702 1272706 1704674 0349966 1337208

 0001675 1514756 0871133 1511497 0031453 0557651 2603343 1707156 3274014 3541345 0332282 0557651 2603343 1707156 3274014 3541345 0012155 1442959 1519433 2983588 1999230 0428479 0441889 0456079 1547707 2946261 0220781 1883254 0871208 1521828 1264633 1554103 0205344 0220781 0871208 1521828 1883254 0683150 0086045 1446561 0018595 0072348 1418544
 0042295 1705241 1705242 1709451 0022885 0039593 0392366 1709450
 0369773 2603361
 0369773 2603361
 1547282 0086045 1446561 0032105 1550098 0242972 0452269 0748025 0009830 0012155 0033684 0205251 1299352 1442959 1515981 1519433 1550472 1947907 2983588 0040223 3541383 0683150 0086045 1446561 0205217 0442805
 0449911 0333052 2607870 0557702 1272706 1704674 0557702 1272706 1704674 0349966 1337208
 0439084 0728893
 0021760 1527132 0021764 1527200 0021760 1527132 0021764 1527200 0001675 0444706 3541902 0332152 1705850 0332282 0012155 1442959 1519433 2983588 1999230 0428479 0441889 0456079 1547707 2946261
 0042295 1705241 1705242 1709451 0022885 0039593 0392366 1709450
 0369773 2603361
 1514811 1706462 2985627 0018017 1571702 1883351 0439792 1272746 0392747 0443172 0036542 0871208 1521828 0001675 0012155 1442959 1519433 2983588 0332256 2700400 0205284 1550517 1947914 0428479 0441889 0456079 1547707 2946261
 1511726 3245479 1547282 0001675 0700364 1883351 0024501 0031206 0018684 0033684 0392756 0441889 0456079 1514873 1547707 2946261 0392747 0443172 0036542 0871208 1521828
 0392747 0443172 2348205 0043210
 0205393 0033684 0557651 2603343 0001924 0032923 1421224 0016006 1167394 2587184 0018595 0072348 1418544 0442739 1548568 0392747 0443172 1705241
 0085639 0205666 0003591 0003593 0023825 0062708 0023821 0085201 0065058 0125953 1096202 0003591 0003592 0023820 0178587 0205250 1299351 2700149
 0441468 0441469 1705242 0871208 1521828 0033684 0750591
 0871208 1521828 0205666 0003591 0003593 0023825 0062708 0023821 0085201 0065058 0125953 1096202 0003591 0003592 0023820 0178587 0205250 1299351 2700149 1883254 0205216 0392756 0442797 0439509
 1979874 0442805 0018595 0392747 0443172 1705241 0072348 1418544
 1272746 0449774 2348205 0038435 0205396 1550043 1551388 0001349 0871261 1704632 1706817 2911692 0439557 0301630 0392756 0441610 0080129 0597295 0220781 1883254
 0332120 1705535 0392747 0443172 1705241 0018684 0031206 0439531 1948053 0683150 0086045 1446561 0205217 0442805 0947630
 0301630 0392756 0441610 0220781 1883254 0001924 0301630 0392756 0441610 0086045 1446561 0871208 1521828 0062708 0023821 0085201 0425403 0003591 0003592 0452269 0038164 0065058 0125953 1096202 0012155 0023820 0033684 0178587 0205250 0441994 1299351 1442959 1519433 1548802 2003888 2700149 2983588
 0205108 0004448 0684224 0700287 3273238 0871208 1521828 0205666 0003591 0003593 0023825 0062708 0023821 0085201 0065058 0125953 1096202 0003591 0003592 0023820 0178587 0205250 1299351 2700149 0032214 0600138 0035820 1705810 0242821 0460148 1268086
 1511726 3245479 0026649 0242821 0460148 1268086 0001924 0332297 1145667 1167622 1689898 2349209 0015688 0015684 0001128 0428479 0033684 0441889 0443264 0456079 1547707 2946261
 0557651 0947630 2603343 0021135 1533691 2827718 1547282 0439849 1705630 1706279 3540605 0009458 0439536 1705217 3244283 0871208 1521828 1327616 0205666 0003593 0002520 1280500 2348382 0439509
 0392756 0012177 0012155 0033684 2699635 0301630 0392756 0441610 0444504 2347634 2348143 0392747 0443172 1705241 0449774
 0012155 1442959 1519433 2983588 0016157 0392756 0547047 0205666 0003591 0003593 0023825 0442739 1548568 0392747 0443172 1705241 0392756 0547047
 0332149 1518422 1705910 2362652 0163712 0025320 0392747 0443172 1705241 0012177 0012155 0033684 2699635 0220781 1883254 0205349 0012155 0392747 0449774 2699635 0392747 0443172 1705241 0205353 0205397
 1883351 0243095 0033684 0205448 0016006 1167394 2587184 0018595 0442805 0220781 1883254 0871208 1521828 1264633 1554103 0205344 0220781 0871208 1521828 1883254
 0683150 0086045 1446561 0681850 1550501 1706203 2349001 2697811 0684224 0700287 3496591 2348205 0684224 0700287 3496591 0556660 1524004 0805875 0025663 0449851 0805874 0871511 1441547 1524082 1881534 0042789 1947903 1282910 1552828 0220781 1883254 0871208 1521828 1264633 1554103 2348205
 1518422 0684224 0700287 0220781 1883254
 1518422 2963144 0442805 0016006 1167394 2587184 0018595 0072348 1418544 1272746 0449774 2348205 0332281 0234402 0333348
 1705535 1317658 0449774 0023884 0736268 1278929 1883254 2346688 0002520 0470187 0001128 0080103 0205345 1547039
 1707959 0227525 1883351 0024501 0871208 1521828 1883351 0002520 0001128 0439962 1999230 2700116 0699759 0017797 0003765
 1705535 0449774 0205430 1421951 1720722 0597295 0220781 0439634 1522492 1265611
 0150312 0449450 0557651 2603343 1953353 0442739 1548568 0392747 0443172 1705241 0439531 1948053 0442805 0001898 0017890 0522461 0036720 0039224 1706073 1706074
 1272746 0449774 1979963 2003903 0002520 2917660 0442805 0311461 0002520 0002525 2348205 1317750 1831145 0034693 0034721 0684224 0700287 0947630 3496591 0006777 0600082 0424589 0542479 1442080 1512806 1314677 0489617 1512806 0392756
 0033684 0012155 1442959 1519433 2983588 0392756 0086045 1446561 0442805 0001898 0017890 0522461 0036720 0040223 0445247 1515981 3541383 0085639 0238715
 0150312 0449450 0557651 2603343 0442739 1548568 0392747 0443172 1705241 0301630 0392756 0441610 0489617 1512806
 2348693 1518422 1314677 0311461 0002520
 0086045 1446561 0032105 1550098 1883727 1883351 0558058 0392747 0443172
 0332148 0750492 0428479 0009830 0033684 0205284 0441889 0456079 1547707 1550517 1947907 1947914 2946261 2348693 0558058 0470187 0024501 0871208 1521828 1840635 0597427 0033684
 0449774 0392747 0443172 1705241 0683150 0086045 1446561 2348693 0150312 0205397 0449450 0557651 2603343 0441712 1706376 0205412 0231180 0392747 0443172 1441672
 0681841 0597295 1840635 0033684 0220781 1883254 0489617 1512806 0332281 1155266 1282907 0205251 0333348 0441800 0871261 0919553 1299352 1550472 1704632 1706817 2911692 3244287 0301630 0332152 0392756 0441610 1522538 0220781 1883254 0001924 0205666 0003591 0003593 0023825 0062708 0023821 0085201 0065058 0125953 1096202 0003591 0003592 0023820 0178587 0205250 1299351 2700149 0442805 0018595
 0220781 1883254 0036536 0036537 0311403 0021135 1533691 2827718 0450355
 0037088 0243095 2825141 0683150 0086045 1446561 0021760 1527132 0021764 1527200 0452269 0012155 1442959 1519433 2983588 1947971 0183683 1521721
 0442805 0021760 1527132 0021764 1527200 0021852 1268998 1519375 1321301 0005773 2347293 0229664 0806987 0005767 0005768 0007634 0205100 1513475 3282337 0452269 0038164 0012155 0033684 0919414 1442959 1519433 2983588
 0085201 0003592 0003591 0086418 1998793 0018790 0237477 0392351 0521111 0030685 0391871 0439180 0680255 1283071 1963578 0456947 0441889 0456079 1547707 2946261 0332148 0750492 1880177 1883351 2349975 0333348 1301808 1442792 3148680
 0332149 1705910 2362652 1261322 1552578 1883357 0000934 0392673 1282907 0205251 0333348 0441800 0919553 1299352 1301808 1442792 1550472 3148680 3244287 0036849 1442518 1705195
 1518474 0018684 0028661 0557651 2603343 0439849 1705630 1706279 3540605 1113667 1281905 0035647 0301630 0392756 0441610 0035647 0043210 0205439 0009830 1947907
 0439849 1705630 1706279 3540605 0556660 1524004 0009673 0332149 0439828 1705910 2362652 1881534 0037369 0453996 1881674 0449774 1265611 1521970
 0439849 1705630 1706279 3540605 0150312 0449450 0042439 0033684
 0439849 1705630 1706279 3540605 0038164 0009830 0033684 1514721 1947907 2348147 3542016 0205250 1299351 2700149 0150312 0449450 0557651 2603343 0424589 0439175 0439810 0542479 1442080 0205439 0424589 0439175 0439810 0542479 1442080 0205439
 0282458 0920317 0002778 0936012 1042496 1524024 0033522 0679238 1521761 2827422 0442805 1704458 0553681 0016006 0086045 0205437 1167394 1446561 1707455 1708760 2587184 1137094 0035647 0205217 0442805 0683150 0486291 0086045 1446561
 1272746 0449774 0016006 1167394 2587184 0220781 1883254 0205396 0557651 1550043 1551388 2603343 0452269 0012155 1442959 1519433 2983588 0392747 0443172 0558058 0086045 1446561 0036572 0424576 2349186 1979963 2003903 0010054 0151744 1313980 1113667 0018799 0332281 0243083 1281905 0012634 0018787 0035647 0205217 0442805 0475224 1281570 0277564
 0023866 0034036 0683150 0086045 1446561 0220781 1883254 0520511 1704711 0043227 0003062 0086418
 0043227 0022702 0220865 2825046 1280500 2348382 0871261 1704632 1706817 2911692 0023882 0700321 2700395 0086715 0205307 0439166 1514721 2347086 2348147 3542016 0489617 1512806
 0920533 0013081 0034693 0034721 0038187 0242972 0442811 0452269 0748025 0012155 0033684 0205251 1299352 1442959 1519433 1550472 2983588
 0001675 0086418 0220781 1883254 0871208 1521828 1548673 0332173 0439228 0439505 0425401 0012155 0019664 0019665 0262512 0262926 1705255 2004062 2699635 0725813 0205210 1301808 1442792 3148680 2827734 2981698
 0871208 1521828 1514721 2348147 2348205 3542016 0032961 3484365 0027361 1515981 0580836
 0031453 1273517 1883351 0750572 0043227 0220781 1883254 0871208 1521828 1264633 1554103 0332173 0439228 0439505 0489617 1512806 0332173 0439084 0439228 0439505 0728893 0489617 1512806 2348205
 0205666 0003591 0003593 0023825 1273517 1883351 1882932 0220781 1883254 0871208 1521828 1264633 1554103 0205216 0392756 0442797 0332173 0439228 0439505 0012155 1442959 1519433 2983588 0332173 0439228 0439505 0452269 0012155 1442959 1519433 2983588
 0043227 1547282 0001675 0205307 0439166 2347086 0871208 1521828 0439093 0443228 1704243 0034037 0684224 0700287 0750572 1704324
 0012155 1442959 1519433 2983588 0205410 0205411 0001675 0700364 1883351 0024501 0031206 0018684
 0000934 0392673 0332281 0597297 0031227 0033684 0243127 0392756 0443331 1272746 0597427 1317658 1840635 0033684 0205054 0392747 0443172 0449774 1327616 1705241 0205245 0542341 0750492 2700217 0206243 0699809 0010186 0220812
 0301630 0392756 0441610 0205666 0003591 0003593 0023825 0062708 0023821 0085201 0003591 0003592 0065058 0125953 1096202 0023820 0178587 0205250 0237881 0442805 0750502 1299351 1546944 2700149 0220781 1883254 0016006 1167394 2587184 0018595
 1272746 0449774 2348205 1155266 1282907 0205251 0333348 0441800 0871261 0919553 1299352 1517001 1550472 1704632 1706817 2911692 3244287 0038659 1705535 0037088 0237881 0243095 0442805 0750502 1521721 1546944 2825141 0175630 0441889 0456079 1547707 2946261 0021760 1527132 0021764 1527200
 0027552 0686904 0443228 1522508 1561567 1704243 0439792 1527178 1874451 0871261 1704632 1706817 2911692 0441889 0456079 1547707 2946261 1280500 1518422 1441672
 2986676 0681850 1550501 1706203 2349001 2697811 0557651 2603343
 0376649 1442065 0282413
 0021622 1272753 0041740 0441889 0456079 1547707 2946261 0043189 0020008 0019994 0205246 1510665 1553889
 0010186 0220812 0449719 1709471 0220808 0680264 0007961
 1706852 0522501 1706089 0949214

 1514756
 0205088 0348078 0376315 1272684 1522492 1546485 1548435
 1514811 1706462 0557061 2584313 1514811 1706462 2827734 2981698

 0871208 1521828 0444706 3541902 0031453 0237284 0205342 0086418 0018684 0031206
 0025141
 0740116 2827735 2981700

 0201838 0242485 0086418 0449445 0557351 0302918 0022262 0205360 1547311

 0439086 2827736 2981702
 0033727 0369286 0441932 0564385
 1519619 0021467 0021469 1628982 3463820 0751429 0038894 0038895 0543467


 0369773 2603361 0029408 2985270 2951520 3541314
 1280500 0033268 0205666 1158917 0025519 0025520
 1315013 0025141
 0439084 0728893
 0022337
 1517945 0518010 0599444 0007634 0242821 0460148 0577559 1268086 1269647 1306372 1704653 1948049 3152252 0231484 0517929 0026845 0031843 0542341 0700205 1705273 0301872 0439662 0871261 1704632 1706817 2911692
 1315013 0000857 0600678 1552863

 0369637 0441923
 0337051 1509144 2349200 0086418 1280500 0012177 0012155 0033684 2699635
 0025141

 0597277 1708601 0033727 0369286 0441932 0564385 0205090 0684010 2603358
 1280500 2348382 0205666 1862593 1327616 0036536 0036537
 0201682

 0439267 0036154 1511278
 0025663 0449851 0871511 1704532 0003601 0023823
 0023779 2347379 0000857 0600678 1552863

 0205090 0684010 2603358 0205090 0684010 2603358
 0004083 0439849 0596306 0699792 0006560 1879974 0033684 0205332 0001924 0023508 0023516 0750480 1705566 0282458 0920317 0002778 0936012 1042496 1524024
 1422839

 0016457
 0424589 0542479 1442080 0556043 1514873
 0205549 2348044 0282419

 0043237 0043236 0920545 0018684 0029237 0029246 0220885 1300196 1522486 2700280

 0043038 0024548 0026385 0556966 0033727 0369286 0441932 0564385
 0199176 1706420 2700409 0086418 0205251 1299352 1550472 0023821 0023820 0178587 0205250 1299351 2700149 0085201 0003592 0003591 1515981
 0439663 0000857 0600678 1552863

 0016360 1424823
 0001779 1280500 2348382 0220781 1883254


 0043038
 0008972 0205210 0947630
 0021966 0221138
 0185125 1947919 2347934 3539080 0183400
 1315013

 0016327 0439133 1553038 1235746 1882141
 0017890 0522461 0033268 0001675 1314677 0452269 0012155 1442959 1519433 2983588



 0439254 0454673 1550752 0558269 1552984 0013123 2825512
 0012177 0012155 0033684 2699635 1113667 1281905 0035647 0043210
 1315013

 0036154 0205090 0684010 2603358
 1157723 0851285 1327622 0019932 0682967 0002520 0001128
 0000857 0600678 1552863

 1235746 1882141
 0000934 0392673 0237820 1555688 2004454
 0000934 0392673 0597277 1708601 0868955
 0023973 0369773 2603361


 1235746 1882141 0439267
 0597297 0031227 0243127 0443331 0444706 3541902 0043210 0376245 1518422 1556083 3540738 0080339 1524063 0025663 0449851 0871511 0017890 0522461 1547282 0392747 0443172 0032961 3484365
 1315013

 1235746 1882141 0035448 0201660 0748398
 0162429 0596076 0025519 0025520 0002520 2917660
 0008059 0680063 2951520 0868955 0439394 1706495 3642217
 0027976 0205314 1449597 0369773 2603361


 1235746 1882141
 0489617 1512806
 0016452 0063789 3272375 3642273

 0016327 0439133 1553038 1275573 0369637 0441923
 0201785 0202202 0242485 1135183 1136016 1265533 1270360 1261322 1552578
 0056167 0220905 1456376 1704735

 0016327 0439133 1553038 0439267 0369637 0441923 0369637 0441923 0205090 0684010 2603358 1235746 1882141
 0001349 1155328 0871261 1704632 1706817 2911692 0178693 0681850 1550501 1706203 2349001 2697811

 0450348
 0016327 0439133 1553038 0369637 0441923
 0204727 0205409 0220862 0032105 1550098 1148554 0220781 1883254 0871208 1521828 1264633 1554103 0449851
 0003461 2939124 0025141

 0016327 0439133 1553038
 0039005 1135183 0024501 0019868 0034917 0021368 0038435 0681850 1550501 1706203 2349001 2697811
 0025141

 0205090 0684010 2603358 0205090 0684010 2603358
 1157723 0851285 1327622 0597297 1623036 0543484 0699900 1516314
 0349590 1262865 0025141

 1836672 1552154 3642216 1552154 0022337 1718783
 1707455 0042285 0523760 0024337 0022702 0220865 2825046
 0023779 0450355 2347379 0000857 0600678 1552863

 0369773 2603361
 1705241 1705242 0011155 1636779 0034693 0034721
 0025141

 0369773 2603361
 0006777 0600082 0424589 0542479 1442080 1512806 0033414 0239981 0242972 0748025 0452269 0012155 0033684 0205251 0342895 1299352 1550472
 1704648 0025141

 2603362 0016327 0439133 1553038 0369637 0441923 0369637 0441923 0369637 0441923
 0205263 0857127 0022806 0033684 0162429 0034693 0034721 1280500 2348382 0522570 0021368 0597295 0033684 0220781 1883254


 0582521 1520135
 0005572 0220781

 1280500 2348382 0220781 1883254
 0201682
 0450355
 2603362 1718783
 2259158 0021467 0021469 1628982 3463820 0021760 1527132 0021764 1527200 0086597 0127400 0282560 0007634 3282337
 0023779 2347379 0000857 0600678 1552863

 0230028 0262950 1561953 1266240
 0025519 0025520 0878751 0032961 3484365
 0025141

 2603360
 0036773 0728877 0001924 0229671 1546774 1550100
 0001483 0033684 0201682 0025141

 2603360
 0005572 0220781

 0599814 0005528 1317949 3495449 0871208 1521828 0597295 1840635 0033684 0220781 1883254 1515655
 0201682

 0201975 3539604 0016327 0439133 1553038
 1705241 1705242 0026832 0026845 0033684 1704689 1301808
 0025141


 0424589 0542479 1442080 0556043 1514873
 1315013

 0439254 1418867 1518860 1552158 1235746 1882141
 0597297 0031227 0243127 0443331
 0025141

 0439254 1418867 1518860 1552158 1235746 1882141
 0678121 1648294 0870882 0205112 0311400 0871208 1521828 1524026 2707259 0005885 0242821 0460148 0486616 1268086 1555710 0597297 0031227 0243127 0443331 0392209 0449438 1521739 2707262
 0025141


 0441712 0006777 0600082 0424589 0542479 1442080 1512806
 0012155 1442959 1519433 2983588 0012634 0037455 0868955
 0041740
 0369773 2603361
 0439084 0450348 0728893
 0439509
 0033727 0369286 0441932 0564385 0597277 1708601
 0871208 1521828 1327616 0023820 0002520 0001128 0086045 0439849 0445223 1446561 0009458 0439536 1705217 3244283
 0201682
 0023884 0736268 1278929 2346688 0439084 0728893 0009993 1552856 0037455 0205463 0596070