 0235986 0449843 1979886 0205263 1515926 1419589 0740116 2827735 2981700 0079281 1414260 0041740
 0035170 0035168 0242481 0243107 0678723 1527148 0520510 0557061 2584313 1514811 1706462 0023983 1280500 0023779 1158917 0025519 0025520 0520986 0025936 0037663 0169964 0003069 0007452 0018270 0019932 0025914 0025929 0026809 0220844 0580836 1140701 1292732 1621966 2911660 3538743
 0005910 0229960 1305866 0043100 0242821 0439175 0439810 0460148 1268086 1705104 0587184 0008377 0229671 1546774 1550100 0021665 1334089 0037657 1753359 3180941 0016006 0018284 0018270 0021641 0021966 0220844 0221138 1521761 1533581 1579433 1621966 2827422 2911660 0202098 0428405 0021641 0441889 1533581 1579433 0205250 1299351 2700149 0583332 0202041 0428548 3534430 0015688 0041004 0441994 1548802 2003888
 0023826 0202117 0023824 0856966 0860920 0065055 0201950 0428466 0008377 0441889 0441994 1548802 2003888 0023823 0023820 0178587 0205251 1299352 1550472 0023824 0201950 0202117 0428466 0008377 0441889 0205250 1299351 2700149 0025936 0003069 0025914 0025929 0026809 0079399 0804628 1522384 0025936 0025914 0025929 0026809 0392885 1522133 0201950 0428466 0441889
 1278143 0003593 0003591 0441889 1518422 0392760 1314939 1265611 1264633 1554103 0205250 1299351 2700149
 0597360 0185117 0442739 2346711 2243194 0868955 0036536 0036537 0871208 1521828 0025936 0003069 0007452 0024554 0025914 0025929 0026809 0033993 0086582 0392756 1140701 1706180 1706428 1706429 3539616
 1149837 0023816 1149836 1416902 0023764 0023820 0205177 0439167 0441655 1561536 1272575 0040300 1547928 0023796 0025936 0003069 0024554 0025914 0025929 0026809 0086582 0205217 0442805 1706180 1706428 1706429
 0945060 0005910 0043100 0080103 0205345 1305866 1547039 1705104 0441994 1548802 2003888 0423896 0456205 0442739 2346711
 0204695 2987508 0542495 0041004 0229671 1546774 1550100 0015688 0003069 0025914 0025929 0026809 0243148 1550141 1882979 2587213 3274648
 1552616 1706244 0235986 0449843 1979886 0332281 0522501 1706089 0023779 1158917 0025519 0025520 0033268 1157973 0243125 0699900 2348693 0023825 0023823 0442811 0023820 0178587 0205251 0442824 1299352 1550472
 0023823 0023820 0178587 0205251 1299352 1550472
 0023821 0023820 0178587 0205250 1299351 2700149
 0003593 0003591
 0034821 1366529 0023823 0065059 0023820 0178587 0205251 0597357 1299352 1550472
 0520510 0557061 2584313 1514811 1706462 0025936 0003069 0025914 0025929 0026809 0037663 0169964 0018270 0019932 0220844 1621966 2911660 1273517 1883351 1292732 0023983 0443252 0205166 1280500 1515273 1705313 1706317 2826302
 0332509 0005901 0242821 0456389 0460148 1268086 0018270 0220844 1621966 2911660 0025914 0025929 0026809 1547282 1883351 3656665 0518010 0001527 0015665 0344335 0242821 0424612 0460148 0577559 1268086 1306372 3152252 0450355 0424678 0518010 0242821 0460148 0577559 1268086 1306372 3152252
 0280606 0412467 0947630 1547282 0020459 0428554 0580545 0522082 0860800 0005802 0428548 0750482 0221099 0684336 0205307 0439166 2347086 0178665 0013220 0017725 0020963 0220929 0231197 1704410
 0025936 0003069 0025914 0025929 0026809 0520986 0424099 0086045 1446561 0031715 1158886 0123658 1334140 1323803 2260369 1150423 0205177 0439167 0441655 1561536
 0025914 0025929 0026809 0021641 1533581 1579433 0037083 3537152
 0025936 0003069 0025914 0025929 0026809 1547282 1883351 0241826 0232164 0031843 0542341 0700205 1705273 0005486 2945659 0474395 0026606 0205177 0439167 0441655 1561536
 1547011 1879746 0332257 0302820 0025519 0025520 0037083 3537152 0005486 2945659 0557651 2603343 0557651 0947630 2603343 0023779 1158917 0596716 0025519 0025520 0884358
 0007452 0033993 1140701 3539616 0023610 1706512 0003069 0025914 0025929 0026809 1547282 1883351 0201950 0428466 3276464 0008377 0441889 0542495 0041004 0229671 1546774 1550100 0442739 2346711
 0039798 0087111 1522326 1533734 1705169 3538994 0037663 0169964 0011155 0018270 0019932 0030705 0220844 0557651 0947630 1621966 1636779 2603343 2911660 0034693 0034721 0443289 0037663 0169964 0018270 0019932 0220844 1621966 2911660 1547011 1879746 1158917 0025519 0025520
 1547011 1879746 0332257 1552866 2700399 1515926 0033268 0023823 0023820 0178587 0205251 1299352 1550472 0597360 0185117 0034821 1149327 2827734 2981698 1149837 0023816 1149836 1416902 0023764 0023820 0205177 0439167 0441655 1561536 0744483 0279025 2966671 0039798 0087111 1522326 1533734 1705169 3538994 0037663 0169964
 0031327 1524059 0037663 0169964 2911660 0018270 0019932 0220844 0439064 0441472 0441712 0747726 1621966 3266814 1158917 0025519 0025520 0332257 0017337 1314939 1555602 0439792 0549177 1551058 0439673
 0025936 0003069 0025914 0025929 0026809 1514559 0332268 0017337 1273517 0439234 0557651 2603343 0023779 1158917 0025519 0025520
 0025936 0003069 0025914 0025929 0026809 1881534 0332149 1705910 2362652 1292732 0920552 0017263 0851285 1327622 0003592 0003591
 3245505 1524063 0025936 1417166 0003069 0025914 0025929 0026809 1273518 0023779 1158917 0025519 0025520 1708698 1883351 1292732 1280500 0023779 1158917 0025519 0025520
 0520510 0520510 0557061 2584313 1514811 1706462 0079411 3146294 0869040 0557651 1273517 2603343 3146294 1552738
 0003062 0020624 0020056 0023693 0033727 0332270 0369286 0441932 0564385 1306462 1881376 0439531 0332582
 0003062 0444454 1554204 0012155 1442959 1442989 1519433 2828392 2983588 0038995 2919405 0034115 0043047 0599638 1550678
 1518422 1301808 1442792 0025914 0025929 0026809 0001779 0162388
 0025914 0025929 0026809 0439548 0872291 0040223 0162388 0332173 0439228 0439505 1272706 1552654 1552713 2348205 3541383 0439511 1883351 1280500
 0681814 1706386 0025914 0025929 0026809 0444454 1554204 0439531 1948053
 0025914 0025929 0026809 0001779 0162388
 0521974 0301585 0012155 0205250 0424612 1299351 1442959 1519433 2700149 2983588 0332256 2700400 0424589 0542479 1442080 0007004 0033684 0027971
 0003062 0043366 1720436 0947699 0022718 0439209 0017480 0700541 0022613 0022718 0439209 0331885
 0005767 0005768 0229664 0018787 0033119 0034117 1281570 1516695 1516698 1881711 1524063 0039142 0039147
 0001527 0018787 1281570 0023884 0736268 1278929 2346688 0260055 1550121 0016701 0028158 0302908 0677542 1304698 1546699 1550581 1561501
 0229671 1546774 1550100 0040300 0333118 0005507 0243073 1510438
 1273517
 0557651 2603343 0085546 0015000 0041740 0205540 1527243 2699414
 0542495 0041004 0086045 2717977 0005507 0243073 1510438 3538851 3538851 0011900 0348026 0017480
 0681921 0205419 1707429 0005507 0041004 0243073 0439086 1510438 2827736 2981702 0005507 0008377 0243073 1510438
 0003593 0003591 0003593 0003591 0086045 0678635 1552738
 0347985 0442749 0439084 0728893
 0038136 0000925 0178587 0204727 0205168 0205409 0220862 0332463 0333164 1883724 1881534 0439267 0439526 0332256 2700400 0003593 0003591
 0427716 1304757 0086045 1446561 0249069 0005507 0033684 0243073 1510438 0022877 1619828 1524063 0001924
 0683149 0427743 1287281 0086045 1446561 0370003 2347026 0179038 1706246 0348000 0241232 1705204 0220853
 0683149 0086045 0015688 0220806 0444706 0812225 1150635 1417875 1705212 1705213 3273202 3541902 0017480
 0683149 0086045 1446561 0021641 0034580 0034693 0034721 0035168 0242481 1533581 1579433 3538743 0021641 1533581 1579433
 0021665 1334089 0037657 1753359 3180941 0016006 0018284 0428357 1261415 0018270 0021641 0021966 0220844 0221138 1521761 1533581 1579433 1621966 2827422 2911660 0021665 1334089 0021966 0037657 0221138 0086045 0020259 0001128 0001962 0185115 0202406 0684295 0332283 0034580 0042153 0457083 1947944 0021665 1334089 0021966 0037657 0221138 1167624 1947902 2827499 0021622 1272753 0011900 0348026 1551529
 0023884 0736268 1278929 2346688 0456963 0790233 0020746 0009264 0009443 0043047 0234192 0599638 0681549 1550678 0040300 1547928
 0423896 0456205 0369610 0185115 3541890 0439086 2827736 2981702
 0023779 0022237 1549535 0596539 0205390 0042153 0457083 1947944 0442540 0441960
 0041004 0086045 1552738
 0008559 1550369 0016107 0017243 0884358 1382104 0042153 0457083 1947944 0014672 0220824 1523994 2827396 0599209 0331920 0331955 0038995
 0229671 1546774 1550100 0449468 0439175 0439810 1690016 1705102 1709595 2349200 2700258 0178587 0439526 0456081 0037494 1959973
 0041609 0450376 0456696 1442770 1264633 1554103 0220787 0349707 0521108 0700198 2827071 0449468 1690016 1705102 2700258 0456081 0006353 0599209 0037494 1959973 0013618 0601906 1882074 0020283 0450407 0450408 0450409
 0016107 0180860 0581406 1522664 1704449 1704684 1875155 0370003 2347026 0075647 0439526 1185738 1706132 1708715 0331920 0331955 1524063 2826285 2986811 0806140 0871208 1521828
 0370003 2347026 0444499 0439526 1264633 1516695 1516698 1264633 1698986 0005507 0243073 1510438
 0041004 0086045 2717977 0005507 0243073 1510438 0229671 1546774 1550100 1552738 0002778 0936012 1524024
 0520511 1704711 0332291 0444266 1709595 0085862 0205448 0229671 1299583 1546774 1550100 2349200
 1705241 1705242 0025936 0003069 0025914 0025929 0026809 0243148 1550141 1882979 2587213 3274648 1441672
 1515655 0148854 0013125 0021440 0001554 0242759 0348016 0444706 1420193 1425679 1533734 1862190 3538902 3541902
 0439531 1948053 0444454 1554204 0324335 1720436 1883559 0332307 0445392 1547052 0025936 0025914 0025929 0026809 1720154 0148854 0242759 1420193 1425679 1862190 3538902 1719918 0220806 3272558 0036082 1720119 1948037 0242821 0460148 1268086 2700323 0085590
 0178913 0370003 2347026 1883727
 0205132
 0086045 1446561 0936012 0205155 0205156 1293097 1522472 1552607 1552738 1552923 1705191
 0003593 0949466
 0005863 0884358 1524063 0442711 1507394 1522729 2348563 0331955 0454842
 1708639 1264633 1709450 1709595 2349200 0071500 0017243 0017890 0041175 0071499 0077281 0086972 0443299 0522461 0687118 0814229 1826357
 0013855 0033684 0071710 0025255 0348011 0596901 1706182 0331955 0006353 0053809 0041175 0077281 0556985 0814229 2247301 3540495 2678549 1882074 0020283 0450407 0450408 0450409 0067332 0013618 0001963 1442460 0007634 1269647 1704653 1948049
 0025255 0596901 1706182 0028778 0332206 2983591 0439583 0450376 1720830 1823521 0332256 2700400 0041415 1720830 1823521 2603360 0026131 0349374 0444318 2825079 0020960 1720119 1948037 2827734 2981698 1720830 1823521 2827734 2981698
 0025255 0596901 1706182 1883708 1439852 1442450 0051979 0034493 0005526 0036397 0376558 1720119 1948037 2827734 2981698
 1511790 0243107 0678723 1527148 1550369 0884358 1524063 0005507 0243073 1510438 2349975 0331955
 0034821 1149327 0597357
 1883351 1709793 0034821 1149327 0597357 0023884 0006353 0071778 0991865 0006353 0031603 0031701 0032821 0597277 1601799 0020283 0450407 0450408 0450409 0013618 0332256 2700400 0282730 0064858 0070329 0003641 0017480
 0179834 0427716 1304757 0086045 1550101 0042153 0457083 1947944 0005507 0243073 1510438 0001924 1442989 2828392
 0033684 1708639 0086972 0443299 0687118 0348011 1552738 0233535 0012634 0348080 1705253
 0003241 0021027 1979003 0003242 0034805 0003241 0021027 0086345 0017398 0017399 1521991 0039711 0041740 0003241 0021027 1720119 1948037 2827734 2981698 0006353 0233660 0332206 0740116 2827735 2981700
 1511790 1709793 0235665 0439064 1272695 1708466 2746065 0037585
 1516240 0150312 1883351 0205132 1511726 3245479 1518422 1547282
 1639518 1947986 0205160 0243148 1513916 1550141 1882979 2587213 2825415 2825491 3274648 0023899 0455052 1521827 1520150 1883559 0025914 0025929 0026809 0332307 0445392 1547052 0031831 1136146 1707664 1999230 2348314 3540849 0005477 0041740 1273517 1511726 3245479 1518422 1547282
 0035668 1517914 0023884 0025914 0025929 0026809 0205409 1548221
 1883351 0439792 0002778 0936012 1524024 1514433 0680240 0884358

 0439583 1553631 0028953 0740116 2827735 2981700
 0206415 1708632 1524063 0812225 1150635 1705212 1705213 3273202 1553631
 0175723 0868955 0035696 0000925 0439787 0849355 1883724 0034553 0012238 0017243 1382104 2349986 0750480 1705566
 0681921 0205419 1707429 0439086 2827736 2981702
 0001527 0025663 0449851 0680240 0871511
 0439509
 0040300 1547928 0006353 0011740 0332256 2700400
 0439208 0040300 1547928 1524062
 0179834 0450376 0037633 0525069 0934502 1522408 1561599 1516695 1516698 0023816 1416902 0005507 0016701 0023764 0023820 0243073 0677542 1510438
 0001527 0040300 1547928 0028754 1563743 1272575 0005507 0243073 1510438
 0014020 0259862 1273517 0733854 1708632 1442460 0041073 0041740 0038995
 0370003 2347026 0205174 1439852
 0015684 0001128 0185115 3541890 0036405 1710025 0302908 0677601 0678573 1304698 1546699 1561501 1705206 1709793
 0205177 0439167 0441655 1561536 1306898 0439208 0040300 1547928 0015688 2698488 0015684 0001128 0202406 0332296 1880497 1996904 0391871 1283071 0702093
 0001527 0040300 1547928 0028754 1563743 0025936 0003069 0025914 0025929 0026809 0205450
 0206131 0162745 0205409 1548221 0012238 2349986 0439526 1719918 0009458 0439536 1705217 3244283 0039421 0036453 1442450 1552738 1515981 0392747 1554963 1881534

 0012238 2349986 0206131 0016107 1516695 1516698 0180860 0581406 1522664 1704449 1704684 1875155 0040223 1632851
 0038960 1382107 1705537 1521827 1524063 0206131 0007634 0424612 3282337 0009458 0439536 1705217 3244283
 1709565 0032167 0184301 1524062 1533199 0332256 2700400 1264633 1554103 0242295 1947943 2348609 1719918 0332197 1689985 0023796 0392148 0022245 1719918
 0150312 0332285 2348042 2826345 0038960 1382107 1705537 1524062 1883351 0037633 0525069
 1292425 0007634 3282337 0009458 0439536 1705217 3244283 0007703 0086972 0443299 0687118 0028908 1517288 0022877 0038995
 0423896 0456205 0444706 3541902 0023796 0918012 1552854 1637833 1883727
 0023796 0017861 0439191 0041004 0391871 0439210 1283071
 0042295 1442162 1550718 3244317
 1707455 1710574 0022885 0038492 0039593 0392366 0884358 1551041 1552573 2700112 1709320 0332283 0022885 0038492 0039593 0392366 0439064 1514721 1551041 1552573 2348147 3542016
 1709380 0042295 0750591 0237881 0750502 1546944
 0042295 0040682 1510411 1705163 1882115
 0520510 0557061 2584313 1514811 1706462 1514559 0025936 0003069 0025914 0025929 0026809 0237881 0442805 0750502 1546944 1274040 1546471 2825142 0005910 1305866 0043100 0242821 0460148 1268086 1705104 0205344 1518422 1547282 0043100 0080103 0205345 1547039 0018787 1281570 0039224 1706073 1706074
 0945060 0005910 0043100 1305866 1705104 0441994 1548802 2003888 0025936 0003069 0025914 0025929 0026809 1520150 1883559 0025914 0025929 0026809 0332307 0445392 1547052 1707455 1705241 1705242 1518422 1547282
 0043100 0080103 0205345 1547039 0242821 0460148 1268086 2700323 0001527 0040300 1547928 0028754 1563743 0441994 1548802 2003888 0025936 0003069 0025914 0025929 0026809 0039224 1706073 1706074
 0449911 0039224 1706073 1706074 0557702 1272706 1704674 0557702 1272706 1704674 0039224 1706073 1706074
 1280500 2348382 0005910 1305866 0043100 0242821 0460148 1268086 1705104 0043100 0080103 0205345 1547039 0018787 1281570 0021665 1334089 0683149 0021966 0037657 0086045 0221138 0229671 1515981 1546774 1550100 0205250 1299351 2700149 0243148 1550141 1882979 2587213 3274648 0039224 1706073 1706074
 0428357 1261415 0202098 0428405 0021641 0229671 0441889 1533581 1546774 1550100 1579433 0205250 1299351 2700149 0583332 0202041 0428548 3534430 0015688 2698488 0015684 0001128 0202406 0332296 1880497 1996904 0441994 1548802 2003888 0024554 0086582 1706180 1706428 1706429 0025936 0003069 0025914 0025929 0026809 0079399 0804628 1522384 1707455 0243148 1550141 1882979 2587213 3274648 0039224 1706073 1706074
 0587184 1287371 0201950 0428466 0008377 0229671 0441889 1546774 1550100 0205250 1299351 2700149 0025936 0003069 0025914 0025929 0026809 1707455 0243148 1550141 1882979 2587213 3274648 0450344 1553633
 0587184 1287371 0201950 0428466 0008377 0229671 0441889 1546774 1550100 0205172 0522501 0003069 0024554 0086582 0205250 3163633 0015780 0086287 0369773 2603361 1709320 0332283 0022885 0038492 0039593 0392366 1551041 1552573
 0542495 1287372 0428475 0041004 0229671 0441889 1546774 1550100 0392756 0439792 0445247 0024554 0086582 1706180 1706428 1706429 0025936 0003069 0025914 0025929 0026809 0450345
 0541591 0392747 0443172 0599209 0008565 0439177 0555903 1261360 1514534 1441403 0002778 0008550 0015663 0023820 0033684 0302908 0439175 0439810 0456962 0936012 1304698 1524024 1546699 1561501 0178587 0439526
 0520511 1704711 0024554 0086582 1706180 1706428 1706429 1520150 0025914 0025929 0026809 0349966 1337208 1547282
 0740116 2827735 2981700 2347469
 0025936 0025914 0025929 0026809 1547282 0301630 0392756 0441610 0423896 0456205 0423896 0456205 1264633
 0520511 1704711 0205666 1862593 0005863
 0349966 1337208 1547282
 0520511 1704711 0392747 0443172
 1265611 0023825 0522501 0025936 0003069 0024554 0025914 0025929 0026809 0086582 0392756 1706180 1706428 1706429 1707455 0243148 1550141 1882979 2587213 3274648
 0520511 1704711 0025936 0025914 0025929 0026809 0243148 1550141 1882979 2587213 3274648 1280500 2348382 0587184 1287371 0201950 0543421 0428466 0008377 0229671 0441889 1546774 1550100 0439092 0547044 0522501 1706089 0024554 0086582 0349966 1337208 2347469
 1707455 0008377 0423896 0456205 0450365 1706097 1264633 1554103 0023825 0023823 0441994 1548802 2003888 0023824 0202117 0008377 0205250 1299351 2700149
 1705241 1705242 0007452 0015780 0025914 0025929 0026809 0033993 0043210 0086287 1140701 1441672 1705497 1705498 3539616
 0520511 1704711 0392747 0443172 2348205 0023825 0023823 0442811 0023820 0178587 0205251 0442824 1299352 1550472 0024554 0086582 1441672 1511726 3245479 1518422 1547282
 0449911 0039224 1706073 1706074 0557702 1272706 1704674 0557702 1272706 1704674 0039224 1706073 1706074
 1280500 0229671 0441889 1546774 1550100 0021665 1334089 0021966 0037657 0221138 0021641 1533581 1579433 0017725 0015688 2698488 0015684 0001128 0202406 0332296 1880497 1996904 0449911 0333052 2607870 0557702 1272706 1704674 0557702 1272706 1704674 0349966 1337208
 2827734 2981698
 0587184 0008377 0229671 1546774 1550100 0428475 0041004 0441889 2347469 0024554 0086582 0369718 0441922 1553036 0015780 0086287 0129575 0369718 0441922 1553036 1883559 0024554 0086582 0332307 0445392 1547052 1706180 1706428 1706429 1707455 0369718 0441922 1553036 0015780 0043210 0086287 1705497 1705498 0369718 0441922 1553036
 0001779 0003069 1520150 1883559 0025914 0025929 0026809 0332307 0445392 1547052 0162388
 0587184 0008377 0229671 1546774 1550100 0428475 0041004 0441889 0520510 1552738 0025663 0025664 0449851
 0042295 0449450

 0079399 0804628 1522384 1710574 0022885 0038492 0039593 0392366 1551041 1552573
 0449911 0333052 2607870 0557702 1272706 1704674 0557702 1272706 1704674 0349966 1337208
 0740116 2827735 2981700
 0520511 1704711 0025936 0025914 0025929 0026809 1883559
 1264633 1554103 0178587 0439526 1520150 1883559 0025914 0025929 0026809 0332307 0445392 1547052 0205409 1548221 0599209 0008565 0008550 0015663 0033684 0302908 0456962 1304698 1546699 1561501 0681850 1550501 1706203 2349001 2697811 0599209 0008565 0008550 0015663 0033684 0302908 0456962 1304698 1546699 1561501 0520510 1552738 0025663 0025664 0449851
 0520511 1704711 0229671 1546774 1550100 1883559 0332307 0445392 1547052 0025936 0025914 0025929 0026809
 2347469 0520511 1704711 0229671 1546774 1550100 1883559 0332307 0445392 1547052 0025936 0025914 0025929 0026809
 0520511 1704711 0003593 0003591 0599209 0949466 0005863 0008565 1514534 0002778 0008550 0015663 0033684 0302908 0456962 0936012 1264633 1304698 1524024 1546699 1561501 1705493 1883559 0332307 0445392 1547052 0025936 0025914 0025929 0026809
 1442989 2828392 0596969 0005516 0456389 1273517 1521991 1826357
 2347469 0520511 1704711 1444656
 0449911 0333052 2607870 0557702 1272706 1704674 0557702 1272706 1704674 0349966 1337208
 0439086 2827736 2981702
 0520511 1704711 0025936 0025914 0025929 0026809 1883559
 1264633 1554103 0178587 0439526 1520150 1883559 0025914 0025929 0026809 0332307 0445392 1547052 0205409 1548221 0599209 0008565 0008550 0015663 0033684 0302908 0456962 1304698 1546699 1561501 0681850 1550501 1706203 2349001 2697811 0520510 1552738 0025663 0025664 0449851
 0520511 1704711 0229671 1546774 1550100 1883559 0332307 0445392 1547052 0025936 0025914 0025929 0026809
 2347469 0520511 1704711 0229671 1546774 1550100 1883559 0332307 0445392 1547052 0025936 0025914 0025929 0026809
 2347469 0520511 1704711 1444656
 0041004 0015688 2698488 0015684 1281901 0001128 0202406 0332296 0441889 1880497 1996904 0015684 0470187 0678226 0001128 0205216 0392756 0442797 2987476 3146286 0033268 0023825 0243144 0347980 0040300
 0243163 0699914 1314650 1561604 1875802 1999230 1265611 1705241 1705242 0015688 2698488 0015684 0001128 0202406 0332296 1880497 1996904 0243148 1550141 1882979 2587213 3274648
 1947971 0012155 1442959 1519433 2983588 0041004 0359583 0015780 0086287 0129575 0369718 0441922 1553036 0243148 1550141 1882979 2587213 3274648 0129575 0369718 0441922 1553036
 1705241 1705242 0015780 0086287 0079399 0804628 1522384 0204695 0243148 0424612 1550141 1882979 2587213 2987508 3274648 0025936 0003069 0025914 0025929 0026809
 0025914 0025929 0026809 0243148 1550141 1882979 2587213 3274648 1273937 0237881 0750502 1546944
 1705241 1705242 0003069 1441672 1520150 0025914 0025929 0026809 0342895 0521974 0301585 0012155 0205250 0424612 1299351 1442959 1519433 2700149 2983588 1511726 3245479 1518422 1547282
 1278143 0003593 0003591 0441889 1705242 1520150 0025914 0025929 0026809 0243148 1550141 1882979 2587213 3274648 0039224 1706073 1706074
 0520511 1704711 0392747 0443172 0917903 0423896 0456205 0205250 1299351 2700149 0423896 0456205 0441994 1548802 2003888 0025936 0025914 0025929 0026809 1707455 0243148 1550141 1882979 2587213 3274648
 0597360 0185117 0003593 0003591 0441889 0597360 0185117 0034821 1149327 0033684 0444706 2828366 3541902 0440791 0023884 0736268 1278929 2346688
 0597360 0185117 0034821 1149327 1705242 1520150 0025914 0025929 0026809 0039224 1706073 1706074
 0449911 0039224 1706073 1706074 0557702 1272706 1704674 0557702 1272706 1704674 0039224 1706073 1706074
 1280500 0229671 0441889 1546774 1550100 0003593 0003591 0597360 0185117 0008377 0423896 0456205 1514559 0003593 2243194 0003591 0035696 0441994 0750482 0868955 1548802 2003888 1274040 1546471 2825142 1883559 0332307 0445392 1547052 1707455 0039224 1706073 1706074
 0205217 0442805 0003593 2243194 0003591 0035696 0868955 1547282 1883351 0332281 0033268 0041004 0205054 0205217 0442805 3161035 0740116 2827735 2981700
 2243194 0868955 0025936 0003069 0025914 0025929 0026809 1157337 0041004 0220781 1883254 0036536 0036537
 0036536 0036537 0871208 1521828 0205216 0392756 0442797 0025936 0003069 0024554 0025914 0025929 0026809 0086582 1706180 1706428 1706429 1883559 0332307 0445392 1547052 1707455 0349966 1337208
 0036536 0036537 0871208 1521828 0005910 1305866 0043100 0242821 0439849 0445223 0460148 1268086 1705104 0032127 0032105 0449468 1550098 1690016 1705102 2700258 0750572 3495095

 0744483 0023977 0279025 2966671 0039798 0087111 1522326 1533734 1705169 3538994 0232097 0032127 0032105 0205217 0442805 0449468 1274040 1546471 1550098 1690016 1705102 2700258 2825142
 0025936 0003069 0025914 0025929 0026809 0232097 0365304 0032127 0178521 0032105 0449468 1550098 1690016 1705102 2700258 0036536 0036537 0041004 0205238 0332152 0871208 1521828 1522538
 0750558 1710571 0232097 0032127 0032105 0449468 1550098 1690016 1705102 2700258 1705241 1705242 0365304 0032127 0178521 0032105 0449468 1550098 1690016 1705102 2700258 1883351 0205217 0442805 0014653 0205415 0560184 1705241 1705242 0243148 1441672 1550141 1882979 2587213 3274648 0025936 0003069 0025914 0025929 0026809
 0439531 1948053 0036536 0036537 0871208 1521828 0444706 3541902 1518422 1705241 1705242 0003069 1520150 0025914 0025929 0026809 0369773 2603361
 0423896 0456205 1705242 0243148 1550141 1882979 2587213 3274648 0039224 1706073 1706074 0041004 1518422 0023825 0023823 0442811 0065058 0125953 1096202 0023820 0036536 0036537 0178587 0205251 0221099 0442824 0684336 1274040 1299352 1546471 1550472 2825142
 0423896 0456205 0205250 1299351 2700149 1520150 0025914 0025929 0026809 0039224 1706073 1706074
 0449911 0333052 2607870 0557702 1272706 1704674 0557702 1272706 1704674 0349966 1337208

 0036536 0036537 0871208 1521828 1515655 0148854 0021494 0021485 0242759 0348016 0444706 1272883 1420193 1425679 1533685 1828121 1862190 3538902 3541902 0242821 0460148 1268086 2700323
 0542495 1287372 0428475 0041004 0229671 0441889 1546774 1550100 0168634 0444706 1442488 3541902 1515981 0520510 1552738 0025663 0025664 0449851
 0036536 0036537 0871208 1521828 0205134 0444686 0807955 1441506 1443182 0041004 0439194 0439227 0564385 0005910 1305866 0043100 0242821 0460148 1268086 1705104
 1274040 1546471 2825142 0449450
 0441833 0687744 1257890 1552516 1705428 1705429

 1520150 1883559 0025914 0025929 0026809 0332307 0445392 1547052 1710574 0022885 0038492 0039593 0392366 1551041 1552573
 0301630 0392756 0441610 0036536 0036537 0871208 1521828 0441889 0205250 1299351 2700149
 0037088 0243095 2825141 2987476 0023825 0023823 0442811 0029053 1291138 0023820 0031227 0178587 0205217 0205251 0243127 0442805 0442824 0443331 1299352 1550472 1149837 0474395 0023816 1149836 1291138 1416902 0023764 0023820 0205177 0439167 0441655 1561536
 1149837 0023816 1149836 1416902 0023764 0023820 0205177 0439167 0441655 1561536 0018787 0444706 1281570 3541902 3241920 0001527 0040300 1547928
 1149837 0023816 1149836 1416902 0023764 0023820 0205177 0439167 0441655 1561536 0205250 1299351 2700149 1883559 0332307 0445392 1547052 1707455 1553637
 1149837 0023816 1149836 1416902 0023764 0023820 0205177 0439167 0441655 1561536 0738677 0001527 0040300 1547928 0028754 1563743 0740116 2827735 2981700 0332462 1880834 0450346 0205250 1299351 2700149 0025936 0025914 0025929 0026809 1883559 1707504 1879930 0332307 0445392 1547052 1707455 0243148 1550141 1882979 2587213 3274648 0349966 1337208 2347469 1553033
 1149837 0023816 1149836 1291138 1416902 0474395 0549475 0023764 0023820 0205177 0439167 0441655 1561536 0015684 0470187 0001128 0041004 0205217 0442805 1274040 1441547 1546471 2825142 3245521 0861064 0041004 0205217 0332152 0442805 1522538 1518422 1372379 0023796 0205217 0205415 0442805 1371695 0596843 1563744
 1292732 0871261 1704632 1706817 2911692
 0871261 1704632 1706817 2911692 0017861 0030685 0391871 0439180 0444706 0680255 1283071 1963578 3541902 0206131 0205112 1292856 1948023
 0023796 1518422 0392747 0443172 0023796 0205250 1299351 2700149 1707455 0243148 1550141 1882979 2587213 3274648 0349966 1337208
 0449911 0333052 2607870 0557702 1272706 1704674 0557702 1272706 1704674 0349966 1337208
 0439084 0728893
 1280500 2348382 0023816 1416902 0023764 0023820 1149837 0023816 1149836 1416902 0023764 0023820 0205177 0439167 0441655 1561536 0035359 2347469 0001527 0040300 1547928 0028754 1563743 1553033
 0001779 0025936 0025914 0025929 0026809 0162388
 1149837 0023816 1149836 1416902 0023764 0023820 0205177 0439167 0441655 1561536 0936012 0520510 1552738 0025663 0025664 0449851
 1274040 1546471 2825142 0449450
 0441833 0687744 1257890 1552516 1705428 1705429

 1520150 1883559 0025914 0025929 0026809 0332307 0445392 1547052 1710574 0022885 0038492 0039593 0392366 1551041 1552573
 0449911 0333052 2607870 0557702 1272706 1704674 0557702 1272706 1704674 0349966 1337208

 1280500 2348382 0205112 0023796
 0001527 0040300 1547928 0028754 1563743 0205239 0206131 0039798 0087111 0162745 0205409 1522326 1533734 1548221 1705169 3538994
 1883708 0332197 0884358 1689985 0023796 0392148
 1274040 1546471 2825142 0449450


 0042295
 0449475 0007634 3282337 1709320 0332283 0022885 0038492 0039593 0392366 0439064 1514721 1551041 1552573 2348147 3542016
 0520510 0557061 2584313 1514811 1706462 0557651 2603343 0235986 0449843 1979886 0023175 0181586 0237881 0750502 1442948 1522538 1546944 2348269 3275067 1515926 0023779 1158917 0025519 0025520
 0301630 0392756 0441610 0036536 0036537 0041004 0205054 0205216 0238767 0392756 0442797 1706086 1149837 0023816 1149836 1291138 1416902 0474395 0549475 0023764 0023820 0205177 0205217 0439167 0441655 0442805 1515981 1561536
 0424540 0542478 0234402 0001527 0040300 1547928 0028754 1563743 1278072 1281901 0229671 0441889 1546774 1550100 0025936 0003069 0025914 0025929 0026809 0392756
 2607943 2926606 3539655 0577559 1306372 3152252 0392756 0036536 0036537 0240225 0577559 1306372 3152252 1157337 0005572 0220781 3241920 0001527 0040300 1547928
 0542495 1287372 0428475 0041004 0229671 0441889 1546774 1550100 0243148 1550141 1882979 2587213 3274648 0342895 0012155 1442959 1519433 2983588 0033268 0015684 0678226 0750501 0001128 0202406 0205393 0243163 0332148 0392756 0699914 0750492 1314650 1561604 1875802 1999230 3146286
 0015684 0001128 0037663 0169964 0018270 0019932 0220844 1280500 1621966 2911660 0001527 0040300 1547928 0028754 1563743 1149837 0023816 1149836 1291138 1416902 0474395 0549475 0023764 0023820 0205177 0439167 0441655 1561536 0018787 1281570 0018787 1281570 0026845 2328219 0040300 1547928
 2607943 2926606 3539655 0205195 1947911 0428548 0860801 0020459 0202098 0428405 0021641 0441889 1533581 1579433 0026606 0474395 0205177 0439167 0441655 1561536 0242970 0301585 1550569 0012155 0205251 0424612 1299352 1442959 1519433 1550472 2983588 0030011 0025936 0003069 0025914 0025929 0026809
 0001206 0681850 1550501 1706203 2349001 2697811 0030011 2986479 1707455 0243148 1550141 1882979 2587213 3274648
 1280500 0021665 0441925 1334089 0021966 0037657 0221138 0441889 1707520 0021665 1334089 0021966 0037657 0221138 0442805 1159527 0017725 0243144 0347980 1705535 0021665 0441925 1334089 0021966 0037657 0221138 0441889 0860803 0017725 0030011 0205217 0442805 1880177 0026845 2328219 0040300 1547928 0025936 0003069 0025914 0025929 0026809
 1514559 0003069 0003062 0428400
 0205132 1550648 1552960 0869040 0557651 1273517 2603343 1547282 1883351 0456947 0441889 2827734 2981698 0439526 0205250 1299351 2700149 0025914 0025929 0026809
 1705241 1705242 0025936 0003069 0025914 0025929 0026809 0025914 0025929 0026809 0243148 1550141 1882979 2587213 3274648 2348205 0684224 0700287 3496591 0229671 0441889 1546774 1550100 0025914 0025929 0026809 0445247 1514721 1551058 2348147 3542016 0684224 0700287 3496591
 0037663 0169964 0018270 0019932 0220844 1621966 2911660 0040300 1514559 1518422 0037663 0169964 0018270 0019932 0220844 1621966 2911660 0037663 0169964 0861064 0018270 0019932 0023175 0086045 0220844 1442948 1517927 1522538 1621966 2348269 2911660 3275067 0424639 0205250 1299351 0005775 1441672 1516559
 1274040 1546471 2825142 0521093 0750484 1456348 2607943 2926606 3539655 0020459 0428357 1261415 0021641 1533581 1579433 0021665 0441925 1334089 0021966 0037657 0221138 0441889 0025936 0003069 0025914 0025929 0026809
 2607943 2926606 3539655 0003069 1520150 1883559 0025914 0025929 0026809 0332307 0445392 1547052 0947630 1441672
 0392360 0025936 0003069 0025914 0025929 0026809 0441994 1548802 2003888 0243148 1550141 1882979 2587213 3274648
 0025914 0025929 0026809 1518422 0015663 0456962 0428548 1518422 1274040 1546471 2825142 0678226 0017725 0030011 2349975 3146286 0025914 0025929 0026809
 1278072 0015688 2698488 1281901 0015684 0001128 0202406 0229671 0332296 0441889 1546774 1550100 1880497 1996904 0025936 0003069 0007452 0025914 0025929 0026809 0033993 0392756 1140701 3539616 1705535 0025936 0003069 0025914 0025929 0026809 0850310 3154893 0085732 0309872 0868945 0015688 2698488 1281901 0015684 0001128 0202406 0205250 0205263 0332296 0441889 1299351 1880497 1996904 2700149
 0025936 0003069 0025914 0025929 0026809 1514559 0037663 0169964 0018270 0019932 0220844 1621966 2911660 0301630 0392756 0441610 0342895 0015663 1301808 0456962
 0037088 0243095 2825141 0025936 0003069 0025914 0025929 0026809 0947630 1441672 0439084 0728893 0442739 2346711 0428400
 0744483 0279025 2966671 0039798 0087111 1522326 1533734 1705169 3538994 0700321 1274040 1546471 2825142 0442739 1548568 0392747 0443172 0681850 1550501 1706203 2349001 2697811 0039798 0087111 1522326 1533734 1705169 3538994 1547282 0392756 0547047 0744483 0279025 2966671 0039798 0087111 1522326 1533734 1705169 3538994 0037663 0169964
 0001206 0683149 0086045 1547282 1883351 0205250 1299351 2700149 2348205 0441889 0039798 0087111 1363945 1547282 1883351 0392756 0547047 0542495 0041004 0229671 1546774 1550100
 0392360 0542495 0041004 0229671 1546774 1550100 0001206 0025936 0003069 0025914 0025929 0026809 1518422 0150312 0449450 2963144 1274040 1546471 2825142
 0542495 1287372 0428475 0041004 0229671 0441889 1546774 1550100 0204695 0243148 0424612 1550141 1882979 2587213 2987508 3274648 0243163 0699914 1314650 1561604 1875802 1999230 0023884 0736268 1278929 2346688
 0015688 2698488 0015684 0001128 0202406 0332296 1880497 1996904 0439801 0871208 1521828 1157337 0041004 0220781 1883254 1706853 1879748 0023825 0023823 0036536 0036537 0015688 2698488 1281901 0015684 0001128 0202406 0332296 0441889 1880497 1996904 0025936 0003069 0007452 0025914 0025929 0026809 0033993 0392756 1140701 3539616 0012155 1442959 1519433 2983588
 0425440 1286104 0489488 1512806 1705241 1705242 2986594 3161035 1280500 1705242 1880177 0542495 0041004 0229671 1546774 1550100
 0324335 0025936 0003069 0025914 0025929 0026809 1547282 0489879 0036536 0036537 0871208 1521828
 1979874 0030705 0033268 0871208 1521828
 0332149 1705910 2362652 0423896 0456205 0012155 1442959 1519433 2983588 0442805 0036536 0036537 0871208 1521828 0025914 0025929 0026809 0243148 1550141 1882979 2587213 3274648
 0036536 0036537 0858892 2243194 0868955 0023825 0023823 0442811 0029053 1291138 0023820 0036536 0036537 0178587 0205217 0205251 0442805 0442824 1299352 1550472 1979874 0034693 0034721 0324335
 0681841
 0428357 1261415 0202098 0428405 0020459 0304866 0021641 0229671 0441889 1533581 1546774 1550100 1579433 0036536 0036537 0041004 0441994 1548802 2003888 1880177
 0025914 0025929 0026809 0036536 0036537 2243194 0868955 0450348
 0020459 0442805 1157337 0041004 0220781 1883254 2243194 0868955
 0020459 0032214 0600138 0035820 1705810 0441712 1280500
 1274040 1546471 2825142 1441672 0018787 1281570 1149837 0023816 1149836 1416902 0231484 0023764 0023820 0205177 0439167 0441655 1561536 0744483 0235986 0037663 0169964 0279025 2966671 0333957 0520970 0018270 0019932 0034693 0034721 0039798 0087111 0205217 0220844 0442805 1522326 1533734 1621966 1705169 2911660 3538994
 0242692 1280260 0026845 0037253 0521324 1149837 0023816 1149836 1416902 0023764 0023820 0205177 0439167 0441655 1561536 1547282 1883351 0001721 0428475 0175630 0441889 1883351 0439801 0871208 1521828 0026845 2328219 0040300 1547928
 1149837 0023816 1149836 1291138 1416902 0474395 0549475 0023764 0023820 0205177 0439167 0441655 1561536 0023825 0023823 0442811 0023820 0178587 0205251 0441889 0441994 0442824 1299352 1548802 1550472 1880177 2003888 0025936 0003069 0025914 0025929 0026809
 1149837 0023816 1149836 1416902 0023764 0023820 0205177 0439167 0441655 1561536 0001527 0040300 0205217 0442805 1547928 0025936 0003069 0025914 0025929 0026809
 0037088 0243095 2825141 0744483 0476242 1442754 0037663 0169964 0279025 2966671 1518681 0018270 0019932 0039798 0087111 0220844 0332268 1280500 1522326 1533734 1621966 1705169 1979874 2348382 2911660 3538994 0034693 0034721 1149837 0023816 1149836 1416902 0023764 0023820 0205177 0439167 0441655 1561536 0001527 0040300 1547928 0028754 1563743 0392756 0547047 0744483 0037663 0169964 0279025 2966671 0001675 0011155 0018270 0019932 0039798 0087111 0220844 1441672 1522326 1533734 1621966 1636779 1705169 2911660 3538994
 0577559 1306372 3152252 1518422 0027552 0686904 1883351 1149837 0001527 0023816 1149836 1416902 0086439 1291139 0023764 0023820 0040300 0205177 0205216 0392756 0439167 0441655 0442797 1547928 1561536
 1149837 0023816 1149836 1416902 0023764 0023820 0205177 0439167 0441655 1561536 1149837 0231484 0023816 1149836 1416902 0023764 0023820 0205177 0439167 0441655 1561536 1547282 1883351 0745343 0020459 0021641 0039798 0087111 0442805 1522326 1533581 1533734 1579433 1705169 3538994 1515655 0021135 1533691 2827718
 0332149 1705910 2362652 1295675 0020459 0428357 1261415 0202098 0428405 0021641 0229671 0441889 1533581 1546774 1550100 1579433 0086597 1149837 0023816 1149836 1291138 1416902 0474395 0549475 0023764 0023820 0205177 0439167 0441655 1561536 0025936 0003069 0025914 0025929 0026809
 1441672 0201950 0428466 0175630 0441889 0003593 0003591 0597360 0185117 0034821 1149327 0442739 2346711
 0596690 1416867 2262011 0023764 0205054 0243144 0347980 0243125 0699900
 0681873 1511726 3245479 1292732 0017262 1417166 0017337 0185117 1444656 0301630 0392756 0441610 0025914 0025929 0026809 1511726 3245479
 0392756 2262011 1149836 0205177 0439167 0441655 1561536 0596690 1416867 0549399 0205217 0441889 0442805 1880177 0025936 0003069 0025914 0025929 0026809
 0033268 0332148 0439092 0547044 0750492 0036536 0036537 0871208 1521828 0205216 0392756 0442797 0205216 0392756 0442797 0036536 0036537 0023825 0023823
 0332196 2828389 0237753 0449788 0023884 0736268 1278929 1327616 2346688 0442739 2346711 0036536 0036537 0003593 1518422 0444706 3541902
 2243194 0868955 0205666 0332256 0443228 0549177 0597177 1704243 1709707 1862593 2700400 1274040 1546471 2825142 0441889 0205250
 0332149 1705910 2362652 1149837 0474395 0023816 1149836 1291138 1416902 0023764 0023820 0205177 0439167 0441655 1561536 0549399 0033268 0205217 0442805 1880177 0025936 0003069 0025914 0025929 0026809
 0001206 0441889 0442739 2346711 0023824 0202117 0008377 1547282 1883351 0205250 1299351 2700149 0243148 1550141 1882979 2587213 3274648
 1274040 1546471 2825142 0003593 0003591 0441889 0442739 2346711
 0023822 0392885 0008377 0441925 0441889 1547282 1883351 0001206 0039798 0087111 0442805 1363945 0441889
 0557651 0947630 2603343 1518422 0442726 1705241 1705242 0030705 0032662 0032659 0243148 1257890 1550141 1882979 2587213 3274648
 0201950 0428466 0441889 0205250 1299351 2700149 0243148 1550141 1882979 2587213 3274648 1705241 1705242 0015780 0025914 0025929 0026809 0043210 0086287 1441672 1705497 1705498
 1441672 0441889 0034693 0034721 1154417 0037663 0169964 0312431 0678226 0018270 0019932 0036536 0036537 0220844 0549178 1621966 2911660 3146286 0034693 0034721 0024554 0034693 0034721 0086582 1706180 1706428 1706429 1707455
 1154417 0312431 0036536 0036537 0205220 0036866 1705241 1705242 0025914 0025929 0026809
 1280500 2348382 0025936 0003069 0025914 0025929 0026809 0001721 0441889 0024554 0086582 0015780 0086287 0036536 0036537 0205172 0333051 0439606 0036536 0036537 0025914 0025929 0026809
 1707478 0150312 0449450 0557651 2603343 1547282 0522501 1706089 0392747 0443172 1158917 0025519 0025520 1514559 0037663 0169964 0018270 0019932 0220844 1621966 2911660
 0392747 0443172 0679133 1280500 0001206 0450382 1158917 0025519 0025520
 0039224 1706073 1706074 1280500 0025914 0025929 0026809 1547011 1879746 0023820 0001206 1280500 1707455
 1705241 1705242 0025936 0003069 0025914 0025929 0026809 0392360
 0086418 0474395 1537044 0205177 0439167 0441655 1561536 0450382 0332197 1689985 0023884 0736268 1278929 2346688 1880177 1705241 1705242 1158917 0025519 0025520 0023823 0023825
 0023816 1416902 0023764 0023820 0001206 0851285 0025936 0003069 0007452 0025914 0025929 0026809 0033993 1140701 1515981 3539616
 0025936 0003069 0025914 0025929 0026809 0025914 0025929 0026809 0243148 1550141 1707455 1882979 2587213 3274648 0204695 2987508 1265611 0012155 1442959 1519433 2983588 1441672 1880177 1705241 1705242 0001206 0025936 0003069 0025914 0025929 0026809
 0449911 0039224 1706073 1706074 0557702 1272706 1704674 0557702 1272706 1704674 0039224 1706073 1706074
 1707455 0001206 0025936 0003069 0007452 0025914 0025929 0026809 0033993 1140701 1515981 3539616 2986676
 2825232 0557651 2603343 0018173 1521721 0079816 1556038 0035168 0205476 0242481 1551807 0016617 0016617 0016617 0016617 0016617 0037459 0037455 0037455 0205090 0684010 2603358 0038995
 0376649 1442065 0282413 0031842 0031843 0439148 1519795 1704753 1880519 0041740 0179400 1533124 0038995 0013849 1705961 0024492 1538057 1547565
 0010186 0220812 0449719 1709471 0220808 0680264 0007961
 1706852 0522501 1706089 0949214

 1514756 0439084 0728893
 0205088 0348078 0376315 1272684 1522492 1546485 1548435
 1514811 1706462 0520510 0557061 2584313 1514811 1706462 2827734 2981698
 2347469 0369637 0441923
 0037663 0169964 0018270 0019932 0220844 1621966 2911660 1373178 1158917 0025519 0025520
 0025141
 0740116 2827735 2981700
 0596019 0004739 0332297
 0162782 0868955
 0443264 0259835 0301577 0007004 0012155 0205250 1299351 1442959 1519433 2700149 2983588
 0201682
 0439086 2827736 2981702
 0013715 1705651
 0449341 0872257 0025663 0449851 0871511 0243114 1998793


 0369637 0441923 0439526 0439267 0016327 0439133 1553038
 0684336 0005486 2945659 1514559 0017337 0520986
 0014137
 0439084 0728893
 0439267 0205090 0684010 2603358 0369637 0441923
 0686907 0025936 0003069 0025914 0025929 0026809
 0027960 0324740 0439189 1456781 1824986 0025141

 1511325
 0025936 0003069 0025914 0025929 0026809 1158917 0023820 0025519 0025520 3161035 0004153
 0041703 0268596 0439083 0439087 1418943 2700624 3642273

 0369773 2603361
 0025663 0449851 0871511 0185115 0684295
 0003461 2939124 0025141

 0021966 0221138 0439267
 0023983 0443252 0205166 1280500 1515273 1705313 1706317 2826302 1287355 0019932 0441889 3273930 0577559 1306372 3152252
 1315013

 1883540 0033727 0369286 0441932 0564385
 0032105 1550098 0040300
 0201682 0025141

 1419068 1419906 3541238 3541412
 1517945 0021641 1533581 1579433 0441471 3541888 1512804 2984300 2984427 0037083 0086982 0023884 0736268 1278929 2346688 0025936 0003069 0025914 0025929 0026809


 0035493 2699077 2699078 0454673 1550752 3541314
 0851285 1327622 0206131
 0014137 0000857 0600678 1552863

 1419408 2603362
 0744483 0279025 2966671 0039798 0087111 1522326 1533734 1705169 3538994 0442805 0522501 1274040 1546471 1706089 2825142 0065058 0037943 0228341 2239920 0086045
 0000857 0600678 1552863

 1718783 1549972
 1280500 0018270 0220844 1621966 2911660 0423896 0424612 0456205 0035150
 0001811 0025141

 0025424 2347108 2347109 2348272 0369637 0441923
 0744483 0279025 2966671 0039798 0087111 1522326 1533734 1705169 3538994 0036536 0036537 0023825 1882726 0023884 0034693 0034721 0736268 1278929 2346688
 0014137 0000857 0600678 1552863

 0016327 0439133 1553038 0597277 1708601 0369637 0441923
 1280500 1159527 0017725 0243144 0347980 0001527 0040300 1547928 0028754 1563743 0242692 1280260 0026845 0037253 0521324


 0369637 0441923
 0037663 1333673 0032015 0169964 0018270 0019932 0220844 1621966 2911660 0205224
 0349590 1262865 0025141

 0021966 0221138 0022418
 1280500 0037663 0169964 0018270 0019932 0034693 0034721 0220844 1621966 2911660 0231256 0018270 0220844 1621966 2911660
 0014137 0000857 0600678 1552863

 1261082 1551056 2981682
 0011740 1707689 2983265 0220781 1883254
 0041703 0268596 1418943 2700624 3642273 0000857 0600678 1552863

 1690540 3484384
 1519606 3161035
 2347961 0025141

 2603362 0439267

 1315013 0025141

 2603362 0020283 0450407 0450408 0450409 0033727 0369286 0441932 0564385 0205090 0684010 2603358
 0205132 0023816 1416902 0007188 0023764 0023820 0242692 1280260 0026845 0037253 0521324 1518422 0001527 0040300 1547928 0028754 1563743 0858310 0041004 0440742 0392885 1522133 0201950 0428466 0441889 0023822
 0041703 0268596 1418943 2700624 3642273

 3495095 0016327 0439133 1553038 0036154
 0025663 0449851 0871511 0079809 0242485 0103839 0003593 0003591 0036536 0036537 0871208 1521828 0332120 0015252 0728940 0023820
 0023779 2347379 0000857 0600678 1552863
 0450348
 3495095 0036154
 0028754 1963185 0003062 0023825 0023823 0442811 0023175 0023820 0036536 0036537 0178587 0181586 0205054 0205251 0221099 0442824 0684336 1299352 1442948 1522538 1550472 2348269 3275067 0036536 0036537 2347469
 0023779 2347379 0000857 0600678 1552863

 0073187
 1280500 0033268 0036536 0036537 0227525


 1428813 0597484 1272460 0004684 1412800 2986890
 0036866 2752783 1705241 1705242 0025914 0025929 0026809
 0000857 0600678 1552863

 1552154 2349143 0014963 1457900 0039462 1705540 0035978 2700310
 2945675 1280500 0185117 1417166 0017337
 0201682

 0022418 1552154
 0023983 0443252 0205166 1280500 1515273 1705313 1706317 2826302 0037663 0169964 0018270 0019932 0220844 1621966 2911660 0001675 0008976
 0025141

 0020283 0450407 0450408 0450409
 1158478 1705422
 0681814 1514559 0520986 0037663 0169964 0007452 0018270 0019932 0220844 1140701 1621966 2911660
 0450387 0025141

 0014963 1457900 0205090 0684010 2603358
 0428462 0023779
 0025519 0025520 0025141

 0439267 0205090 0684010 2603358
 0871269 1523018 0036874 0007589 1511938 2945687
 0007634 1269647 1704653 1948049 0025141
 0450355
 1549972
 0686907 0037663 0169964 0018270 0019932 0220844 1621966 2911660 0025936 0003069 0025914 0025929 0026809
 0001811 0025141

 0037640
 1706853 1879748 0036536 0036537
 0025141

 0439267
 1280500 0199780 0444735 0001554 1533734 0034693 0034721 0023820 0003601
 0014137 0000857 0600678 1552863

 0597277 1708601
 1160191 0920552 0851285 1327622 0034693 0034721 0086045
 0025519 0025520 0439509 0025141

 0369637 0441923 0022418
 0439230 0199780 0444889 0574032 1827465 0037663 0169964 0018270 0019932 0220844 1621966 2911660 0001675

 1280500 0023820 2262011 1149836 0205177 0439167 0441655 1561536 0596690 1416867
 0025519 0025520 0025141

 0369637 0441923 0597277 1708601 0016327 0439133 1553038 0033727 0369286 0441932 0564385
 0037663 0169964 0018270 0019932 0220844 1621966 2911660 0021665 1334089 0021966 0037657 0221138 0021641 1533581 1579433 0442805 1149837 0023816 1149836 1416902 0023764 0023820 0205177 0439167 0441655 1561536 0231484


 0022558
 0023820 0439231
 0025141

 0439114 0230613 1419366
 0014272 0025519 0025520 0424589 0542479 1442080 0030011
 1315013 0000857 0600678 1552863

 1708595 3280986 1708595 3280986
 0220781 0439634 1522492 0597177 0023796 0023825 0023823 0442811 0023820 0178587 0205251 0442824 1299352 1550472 0021135 1533691 2827718
 0041703 0268596 1418943 2700624 3642273 0000857 0600678 1552863
 0439509
 0439267
 0520511 1704711 0596690 1416867 2262011 0023764 0205054 0040300 1280500 2348382
 0025141

 1425102 0073187 1549972
 0243107 0678723 1527148 0332282 0544461 0025914 0025929 0026809
 0003069 2347379 0450348 0025141

 2986904 1419337 3539667
 0243140 0677043 0428400 0021665 1334089 0037657 1753359 1742762 0016006 0018284 0018270 0021641 0021966 0220844 0221138 1521761 1533581 1579433 1621966 2827422 2911660 3180941
 0014137 0439509 0000857 0600678 1552863


 1704675 0007004 1511572
 0011847 0011849 2347961 0025141

 0369637 0441923 0439267
 0920433 0455052 1521827 0206131 0007634 0424612 1269647 1704653 1948049 0014776
 0025663 0025664 0449851 1704532 0441889
 0025663 0025664 0449851 0450355 0025141

 0369637 0441923 0033727 0369286 0441932 0564385 0439267
 0851285 1327622
 1292856 1948023 1518422 0021665 1334089 0037657 1753359 0016006 0018284 0018270 0021641 0021966 0086597 0127400 0220844 0221138 1521761 1533581 1579433 1621966 2827422 2911660 3180941
 1315013 0439073 0439082


 0971859 0018270 0220844 1621966 2911660 0043094 2911647 0235986 0005910 0043100 1305866 1517378 1705104 0333957 0520970 0003069 0025914 0025929 0026809
 0014137 0000857 0600678 1552863

 2603362 0369637 0441923
 0035820 1705810 1158917 0025519 0025520 0004153
 0025141

 0022337 0369637 0441923 3541314
 1518681 1280500 0037663 0169964 1621966 0018270 0019932 0220844 2911660
 1315013 0000857 0600678 1552863


 1513371 1705738 2347637 2348146 0220781 1883254 1706853 1879748 0227525
 0023779 2347379 0000857 0600678 1552863

 0597277 1708601
 1280500 0003593 0003591 0003593 0003591 0868955 0035696 0036536 0036537
 0014137 0000857 0600678 1552863


 0021665 1334089 0037657 1753359 3180941 0016006 0018284 0018270 0021641 0021966 0220844 0221138 1521761 1533581 1579433 1621966 2827422 2911660 0037663 0169964 0018270 0019932 0220844 1621966 2911660 1280500 0036536 0036537 0227525
 0014137 0000857 0600678 1552863

 2347469 0369637 0441923 0369637 0441923
 0025936 0003069 0025914 0025929 0026809 0520986 1705417 0184517 1515926 0027820 0699841
 0014137

 0035826 1413096 2987048
 0851285 1327622 0023816 1416902 0023764 0023820 0041004 0878751 0032961 3484365
 1280500 2348382
 1315013 0025141

 0205090 0684010 2603358 0205090 0684010 2603358 0597277 1708601 0033727 0369286 0441932 0564385 0033727 0369286 0441932 0564385 0033727 0369286 0441932 0564385
 0021149 0220856 0543483 0699748 0030705
 0025141
 0450382
 0302595 1537110 3275241 0022575 1705783 1420193 1832169 3538902 3538926 3541894
 0080103 0869014 0021665 1334089 0037657 1753359 3180941 0016006 0018284 0018270 0021641 0021966 0220844 0221138 1521761 1533581 1579433 1621966 2827422 2911660
 0004153 0450385 0025141

 0041165 0205090 0684010 2603358 0016327 0439133 1553038 0036154 0062941 1384665 1414862
 0169964 0376560 0037663 0018270 0019932 0086418 0220844 1621966 2911660 0442805 0003592 0003591 0185117


 2347469 1708595 3280986
 1517499 0751455 1445865 0017337 0040671 1705822 0025914 0025929 0026809 0205666 0003593 0003591 0033268 0023823
 0201682

 2346593 0205090 0684010 2603358 0025424 2347108 2347109 2348272 3540510 0369637 0441923
 0021641 1533581 1579433 0033414 0005572 0220781 0036536 0036537 2243194 0868955
 0041703 0268596 1418943 2700624 3642273 0000857 0600678 1552863

 0033727 0369286 0441932 0564385 0033727 0369286 0441932 0564385 0369637 0441923
 0598783 1517898 0023779 0025519 0025520 0032005 1515981
 0022341 0025141

 0454673 1550752 1552154 0035978 2700310 0016327 0439133 1553038
 0596620 0025519 0025520 0332256 2700400 0598467 0017337


 0325001 0205090 0684010 2603358 0439267
 1280500 0271547 0429271 2598165 0021400 0220843 0237897 0808080 1705922 0025936 0003069 0025914 0025929 0026809
 0025141

 0205090 0684010 2603358
 0185117 1158917 0025519 0025520
 0025141
 0009993 1552856 0037455 0205463 0596070