 0439849 1705630 1706279 3540605 0009566 1171258 0011860 1293097 2919030 2919031 0014137 1513397 0013227 0025118 1704729 0870614 0036375 0588053 1547183 0035171 0035168 0242481 1707689 2983265 0025663 0025664 0449851 1514811 1706462 0055538 1144465 0008387 0014898 0033684 0040671 1705822 1521761 2827422 0678951 0032529 1882417 0449381 0392747 1531719 0012655 0220898 1264642 1547045 0681850 1550501 1706203 2349001 2697811
 0441833 0687744 1257890 1552516 1705428 1705429 0030705 0011860 1320657 0441730 0011847 0011849 0332307 1547052 0557651 2603343 0032529 1882417
 0030705 0086972 0205449 0441833 0443299 0687118 0687744 1257890 1552516 1552839 1705428 1705429 0017431 1707455 0683325 0205210 1521970 1527178 1705938 0449381 0009566 1171258
 0002085 1512045 0178602 0332281 0851827 0869039 1114758 1701901 3244310 0023822 0392885 1522133 0008377 0441889 0427716 1304757 0086045
 0033105 0220900 0010054 0010068 0018799 0012634 0018787 1281570 0003851 0003850 0042373 0205250 1299351 2700149 0017431
 0681925 0034980 0002778 0936012 1524024 1547282 0002085 0332281 0009566 0021149 0205449 0220856 1171258 0035648 1553898 0035647 1521761 2827422
 0030705 0678951 0032529 1882417 0332148 0750492 2698872
 0035171 0035168 0242481 1707689 2983265 0025663 0025664 0449851 1514811 1706462 0030705 0332167 3272283 1281905 0012634 0035647 0205250 0333482 1299351 1551058 2700149 0010054 0010068 0018799 0012634 0018787 1281570 0042373 0003851 0003850 2827734 2981698
 0035647 0205217 0442805 1551359 2741673 2981730 0596848 0012634 0021655 2700570 0332325 0021641 0237834 1514892 1533581 1579433 1517892 1704666 0523560 0041004 0008377 0151691 0860920 0023822 0392885 0008377 0740116 2827735 2981700
 0439849 1705630 1706279 3540605 1281905 0035647 0035820 1705810 2248593 1159709 0005528 0008377 1317949 1555029 3495449 0439086 2827736 2981702 0439084 0728893
 1184743 1522240 0008377 1883727 1550030 0023884 0736268 1278929 2346688 0005528 1317949 3495449 1524026 0005388 1688651
 0055538 1144465 0008387 0014898 0033684 0040671 1705822 0055538 1144465 0008387 0014898 0033684 0040671 1705822 0035820 1705810 0392747 0012655 0220898 1264642 1547045 0439086 2827736 2981702
 0032659 1257890 0683150 0427716 1304757 0086045 1446561 1144465 1413353 0055538 1548673 0750554 1514721 2348147 3542016 1516998
 1144465 1413353 0055538 0032120 0036825 0008387 0014898 0032105 0033684 0040671 1550098 1705822 1547282 1883351 0205250 0337664 3163633 1883351 0001948 0556297 0015259 0516977 0031809 0040607 0205485 0220931 1509143 2673163
 0332185 0678951 0032529 1882417 0392148 0332197 1689985 1547282 1883351 1521761
 0684224 0700287 3496591 0018684 0031206 0681850 1550501 1706203 2349001 2697811 0201950 0428466 1522133 0441889 0017431
 0681850 1550501 1706203 2349001 2697811 0017431 0242656 0449258 0205172 0085542 1260953 0017431 0021149 0220856 0441994 1548802 2003888 0017431
 0150312 0449450 0557651 2603343 0392366 1512571 0678951 0032529 1882417 0055538 1144465 0332281 0243083 0012634 0021149 0220856 0681850 1550501 1706203 2349001 2697811 0011860 1320657 0441730 0011847 0011849 0332307 1547052
 0796451 0002778 0936012 1524024 1547282 0439603 0392148 0002085
 0439603 0014653 1547026
 0036866 1705241 1705242 0001779 0449238 2926735 0037369 0453996 1881674 0918012 1552854 1637833 3639411 1829779 1830060 0019868 1261322 1516048 3161035 0017296 0205449 0314603 0441833 0687744 1257890 1441672 1552516 1552839 1705428 1705429 0039224 1706073 1706074
 0683150 0086045 0041004 0085202 0003591 0205170 1424250 2698414 3146287 2347469 0065058 0125953 1096202 0023820 0065058 0037943 0228341 2239920 2348205
 1979874 0017431 0055538 1144465 0023822 0332281 0392885 0683150 0858034 0008377 0032105 0086045 1550098 0369773 2603361 1708614 0022885 0039593 0392366
 0237753 0449788 0439801 3542948 0205396 1550043 1551388 0439849 1705630 1706279 3540605 0683150 0427716 1304757 0086045 0369773 2603361
 1274040 1546471 2825142 1547282 0002085 1512045 0178602 0332281 0851827 0869039 1114758 1701901 3244310 0427716 1304757 0086045 0680240 2607943 2926606 3539655 1708335 0681850 1550501 1706203 2349001 2697811
 0055538 1144465 0008387 0014898 0033684 0040671 1705822 0086045 0055538 1144465 0242972 0748025 0008387 0014898 0033684 0040671 1705822 0086045
 0441889 0205250 1299351 2700149 0017431 1707455 0369773 2603361
 1274040 1546471 2825142 1441672 1511726 3245479 0681850 1550501 1706203 2349001 2697811 0936012 1511726 3245479 1518422 1547282
 0449911 0039224 1706073 1706074 0557702 1272706 1704674 0557702 1272706 1704674 1707455 0030705 0017431 0055538 1144465 0439603 0010054 0010068 0018799 0012634 0018787 1281570 0003851 0003850 0042373 0055538 1144465 0008387 0014898 0017431 0033684 0040671 0680240 1705822 1547282 0039224 1706073 1706074
 0004083 0439849 0596306 0699792 0009566 1171258 0683443 0392366
 1514534 0002778 0936012 1524024 0010054 0010068 0018799 0012634 0018787 1281570 0003851 0003850 1079230 1547282 0439165 1549488 1561533 0017431 1707455 0017431 0010054 0010068 0018799 0012634 0018787 1281570 0740116 2827735 2981700 0439083 0439087 0369773 2603361
 0003851 0003850 0740116 2827735 2981700 0369773 2603361
 0042373 0740116 2827735 2981700 0369773 2603361 0004083 0033105 0220900 0009566 1171258
 0449911 0039224 1706073 1706074 0557702 1272706 1704674 0557702 1272706 1704674 0439603 0030705 0017431 0055538 1144465 1511726 3245479 1517331 0681925 0034980 0206031 0681923 0002778 0242415 0332128 0439064 0684320 0684321 0936012 1524024 0039224 1706073 1706074 1547282
 0002085 0010054 0010068 0018799 0332281 0243083 0012634 0018787 0392148 1281570 0035648 1553898 0035647 1521761 2827422 0332257 0001779 0009253 0036864 0079399 1314687 1522384 0037369 0453996 1881674 0729627 0023822 0392885 0008377 1518422 0085833 0003592 0065058 0037943 0228341 2239920 3639411 1829779 1830060 0019868 1261322 1516048 3161035 0028873 0456603 1547037 0369773 2603361
 3639411 1829779 1830060 0019868 1261322 1516048 3161035 1277690 0010054 0010068 1113667 0018799 0332281 0243083 1281905 0012634 0018787 0035647 0205217 0442805 1281570 0277564 2827734 2981698 2827734 2981698 0369773 2603361
 0010054 0010068 0018799 0012634 0018787 1281570 0002085 0003851 0332281 0003850 0021149 0220856 0850664 0042373 0679238 1281905 0078057 0005847 0012634 1558950 1801960 0003851 0003850 2827734 2981698 0369773 2603361
 0042373 0439086 2827736 2981702 2827734 2981698 0369773 2603361
 0003851 0003850 0085833 0003592 0065058 0037943 0228341 0441889 2239920 0003851 0332281 0003850 0035647 0205217 0442805 0332283 1719822 2827734 2981698 0369773 2603361
 0065058 0037943 0228341 2239920 2827734 2981698 0369773 2603361
 0042373 0332281 0243083 0005847 0012634 0021149 0220856 1558950 1801960 0017431 0055538 1144465 2827734 2981698 2827734 2981698 0369773 2603361
 0449911 0039224 1706073 1706074 0557702 1272706 1704674 0557702 1272706 1704674 0681925 0034980 0002778 0936012 1524024 0003851 0003850 0011875 0042373 0457464 0005847 0012634 1558950 1801960 1425076 0150312 0449450 0557651 2603343 0678951 0032529 1882417 0332281 0009566 1171258 0332257 0010054 0010068 0018799 0012634 0018787 1281570 0003851 0003850 0011875 0042373 0457464 0005847 0012634 1558950 1801960 1425076
 0521093 0750484 0439849 1705630 1706279 3540605 0023822 0392885 0008377
 0032659 1257890 0030705 0872250 0520511 1704711 2348205 3242284 0032659 0684224 0700287 1257890 3496591 1518422 1705535 0243132 1554210 2745955 0751455 0017337 0055538 1144465 0015127 1524003 0011860 1320657 0441730 0011847 0011849 0332307 1547052
 0004083 0439849 0596306 0699792 0032529 1882417 0201950 0428466 0441889 0205396 1550043 1551388 0439849 1705630 1706279 3540605 0441889 0033684
 2612461 0597177 1272684 1548601 0008377 0055538 1144465 0008387 0014898 0033684 0040671 1705822 0040671 1705822 0065060 0023820 0041004 0699759 0449719 1709471 2984542 1704259 1705987 2248593 0008377 0221102 0332152 0504085 1522538 2699704 0023884 0736268 1278929 2346688
 0055538 1144465 0008387 0014898 0033684 0040671 1705822 0008377 0040671 1705822 0007634 3282337 0023884 0736268 1278929 2346688 0028778 0332206 2983591
 1511726 3245479 1705535 0392148 0020443 0023822 0392885 0008377 0085201 0003353 0003504 0017431
 0085201 0003353 0003504 0150312 0205171 1720467 0008731 1280500 0085201 0003353 0003504 0003591 0332148 0750492 1441672 0558058 0392747 0443172 0023822 0392885 0008377
 0439849 1705630 1706279 3540605 1708726 0055538 1144465 0033105 0220900
 0439849 1705630 1706279 3540605 1512045 0178602 0851827 0869039 1114758 1701901 3244310 0035648 0332291 1553898 0035647 0085862 1299583 1515981 1521761 2827422 0009253 0036864 0079399 1314687 1522384 0201950 0428466 0441889
 1705241 1705242 0201950 0428466 0441889 0009253 0036864 0079399 1314687 1522384 0681850 1550501 1706203 2349001 2697811 1532563
 0681850 1550501 1706203 2349001 2697811 1532563
 0369773 2603361 0242927 1708930 0022885 0039593 0392366 1707520 0033105 0220900
 1274040 1546471 2825142
 1705241 1705242 0009253 0036864 0079399 1314687 1522384 0936012
 1979874
 1547282 0004083 0439849 0596306 0699792 0023822 0392885 0008377 0205397 0043210 0205171 1720467
 0684224 0700287 3496591 0032529 1882417 1883351 0015264 0024677 0035820 1705810
 0392360 0011000 1511726 3245479 0557651 2603343 1518422 0205309 0681841 0681850 0023676 0557651 1705242 2603343 1550501 1706203 2349001 2697811
 0035820 1705810 1563937 0870392
 0055538 1144465 0008387 0014898 0033684 0040671 1705822 0032214 0600138 0035820 1705810 0086597 0332620 0023820 0332281 1545588 0004153 0023820
 0055538 1144465 0008387 0014898 0033684 0040671 1705822 0086597 0534010 0205447 2248593 1159709 0005528 0008377 1317949 1555029 3495449 1184743 1522240
 0683954 1274040 1546471 2825142 0183683 1521721 0178566 0201950 0428466 0441889 0055538 1144465 0008387 1537044 0014898 0033684 0040671 0205177 0439167 0441655 0441994 0678226 1548802 1561536 1705822 2003888 0700364 1883351 0332281 3272281 3538919 0009566 0035647 0441994 1171258 1548802 2003888 0681850 1550501 1706203 2349001 2697811
 0681814 1547282 1516998 0032214 0600138 0035820 1705810
 0947630 0936012 0872079 1704675 1516998 0037369 0453996 1881674 0001962 0001975 1278148 0201950 0428466 0441889

 1547282 0004083 0439849 0596306 0699792 0201950 0428466 0441889 0150312 0449450 0205171 0337672 1720467

 1518422 0243095 1704675 0150312 0853206 1704675
 0150312 0449450 0557651 2603343 1515273 1705313 2826302 0392366 3643463 0872079 1704675 0001948 0684271 0037369 0453996 1881674 0150312
 0302523 0700325 3244290 0683607 1883351 0917903 1280500 2348382 0858034 0023822 0392885 0008377 0021149 0220856 0332291 0085862 1299583
 1707478 1511726 3245479 0678951 0032529 1882417 2698872 0011860 1320657 0441730 0011847 0011849 0332307 1547052
 1825598 0033105 0220900 0012634 1261322
 0035171 0035168 0242481 1707689 2983265 0086912 0035171 0035168 0242481 1707689 2983265 0025663 0025664 0449851 1514811 1706462 0439175 0439810 0011860 1320657 0441730 0011847 0011849 0332307 1547052 0025266 0043210 1707391 0150312 0449450 0557651 2603343 0030705 0011847 0011849 0184666 0205099 0020029 0020028 0008848 0019994 0041740 1510665 3262831
 0011900 1704338 1704656 0011847 0011849 0019664 0019665 0205156 0262512 0262926 1527178 1552607 1705255 1705938 2004062 1705019 0004083 0011847 0011849 0243161 0439849 0596070 0596306 0699792
 0449238 2926735 0439234
 0456689 0457242
 0557651 2603343 0086021 0020028 0085546 0020029 1136380 0008848 0015000 0019994 0041740 0205276 0205540 1510665 1527243 2699414 3262831 0021430 1511481 1522154 1554192 1301820 0681850 1550501 1706203 2349001 2697811
 0030664
 0011900 1704338 1704656 0175906 1516050 1552601 0011900 1704338 1704656 0683368 1457887 1527178 1705938 2826576 0392747 0443172 0035253 1622890 0015260 0015259 0022885 0039593 0392366 1522704 2607943 2926606 3539655 0085532 1548829 0002978 0018787
 0042373 0521654 0011900 0019664 0019665 0205178 0205494 0262512 0262926 1705255 2004062 2707261 2987487 0332120 0040405 1552357 0040395 1441526 1880157 0412675 0024485 1552358 0203860 0028580 0917874 1551403 0011923 0024488 0079595 0231881 0459800 0563532 0684213
 0003851 0003850 0008902 0008903 0023031 0678229 0680240 1704788 3539106 0475270 1522446 0439070 1705160 0852949 1442095 0456603 1547037 0412290 0521093 0002978 0205100 0750484
 1148554
 3272453 0012854 0017428 0887950 0023516 0229664 0025663 0025664 0449851
 0678951 0032529 1882417 0017431 1524063 0025663 0449851 0871511
 3272453 0012854 0017428 0887950 0032520 0677874 1524063 0032520 0449913 0677874 1553451 1704459
 1517480 1521871 1705759 0884358 1524063 0332256 2700400 0439192 0439148 1519795 1704753 1880519 0024472 2678549 0020283 0450407 0450408 0450409 0347982
 1517480 1521871 1705759 0301642 0332529 1511572 1301862 0702093 1301862 0702093 0702093
 1883351 0442726 0032529 1882417 0055538 1144465 1510844 0439148 0868946 1519795 0041119 0033727 0369286 0441932 0564385 1883708 1706746 0017243 0036681 0086972 0443299 0687118 1382104 0758986 0041175 0006353
 0017243 1382104 0019873 0006222 0015008 2986582 0041625
 0427716 1304757 0086045 0055538 1144465
 0427716 1304757 0086045 0449770 0444263 2348149 0016701 0032105 0444706 0677542 1550098 3541902 1698986 0003250 0003241 0746619 0450348
 0332268 1510844 0032105 1550098 0427716 1304757 0086045 0055538 1144465 0030705 0168634 1442488
 0871424 0002778 0936012 1524024
 0871424 0002778 0936012 1524024 0449913 0884358 1553451 1704459 0178566
 0042295 0549183 0876920 2347635 2348144 2939193 1514721 2348147 3542016 1444656
 1705241 1705242 0009253 0036864 0079399 1314687 1522384 0242927 1708930 1709255 0022885 0039593 0392366 1516048
 0022885 0392366 0441833 0687744 0884358 1257890 1552516 1552839 1705428 1705429 1707455 0017431
 0683956 0439828 0206031 0023965 0681923 0242415 0439064 0684320 0684321 0936012 3161035
 0017337 0392366 1704970 0002778 0936012 1524024
 0369773 2603361 0750591 0237881 0750502 1546944
 2986676 0043227
 0043227 0018173 1521721 2986512 0016617 0175969 0012634
 1292711 0449719 1709471 1705019 0004083 0011847 0011849 0332181 0439849 0449450 0556656 0596070 0596306 0699792 0031525 0030853
 0282413 3273171 0031831 0686900 1272683 1522634 1707664 2348314 3540849
 1293097 2919030 2919031 0014137 1513397 0013227 0025118 1704729 0870614 0036375 0588053 1547183 1532717 1881335 0022341
 0013849 1705961 0024492 1538057 1547565 0034036 0034037 1514756 1704324 0348078 0376315 1272684 1522492 1527075 1548435
 0003851 0003850 0003851 0003850
 0055538 1144465 0008387 0014898 0033684 0040671 1705822 0055538 1144465 0008387 0014898 0033684 0040671 1705822
 0010054 0010068 0018799 0012634 0018787 1281570 0010054 0010068 0018799 0012634 0018787 1281570
 0042373 0042373
 3639411 1829779 1830060 0019868 1261322 1516048 3161035 3639411 1829779 1830060 0019868 1261322 1516048 3161035
 0065058 0037943 0228341 2239920 0065058 0125953 1096202 0023820
 1514811 1706462 0035171 0035168 0242481 1707689 2983265 0025663 0025664 0449851 1514811 1706462 0597277 1708601 0369637 0441923 0369637 0441923 0011847 0011849 0004153 0449911
 2347961 0020473
 0011847 0011849 2347961 0025141 0012836
 0369718 0441922 1414400 1553036 0025141 2986463 0055538 1144465 0008387 0014898 0033684 0040671 1705822 2248593 1159709 0005528 0008377 1317949 1555029 3495449 0004153
 0025141 0441712 1706376
 0025141 0033727 0369286 0441932 0564385 0205090 0684010 2603358 0035978 2700310 2986463 0520511 1704711 0427716 1304757 0086045 1446561 0055538 1144465 0032105 1550098 0681850 1550501 1706203 2349001 2697811
 1315013 0025141 0597277 1708601 1337067 1537044 0441655 0023820 0239059 0700219 0025266 0037369 0392747 0443172 0453996 0677453 1704760 1705241 1881674
 0000857 0600678 1552863 0369637 0441923 0439254 0301630 0392756 0441610 1337067 1537044 0205177 0439167 0441655 1561536 1144465 1413353 0001962 0001975
 0023779 2347379 0000857 0600678 1552863 1419337 3539667 0597277 1708601 0205090 0684010 2603358 0439267 0015259 0040607 0220931 1522704 2673163 0392756 0547047 1144465 1413353 0055538 0032120 0036825 0008387 0014898 0032105 0033684 0040671 1550098 1705822
 0000857 0600678 1552863 0439526 0439254 0439254 0080103 0869014 0751455 0017337 0055538 1144465 0040671 1705822 1537044 0205177 0439167 0441655 1561536 0583325 0202304 0023820 0032105 0441889 1550098
 0004153 0025141 1836672 0205090 0684010 2603358 0035820 1705810 0242656 0449258 0010054 2733225 0004153 0018787
 0369718 0441922 1414400 1553036 1328885 0004083 0439849 0596306 0699792 0023822 0023821 1522133 0065055 0008377 0023820 0178587 0205250 1299351 2700149 0030664 0205469 0677042
 1315013 0020283 0450407 0450408 0450409 0019409 0055538 1144465 0008387 0014898 0033684 0040671 1705822 1708726 1144465 1413353 0201950 0428466 0441889
 0021966 0221138 0597277 1708601 0205090 0684010 2603358 0032529 1882417 0055538 1144465 1142652 0008387 0014898 0033684 0040671 1705822 0055538 1144465 0008387 0014898 0033684 0040671 1705822 0023822 0023821 0065055 0332281 1522133 0008377 0023820 0178587 0205250 1299351 2700149 0441889
 0325074 1315013 0025141 0012836 0546866 0851285 1327622 0520511 1704711 1516998 0004083 0751455 0017337 0055538 1144465 0037369 0453996 1881674 0028754 1963185
 0000857 0600678 1552863 0016327 0439133 1553038 0439267 0021966 0221138 0205090 0684010 2603358 0022337 0369637 0441923 0016327 0439133 1553038 0001948 0001962 0001975 1512806 0443264 1280500 2348382 0023821 0023820 0178587 0205250 1299351 2700149 0035647
 1315013 0025141 0023821 0023820 0178587 0205250 1299351 2700149 0010054 0010068 0018799 0012634 0018787 1281570
 0004153 0025141 0033727 0369286 0441932 0564385 0597277 1708601 0597277 1708601 0369637 0441923 0205090 0684010 2603358 0678951 0032529 0582826 0023820 0229671 0441889 1546774 1550100 0010054 0010068 0018799 0012634 0018787 1281570 1515981
 0325074 0025141 0033727 0369286 0441932 0564385 0439254 0205090 0684010 2603358 0369637 0441923 0036866 1705241 1705242 0017296 0314603 1516998
 0325074 0439073 0439082 0025141 0055538 1144465 0008387 0014898 0033684 0040671 1705822
 0079382 1823656
 1315013 0439073 0439082 2986463 0008395 0008377 0442805 0040649 0025936 0003069 0025914 0025929 0026809 0011546 0439857 2698668
 1315013 0439083 0439087 0025141 2699414 0008902 0008903 0678229 0684224 0700287 3273238 0011900 1704338 1704656 0008902 0008903 0678229
 0011847 0011849 1947933 0025141 0597277 1708601 0597277 1708601 0205090 0684010 2603358 0055538 1144465 1142652 0008387 0014898 0033684 0040671 1705822 0014441 2717977 0005507 0014442 0021075 0243073 0444706 1510438 3541902 0003250 0003241 0746619 0055538 1144465 0008387 0014898 0033684 0040671 1705822 1144465 1413353 0055538 0032120 0036825 0008387 0014898 0032105 0033684 0040671 1550098 1705822 0023820
 0201682 1315013