 0751455 0017337 0085151 3538722 1456454 0445247 1314939 1704259 1705987 0243148 1550141 1882979 2587213 3274648 2603362
 0439084 0728893 0021966 0221138 0021622 1272753 0005553 0439267
 0021966 0221138 0221193 0013849 1705961 0024492 1538057 1547565 1272684 1548435 0520510 0557061 2584313 1514811 1706462 0015576 1704727 2700640 0033684 1861696 1880389 1883221 3541951 1518827 1880389 1883221 3541951
 0162808 1514562 1880389 1883221 3541951 1511625 1145667 1167622 1383501 1880389 1883221 3541951 1412466 1412467 0449913 1553451 1704459 0018599 1657306 0017398 0017399 0205239 1555029
 1412459 0017337 0162610 0006638 0205396 1550043 1551388 0017337 1334043 1412459 1547699 2700640 0038164 0002518 0033684
 0024660 0439849 0445223
 1880389 1883221 3541951 1145667 1167622 1514468 1704444
 0487602 1704680 1547282 0031354 0678594 0205145 0150312 0449450
 0185117 0335038 0557651 0947630 2603343 0017337 0018889 0018893 0027882 1515021
 3146294 0205409 1548221 0002085 0596988 0013935 0205087 0237477 0392351 0023047 0441918 1179698 1416177 0040223 0205435 1279901 3541383 0035820 1705810 0017337 1515655
 0031354 1278903 1518422 0332522 1705564 0018889 0018893 0040820 0204695 2987508
 0002778 0936012 1524024 0018889 0018893 0040820 0018889 0018893 0035668 0040820 0521102 1515981 0178602 0001721 0871208 1521828 0162610
 1136031 0521102 1547282 1280500 2348382 1705535 0445247 1314939 1704259 1705987
 0449913 1553451 1704459 0869040 0042153 0457083 1947944 0005532 0441471 3541888 0033684 0449913 0851285 1553451 1704459
 1705313 0872079 0033684 1704675 0002395 1521724 0012634 0520510 0557061 2584313 1514811 1706462 0729650 0030956 0027365 0085151 3538722 1955168 0033665 1514570 0033666 1456454 0002716 0011560 0033684 0597304 0611285 1709634 1709694 1947941 3146294
 0205242 0333853 1523987 1704259 1705987 0086597 0127400 0171484 0171484
 0030664 1521733 0012634 0348080 1705253 0002716 0011560 0030956 0611285 3146294 0441655 0333463 0392079 3538928
 0171484 1180347 1314939 0872078 0332185 1705535
 0242210 1511625 1880389 1883221 3541951 0085151 1955168 3538722 1456454 0033665 0002716 0011560 0033684 0611285 1709634 0033666 1514570 1709694 1955168
 0085151 3538722 1955168 0033665 1456454 0002716 0011560 0033684 0205392 0611285 1709634 3540770 0015576 1704727 0332257 1552866 2700399 1412459 0441918 1179698 1416177
 0678594 1861696 1880389 1883221 3541951 1518827 1880389 1883221 3541951 1419054 1705535 1148560 0031843 0542341 0700205 1705273 0033684
 0162808 1514562 1880389 1883221 3541951 0085151 3538722 1955168 0033665 1456454 1514562 0002716 0011560 0017446 0033684 0205147 0611285 1383501 1709634 0033684 0439849 0445223 1412466 1515981 1412467 0205214 1522138 3245511 3538722
 1706710 0086282 1413898 1824492 0085151 3538722 1955168 0033665 1456454 0002716 0011560 0033684 0611285 1145667 1167622 1709634
 0541749 1709743 1706710 0033684
 0868928 1706255 1706256 1412459 1861696 1880389 1883221 3541951 0033684 1145667 1167622 0332257 1425409 2348366
 0868928 1706255 1706256 1412459 1704928 0085151 3538722 1955168 0033665 1456454 0002716 0011560 0033684 0587267 0611285 1709634 0031715 1158886 0041485 1145667 1167622 0282534 1880389 1883221 3541951
 1880389 1883221 3541951 0025255 0441889 0456079 0596901 1547707 1706182 2946261 0007610 1515981 3539874 1456377 1333931 1336632 1705504 0062773
 0017337 0205393 1547699 2700640 0033684 1515187 0449719 1709471 0205409 1548221 1550608
 1335144
 0871161 1292721 1705535 0425382 0002812 2348205 0085151 1955168 3538722 1456454 0033665 0002716 0011560 0033684 0611285 1709634 0205250 1299351 2700149 3495095 1705535 2347858
 0017337 0330543 0330544 0150312 0449450 0243148 1550141 1882979 2587213 3274648 3537152 3495095
 1538050 0027581 1332101 1335144 1704319 1705550 1441414 1521991 1553874 1578820 1517892 1704666 0872078 0337076 1955168 0085151 3538722
 1412457 1824423 3538727 0861352 1335144 0033684 1704222 0008630 0017337 0027552 0450348 0475264 0686904 1514468 1704444 1744691 1160214 0243107 0678723 1527148
 0086162 1081457 0205435 1279901 0013138 1028876 1504613 1552738 1439337 0033681 0079413 0017337 0031727 0041485 1704928 0017428 0150312 0449450 2338314
 0024660 0085151 3538722 1955168 0033665 1456454 0002716 0011560 0033684 0611285 1709634 1524063 0042153 0457083 1947944 0557651 2603343 1705810 0035820 1515981 1704241 3538722 0332218
 0562342 1171285 1524063 0042153 0457083 1947944 0162610 0557651 2603343 0314627 0680051 0542341 0205352 0868928 1515981 1533148 0559522 1283795 0449913 1553451 1704459
 0332120 1516084 1883351 0017428 2338314 0162610 1412459 0017337
 3489666 0220908 0220909 1698960 1710031 1710477 0683607 1883351 0243095 0017337 0679006 1947967 1334043 1412459 1547699 2700640 0038164 0033684
 0033684 0850310 3154893 0029237 0029246 0220885 1300196 1522486 1880389 1883221 3541951 1511625 1383501 1880389 1883221 3541951
 0002778 0936012 1524024 1657306 0033684 0359589 1999230 0542341
 0002778 0936012 1524024 0031437 1515981 1136031 0035668 0205263 0521102 1521840 1519595 1705535 0017337 0205214 0441712 1314939 1521991 1522138 1706376 3245511 1515926 0001721 0871208 1521828
 0520510 0520510 0557061 2584313 1514811 1706462 0027581 1704319 0080194 0456178 1518614 2987481 0010453 0025663 0025664 0220814 0430400 0449851 2242979 1273517 1883351 1708320 0080194 0456178 0869040 0557651 1273517 2603343
 1883559 0080194 0332307 0445392 0456178 1518614 1547052 2987481 1273517 0441960
 0002085 0085142 0006638 0017296 0205099 0314603 1301820 1553317 1273517 0861352
 0336791 2827396 0025663 0025664 0449851 1706765 0442711 0884358 1507394 1522729 2348563 0470187
 1552603 1706202 0205099 0337026 0368761 0679792 0884358 1705194
 0162801 0002778 0936012 1524024 0017337 0884358 0470187
 0204727 0205409 0220862 1552738 0004793 0162326 0162327 1519249 1273517 1883351 0022885 0039593 0392366 0242356 0600510 0004793 0037293 0162326 0162327 0181496 1519249 1710492 0205396 1550043 1551388
 0004793 0162326 0162327 1519249 0683607 0204727 0205409 0220862
 0162801 0002778 0936012 1524024 0683607 0020792 0205396 1827636
 0009013 1522642 1301820
 0142005 0331955 0812225 1150635 1705212 1705213 2257064 3273202 0004793 0162326 0162327 1519249
 0004793 0162326 0162327 1519249 0242356 0993637 1515023
 0025663 0025664 0449851 0079411 1273517 3146294 0035150
 0443288 0014442 0014445 0331965
 0028953
 0032520 0337112 1335439 1524075 0443286 1114821 0136227 0012892 0012854 0884358 1335439 1882406 0220908 0220909 1698960 1710031 1710477
 0017446 0205147 1547699 2700640 1861696 1880389 1883221 3541951 0032520 0337112 1335439 1524075 0443286 1114821 1524063 0009013 1522642
 3272453 0683230 0012854 0017428 0441960 0887950 1301820 1517480 1521871 1705759
 0206415 0016327 0439133 1553038 0439084 0728893
 0205090 0684010 2603358 0439084 0728893
 0016327 0439133 1553038 0439084 0728893
 0205090 0684010 2603358 0439084 0728893

 0079613
 1998793 1514468 0009013 0086022 0442335 1705099 0331955 0185117 0014834 0014833
 0017446 0205147 0733755 2827734 2981698 1709915 1882936 0032520 3272453 0012892 0683230 0012854 0017428 0337112 0441960 0887950 1301820 1335439 1517480 1521871 1524075 1705759 0443286 1114821 0206415 0439084 0728893

 1514468 1704444 0868946 0014442 0014445 0009013 0086022 0442335 1999230
 0016141 0700614 0702194 1880775 1883351 0439084 0728893 0439084 0728893 2827421 0120285
 2827421 1273517 1883351 0031437 1285572 0017337 0444930 2746065 0439659 1273517 2827421 0120285 0009221 1095825 0009013
 0206415 0439084 0728893 3540513

 1171362 0185117 0009015 0120285 0033684 0303920 0332583 1514468 1704444 0332256 2700400 0003316 0242611 0009221 1095825 1704837 0444930 2746065
 0206415 1273517 1428887 0016327 0439133 1553038 0439084 0728893

 2827421 0238598 0195520 0001675 0029939 0227898 0332239 1278992 1706450 0019269 1720154 0443211 0205132
 0005516 1883559 0021485 0332307 0445392 0861352 1533685 1547052 1828121 0005903 0039476 0332324 0861352 1550474 0018889 0018893 0040820
 0185117 0020792 0205396 1704689 2827421
 0021485 1533685 1828121 0332152 1522538 0884358 0086022 0442335 1705099 0120285 0018889 0018893 0040820
 0016955 0001002 0018889 0018893 0040820 0231441 0443218 0884358 2827483 0006353 0332256 2700400 3256935 0991865 0006353 1882074 0020283 0450407 0450408 0450409 0024472 0008203 0024467 0596019 2348270 0560267 0037506 0074769 0058632 0037473 0038720 0475337 0597484 3536965 0071762 0015864 0032821 0117554 0597277 1457900 0071763 0032821 0062612 0597277 0049081
 0003241 0005507 0243073 1510438 1511790 0034861 0033684 1514798 1273517 0430402 0010453 0016956 0205263 0521009 0857127 1301820 1412102 2945717 0475311 2827421
 0008551 0597301 0243114 1998793 0017817 0035191 0036681 0884358 0331955
 0020960 0020971 0034493 0042196 1301820 3244291 0033684 0920679 0004793 0029923 0030956 0162326 0162327 0301869 1519249 1622525 0537483
 1883351 1301820 1706701 0003241 0020960 0229671 0439662 1151254 0017837 0003241 0017817 0040676 1185738 1706132 0017837 1883708 0003320 1185738 1706132 1998793
 0243114 1998793 1185738 1706132 0036849 1442518 1705195
 0017837 0017817 0040676 1185738 1706132 0035191 0178576 1301820 0003320 0331955 0332282 0302828 1442085 3263700
 0003241 1552738
 0243148 1550141 1882979 2587213 3274648 0003241 0021027 1825328 0369248 0597750 0003320 0439267 1998793 0798503 0805586 3274764 1883708 0005863 0949466 1273517 1705493
 0039798 0087111 1522326 1533734 1705169 3538994 0884358 0301871 0439267 0949990 0055817 0033684 0162610 1552738
 0681814 1265611 0439267 0017817 0036681 0332297 0991566 1145667 1167622 1689898 2349209 0027581 1704319 0798503 0805586 3274764 2828366 1521713 0024348 1301820 1536403 0006353 0332256 2700400 1882074 0020283 0450407 0450408 0450409 0037494 1959973 0146951 0133689 0242759 0017861 0037508 1366571 1705592 0042305 0678420 0033607 3536890 0331965
 2828366 0439267 2986669 0450376 0427716 1304757 0086045 1446561 0249069 0005507 0033684 0243073 1510438 0302828 1442085 3263700
 0033684 0441648 0849355 0040223 1632851 0033684 0600209 1514893 1704732 2699488 0071710 0123400 0016327 0025255 0063412 0596901 1706182 0005863 0949466 1705493 0003241
 1710082 0442726 0449913 1332684 1511790 1553451 1704459 0331955
 1708715 0487602 1283174 1704680 0180860 1719918
 1511790 0402830 0040822 0006353 0884358 0332256 2700400 2827734 2981698 0560267 0036774 0036773 0728877 0001924 0007452 0229671 1140701 1546774 1550100 0068941 0439509 1706141 0013618 0991865 0006353 0031603 0031701 0036082 1601799 0079240 0003241
 0369637 0441923 1999230

 0205090 0684010 2603358
 0033727 0369286 0441932 0564385

 0016318 0003241 1515351 0022877 1720119 1948037 2827734 2981698
 0031312 0026381 0182400 2827734 2981698 1442447 0439232 0700321 0702093 1282918 1439852 2347166 0018889 0018893 0040820 0003241 2986582 0442726 0031346 0026845 1995013
 0079411 3146294 0018889 0018893 0040820 1705285 1524063 0442711
 0018889 0018893 0040820 0342895
 0007634 3282337 0332293 1522326 0439084 0728893 0162480 1300565 0439526 1442447 0439232 0700321 0702093 1282918 2347166 1883708 0439232 0700321 0702093 1282918 1517600 1522449 1548980 2347166 0449416 1705919
 0439584 0456696 1442770 0439227 0013710 0598016 0683607 1883708 1534709 1881714 0027361 0237401 0005971 1139930 3537155 1139930
 0020792 0205396 0032520 1550369 0337112 0884358 1335439 1524075 0443286 1114821 0012854 0027581 0337051 1704319
 0242574 0032520 0337112 1335439 1524075 0443286 1114821 0028953 0205448 0884358 1709450
 0036849 1442518 1705195 0439084 0728893
 0439084 0728893
 0036849 1442518 1705195 0439084 0728893
 0439084 0728893
 0012634 0348080 1705253 0392366 1883351 0442726 0002085 0457385
 0457385
 0439482
 0242574 0032520 0337112 1335439 1524075 0443286 1114821 0884358 0079240 1948037 0332282 1519193
 0002085 1883559 0175723 0439645 0442726 1511790 1521913
 0032659 1257890 1947971 2733256 0036576 0037047 0205450 1611273 0681850 1511572 1550501 1706203 2349001 2697811 0204727 0205409 0220862 0009013 1522642
 0205132 1550648 1552960 0205415 0024554 0086582
 0002085 0683607 1883351 0018889 0018893 0040820
 0018889 0018893 0040820 0031437 1285572 0700364 0205307 0439166 2347086
 0027361 0237401 0018889 0018893 0019425 0040820 0680063 1516695 1516698 0006353 0024348 0020283 0450407 0450408 0450409 0012789 0005863 0949466 1705493
 1136031 0521102 0035693 1136031 1519595 0052908 0032520 0035681 2984241 0035668 0040649 0337112 1179691 1301820 1335439 1514468 1524075 0443286 1114821 0449913 1553451 1704459 1335439 0238598 0001675 0018889 0018893 0019269 0029939 0040820 0227898 0332239 1278992 1706450 1720154
 1709450 1273517 0439084 0728893
 1335648 1824685 2697937 0439084 0728893 0015295
 0439453 1179691 1414504
 0439084 0728893 0015295
 2827600 0282413 0004793 0086860 0162326 0162327 1519249
 0243148 1550141 1882979 2587213 3274648 1280519 1707887 0680063 0237753 0449788 0006353 0024348 0020985
 1136031 0204695 2987508 0006556 0009013 0086022 0442335 1705099
 0006556 0017446 0205147 0733755 1711300 2700613 0032520 0337112 1335439 1524075 3146294 0443286 1114821 0370003 2347026 0035379 0040646 1555029 2257077 0136227 1335439 1335439
 1953384 0206415 0006556 0220781 1273517 1883254 1517480 1521871 1705759 0032520 0439084 0728893
 1953382 0206415 0033727 0369286 0441932 0564385 0439084 0728893
 1514468 1704444 0032520 0868946 0014442 0014445 0009013
 0086022 0442335 1705099 0332256 2700400 0052908 0035681 2984241 0035668 0086860 0205448 1179691 1335439 0230171
 2827421 1273517 1883351 0206415 0728990 1514575 1705542 1136031 1273517 0021485 1272883 1533685 1828121
 0010453 0475311 3146294 2827421 0080194 0456178 1518614 2987481 0449416 1273517 1705919 1136031 0204695 2987508 0016141 0700614 0702194 1880775
 0013935 0023047 0333562 0439212 1139930 0332256 2700400 0039644 0039651 1744619 0002680 0016956 0004611 1510439 2347473 0683607 1883351 0013710
 0027361 0237401 0031437 1285572 0005507 0243073 1510438
 0018889 0018893 0040820 0004611 1510411 1510439 2347473 0441587 1743766 1883719 0035693
 0182537 0009013 0027361 0237401 0205132 1550648 1552960 0032659 1257890
 0032659 1257890 0449820 0439510 0040223 1632851
 0681814 1706386 0205341 0040223 1632851
 0871420 0012727 0205419 1442989 1705236 2828392 0441833 0444686 0687744 1257890 1441506 1443182 1552516 1705428 1705429
 1707455 0022885 0038492 0039593 0392366 1551041 1552573 1273517
 1274040 1546471 2825142 0520510 0557061 2584313 1514811 1706462 0020792 0205396 1880022 1706765 0162326 1412459 0441918 1179698 1416177 0033684 0205396 1550043 1551388 0183652 1273517 1883351 1552603 1706202 1412459 0017337 0042789 1947903 0520510 0025663 0025664 0449851
 0040712 0597295 1519614 0205396 0242356 1550043 1551388 0009013 1522642 1947971
 0444930 2746065 0205257 0728938 1548386 0683607 1883351 0015295 0162801 0002778 0004793 0017428 0162326 0162327 0887950 0936012 1519249 1524024 1705535
 0015295 0332256 2700400 0079941 0080089 0034754 0175566 0180979 1705179 1705858 0006556 0185027 1948020 0439659 0002520 2917660 0001128 0202406 0006556 0679058 2700640
 0079941 0080089 0034754 0175566 0180979 1705179 1705858 2700640 0030956

 2827734 2981698 1547282 0007952 0040712 0597295 1519614
 1709915 1882936 0015295 0017337 0205435 0679058 1279901 2700640 1518422 0150312 0449450 0007952 1444656
 0349966 1337208
 0450344 1553633 1547282 1706765
 2348205 0150312 0449450 1880389 1883221 3541951
 0185026 0162807 0027627 0175668 0205436 0678594 0681842 1711343 1709697 2728259 3484370 0441107 1550244 1706501 0678594 1314677
 1316572 1317574 1369612 1709915 1882936 1518827 1323325 0070948 0243122 1145667 1167622 1707455 1880389 1883221 3541951 0150312 0449450
 1706765 0033684 1705535 0086282 0557090 0080103 1412459 1412460
 0349966 1337208
 0450345 1547282 1707455 0678594
 0456389 1518422 0162326 0443299 1880389 1883221 3541951 2348205 0017446 0205088 0205147 1705314 1705315 0150312 0449450 0205171 1720467 1412459 0441918 1179698 1416177
 0017446 0205088 0205147 1705314 1705315 1179699 1418789 1825810 3538854 0332256 2700400 1707271 0017446 0205088 0205147 1705314 1705315
 1412459 0237876 0423896 0456205 0017446 0205088 0205147 1705314 1705315
 0449911 0333052 2607870 0557702 1272706 1704674 0557702 1272706 1704674 0349966 1337208
 2827734 2981698
 2348205 1412459 0441918 1179698 1416177 0033684
 0004793 0162326 0162327 1519249 0963236 1425233 3540559 0015295 0021966 0040712 0221138 0597295 1519614 0007952 0006556 0009013 1515981 1522642 0007952
 0025646 0004793 0162326 0162327 1519249
 1706765 0884358
 0424215 0005680 0027567 0085756 0179400 0439541 1638312
 1511276 1552825 0205132 1550648 1552960 2945706 0150103 1708943 0002520
 1720485 1547282 2348205 0302921 1720485
 2348205
 0733755 1880389 1883221 3541951 1444656
 1514861 1882932
 0456389 1861696 1880389 1883221 3541951 1880389 1883221 3541951 0369718 0441922 1553036 1707271 0205088 1705314 1705315 0017446 0205147 2348205 1412459 0441918 1179698 1416177
 1979003 0003241 0021027 0442818 1514798 1861696 1880389 1883221 3541951 0017837 0017817 0040676 0699952 1510827 1998793 0005863 0949466 1273517 1705493 0442726 0018889 0018893 2828366
 0037791 1511884 0919677 0033621 1168438 1418943 3540567 0788300 0033684 0392366 0419358 1881488 0020960 0229671 1546774 1550100 0003241 0021027 1515981 0003320 0332152 0740175 2257086 1708639
 0441833 0687744 1257890 1552516 1552839 1705428 1705429 0003241 0021027 0442726 1511790 1514721 2348147 3542016 1532717 0205447 1708639
 0392148 1711343 0439659 0025646 2827734 2981698 0450344 1553633
 1515563 0185117 0009013 0332256 1522642 2700400 0007634 3282337 3146294 0038164 0033684 0175723 0441833 0687744 1257890 1552516 1705428 1705429 0015663 1511726 3245479 1518422 1547282
 0019409 0150312 0175723 0441833 0687744 1257890 1552516 1552839 1705428 1705429 1285553 0033666 0040712 0597295 0687676 1519614 1704687 0392747 1554963
 0600210 1533574 1881827 1708639 1547282 0449774 1547282 1883351 0678226 3146286 0439092 0547044 0449719 1709471 0031715 1158886
 1705175 1705176 1705177 1705178 1882348 1412459 0301871 0033684 0332293 1522326 0002059 1318717 0031678 1149880 1979842
 0349966 1337208 1708639 1547282
 0425245 0449580 0031678 0039798 0087111 0205217 0442805 1149880 1522326 1533734 1705169 3538994 0332155 0370003 1707455 2347026 1708639 1705535 0007634 0027581 1704319 3282337
 0449911 0333052 2607870 0557702 1272706 1704674 0557702 1272706 1704674 0349966 1337208
 0740116 2827735 2981700
 0024501 0871161 1292721
 1708639 1521713 0006104 1269537 1708639 1881488 0600209 1514893 1704732 2699488 0020960 0229671 0332152 0439662 0740175 1546774 1550100 2257086 0182400 1704681 2347609 3536729 1708639 0332152 0740175 2257086 1708639 0003241 0021027 1708639 0229671 1546774 1550100 1708639
 1708639 0301871 0332293 1522326 1708639 0134983 1412363 0002059 1318717 0031678 1149880 1979842 0332155 1708639 0949466 0005863 0002778 0936012 1524024 1705493 0005507 0243073 1510438 0003241 0021027
 0991566 0017837 1883559 0017817 0040676 0332307 0445392 0522534 1547052 1705188 1708639 0017837 0017817 0040676 0332466 1293131 0017837 0017817 0040676 1708639 0017837 1708639 1419054 1419054 0017837 1708639 1880389 1883221 3541951 0439267 1439852 0033621 1168438 1418943 3540567 0033684 1457900
 0033684 0600209 1514893 1704732 2699488 0003241
 1708639 1547282 0071720 0180860 0487602 0581406 1522664 1704449 1704680 1704684 1875155 1265611 1273517
 0991566 0017837 1883559 0017817 0040676 0332307 0445392 0522534 1547052 1705188 1708639 0332466 1293131 0017837 0017817 0040676 1880389 1883221 3541951 1419054 0017837 1708639
 1880389 1883221 3541951 0017837 1708639 2346927 0033621 1168438 1418943 3540567 0033684 0439269 1439852 1960952
 0033684 0600209 1514893 1704732 2699488 0003241
 1708639 0332256 2700400 0370003 2347026
 1708639 1547282 0071720 0180860 0487602 0581406 1522664 1704449 1704680 1704684 1875155
 2348205 1705535 1512488 1334043 3495095
 1883351 0376649 1442065 1552961 2347617 0884358 0005507 0243073 1510438 1524063 1511625 1880389 1883221 3541951 0017837 0017817 0040676 0699952
 0301915 0005507 0243073 1510438 1547282 0018889 0018893 1881488 0450354 1706096
 1880389 1883221 3541951 0017837 0017817 0040676 0699952 0085732 1299581 0302891
 0596988 3151529 1517495 0678594 0002778 0936012 1441547 1524024 3245521 0079941 0004793 0009219 0162326 0162327 0681842 0750482 1519249 1882327 0470187 0733755 0439070 1705160
 0162801 0002778 0004793 0006556 0009013 0162326 0162327 0238767 0936012 1519249 1522642 1524024 1706086 1880109 0200931 0032520 0002778 0337112 0936012 1335439 1515981 1524024 1524075 0443286 1114821 1511726 3245479 1518422 1547282 1518422 0085732 1299581 0442726 1519595 0004793 0162326 0162327 1519249 0015295 0004793 0162326 0162327 0681842 1519249 1882327
 1883712 0015295 0332256 0443228 0549177 1704243 2700400 0015491 0015295 0332256 2700400 0242611 0009221 1095825
 0449911 0333052 2607870 0557702 1272706 1704674 0557702 1272706 1704674 0349966 1337208
 0439086 2827736 2981702
 2985437 0002085
 1547282 0678594 2937289 0017337 0237400 1515981
 1547282 0456389 0600436 0002055 0178499 1709450 1880279
 0015295 0179400 1638312 1708059 0179400 1638312 0017446 0205147 0179400 1638312 0017446 0205147
 0439067 1720186 0237753 0449788
 0439659
 0009221 1095825 0740116 2827735 2981700 1547282
 1707156 3274014 3541345 1442161 1511760 1880274 0678594 1511276 1552825 1547282
 0949466 0005863 1514534 0002778 0936012 1524024 1705493 1708639 1708639 1708639 0018889 0018893 0040820
 0018889 0018893 0040820 0006353 0348011 0185115 0684295 0949466 0005863 0002778 0936012 1524024 1705493
 0949466 0005863 1514534 0002778 0936012 1524024 1705493 0332155 0205430 3160715 0018889 0018893 0040820 1708639 0018889 0018893 0035693 0040820 1708639
 0018889 0018893 0040820 0006353 0024348 0005863 0949466 1705493 0681850 1550501 1706203 2349001 2697811 0003241 0021027
 1705175 1705176 1705177 1705178 1882348 0031843 0542341 0700205 1705273 0027581 1704319 3146294 1880022 0678941 0596988
 0332255 1708096 0332256 2700400 0002085 0032520 0337112 1301820 1335439 1517480 1521871 1524075 1705759 0443286 1114821 0205132 1550648 1552960 0004793 0162326 0162327 1519249 0683607 1883351 1442161 1511760 1880274
 0205173 1442161 1511760 1705764 1705765 1880274 0332529 0849355 1883720 3244314 0017446 0205147 0444930 2746065 0021920 0444930 1515981 2746065 0205393 1511276 1552825
 1511695 0849355 1883720 3244314 0439070 1705160 0205197 1861696 1880389 1883221 3541951 0017446 0205088 0205147 1705314 1705315
 0033684 0002520 1709915 1882936 0332466 1293131 0080089 0180979 0439787 0849355 1519595 1705858
 0002085 0596988 0205171 1720467 2700640 1880389 1883221 3541951
 0005863 0521093 0949466 0349966 0750484 1337208 1705493
 0450365 1706097 0005507 0243073 1510438 1881488 0018889 0018893 0040820
 0428479 0441889 0150312 0449450 1710082 0442726 1511790 1881488 0018889 0018893 0040820
 0018889 0018893 0040820 0150312 0449450 0031437 1285572 0039224 1706073 1706074
 0680063 0019269 0596012 2584321 0001675 0205390 1300072 1306673 1706450 0018889 0018893 0040820 0017431 0200931 0032520 0002778 0018889 0018893 0037179 0087136 0205171 0337112 0936012 1335439 1516048 1524024 1524075 0443286 1114821 1280500 2348382 3151529
 0018889 0018893 0040820 0521093 0750484 1883351 0598016 0369718 0441922 1553036 0237477 0392351 0369718 0441922 0450355 1553036 0039224 1706073 1706074
 0302523 0700325 1964257 0019425 0019269 1547282 0013935 1518422 1272688 1280477 0243107 0678723 1527148 0237477 0392351 0450373 1553636
 0449911 0039224 1706073 1706074 0557702 1272706 1704674 0557702 1272706 1704674 0039224 1706073 1706074
 0002778 0392762 0936012 1524024 1883559 0332307 0445392 1441672 1547052 0018889 0018893 0040820 0449911 0333052 2607870 0557702 1272706 1704674 0557702 1272706 1704674 0349966 1337208

 0243067 0018889 0018893 0040820 0018889 0018893 0040820
 0013935 0018889 0018893 0040820
 1080898 0013935
 0013935 0018889 0018893 0035693 0040820
 0453107 1080898 0013935 1305370
 1707156 3274014 3541345 0369637 0441923
 0023047 0237477 0392351 0441918 1179698 1416177
 0332437 0543482 0700329 0700619 0026649 0376558 2584946 0439228 1442466 1547061 0439228
 1752722 0182537 0018889 0018893 0040820 0442726 1511790 1705535 0018270 0220844 1621966 2911660 0243107 0678723 1527148 0028778 0332206 2983591 0439092 0547044 0449719 1709471 1518422 0204695 2987508
 0449445 1292724 0243067 0023047 0678226 0017337 0332453 3146286 1518422 0150312 0449450
 0205435 1279901 0031437 1285572 2827421 0042789 1947903 0025664 0184661 2700391 0185117 0033684 0162326
 2827421 0019425 1720154 0018889 0018893 0040820 2827421 0120285 0013126 1171362 0185117 0007634 3282337 0439659 0013936 1279919
 0205409 1548221 0205132 0018889 0018893 0040820 0206243 1510941
 0443348 0205132 0851827 1701901 3244310 0001675 0005516 0120285 1517945 2003902 0332281 0013935 0237477 0392351 0332268 0487602 1515981 1704680 0003242 0003241 0021027 1511726 3245479 1518422 1547282
 0449445 1273517 1883351 0031437 0018889 0018893 0040820 1441672 0678226 0547070 1261381 1551058 3146286 0035693 0021485 0035668 0205173 1272883 1527178 1533685 1705764 1705765 1705938 1828121 1979882 0019269 0027361 0237401 1274040 1546471 2825142 0449450 0243067 1441672 0596988
 0018889 0018893 0040820 0013935 0018790 0237477 0018790 0237477 0039224 1706073 1706074
 0868928 1706255 1706256 0392148 0205170 0205216 0392756 0442797 1265611 3146287 0680063 0018889 0018893 0040820 0450366
 0013935 0018889 0018893 0040820 0205397 0680063 1547282 0031437 1285572 2348205 1441672 0013935 0450373 1553636 2347469
 0031354 0678594 1278903 1979768 0027763 0422837 1269560 0027769 0449913 0599851 1515981 1553451 1704459 0557651 2603343 0185117 0162610 1883351 1883351 0031437 1285572 0596988 1441672 0018889 0018893 0035668 0040820 0521102 1515981 1273517 1511790 0449445
 0003241 1547282 0597704 1159772 0475264 1744691 0031354 1278903 0870411 0205390 0243107 0678723 1300072 1306673 1527148 0013935 0001675
 0487602 1704680 1441672 0027882 0521164 1260969 1705184 0027740 0027757 1280541 1515981 0039259 1515981 1518422 1547282
 0031354 1278903 1710082 0178784 0205088 0439659 0444930 1705314 1705315 2746065 0231448 0439792 0025148 0031354 0205436 0457385 0565930 1449865 1561503 1705190 1947952 0175668 0185023 1947904 1999228 1553637
 1292711 0449719 1709471 0700364 1883351 1708059 0010834 1264633 1554103 0700364 1883351 0007634 0243092 0935919 0178539 0542339 0678594 0750490 1185625 1264637 1706221 2986730 0332479 0348078 0522512 0010851 0348078 0376315 1522492 0441889 0456079 1547707 2946261 0025148 1449865 1947952 0678594
 0002778 0936012 1524024 0205173 1705764 1705765 2986582 1624602 1422839 0022337 0453428 0449432 1705248 1883351 0332196 2828389 0487602 1704680 1184743 1522240 0014597 1273342 0007634 0221908 3282337 0205448 1710082 2003901 0185027 1948020 0700364
 0242842 0026018 0003241 0021027 2986582 0031312 0596981 0007634 0026845 3282337 0439092 0547044 0449719 1709471 0001271 0596981 0007634 0026845 3282337 0205146 1449865 0205146 1515981 0205094
 0076359 0031312 0039711 0332575 1260956 1547282 0004083 0439849 0596306 0699792 0678594 1518422 0031312 2986582
 0680220 0332479 0348078 0522512 0085103 1184743 1522240
 0487602 1704680 0332281 0205094 0444930 2746065 0678594 0025148 1449865 1947952 0700364 1883351 1705242 0596981 0007634 0026845 3282337
 0449911 0333052 2607870 0557702 1272706 1704674 0557702 1272706 1704674 0349966 1337208
 0439084 0728893
 0475264 1744691 0002778 0936012 1524024
 0205094 0205091 1552822
 0687760 1551065 0369637 0441923
 0002778 0936012 1524024 0019269
 0018889 0018893 0040820 0231441 0443218 2827483 0003241 1998793 2986582 0076359 0332283 1979003 0003242 0003241 0021027 0034493 0039711 0332575 0522529 1260956
 0018889 0018893 0040820 2986582 0003241 0332283 1624602 1979003 0442726 0332583 0003242 0003241 0021027 0442726 1422839 0022337 0453428 0003320 0332575 1260956
 0370003 2347026 0242842 0026018
 1704254 1704922 3542466 1511276 1552825 1547282 0597704 1159772 0475264 1744691
 0018889 0018893 0040820 0003241 1998793 2986582 0332283 1624602 1979003 0332583
 0031346 0026845 0076359 0031312 0039711 0332575 0522529 1260956 2986582 0332575 1260956
 0370003 2347026 0242842 0026018
 1704254 1704922 3542466 0221205 1511276 1552825 1547282 0150312 0449450 0596981 0007634 0026845 0238767 1706086 3282337 0205101
 0031354 1278903 0162610 0026845 0178784 0027882 0014609 1285092 0184967
 0868928 1533148 0007634 0449475 0332307 1547052 0542341 1515187 1521970 1706388 2346469 2348519 1705242 0205447 0007634 0868928 1706255 1706256 3282337 0035820 1705810 1327616 2699479 0205132 0524461 1282864 1301906 1551056
 0162657 0332479 0348078 0522512 0686907 0332218 0181909 0444667 0007634 3282337 0033684
 0018889 0018893 0040820 0541749 0557651 2603343 0003069 0185117 0016955 0120285 0033684 0303920 0332583 0162326 0444930 2746065 0017337 0683607 0042789 1947903 1282910 1552828
 2827421 0525021 0475264 0521447 1710082 1744691 0683607 1883351 0007610 0282641
 0332255 1708096 1524063 0185117 1273517 2700400 0028630 0231448 0439792 0028630 0042789 1947903 0520510 0025663 0025664 0449851
 2827421 0439084 0728893 0120285 0033684 0303920 0332583 0439084 0728893 0022959 0005516 1720154 0018067 1281670 0019269 0238598 0205132 0443211 1272684
 0185117 0521093 0750484 2945843 0205145 1515974 2825164 0031354 1278903 0027882 0521164 1260969 1705184 1011714 0039259 1515981 0349966 1337208
 0013936 0185117 0205171 1720467 0334094 1514485 1947925 0013935 1305370 0205448 0205390 1300072 1306673
 1444656 0185117 1518422 0392747 0443172 1705241 0013936 0598016 1306673 0001675
 0185117 0442821 0007634 0031354 1515981 3282337
 0120285 0033684 0303920 0332583 0600661 0332479 0348078 0522512 1184743 1522240 1011714
 1710082 0031354 0442726 1278903 1511790 1518422 0683607 0020792 0205396 0205431 1522492 0178784
 0002778 0936012 1524024 1521840 0016955 0314621 0017337 0086860 0243148 1550141 1882979 2587213 3274648 0683607 1883351 0680240 1537044 0205177 0439167 0441655 1561536 0120285 3146324 0007610 0027882 0016327 0439133 1553038 0039259 1515981 0439267
 0025148 0031354 0205435 1279901 1449865 1515981 1947952 0007610 0596981 0007634 0026845 3282337 2986582
 0487602 1704680 0025148 1449865 1947952 0178587 0205250 1299351 2700149 1518422 0683607 1883351 1516050 0007634 3282337
 0349966 1337208 1547282
 1150051 0205177 0439167 0441655 1561536 0205397 1550079 1561481 0007610
 0449911 0333052 2607870 0557702 1272706 1704674 0557702 1272706 1704674 0349966 1337208

 0002778 0936012 1524024 0443289 0185117 0031354 0678594 1278903 1515981 1979768
 1547282 0449774 0162768 0332466 1293131
 0751455 0017337 0444930 0699952 2746065 0027882 1550235 1552938 1704448 1706500 0018670 1281590 1515981 1706305 0441889 0456079 1547707 2946261 0031354 1278903 0023047 0001675 1515981 1706450 0019269
 0682679 0242821 1995017 0336721 1547282 0085103
 0441833 1999270 3537156 1547282 1704254 1704922 3542466
 0205094 0205091 1552822 1704448 1704458
 1707156 3274014 3541345 0369637 0441923
 0439267 1547282 0449774 0332466 1293131
 0022959 0017337 0444930 0699952 2746065 0028589 0949374 0028577 1156300 0162768 0033684 0332466 1293131 0683607 1883351 0442726 0007610 0335038 1522485 1705915 1709908
 1547282 0018670 1706305 0487602 1704680 0007634 0031354 1515981 3282337 0332120 1444656 0332283 1719822 1080898 0007634 3282337
 1080898 0007634 3282337
 0336721 0007634 1550079 1561481 3282337
 0016327 0439133 1553038 1547282 1522508 1561567 0007610 0453107 1080898 0487602 1704680 0042993 0587267 1280742 1080898 0205397
 0439267 3146324 0007610 2986582
 1707156 3274014 3541345 0369637 0441923
 1280500 2348382 0871208 1521828 1752722 1704675 0018790 0237477 0205197 0332268 1140999 1441672 1719039 2984701 0026018 0205250 1299351 1514893 1706463 2699488 2700149
 1883351 0035820 1705810 0182537 1140999 0018889 0018893 0040820
 1517001 1140999 1441672
 2984079 0871208 1521828 2003902 0205250 1299351 2700149 1571602
 0018889 0018893 0040820 0031437 1285572 2827421 0042789 1947903 1282910 1552828
 0018889 0018893 0040820 0871208 1521828 0205197 1883559 0332307 0441889 0445392 1547052 0282641 1571602 1280500 2348382 0178602 0725813
 0205117 0332282 1883708 1280500 2348382 0018889 0018893 0040820 1441672 0019425 0392756 0185117
 1273517 1136031 0035668 0521102
 0449445 0332149 1705910 2362652 1301820 1706701 0392756 0547047 0541749 1709743 0033684 0016141 0700614 0702194 1880775
 0019269 0035693 1301820 0027361 0237401 0449450 0871208 1521828 2348205
 0543488 1883351 1316572 1317574 1369612 1136031 0035668 0521102 0204695 1301820 2987508 1518422 0085732 1299581 0013935 0031437
 0025991 0035693 1301820 1883254 0031437 1285572 0042789 1947903 1282910 1552828 0039224 1706073 1706074
 1274040 1546471 2825142 1705535 0456947 0441889 0332290 1524057 1160209 0243107 0678723 1527148 1280500 2348382 1517945 0023047 0031354 0332197 1140999 1274040 1546471 1689985 2825142 1848980 0237477 0392351 1160209 0750492 0204695 2987508 0221099 0684336
 0449911 0333052 2607870 0557702 1272706 1704674 0557702 1272706 1704674 0349966 1337208

 0456947 0441889 1274040 1546471 2825142
 0871208 1521828 0027361 0237401 0441960 0018889 0018893 0040820 0205170 3146287 0027361 0237401 0282641 0205090 0684010 2603358
 0237881 0750502 1883559 0332307 0445392 1547052 0027361 0237401 0220825 1524063 0022885 0038492 0039593 0392366 1551041 1552573 0369773 2603361
 1707156 3274014 3541345 0871420 0012727 0205419 1442989 1705236 2828392
 2347469 0871208 1521828 1883559 0332307 0441960 0445392 1547052 0027361 0237401 0035693 0004611 0035668 0086022 0342895 0442335 1441547 1510439 1705099 2347473 3245521 0035692
 0237881 0750502 1301820 0035693 0220825 1524063 0022885 0038492 0039593 0392366 1551041 1552573 0369773 2603361
 1707156 3274014 3541345 0871420 0012727 0205419 1442989 1705236 2828392
 1552961 2347617 0376649 1442065 0030351 1547566 1547282 1704259 0445247 1314939 1521991 1705987
 1883351 1552961 2347617 0018889 0018893 0040820 1720154 0035693
 0681814 1706386 1848980 1160209 0237477 0392351 0458003 0678723 1274040 1546471 2825142 2348205 0868928 1136031 1441672 1706255 1706256 0021485 1272883 1533685 1828121 1511726 3245479 1518422 1547282
 1883708 3146294 2827421 0884358 2947996 1136031 0035668 0521102 0035693
 0018889 0018893 0040820 0004611 1510439 2347473 1547282 1821244 0243107 0678723 1527148 0000768 0000769
 0871208 1521828 0205217 0439792 0442805 0445247 1441672 0018889 0018893 0040820 0018889 0018893 0035693 0040820 0521102 1515981 0871208 1521828 0342895 1883351 0243148 1550141 1882979 2587213 3274648 0004611 1510439 2347473
 0520510 0557061 2584313 0024660 1514811 1706462 0033684 0439064 0747726 1515187 1292711 0449719 1709471 0085151 3538722 1955168 0033665 1511625 0162808 1456454 1514562 0002716 0011560 0033684 0611285 1383501 1709634 1880389 1883221 3541951 0205099 1517488 0015576 0017337 1704727
 0868928 1706255 1706256 0017337 0205170 1412459 3146287 1412456 3538726 0680022
 0085151 1955168 3538722 1456454 0033665 0002716 0011560 0033684 0611285 1709634 0086282 1517488 0205125 0024660 1657306 0017398 0017399 1555029
 1313915 0309872 0079411 3146294 0560617 1522225 0439787 0849355 1955168 0085151 3538722 1456454 0033665 0002716 0011560 0033684 0611285 1709634 1412466 1412467 0017337 0206745 0025914 0025929 0026809 0870432 1836408 0031437 0184532 1279919 0687676 1704687
 1883727 1883357 0314627 0542341 0205224 1441414 1553874 1578820 0425087 1313915
 0031437 1285572 2371925 1709305 2745955 0449445 1292724 0086282 1517488 0015576 0017337 0024660 0680022 1273517 1412459 1704727
 0205447 0871157 1883351 1292732 1412459 0017337 0559522 1283795 0449913 1553451 1704459
 0017428 0887950 1552603 1706202 0683607 1883351 0370215 1875400 0700364 1883351 0009219 2348205
 1547282 0002518 0004793 0162326 0162327 1519249 1547282 0029237 0029246 0220885 1300196 1522486 0332257 1861696 1880389 1883221 3541951 0521093 0750484 1956034 0017446 0205147
 1880389 1883221 3541951 0162808 1512488 0024660 0033684 0439849 0445223 1334043 0085732 1299581 1511625 1383501 1880389 1883221 3541951
 2348205 1880389 1883221 3541951 1705535 1880389 1883221 3541951 0872079 0033684 1314939 1704675 0007634 3282337
 1880389 1883221 3541951 0425152 1704675 0023688 1861696 1880389 1883221 3541951 0392148 0162610 0017337 0009219 1514468 2348205 0023688 0243902 1456377 1515981 3538776 1333931 1336632 1705504 1511726 3245479 1518422 1547282
 3495095 0085151 1955168 3538722 1456454 0033665 0002716 0011560 0033684 0611285 1709634 0085151 1955168 3538722 1456454 0033665 0002716 0011560 0033684 0611285 1709634 0033684 0237876 1710052 2348205 0205448 1880389 1883221 3541951 0332256 2700400 0017446 0205147 0017446 0205147 1511625 1282927 1383501 1806781 1880389 1883221 2350002 2982691 3541951
 0444686 1441506 1443182 0002520 0085151 3538722 1955168 0033665 1514562 1456454 0002716 0011560 0017446 0033684 0205147 0611285 1709634 1706710 1518827 1709915 1882936 0205280
 0750591 1555721 1706204 0017446 0205147 1709305 2745955 0086418 0033684
 0441889 0449286 0542560 1561545 2348088 1705535 2347858 0449913 1553451 1704459 0332120 0557651 1999230 2603343 0521093 0750484 1456348 0205474 0238767 1706086 0205245 0441889 0456079 0542341 1515981 1547707 2700217 2946261 0332149 1705910 2362652
 0150312 0449450 0085732 1299581 0439851 1947931 0017262 0185117 0027882 0004457 0999597 1522496 0031354 1278903 1515981
 0868928 1706255 1706256 0185117 0150312 0449450 0026845 0238767 0442025 1706086 0027882 0007634 0027740 0027757 1280541 3282337
 0024660 1412459 0017337 1547282 0449774
 1412459 0205250 0205099 1879652 0206417 0027763 1547282 0185117
 1519595 2346714 0027061 0026845 1995013 0006104 0205170 1269537 3146287 0022646 0227665 1278978 1514845 0017337 0205250 0006104 1269537 0039597 1278981
 0027581 1704319 0185117 0027763 0422837 1269560 0031354 1278903 1515981 0178784 0680240 0185117 0017337 0024660 0150312 0027763 0422837 1269560 2945843 0205145 1515974 2825164
 1313915 0033684 1704222 0017337 1514468 0024660 1657306 0017398 0017399 1555029 0449445 1292724 1883351 0443289 1705810 0035820 0027581 1704319
 1547282 0002778 0936012 1524024 0456148 0018889 0018893 0040820 0332197 1689985 0301630 0392756 0441610 0332290 1524057
 0031437 1285572 0000768 0205082 0243067 0458003 0678723 1274040 1546471 2825142 0013935 0332152 1522538 0007634 3282337 0687118 0011164 1880269
 0681841 1285553 0007577 0001511 0007634 0175633 0243067 1269647 1704653 1948049 1518422 0683607 1883351 1285553 1853126 1527178 1874451
 0031437 1285572 0018889 0018893 0040820 1160209 0221099 0243107 0678723 0684336 1527148 0332197 1689985 0301630 0392756 0441610 0205177 0439167 0441655 1561536
 0474395 0205177 0439167 0441655 1561536 0018889 0018893 0040820 1547282 0019425 0018889 0018893 0040820 1136031 1301820 0204695 2987508 0750490 1706221 2587213 0031843 0542341 0700205 1705273
 1140999 0596981 0007634 0026845 0205177 0427184 0439167 0441655 0700114 1274040 1546471 1561536 2825142 3282337 0231484 0871208 1521828 0871208 1521828 0007613 0007634 0036849 0178539 0449913 0542341 1442518 1553451 1704459 1705195 0287990 0554244 0947322 1552930
 0681841 0442805 0871208 1521828 1517945 0182537 1274040 1546471 2825142 0182537
 0150312 0449450 1512571 1314939 0443264 0871208 1521828
 0332197 1689985 0871208 1521828 0036849 1442518 1705195 0205250 1299351 2700149 0871161 1292721 0596981 0007634 0026845 3282337 1140999 0332149 1518422 1705910 2362652 0205379 1274040 1546471 2825142 0182537
 1274040 1546471 2825142 1136031 0035668 0521102 1301820 0204695 2987508 0035693 1167622 0031809 0175636 0205195 0205485 0920316 1509143 1704675 1705535 0033684 1704222 1514468 1704259 0205214 1314939 1521991 1522138 1705987 3245511 0243148 1550141 1882979 2587213 3274648 1752722 0182537
 0022009 0439799 1706095 0441471 3541888 0205396 1550043 1551388
 1883712 0033684 1704222 1514468 0205378 0027869 0441889 0456079 0599896 1547707 1979768 2946261 0205144 1706311 1547282 1883351
 0441712 0871208 1521828 1883351 0162340
 0441712 1706376 0079613 0475264 1744691 0027869 0205144 0439799 1706095 1706311 1979768 0332149 1705910 2362652 0035820 1705810 0439855 1704241 0441471 3541888 1185625 2986730
 0031437 1285572 2348205 0596988 1301820 0018889 0018893 0040820 1547282 1704689 0026882 1705285 0009219
 0868928 1706255 1706256 0018889 0018893 0040820 0449450 0871269 1523018 0376591 0026649 0018889 0018893 0040820 0019904 0011065 0023047 0441918 1179698 1416177 1546956 0000768 0000769
 1274040 1546471 2825142 1705535 1705242 0035820
 0205447 2699424 1314939 2755857 0085151 3538722 1955168 0033665 0751455 1171362 1456454 0002716 0011560 0033684 0611285 1709634
 1412459 0007610 0085151 1955168 3538722 1456454 0033665 0002716 0011560 0033684 0611285 1709634 0031843 0542341 0700205 1293132 1383501 1705273 1412459
 0302523 0700325 3244290 1705535 0035820 1705810 1518440 0040715 2987521
 0001721 0040649 0040648 0040649 1521761 2827422 0062773 0001068 0001390 0019652 0040676 1333931 1336632 1705504
 1518422 1554077 2828389 0683579 0079613 1273518 0150312 0449450 0243148 1550141 1882979 2587213 3274648 1704259 1705987 0442825 0025252 0083792 1660003 0025255 0033684 0596901 0678723 0870861 1235660 1254042 1706182 0205099 1511625 1880389 1883221 3541951 0007610 0040649
 0470187 0456148 1882932 0336791 2827396 1510941 0851285
 0018563 1281583 1552914 0332185 1880355 1180347 1523872 0439855 1704241 1955168 3157294 0007608 1621968 0007634 0026649 0851285 1269647 1314939 1327622 1704653 1948049 0302523 0700325 3244290 2699424 0035820 1705810 1412459
 0302523 0700325 1964257 0681814 0035820 1705810 3157294 0007608 0027882 1621968 0598959 0007634 0026649 0599851 0851285 1269647 1327622 1704653 1948049 0018889 0018893 0040820 0392760 0596988 1314939
 2986676
 0369637 0441923
 0033727 0205090 0369286 0441932 0564385 0684010 2603358

 0016141 0700614 0702194 1880775 0086022 0442335 0439394 1706495 3642217
 0080194 0456178 1518614 2987481
 2827421 0120285 0680022 1513889 0080194 0456178 1518614 2987481 0369637 0441923
 0205090 0684010 2603358
 0018896 0079866 1552861 3146302
 0002778 0018896 0936012 1441616 1524024 1552861

 0043227 0018173 1521721 0600587 1709697 2728259 3484370 0332522 1705564 0022277 0205090 0684010 2603358 1539794 1555715 1704332
 1514811 1706462 0520510 0557061 2584313 1514811 1706462
 0439267
 0369718 0441922 1553036

 0031354 1278903

 2826298
 0205090 0684010 2603358



 3642273
 0025141 2603362
 0016327 0439133 1553038 0402830



 2698333 2348167 0336791 2827396

 0027960 0324740 0439189 1456781 1824986

 0025141 0597277 1708601 0597277 1708601
 0021966 0221138 0998924 2603360

 1522756 1158897 0851285 1327622 1412459 0001721 0033268


 0201682

 0369773 2603361 2347469

 1518827 1880389 1883221 3541951 1412459 0205145 1145667 1167622 1514562 0085151 3538722 1456454 0033665 0002716 0011560 0033684 0611285 1709634
 0027960 0324740 0439189 1456781 1824986
 0007634 1269647 1704653 1948049

 0000857 0600678 1552863
 0369773 2603361 2945617
 2347469 0205090 0684010 2603358
 2603362

 0033684 0439834 0033666 1709694 0085151 3538722 0036536 0036537


 0201682
 2603360


 1180347 1523872 0439855 1704241 1412459 1333931 1336632 1705504 0062773
 0036397 2603362
 0439267 0024171 0024176 2697939 0033727 0369286 0441932 0564385
 0205090 0684010 2603358

 1708726 0182953 0205160 1513916 1704734 1704735 2825415 2825491 2700640 0033684
 0017398 0017399
 0441107 1550244 1706501
 0439267


 0220825 1261322 2986411 0175168 1510464 0162807 0027627 0033684 0175668 0205436 0678594 0681842
 0033684 0025141 0021966 0221138 3495095

 0017337 0162610 1547699 2700640 0033684 0078939 1456454 2825879 1142652 1750295 2362547

 0268596 2700624
 3642273
 0041703 0439083 0439087 0000857 0600678 1552863 0369637 0441923
 0205090 0684010 2603358 1880278
 0205090 0684010 2603358
 0033727 0369286 0441932 0564385 0439394 1706495 3642217

 0026882 1705285 0392747 0015745 0004927 2707008
 0036397 1880278
 0369637 0441923
 0439394 1706495 3642217

 0449217 2700640 1711351 0055363 0086597 0027793 0036667 0312418 0427965 1511883 1522640 2346484 2349185

 2347469 0369773 2603361 0369773 2603361 0597277 1708601

 0033727 0369286 0441932 0564385 0369637 0441923
 0086894 0851346 2314876
 0205090 0684010 2603358

 0379528 0171484 0030946 1947941 0086597 0030685 0391871 0439180 0680255 1283071 1963578
 0349590 1262865 0025141 2347469

 1514570 1709694 0007613 0815043 1527118 0005532 0205460 0542341 0031845

 3642273
 0369718 0441922 1553036
 0205090 0684010 2603358 0205090 0684010 2603358 0016327 0439133 1553038 2603360

 0035696 1882598 1547699 2700640 1336776 1334043
 2347379 0028606
 0000857 0600678 1552863 0205090 0684010 2603358 0439267 0369718 0441922 1553036 2603360

 1427086 0086282 1611821 0680022 2698041 0175996 0178719 1880389 1883221 3541951 0085151 0078939 1955168 3538722 1750295 2362547 1456454 0033665 2825879 0002716 0011560 0033684 0330390 0439096 0611285 1709634 2004068


 0025141
 0439267

 0010453 0220814 0430400 2242979 0002778 0936012 1524024
 0010819 0005532 0449468 0560268 1690016 1396851 0040822 0971890
 1826357 0025141 0597277 1708601
 0369718 0441922 1553036 0033727 0369286 0441932 0564385 0439267 0016327 0439133 1553038 2603360 0369637 0441923

 0162808 1514562 1861696 1880389 1883221 3541951 0033382 0699759 1514562 1425409 2348366 1334043 0562342


 0201682

 0442532 0439394 1706495 3642217 0205090 0684010 2603358
 0597277 1708601

 0025663 0025664 0449851

 0025141 0016327 0439133 1553038 0369718 0441922 1553036 0439267 2603360

 1514562 0017446 0205147 1334043 1145667 1167622 0162808 1514562 0175996 0178719 1880389 1883221 3541951


 0201682
 0016141 0700614 0702194 1880775 2603362

 0036849 1442518 1705195 0017262 0017337 0185117 0162610 0006638
 0017337 0025141 0205090 0684010 2603358 0369637 0441923
 0021966 0221138 0439394 1706495 3642217 0205090 0684010 2603358
 0033727 0369286 0441932 0564385

 0544461 0015127 1314792 1524003 0683891 0162610 0006638 0439799 1706095

 0000857 0600678 1552863 0205090 0684010 2603358 0205090 0684010 2603358
 0033727 0369286 0441932 0564385

 0887869 0584655 1179575 1254043 0185023 1947904 1999228


 0000857 0600678 1552863 2603360 0369637 0441923
 0443013
 0369773 2603361


 0175631 2827662 0086860 0013935 1305370
 1418943

 0268596 2700624
 3642273
 0041703 0016327 0439133 1553038
 2347469 0442532 0597277 1708601
 0597277 1708601 0369637 0441923
 0016327 0439133 1553038
 0369637 0441923

 0205349 1514623 1516451 3542952 1035167 0182953 1704734 1704735 0018576 1880351 1710236

 0000857 0600678 1552863 0016327 0439133 1553038
 2347469
 0205090 0684010 2603358
 2603362
 0369637 0441923

 0016327 0439133 1553038
 0369637 0441923

 0562342 0038859 1710252 2954564 1439337 0033681 0031727 0041485 2700640 1515032 1710236

 0000857 0600678 1552863

 0369637 0441923
 0205090 0684010 2603358

 0204727 0205409 0220862 1880022 0004793 0162326 0162327 1519249 1334043
 1418943

 0268596 2700624
 3642273
 0041703 0000857 0600678 1552863 2603362
 0999213 0369773 2603361
 0205090 0684010 2603358


 0004083 0439849 0596306 0699792 0033684 1511625 1880389 1883221 3541951 0085151 0078939 3538722 1750295 2362547 1456454 0033665 2825879 0002716 0011560 0033684 0330390 0439096 0611285 1709634 2004068
 1418943

 0268596 2700624
 3642273
 0041703 2603362
 0999213 1553033 0205090 0684010 2603358


 1660003 0678723 0870861 1254042 0085151 3538722 1456454 0036536 0036537


 0025141 0019269 2603360 0033727 0369286 0441932 0564385 1553033 0369773 2603361 0033727 0369286 0441932 0564385
 0369773 2603361
 0369773 2603361

 0206745 1417166 0025914 0025929 0026809 0443289 0205224 0680051 0815043 1527118 0542341


 0205090 0684010 2603358 0035567 1140671 1509547 3484401
 0369637 0441923 2603360

 0018576 1880351 2827734 2981698 1412466 0085151 3538722 0087044 0103404 1511625 0033665 0162808 1333198 1456454 1514562 0002716 0010834 0011560 0033684 0521449 0611285 1145667 1167622 1709634 1880389 1883221 3541951


 2347469
 0439394 1706495 3642217
 0205090 0684010 2603358 0016327 0439133 1553038
 2347469 0335912


 1518827 1880389 1883221 3541951 0871786 1145667 1167622 1415205 0017968 1167322 1710082 2752508 0031676 1515981
 0027960 0324740 0439189 1456781 1824986
 0007634 1269647 1704653 1948049

 0369773 2603361

 1155452 0037083 0086982 0851285 1327622

 2347961


 0025141 0021966 0221138

 0234112 0017337 1416989
 0349590 1262865 0025141 3495095 0021966 0221138

 0330543 0330544 0872078 0162610 0700364 1883351 0425087 1313915 1883351 0861352 0037083 3537152 0061355 1999257 3539623 3539624
 1418943

 0268596 2700624
 3642273
 0041703
 2347469 2347469 0369773 2603361

 0231484 0517929 0920644 0542341 0162610 0006638 0439799 1706095

 3642273
 0402830
 0369637 0441923 0040822


 0079604 0016318 0026018 0079603
 0010819 0005532 0449468 0560268 1690016
 1396851 0040822

 1826357 0025141 0439267 0369773 2603361 0205090 0684010 2603358 0369718 0441922 1553036 2603360

 0085151 0078939 3538722 1750295 2362547 1456454 0033665 2825879 0002716 0011560 0033684 0330390 0439096 0611285 1709634 2004068 0031843 0205145 0542341 0700205 1293132 1383501 1515974 1624581 1705273 2825164 0309872 1292733 1518440 0040715 2987521


 0201682
 0369637 0441923
 0439114 0033727 0369286 0441932 0564385 1555436
 2347469 0439394 1706495 3642217

 2987487


 1553033
 2603362
 0597277 1708601
 0369637 0441923

 1412457 1824423 3538727 0861352 1179435 0449432 1705248 0027882 0014609
 0007634 1269647 1704653 1948049 0025141 2603360 0205090 0684010 2603358 0439267 0369773 2603361 2603362 0369718 0441922 1553036

 1412459 1513822 1705739 1882071 0085151

 3541329 2827734 2981698 0025141 2603362
 0439394 1706495 3642217

 0016327 0439133 1553038 0439114 0369773 2603361


 1523071 0851285 1327622 1412459 0033618 0242210 0243122 1145667 1167622 0085151


 0201682
 2603362

 0016327 0439133 1553038
 0369773 2603361

 0085151 1955168 3538722 1456454 0033665 0002716 0011560 0033684 0611285 1709634 1412459 0033618 0242210 0243122 1145667 1167622 1955168 0007608 1621968 0026649



 0016327 0439133 1553038 2603360

 0009017 0009015 0022877 3244292 0024763 0175674
 0475311 0027976 1879958
 0205090 0684010 2603358
 2603362

 0872079 1704675 0443264 1293130 1159339 0036536 0036537 0078939 1456454


 0201682
 0016327 0439133 1553038 1553033 0205090 0684010 2603358 0016327 0439133 1553038 0016327 0439133 1553038 2603360

 0017262 0185117 0522501 0013936 0243107 0678723 1527148


 0025141 0439267 0021966 0221138

 0872078 0205177 0439167 0441655 1514873 1561536 0444454 1554204 0013138 0349590 1028876 1262865 1504613 0025141

 0439267

 0025663 0025664 0449851
 0162610 0006638 0043217

 0475311 0027976 1879958


 0439267 2603360


 1272745 0036667 0312418 0427965 1511883 1522640 2346484 2349185 0005910 0043100 1305866 1705104 0008300 1707391

 2347379
 0000857 0600678 1552863 0439394 1706495 3642217 0016141 0700614 0702194 1880775

 0521102
 0349590 1262865 0025141
 0369773 2603361 2347469 0439482

 0872079 1704675 0051300 1416912 2987172 2325760 0597357 0085151 3538722 1456454 0033665 0002716 0011560 0033684 0611285 1709634


 0201682

 2986502 0033727 0369286 0441932 0564385 0999213 0033727 0369286 0441932 0564385 0439267 0557775 1511780 0439394 1706495 3642217
 0033727 0369286 0441932 0564385 0080045
 0439394 1706495 3642217 2603362
 2603362

 0079411 3146294 1836107

 0001811 0025141 0369637 0441923
 2603362

 0035820 1705810 0205177 0439167 0441655 1561536


 0201682
 0369637 0441923
 0439394 1706495 3642217
 0439267 0043217
 2347469

 0162480 0205263 1511760 0026882
 1418943

 0268596 2700624
 3642273
 0041703 0000857 0600678 1552863 0021966 0221138

 1366529 0079429 0751455 1335671 0017337 0162610 0006638
 1418943

 0268596 2700624
 3642273
 0041703 0439083 0439087 0000857 0600678 1552863 1006780 0439267 0439394 1706495 3642217 0872005
 0999213 0016327 0439133 1553038

 1538050 0443264 0037083 1160185 1710082 1709694
 0349590 1262865 0025141 0369718 0441922 1553036
 0439267 0016327 0439133 1553038 0369773 2603361 0205090 0684010 2603358 0369637 0441923 2603360

 1883559 0332307 0445392 1547052 1564139 0078939 1955168 0085151 1750295 2362547 1456454 2825879 3538722 0033665 0002716 0011560 0033684 0330390 0439096 0611285 1709634 2004068


 0201682
 0369718 0441922 1553036 0439267 0369773 2603361 2603360

 1135629 0033684 1880389 1883221 2239817 3541951 3539874 1456377


 0201682
 0369718 0441922 1553036 0369773 2603361 0439267 0205090 0684010 2603358 1553033 0439267 0369637 0441923 2603360

 0041485 0007634 3282337 0348078 0376315 1522492


 0201682
 2986502 0033727 0369286 0441932 0564385 0369637 0441923
 0033727 0369286 0441932 0564385 0369637 0441923


 0205090 0684010 2603358 0554249
 0205090 0684010 2603358
 0369773 2603361 1551910 0439267
 0205090 0684010 2603358 0369637 0441923


 0025914 0025929 0026809 0085151 0078939 1547282 3550269 0017639 0086439 0026606 0205177 0439167 0441655 1561536
 0007634 1269647 1704653 1948049 0025141