 0024485 0028580 0678594 0369637 0441923


 1704729 0565990 1552471 0683939 0205099 0001914 0041740 1030330 0006823 0034036 0034037 1514756 1704324 0348078 0376315 1515981 1522492 1527075 0450348 0557061 2584313 1514811 1706462 0003595 0003591 1704675 0680022 0015576 1704727 0034821 1366529
 0003595 0523511 1412481 0085732 1299581 0034821 1366529 0023823 0065059 0599283 0023820 0178587 0205171 0205251 0597357 1299352 1550472 1720467 0230704 0023779 0332297 0597177 1145667 1167622 1689898 2349209
 1883351 0376649 1442065 1547011 1879746 0030956 0597358 0033618 0242210 0597357 1514562 0017446 0205147 0243122 1145667 1167622 0024485 0028580 0557651 2603343 0392148 0040983
 0040983 0003595 0003591 0348078 0376315 1522492 0018882 0229304 1704821 1705682
 0002778 0936012 1524024 0441889 0449286 0542560 1561545 2348088 1709915 1882936 1282914
 0242808 0230704 0597177 0034821 1366529 0023823 0065059 0023820 0178587 0205251 0597357 1299352 1550472
 0003595 0003591 1709915 1882936 0079613 1521991 1707719 1709915 1882936 0309872 1704675
 0392148 0023779 1709915 1882936 0332294 0033625 0038164 0597357 0026377 0033684 0205177 0678226
 1521970 1521970 1706388 2346469 2348519 1705535 0003595 0003591 0034821 1366529 0023823 0065059 0599283 0023820 0178587 0205251 0597357 1145667 1167622 1299352 1550472 0205172 0205447 0205341 1705914
 0557061 2584313 1514811 1706462 0003595 0003591 0003595 0003591 2827734 2981698 0032214 0600138 0035820 1705810 0597177 0449297 1382187 2825073 1326960 0019868 2827734 2981698 0740116 2827735 2981700 1704675 0680022 0015576 1704727 0023823 0023820 0178587 0205251 1299352 1550472 0034821 1366529 0023823 0065059 0023820 0178587 0205251 0597357 1299352 1550472 0034821 1366529 1416912 0242972 0748025 0023823 0597357 0065059 0023820 0033684 0178587 0205251 0439849 0445223 1299352 1550472 0439086 2827736 2981702 1421455 0023825 0034821 1366529 0023823 0065059 0442811 0023820 0178587 0205251 0442824 0597357 1299352 1550472
 0003595 0523511 1412481 0150312 0332281 0023820 0007806 0007807 0005889 0302908 0444611 1704353 0439084 0728893 0027756 0027740 0027757 0034963 1280541 1314939
 0597298 1517512 0017296 0035647 0205164 0314603 0012655 0220898 0002395 1521724 0012634
 0003595 0523511 1412481 0205448 1880389 1883221 3541951
 1880389 1883221 3541951 0015272 0851043 0205250 1299351 1510827 2700149 0039869 1883351 0449695 0005456 0682969 2945843 0205145 1515974 2825164 0597177
 0205088 1705314 1705315 1880389 1883221 3541951 0332256 2700400 0597358 0033618 0242210 0597357 1514562 0017446 0205147 0243122 1145667 1167622
 0017446 0205147 0392752 1709915 1882936 0301714 0002520 0392747 1554963 0086035 0051300 1416912 2987172
 0332197 1689985 0023779 0205088 1705314 1705315 1880389 1883221 3541951 0033684 0034821 1366529 0023823 0065059 0599283 0023820 0178587 0205251 0597357 1299352 1550472
 0205088 1705314 1705315 1880389 1883221 3541951 1510827 1880389 1883221 3541951 1707271
 0205088 1705314 1705315 1880389 1883221 3541951 0085732 1299581 1145667 1167622 0333262 1704241 1145667 1167622 0034821 1366529 0023823 0386684 0065059 0065058 0125953 0599283 1096202 0023820 0178587 0205251 0597357 1299352 1550472 0033684
 1880389 1883221 3541951 0017446 0030946 0205147 0332324 0457406 1550474 1706053 1947941 1517892 1704666 0031843 0542341 0700205 1705273 0011008 0332281 2348077
 0678594 0037633 0525069 1719039 0205250 1299351 1514893 1706463 2699488 2700149 0206755 0034571 0043299 0043309 1306645 1962945 0010424 0086894 0851346 2314876
 1880389 1883221 3541951 0018882 0205450 0229304 1704821 1705682 0018882 0229304 1017315 1704821 1705682 1881534 0015450 1704322
 0018882 0205450 0229304 1704821 1705682 0301641 0392747 0443172 1705241 0337112 0441987 1524075 0023779 0205148 0740116 2827735 2981700
 1552738 0243114 1998793 1880022 0449719 0332256 2700400 0597358 0017446 0205147 0243122 0597357 1145667 1167622 0003595 0003591
 0684224 0700287 3273238 0678594 0877853 0024485 0028580 0037812 2713504 2984732 0392148 0040983 1547282
 1274040 1546471 2825142 0003595 0003591 0018882 0229304 0231448 0231449 0332529 0439792 1704821 1705682 0600140 1444754 1706316
 1441506 1511726 3245479 0018882 0229304 1704821 1705682 1547282 0441889 0449286 0542560 1561545 2348088
 0557651 2603343 0684224 0700287 3496591 0522501 0205435 1279901 0018882 0229304 0231448 0231449 0439792 0557651 1704821 1705682 2603343 0037633 0150312 0332285 0525069
 0678594 0003595 0003591 0444667 1515273 1705313 2826302 0392148 1514721 2348147 3542016 0597177 0005775
 0557651 2603343 1514873 0003595 0003591 0332297 1145667 1167622 1689898 2349209 0524637 0034821 1366529
 0557061 2584313 1514811 1706462 0455052 1521827 0455052 1521827 0003595 0003591 0052199 2827734 2981698 0009013 0031268 0086022 0442335 1705099 0014834 0007634 0014833 0450615 3282337 1998793 1552738
 1708632 0052199 2827734 2981698 1521827 1524063 0009458 0162867 1254021
 0003595 0523511 1412481 0010813 0052199 0596311 1330957 1514798 1998793 1521827 2827734 2981698 0010511 1552738
 0877853 0024485 0028580 0037812 2713504 2984732 0024485 0028580 0681814 0884358 0003595 0003591 0601906 0020283 0450407 0450408 0450409 0332256 2700400 0560267 0074721 0002072 0450346 1514811 1706462
 0024485 0028580 0681814 0206243 0699809 0439787 0849355 0556962 0183395
 1511726 3245479 1522240 1524063 0936012 1524063 0450348
 1442450 1516050 1301820 1524063 0037812 0439175 0439810 1707520 2713504 2984732 0681814 0449913 1553451 1704459 1707489 1552738
 0521091 0750484 0450363 1524063 0042153 0205449 0457083 1301820 1947944 1883073 2827424
 1413227 1511726 3245479 0034869 0183395 1524063 0162326 0232117 0391850 1947910

 1265875 2700592 2348792 0040223 0441621 0870078 3541383 0183395 1710143
 1265875 2700592 0441621 0870078 1705242 0450385 0439073 0439082
 1265875 2700592 0205134 1413227 0444505 0522510 0036572 0424576 2349186 1524063 0042295 0444505 0456603 0522510 1301820 1547037 0522534 1705188 1883073 2827424
 1283195 0206243 0699809 0439787 0849355 1552738

 1441506 0678594 0337184 1441526 1880157 2708180 1514721 2348147 3542016 1704788 3539106 0337184 2708180 0439659 1524063 0442711 1507394 1522729 2348563 0333052 2607870
 0337184 2708180 0450363 0205449 0599864 0681814 1441547 3245521 0868955 0205430 1421951 1720722 0034869 0681814 1706386 0205430 1421951 1720722 0034869
 0012751 0680240
 0205143 0444686 1441506 1443182 0033727 0369286 0441932 0444706 0564385 1527178 1705938 1948027 3541902 0681814 1706386 0450355 0552449
 0337184 2708180 0456603 1301820 1547037 1418824 0021966 0221138
 0542479 0332283 1719822 0439509 0439509 0740116 2827735 2981700
 0012751 0439093 0443228 1704243
 2347976 1828170 0040452 0205120 0242726 0444504 1318154 1552595 1705917 2347634 2348143 0012727 0205419 1705236 0332283 1719822 0205143 0205143
 0680034 0015576 1704727 0185115 0678594 3541890 0037949 1267072 1524063
 0557061 2584313 1514811 1706462 1880022 0003595 0523511 1412481 0030956 0332257 1552866 2700399 0017446 0205147
 0003595 0523511 1412481 2678549 0020283 0450407 0450408 0450409 2678549 0020283 0450407 0450408 0450409 0030956 1518422 0700364 0043047 0599638 1550678 0678594
 0392148 0023779 0058643 0450442 1254351 1521826 0040983 0870432 1705417 0205250 1299351 2700149 0423896 0456205
 0040983 0058643 0205410 0205263 0597196 0678594
 1880022 1547282 0392148 0023779 0030956 0085732 1299581 0034821 1366529 0023823 0065059 0599283 0023820 0178587 0205251 0597357 1299352 1550472
 0678594 0349966 1337208
 2827734 2981698 0015272 0024485 0028580 1883073 2827424 0242483 0332306 0030956 1301820 0376249 0439603 0871396 1561548 1705502
 0030956 0231881 0459800 0684213 1514893 2699488
 0231881 0459800 0684213 0185027 1948020
 0231881 0459800 0684213 0004093 1762617 0444505 0587267 1709915 1882936 1551393 1705492 3272743 1709915 1882936 1709915 1882936 0332152 0033382 1707271
 1883073 2827424 0205372 0678594 0337184 2708180 0439084 0728893 0150312 0599864 1883073 2827424 0040223 3541383
 0449911 0333052 2607870 0557702 1272706 1704674 0557702 1272706 1704674 0349966 1337208
 2827734 2981698
 0024485 0028580 1883073 2827424 0392148 0040983 1516050 1444656
 0444505 2828360 0205126 0205132 0002482 0017797 0337112 0441833 0441987 0687744 1257890 1441547 1524075 1552516 1552839 1705428 1705429 3245521
 0444505 0332462 0439534 1880834 1444656 1709367 2827624
 0162807 0027627 0175668 0205436 0678594 1524063 0877853 0024485 0028580 0037812 2713504 2984732 1527178 1705938 0918012 1552854 1637833 0456603 1547037
 1552616 1706244 0349966 1337208
 0740116 2827735 2981700
 0162807 0027627 0175668 0205436 0678594 1704788 3539106 0332283 1719822 2827734 2981698 0392148
 0740116 2827735 2981700 0456603 1547037 2827734 2981698
 0439086 2827736 2981702 0439482
 0024485 0028580 0220806 0333051 3272558 0080103 0205345 1547039 0918012 1552854 1637833
 0205172 0243161 0470187 2825407 1709915 1882936 1550543 1709915 1882936 0162807 0027627 0175668 0205436 0678594 1516050 1552601
 0349966 1337208
 0740116 2827735 2981700 1547282 0003595 0003591 0700364 1883351 0018882 0205166 0229304 1704821 1705682 1706317 1711300 2700613 0004793 0162326 0162327 1519249 0205435 1279901 1709915 1882936 0700364
 1515146 0021966 0221138 1333964 1707618 1518422 0678226 1516050 1552601 3146286 2346729 0332284 0205197 0185027 1948020
 0042295 0918012 1552854 1637833 1881192 0309049 0026377
 0349966 1337208
 0740116 2827735 2981700 1547282 0332120 1424188 1515147 0021966 0221138 1333964 1707618 0018882 0229304 1704821 1705682
 1511726 3245479 0040223 0205430 0599864 1282927 1516695 1516698 1806781 2350002 3541383 0678226 0012222 0332148 0750492 1415347 1518422 1696141 1823107 3146286
 1424188 1515147 0021966 0221138 1333964 1707618 1521970 0021966 0221138 1333964 1707618 1521970
 0392148 1709915 1882936 0558058 0237886 0700314 1947906
 0449911 0333052 2607870 0557702 1272706 1704674 0557702 1272706 1704674 0349966 1337208
 0740116 2827735 2981700
 1552616 1706244
 1547014 1948059 0678594 1516050 1552601 0439482
 1882932 0456603 1547037 1418824 0522510
 0918012 1552854 1637833 1882932 0918012 1552854 1637833
 0918012 1552854 1637833 1522609 1282911 1552738 1522609
 0205132 0179400 1638312 2346729
 0162807 0027627 0175668 0205436 0678594 0243161 1552738 0042789 1947903 1527021 1554111 1705606 3541382 1547282
 0229304 0678594 0181797 0946010 1882932
 0450363 0205449 0678594 0024485 0028580 0444686 1441506 1443182 1511726 3245479 0025664 0184661 1517586 1552738 2700391
 1441526 1880157 0456148 0549184 0332256 2700400 0439093 0443228 1704243 0439093 0443228 1704243
 0518609 1517331
 0024485 0028580 0017890 0439083 0439087 0522461 1518422 1709915 1882936 0205143 0309049 0017446 0205147 1511726 3245479 1518422 1547282
 1516084 1883351 0443289 0443193 1446614 2700387
 0205246 1553889 0205170 0205309 3146287 0033684 0028606 0001128 0007610 0032594 0037633 0525069 0425382 0026377
 0242808 1547282 1883351
 0678594 0024485 0028580 0678594 0684224 0700287 3496591 1550543 0337184 2708180 0439792
 0026597 0015576 1704727 1883351 1514861 1882932 0439509
 0868928 1706255 1706256 0003595 0003591 0750489 0439064 0443302 0439849 0445223 1711207 1550543 0337184 2708180
 1883351 1880371 1711207 0185115 3541890 1524063
 0009085 0567415 0454907 0017446 0205147 0870432 0456603 1610540 0557061 2584313 0009085 0037949 0439539 0567415 1267072 1272695 2746065
 0439175 0439810 0150312
 0205435 0205451 1279901 0332256 2700400
 1457900 0456387 1705943 0332256 2700400 0678594
 1711207 1517331 0205448 0332849 0683312 0332283 1719822 0598629 1709915 1882936 0015450 1281591 0018882 0229304 1704821 1705682 0598629 1709915 1882936 0015450 1281591 0018882 0229304 1704821 1705682
 1711207 1709915 1882936 0018882 0229304 0449719 0521162 1704821 1705682 1882932 0150312 0205435 1279901
 0449911 0333052 2607870 0557702 1272706 1704674 0557702 1272706 1704674 0349966 1337208
 0439086 2827736 2981702
 0037949 1267072 0442822 0678594 1524031 1883002 0185115 3541890
 0678594 1524063 0567415 1553033 0369718 0441922 1553036 1553033
 1711207 1711207 1515981 1711207
 0678594 0015450 0521162 1281591 1704322 0015450 1281591 1552961 2347617
 2347469 1514861 1882932 0678594
 0441833 1999270 3537156 0030956 0015450 0598629 1281591 1704322 0683454 0021966 0221138 1292711 0449719 1709471 1704732
 0441833 1999270 3537156 0030956 0231458 0004457 0999597 1522496
 1709915 1882936 0205309 1883351 1444656
 0009219 0805701 0337112 0441987 1524075 0205148 1521991 0332283 1719822 0332583 0702172 0017890 0022192 0523728 0023401 0033382 2987124 0042285
 0041484 0041485 1421250 0025701
 1260957 0024337
 1260876 1260957 0040005
 0332575 1260956 0206293 3541260 0061472 0220839
 0332585 0003995 0017797
 0205148 1521991 0444686 1441506 1443182 1524063 1881534 1524063
 0678594 0442825 0205170 1704788 3146287 3539106 0037775 0733755 1711207 2827734 2981698 0580272 1519043 1711207 2827734 2981698 0567415
 1711207 0449286 0542560
 0015450 1281591 1552961 2347617 1514743 1706461 0205148 0557775 1511780 0349966 1337208 1547282
 0450365 1706097
 0549178 0205148 0700364 1883351 0180153 1707529 1999244 0003595 0003591 0015450 1281591 1518960 0030956
 0743223 1705555 0205170 3146287 0205148 0598629 0230704 0597177
 1539345 0475370 0587267 0598629 1708533 2698172 1709915 1882936
 0242485 1883351 1517378 0233820 0205127 1413227 0205106 0446380 0035028 0040223 1632851 0444706 3541902
 1335648 1824685 2697937 2697937 1413227 0871208 1521828 0349966 1337208 1547282

 1335648 1824685 2697937 0449381 0040223 0175659 0222045 3541383
 2347517 0205449 0449381 0558058
 0439223 0205319 0549193 1280444 1704769 2350001
 0003595 0003591 0002778 0037949 0936012 1267072 1273517 1524024 0332196 2828389 0231881 0459800 0684213 0231881 0459800 0684213 1709915 1882936 1709915 1882936 0033382 1707271
 0449911 0333052 2607870 0557702 1272706 1704674 0557702 1272706 1704674 0349966 1337208

 1335648 1824685 2697937 1335648 1824685 2697937 1511726 3245479 0392148 0040983
 1511726 3245479 0034869 0205119 0205120 1552595 0556962
 1707156 3274014 3541345 1518422 1547282 0547044 0700321 0456389 0679214
 0441833 1999270 3537156
 0871208 1521828
 0332501 0033684 1441672 0871208 1521828 0392756 0547047 0443220 1522609 0033684 0680220 1314677 0442805 0444930 1444775 1539835 2746065 1709915 1882936
 0003595 0003591 0700364 1883351 0392756 0547047 0442805 0332232 1709915 1882936
 0441833 1999270 3537156 0871208 1521828
 0178663 0033684 0332501 1441672 0871208 1521828 0332283 1719822 0004927 2707008
 0332283 0017446 0205147 2964353 0678226 0085639 0238715 0242808 3146286 0369718 0441922 1553036
 0003595 0003591 0205435 1279901 1709915 1882936 0332283 1719822 0449774 0085639 0238715
 1709915 1882936 0700364 1883351 0332283 0017446 0205147 2964353 0332283 0392756 0439831 0547047 1709915 1882936
 0441833 1999270 3537156
 1547282
 0178663 0033684 0332501 0332283 1719822 0449774
 0003595 0003591 0205435 1279901 1709915 1882936 0332283 0439833 0442805 1709915 1882936
 1547014 1948059 1521798 0332183 1709915 1882936 0017446 0205147 0015272 1335648 1824685 2697937 0871208 1521828 1521970 0449719
 0003595 0003591 0017446 0205147 0035028 0444706 1441672 1511726 3245479 3541902
 0871208 1521828 0440042 0851827 1521738 1701901 2346620 2349184 3244310 3539073 0442805 0547047 0439792 0442805 0547044 1515981
 0549193 1704769 2350001 0332324 1550474 0026597 0687704
 1705241 1705242 0440042 0808080 1521738 2346620 2349184 3539073 0026597 0439223 1709305 2745955 0040223 0175659 0349674 1947916 3536777 3541383
 0026597 1515273 1705313 2826302 0678640 0678594 0332621 0439168
 0750558 1710571 0003595 0003591 0348078 0376315 1522492 0040983 0884358
 0040983 0678607 1704675 1547282 1883351
 0349966 1337208
 1547282 0004927 2707008
 1335648 1824685 2697937 1547282 0678977 0011546 0439857 2698668 1547282 0678977 0011546 0439857 2698668 1446409 0439787 0849355 0441712 0678640 1706376 0026597 0687704 0003595 0003591 0150312 0449450
 0441833 1999270 3537156
 1547282 0456603 1547037
 0456603 1610540 0040223 0282416 0445237 1561607 1707520 3541383 1522609 1518422 0678640 0733755 0080103 0205345 1547039
 0003595 0523511 1412481 0015272 0456603 1610540 1709915 1882936
 0332268 1880177 0026597 0449416 1292732 1705919 0042295
 0033684 0018882 0229304 1704821 1705682 0878363 1880490 1882932 0026597 0085406 0040223 1632851 0522488 0004457 0999597 1282927 1522496 1806781 2350002 1705242
 0012222 0456603 1547037 1696141 0018882 0229304 0231448 0231449 0439792 1517001 1704821 1705682 0042295 0444686 1335648 1441506 1443182 1824685 2697937
 1709915 1882936 1335648 1824685 2697937
 2348205 0042295 1705535 0026597 0332232 0878363 1880490 0439092 0547044 1709915 1882936
 0392756 0547047 0441987 0454907 0017446 0205147 1709915 1882936 0030956 0205447 0449445 1292724 0369718 0441922 1553036
 1883351 0040223 0175659 0222045 3541383 1314939 0178587 0449445 1883351 0557651 2603343 0026597 0687704
 0178587 1880177 0439603
 0349966 1337208
 0439084 0728893 0178587 0392756 0542341 1883073 0369718 0441922 1553036 0026597 0035028 0449381 1335648 1441547 1824685 2697937 3245521
 0031843 0178587 0542341 0700205 1705273 1883073 0332324 1550474 0040223 0175659 0222045 3541383
 0178587 0542341 1883073 0369718 0441922 1553036 0332324 1550474 0040223 0175659 0222045 3541383 2349143
 0439093 0443228 1704243 0026597 0687704 0178587 0332268
 0449911 0333052 2607870 0557702 1272706 1704674 0557702 1272706 1704674 0349966 1337208
 0439084 0728893
 0178587 0392756 0542341 1883073 0369718 0441922 1553036 0444686 1441506 1443182 1511726 3245479 0349966 1337208 1547282
 0205119 0205120 1552595
 0349966 1337208
 0439084 0728893 0040223 0175659 0222045 3541383 0015663
 0441994 1548802 2003888
 1518422 1709915 1882936 1709915 1882936 0178587 0439093 0443228 1704243 1709915 1882936 0242808
 0543488 1709915 1882936 0230171 0017446 0205147
 1709915 1882936 0015272 0442797 0042295 1705535 0026597 0687704
 0026597 0687704 0678226 0678640 1518422 3146286 1301808 0678977 0011546 0332268 0439857 0440042 1444656 1521738 2346620 2349184 2698668 3539073
 0026597 0687704 0332272 1552738 0032167 0036658 0205419 1883351 0678558 0332120 0557651 2603343 1514721 2348147 3542016 0024485 0028580 0337184 0444686 1441506 1443182 2708180
 0237886 0700314 1947906 0684224 0700287 3496591
 1335648 1824685 2697937 0042295 0700364 1883351 0205350 0392747 0443172 1705241 0080103 0205345 1547039 1709915 1882936 0700364 1883351 0015272 0441889 0449286 0542560 1561545 2348088
 1441672 1442450 0349966 1337208 0700364 1883351 1547014 1948059 0700364 1883351 0392756 0547047
 0205360 2347098 0449719 0030956
 1514811 1706462 0450363 0205449 0678594 1709915 1882936 0597298 0003595 0003591 0037638 1524063 0206755 0034571 0043299 0043309 1306645 1962945 0010424 0086894 0851346 2314876
 0678594 0443289 0392148 0018882 0229304 1546854 1704821 1705682
 0332268 1709915 1882936 0012634
 1704675 0567416 1883351 0018882 0175566 0229304 1704821 1705682 1882151 0017446 0205147 0457406 1706053 0018882 0229304 1017315 1704821 1705682 0332157 1709915 1882936 1145667 1167622 0023779 0337112 0567416 1524075 0740116 2827735 2981700
 0700364 0441766 0175566 0205390 0205435 1279901 1300072 1306673 1709450 1882151 1511695 0018882 0229304 1017315 1704821 1705682 1709305 2745955 0450382
 3161035 1441414 1553874 1578820
 1704675 0034821 1366529 0023823 0065059 0023820 0178587 0205251 0597357 1299352 1550472 1555715 1704332 1709915 1882936 0018882 0229304 1704821 1705682 0740116 2827735 2981700
 0700364
 0150312 1709915 1882936 0332256 2700400 1709915 1882936 0205224 0205419 0332255 1708096 0003595 0003591 0052199 2827734 2981698 1152633 2266866 0205177 0439167 0441655 1561536 0052199 2827734 2981698 0205177 0439167 0441655 1561536 1706395 0392756 0205177 0439167 0441655 1561536
 1705175 1705176 1705177 1705178 1882348 0162340 1709915 1882936 0085732 1299581 1145667 1167622 0023779 0034821 1366529 0023823 0065059 0023820 0178587 0205251 0597357 1299352 1550472 2347179 0557651 0678594 2603343 0003595 0003591 1524063 0877853 0024485 0024487 0028580 1547989 0917874 1551403 0024488 0037812 0231881 0459800 0521447 0563532 0684213 2713504 2984732 0040983
 0449719 0444626 0427896 0678594 1533132 1704641 1709915 1882936 0700364
 0040983 0037638 1273517 0748864 0456389 0700321 0023779 1707455 0023779 1521970
 0040983 1273517 1883351 0557651 2603343 0030956 0033684
 0040983 0205309 1883351 0332454 1704675 0184512 0175168 1510464 0678594
 0042153 0457083 1947944 0033414 0220781 0439634 1522492 0868928 1533148
 1547282 0040983 0205263 0678594
 0678594 1518422 0150312 0040983 0086045 0205250 1299351 1446561 2700149
 0392148 0040983 0003595 0003591 1547282 1883351 0425382 0026377 0037812 1516048 2713504 2984732 0205170 0680240 0042295 0150312 0597177 0230704
 1547282 0040983 0392148 0003595 0003591 0018882 0229304 1704821 1705682 0444626 0427896 0678594 1533132 1704641 0037638
 0018882 0229304 1704821 1705682 0026837 0231517 1882952
 1709915 1882936 0015272 0242808 0678558 0018882 0229304 1704821 1705682 0085732 1299581 0425382
 0423896 0456205 1705920 0750482 1301820 0037812 2713504 2984732
 0564612 0007952 0486537 2350015 1273518 1301820
 1444754 1706316 0024485 0028580 0205166 1706317 0206755 0034571 0043299 0043309 1306645 1962945 0010424 0086894 0851346 2314876
 0205088 1705314 1705315 1707455 1880389 1883221 3541951 0442805 1148636 0023779 0243122 1145667 1167622 0205170 0680240 0442805 0037812 0150312 2713504 2984732 0450385
 0017446 0205147 1547282 0332325 0237834 1514892 0205088 1705314 1705315 1880389 1883221 3541951 0332297 1145667 1167622 1689898 2349209 0023779 0332197 1689985 0017446 0205147
 0003595 0003591 0205088 1705314 1705315 1880389 1883221 3541951 0034821 1366529 0023823 0065059 0599283 0023820 0178587 0205251 0597357 1145667 1167622 1299352 1550472 0023779 0439855 1704241 1274040 1546471 2825142 0449450 1882932 0678257 0441889 0456079 1547707 2946261 1148636 0023779 0243122 1145667 1167622 0001721 0017446 0205147 0443264 1152633 2266866 0205177 0439167 0441655 1561536 0597358
 0003595 0523511 1412481 0700364 1883351 0450365 1706097 0015450 1281591 0598629 1709915 1882936
 0205148 1883351 0023779 0337112 1524075 0205148 0230704 0597177
 0018882 0229304 1704821 1705682 1883351 1521970 1706388 2346469 2348519 0332148 0750492 0359589 1999230 1527178 1874451 0450387
 0449830 0085201 0003592 0021966 0086418 0221138 0596988 1441672 1442161 1511760 1880274 2827734 2981698 0085201 0003592 0021966 0221138
 0205549 2348044 0596448 1546854 1709450 0015450 1281591 1441672 0450388
 0003591 0332256 2700400 0018882 0229304 1017315 1704821 1705682 0877853 0024485 0028580 0037812 2713504 2984732 0557651 2603343 0014406 0332257 1552866 2700399 0052189 0052190 0450389
 0003595 0523511 1412481 1547282 0242808
 0439092 0547044 0242808 1521970 1706388 2346469 2348519
 0003595 0523511 1412481 0205309 1883351 1145667 1167622 0030608 0597177 0450093 0549177 0008731 1325761 0312860
 0003595 0003591 0027552 0686904 0242808 0678558 0205148 0023820 0597177
 0003591 0205309 1883351 1145667 1167622 0023820 0205134 0678594
 1301808 1442792 1282910 1552828 2827734 2981698 0034571 0043299 0043309 1306645 1962945 0086894 0678594 0851346 2314876 1547282 1947971 0332498 0332479 0348078 0522512 0596966 0450388
 0085201 0003592 0021966 0221138 0205309 1883351 2612461 0597177 0700321 1145667 1167622
 0242485 1547282 0085201 0003592 0021966 0221138 0332290 1524057
 0052189 0003594 0021966 0221138 0018882 0205448 0229304 1017315 1704821 1705682 1881534 0017446 0205147 0443220 2986575 1947971 0175168 1510464 0678594
 0018882 0229304 1017315 1704821 1705682 0332256 2700400 0017446 0205147 0700364 1883351 0037775 0011119 0700231 2584296
 0052189 0003594 0021966 0221138 0700364 1883351 0750482 0205133 1879831 0026377 0242808 2371679 0597177
 0678594 0052190 0877853 0024485 0028580 0037812 2713504 2984732 0392148 0025938 1547282 1547282 1704788 3539106 0026377
 0205435 1279901 0017446 0205147 0870432 1705417
 0868928 1706255 1706256 0221193 0150312 1424188 1515147 0021966 0221138 1333964 1707618 0021966 0221138 1333964 1707618 0017446 0205147 0450389
 0868928 1706255 1706256 0003595 0003591 0242808
 0332185 0450385 0023779 0392148 0024337 0042295 0678226 0205216 0205276 0376534 0392756 0439178 0442797 0442805 1446409 1514241 2825490 3146286 3245505
 0442805 0274281 0332157 1704675 0205341 1547730 1705914 1517880 0034821 1366529 0023823 0065059 0599283 0023820 0178587 0205251 0597357 1299352 1550472 2603362 0004083 0439849 0596306 0699792 0003595 2247768 0003591 0205250 0243122 1145667 1167622 1299351 1510827 1514873 2700149 0034821 1366529 0023823 0065059 0023820 0178587 0205251 0597357 1299352 1550472
 1705535 0442805 0686907 1323351 0051300 1416912 2247773 2987172 0003595 0597358 2247768 0003591 0017446 0205147 0243122 0597357 1145667 1167622 1148636 0023779 0243122 1145667 1167622 0023767 0014406 0023779
 0018882 0229304 1704821 1705682 0444626 0427896 0678594 1533132 1704641 0003595 0003591 1705318 1547282 0678594 0037633 0525069 1511726 3245479 1518422 1547282
 1274040 1546471 2825142 0205088 1705314 1705315 1880389 1883221 3541951 0242808 0439849 0445223 1441672 0205314 0205449 0332185 0427896 0444626 1533132 1704641 0003595 0003591 0348078 0376315 1522492 0037633 0525069
 0242808 0018882 0229304 0333177 1017315 1704821 1705682 1881336 0444930 2746065 0018882 0205450 0229304 1704821 1705682 0018882 0229304 0419518 0445022 1704821 1705682 2986575 0439659 0444930 2746065
 0444930 2746065 0332281 0205145 0205265 1279901 1515974 1555582 1705685 2825164 3245505 1148636 0023779 0243122 1145667 1167622 1548602 1704686 0175566 1882151 0004083 0439849 0596306 0699792
 1372999 1704675 0678594 0392148 0450442 1254351 1521826 0205171 1720467 0001721 1704675 0034821 1366529 0023823 0065059 0023820 0178587 0205251 0597357 1299352 1550472 1293132 1624581 1323351 0051300 1416912 2247773 2987172 0597358 2247768 0017446 0205147 0243122 0597357 1145667 1167622 1709915 1882936 1708533 2698172
 0541749 1709743 0442805 0814423 0597357 0003595 0003592 0003591
 0205172 0332148 0750492 1704675 0034821 1366529 0023823 0065059 0023820 0178587 0205251 0597357 1299352 1550472 0678226 0205344 1514873 1709305 2745955 3146286 0004083 0439849 0596306 0699792 0003595 0003591 0597357
 0034821 1366529 0023823 0065059 0023820 0178587 0205251 0597357 1299352 1550472 1145667 1167622 0332307 0003593 0205148 0023823 0023820 0178587 0205251 1299352 1550472 0003595 0003591 0523560
 0441712 1706376
 0449719 1709471 0750591 0424972 0015576 1704727 0034800 0699040 0007634 0205148 0597357 1269647 1704653 1948049
 0597357 0237876 0003737 0439148 0678594 1519795 1705242 0332257 0441835 0441833 0687744 1257890 1552516 1705428 1705429 0023617 2986899 0242275 1323367 0018284 0332283 0014520 0018270 0220844 0221920 1521761 1621966 2827422 2911660 1880389 1883221 3541951 0441635 1167322 2752508 1511625 0010834 0039259 0521449 0597357 1514873 1521840 0598180 0871786
 0332256 2700400 0205341 1705914
 0450363 0205449 0678594 0557651 2603343
 0450766 0450767 0450770 0450771 0205341 1547730 1705914 0033684
 1517880 0023688 0205341 0243122 1145667 1167622 1457900 1705914 1547282 1521970 1706388 2346469 2348519 0332257 1511997 0012771 2349187 0541749 1709743 0553702 0005456 0682969 1516144 0006675 0006726 0205145 0243122 1145667 1167622 1515974 2825164 2936886
 0392148 1709915 1882936 0017446 0205147 1709915 1882936 0003595 0003591 1512571 1708698 0524637 0678226 0376534 2987476 3146286 1704675
 1547282 1517880 0023688 0243122 1145667 1167622 0205341 1547730 1705914 0450772 0242275 1323367 0018284 0014520 0018270 0220844 0221920 1521761 1621966 2827422 2911660 0205341 1547730 1705914 0003593 0243122 1145667 1167622 1514873 0023823 0023820 0178587 0205251 1299352 1550472 2247768 0243122 1145667 1167622 0523560 0086597 0127400 0450770
 1442161 1511760 1880274 0392756 0547047 1145667 1167622 0523560
 1442161 1511760 1880274 1547282 0392756 0547047
 0015421 1442161 1511760 1880274 0205216 0392756 0442797 0243122 1145667 1167622 1442161 1511760 1880274 0205341 1547730 1705914 1547282 0392756 0547047
 1511726 3245479 0035820 0309049 1551058 1705810 0205341 1705914 0450770 0522505 2247768 0243122 1145667 1167622 0003595 0597357
 0450770 0332256 2700400 1709915 1882936 0205341 1547730 1705914 0750492 0450770 1880177
 1707455 1547282 0017446 0205147 1282914 0596235 0022023 1700702
 0035253 1622890 0205160 1513916 2825415 2825491 1710548
 1517880 0023688 0037791 0243122 1145667 1167622 1511884 1274040 1511695 1546471 2825142 0205341 1547730 1705914 1709061
 1323351 0051300 1416912 2247773 2987172 0597358 2247768 0017446 0205147 0243122 0597357 1145667 1167622 0870432 1705417 0205148 0376534 3245505 0349966 1337208 1517880 0023688 0205341 0243122 1145667 1167622 1705914 1706211 0450770
 1292711 0449719 1709471 1709915 1882936 0023767 0596845 0014406 0023779 0392148 0678594 1547282 0205148 0349966 1337208 0023688 0205341 1547730 1705914 0034821 1366529 0023823 0065059 0023820 0178587 0205251 0597357 1299352 1550472
 1709915 1882936 0205148 0205148 0597357 0003765 1709915 1882936 0150312 0449450 0205341 1547730 1705914
 0680226 1883351 1512612 0003595 0003591 0450770 0205148
 0023882 0700321 2700395 0205309 1706765 0029266 1704322 1704972 3539923 0597357
 0026019 2984656 0013852 0026018 3463986 0333262 1705535 0348078 0376315 1522492 0678594
 0205341 1705914 0086972 0443299 0687118 0450769 0450770 0086972 0443299 0687118
 0557651 2603343 0450767 0450771 1547282 0205341 1705914 0700364 1883351 0079613 0205409 1548221 1709061 0332462 1880834 1704675
 0002778 0936012 1524024 2825412 1705535 0017446 0205147 0443220 0733755 1518422 0231441 0443218 2827483
 0242808 0682969 1880389 1883221 3541951 0205397 0242808 0003595 0003591
 0030956 0231448 1880641 0242808 0023820 0597177 1145667 1167622 1268722 0205148 0456389 1705242 0023963 1145667 1167622 0003595 0003591 0027552 0686904 0242808
 1720092 1948045 0205341 1547730 1705914 1517880 0450770 0017446 0205147 1709915 1882936 1704675 0205341 1547730 1705914 0017446 0205147 0003595 0003591 2603362
 1704675 0003591 0065058 0125953 1096202 0023820 0597357
 1704675 1261552 1704379 1705117 2825408 0037083 1160185 0441987 0597357
 0003595 0003591 0030956 0332256 2700400 0017446 0205147 0597357 1145667 1167622 0205166 1706317 0205341 1547730 1705914 0806909 1301886 1552615 2826546 0349966 1337208

 0012751 1705535 0003595 0003591 0205341 1547730 1705914 0205148 0597357
 0026377 0231448 0231449 0439792 3161035 0017446 0205147 0450771 0443299 1881713 0205341 1705914
 0205447 0017446 0205147 1444754 1706316
 0012751 0450385 1883351 0336766 0443299 0017446 0205147 1555715 1704332 1709915 1882936 0003595 0003591 0349966 1337208
 0449911 0333052 2607870 0557702 1272706 1704674 0557702 1272706 1704674 0349966 1337208

 1514861 1882932 1372999 1704675
 1547282 0023779 0449719 0023779 0014406 0018882 0229304 1704821 1705682 0015272 0242808
 1548161 1274040 1546471 2825142 0003595 0003591 2348205 0392148 0040983
 1274040 1546471 2825142 1705535 0003595 0003591 1709915 1882936 0079613 1521991 1707719 0023779 0332197 1689985 1709915 1882936 0309872 1704675
 0392148 0023779 1709915 1882936 0332294 0033625 0038164 0597357 0026377 0033684 0205177 0678226
 0332148 0750492 0242808 0683607 1883351 0023767 0230704 0030608 0023779 0456389 0597177 1145667 1167622 1883525 2346866
 0700364 0449719 0332157 1883351 0205448 0023688 0034821 1366529 0023823 0065059 0599283 0023820 0178587 0205251 0205341 0597357 1299352 1547730 1550472 1705914 1457900 0003595 0003591 0026377
 2986676 0031831 1707664 2348314 3540849
 0557061
 0581901
 0010992 0002778 0936012 1511726 1524024 3245479
 2986676

 2825232 0043227 0449719 1521721 1709471 0018173 0205099 1548784 1961136 0035172 0021622 0027468
 0010186 0220812 0449719 1709471 0220808 0680264 0007961
 1706852 0522501 1706089 0949214

 0586917 0035173 0683933 0035168 0036397 0242481 0004950 1709854 0004446 0079816 1556038
 0376649 1442065 0678594 0031845 0682568 0031843 0542341 0700205 1705273 0041740 0332296 1880497 1996904 0719066 3539596 0004950
 0376649 1442065 0005532 0441833 0687744 1257890 1552516 1705428 1705429 0035172 0021622 0035168 0242481 1272753 1708595 3280986

 0282413 0686900 0376649 1442065
 0254343 0796520 3272379

 0085205 1549619 1880669
 0013849 1705961 0024492 1538057 1547565
 0034037 1704324 0030351 0205090 0684010 2603358
 1511726 3245479
 0000723 0000723 1273517 0003595 0003591 0003595 0003591
 0918012 1552854 1637833 0918012 1552854 1637833
 0058643 0058643
 1707520
 0023823 0023820 0178587 0205251 1299352 1550472 0023823 0023820 0178587 0205251 1299352 1550472
 0523560 0023825 0023823 0442811 0023820 0178587 0205251 0442824 1299352 1550472
 0521447 1280500 2348382
 0599864 0037812 2713504 2984732
 0040983 0040983
 0034821 1366529 0023823 0065059 0023820 0178587 0205251 0597357 1299352 1550472
 0023617 2986899 0205341 1705914
 1551047
 1514811 1706462 0557061 2584313 1514811 1706462 2827734 2981698
 0205090 0684010 2603358

 0036397 0025141 0740116 2827735 2981700
 0597277 1708601
 0033727 0369286 0441932 0564385
 0001483
 0201682
 0025141 0439086 2827736 2981702
 0205090 0684010 2603358
 0439482
 0678579 0369637 0441923
 2603362
 1418943

 0268596 2700624
 3642273
 0041703
 0000857 0600678 1552863
 0450955 2603360
 1418943

 0268596 2700624
 3642273
 0041703
 0000857 0600678 1552863 0439084 0728893
 0205090 0684010 2603358

 0597277 1708601 2603362
 0033727 0369286 0441932 0564385 0597277 1708601
 0033727 0369286 0441932 0564385


 0201682

 0439267

 0597277 1708601 0597277 1708601
 0033727 0369286 0441932 0564385 0205090 0684010 2603358
 0205090 0684010 2603358


 2347379
 0000857 0600678 1552863


 0439267
 0035853

 1418943

 0268596 2700624
 3642273
 0041703
 0439083 0439087 0000857 0600678 1552863
 0597277 1708601
 0033727 0369286 0441932 0564385 0205090 0684010 2603358



 0439394 1706495 3642217
 0369773 2603361
 0205090 0684010 2603358 0597277 1708601
 0033727 0369286 0441932 0564385 1431628 1553033
 1553033 0016327 0439133 1553038
 2603360


 0201682


 0205090 0684010 2603358 0439394 1706495 3642217
 0369773 2603361 2603362
 1708595 3280986 0597277 1708601
 0033727 0369286 0441932 0564385


 0201682


 0597277 1708601
 0033727 0369286 0441932 0564385


 0201682

 0205090 0684010 2603358
 2603360
 0205090 0684010 2603358
 0597277 1708601
 0033727 0369286 0441932 0564385 0678579
 0033727 0369286 0441932 0564385


 0201682
 0025141
 0597277 1708601
 0033727 0369286 0441932 0564385 2603360
 0439394 1706495 3642217 0205090 0684010 2603358



 0201682
 0000857 0600678 1552863
 2603360
 0205090 0684010 2603358
 0205090 0684010 2603358



 0201682
 0025141
 2603360
 2347469
 2603362
 1708595 3280986 0597277 1708601
 0033727 0369286 0441932 0564385 0205090 0684010 2603358



 0201682

 1553033 0369637 0441923
 0205090 0684010 2603358 0597277 1708601
 0033727 0369286 0441932 0564385 0205090 0684010 2603358


 0036397 0025141
 2347469 0597277 1708601
 0033727 0369286 0441932 0564385 0369637 0441923
 0005477 0025141
 0325045
 0205090 0684010 2603358
 0439114 0369637 0441923


 0201682

 0369637 0441923
 0033727 0369286 0441932 0564385
 2347469
 0205090 0684010 2603358
 0439114


 0201682

 0325045
 0439267
 2347469

 0205090 0684010 2603358
 0439114


 0025141

 0439394 1706495 3642217
 0369773 2603361 1979971
 2347469
 0016327 0439133 1553038


 0025141
 0016327 0439133 1553038 0439267
 0439267 0219474 0812198


 0024485 0028580 0025141 0450348
 2347469
 0205090 0684010 2603358



 0024485 0028580
 0597277 1708601
 0024485 0028580 0028606 0001128 0007610 0037683 0027976 0205314
 0369718 0441922 1553036
 0205090 0684010 2603358 0335076
 0439473 2603362

 0439267 2603362
 2603360
 0439394 1706495 3642217

 0005477 0025141
 0369718 0441922 1553036
 0439114
 0439394 1706495 3642217



 0024485 0028580 0025141

 0369637 0441923

 0025141


 2603360 0369637 0441923

 0740116 2827735 2981700 0000857 0600678 1552863

 2603360
 0449913 1553451 1704459 0024485 0028580 0333052 2607870 0205314 3540513

 2347469

 0005477 0025141 0450355
 0219474 0812198 0439267
 0016327 0439133 1553038
 0205090 0684010 2603358 0439267

 0025141
 0369637 0441923


 0201682


 3495095 0439394 1706495 3642217
 2347469 2347469

 3642273
 0439086 2827736 2981702

 2603362
 0369773 2603361 0369637 0441923


 0025141

 2347469
 0016327 0439133 1553038
 0369637 0441923

 0027960 0324740 0439189 1456781 1824986

 0025141

 2347469


 0025141
 0205090 0684010 2603358

 0369637 0441923
 0205090 0684010 2603358
 0369637 0441923


 0024485 0028580 0025141
 0205090 0684010 2603358 0439394 1706495 3642217
 0369637 0441923


 0325074
 0450355 0025141
 0205090 0684010 2603358 0205090 0684010 2603358
 0205090 0684010 2603358


 0024485 0028580 0439086 2827736 2981702 0025141 0439509
 0369718 0441922 1553036
 2347469 2603360
 0439394 1706495 3642217


 0024485 0028580 0025141


 0016327 0439133 1553038
 0439394 1706495 3642217
 2347469 2347469

 0005477 0025141
 0852885 0369637 0441923

 2347961

 0450355 0025141
 0439394 1706495 3642217

 0219474 0812198
 0005477 0025141
 2347469 0205090 0684010 2603358 0205090 0684010 2603358
 0205090 0684010 2603358
 0005477 0025141
 0016327 0439133 1553038


 0034625
 0016327 0439133 1553038


 0034625 2827734 2981698
 0369718 0441922 1553036 2603362
 0684012 0205090 0684010 2603358
 0219474 0812198


 0201682



 0033727 0369286 0441932 0564385 0439267 2603362
 2347469 0016327 0439133 1553038
 0033727 0369286 0441932 0564385
 1261259 0369773 2603361

 0005477 0439509 0025141
 0205090 0684010 2603358

 0201682


 1553033 2603360 0597277 1708601
 0033727 0369286 0441932 0564385 0369637 0441923
 0205090 0684010 2603358 0205090 0684010 2603358


 0678594 0025141
 0369637 0439394 0441923 1706495 3642217 1553033 0369637 0441923
 0205090 0684010 2603358 2603360 0205090 0684010 2603358
 0597277 1708601
 0033727 0369286 0441932 0564385



 0201682

 0369637 0439394 0441923 1706495 3642217 1418270 2983549 2347469 2603360 0597277 1708601

 2603360
 0439394 1706495 3642217 0597277 1708601
 0033727 0369286 0441932 0564385



 0439086 2827736 2981702 0025141
 0024171 0024176 2697939 2347469
 0597277 1708601
 0033727 0369286 0441932 0564385


 0201682

 0325045
 0205090 0684010 2603358
 0439114

 2347379
 0439509 0450382
 0325045
 0205090 0684010 2603358
 0439114


 0201682

 2347469
 2603362
 1418270 2983549
 0033727 0369286 0441932 0564385
 0597277 1708601
 0033727 0369286 0441932 0564385 2347469
 3642273
 0000857 0600678 1552863

 0597277 1708601
 0369637 0441923
 2603360
 0439394 1706495 3642217 0597277 1708601
 0033727 0369286 0441932 0564385


 0201682

 0033727 0369286 0441932 0564385
 0021966 0221138 0205090 0684010 2603358



 0201682

 0337841 0369773 2603361 0205090 0684010 2603358
 0439394 1706495 3642217
 0005477 0025141
 0205090 0684010 2603358
 0369773 2603361

 2347379
 0025141
 0016327 0439133 1553038

 0205090 0684010 2603358
 2347469

 0005477 0450355 0025141
 0441039 1705854 3540815 0369773 2603361 0331731 1553033
 0005477 0025141
 0852885 0033727 0369286 0441932 0564385
 0369637 0441923
 0005477 0025141

 0369718 0441922 1553036
 0205090 0684010 2603358
 0005477 0025141 0450385
 0369773 2603361 0016327 0439133 1553038 0597277 1708601
 0033727 0369286 0441932 0564385 0369637 0441923



 0201682

 2603362
 0597277 1708601
 0033727 0369286 0441932 0564385 0205090 0684010 2603358


 0025141

 0369773 2603361 0443013 0369637 0441923
 0597277 1708601 0033727 0369286 0441932 0564385
 0439267 0439267
 0369637 0441923

 2347379
 0450355 0450387

 0369773 2603361

 0439267 2603362
 1553033 0439267
 0369637 0441923
 0001483
 2347379
 0450388

 3463939
 0369773 2603361

 0439267
 1418943

 0268596 2700624
 3642273
 0041703

 0326937
 2603360 0597277 1708601
 0033727 0369286 0441932 0564385 0205090 0684010 2603358

 0005477 0025141 0450389


 0439267
 0369773 2603361
 0205090 0684010 2603358
 0005477 0439509 0025141
 1709269
 0439394 1706495 3642217 2603362

 0005477 0025141
 0369718 0441922 1553036
 0369637 0441923

 2603360 0369773 2603361
 0554249 0205090 0684010 2603358
 1418943

 0268596 2700624
 3642273
 0041703
 0000857 0600678 1552863
 0369718 0441922 1553036

 2603360 0369773 2603361
 0554249 0205090 0684010 2603358
 0005477 0025141
 0369773 2603361

 0369637 0441923
 0349590 1262865 0025141
 1709269
 0439394 1706495 3642217 2603362

 0005477 0025141
 0021966 0221138
 0369773 2603361
 0554249 0205090 0684010 2603358

 0025141
 0597277 1708601 0369773 2603361



 0201682


 0678579 0369637 0441923

 0439394 1706495 3642217


 0201682

 0439394 1706495 3642217
 0678579 0369637 0441923

 0439394 1706495 3642217 1979971



 0201682

 0597277 1708601 0439267
 0439267
 0005477 0025141

 0205090 0684010 2603358 0033727 0369286 0441932 0564385
 2603360
 0554249 0205090 0684010 2603358 0369773 2603361

 0005477 0025141
 0369718 0441922 1553036 1709269
 0439394 1706495 3642217 2603362

 0005477 0439509 0025141
 0369637 0441923
 0016327 0439133 1553038

 0005554 0025141 0009993 0037455 0596070 1552856 0005477 0026376 0005532 1521991