 1863512 0020443 1522133 0441748 1135629 0033684 0034821 1366529 0023823 0599283 0065059 0023820 0178587 0205251 0597357 1299352 1550472 0008905 0033727 0369286 0441932 0564385

 0018270 0220844 1621966 2911660 0243107 0678723 1527148 0021622 0205476 1272753 1551730 0205099 1704729 0010819 0005532 0086345 0017398 0017399 1521991 0000872 0565990 1552471 0039711 0041740 0205099 0205476 1710136 0039711 0034036 0034037 1514756 1704324 0348078 0376315 1515981 1522492 1527075 0557061 2584313 1514811 1706462 0026882 0015127 1524003 1863512 0020443 1522133 0441748 0012634 0034821 0023823 0023884 0736268 1278929 2346688
 1883351 0031843 0542341 0700205 1705273 1273517 0681814 0022885 0039593 0392366 1704675 1863512 0020443 1522133 0441748 0034821 0033684 3156642 0008905 0014139 0086597 0127400 1314939 2984285
 1518827 1880389 1883221 3541951 0004793 0162326 0162327 0871786 1519249 1511625 0010834 0039259 0521449 0034821
 0026882 0004793 0162326 0162327 1519249 1547282 1883351 0392756 0547047 0599281 0871786 0034821 0243122 1145667 1167622
 1863512 0020443 1522133 0332297 1145667 1167622 1689898 2349209 0008905 0026691 1705240 1839259 0312860
 1704675 0008905 0004793 0008905 0162326 0162327 0179400 1519249 1533124 0024779 1706473 1863512 0020443 1522133 0441748 0530079 1413512 1420192 0008905 0205088 0337112 0439539 1515981 1524075 1705314 1705315 1880389 1883221 3541951
 0205250 1707271 0002518 0002520 2917660 0001128 0004793 0162326 0162327 0202406 1519249 1515860 1863512 0020443 1522133 0441748 0332297 1145667 1167622 1689898 2349209 1711351
 0026882 1705285 1880389 1883221 3541951 1179085 1514873 1704675 0104230 1419805 0392756 1863512 0441748 0020443 0243122 0596142 1145667 1167622 1522133
 1511726 3245479 0332290 1863512 0020443 1522133 0441748 1135629 0815043 1527118 0031843 0033684 0542341 0700205 1705273 1706710 0010222 1948027 0034821 0023823
 0557061 2584313 1514811 1706462 0008377 0332232 0005775 1516559 0023169 0034821 1366529 0023823 0599283 0065059 0023820 0178587 0205251 0597357 1299352 1550472 1326470 0005528 1317949 3495449 0034821 0014139 2984285 1704259 1705987 2827734 2981698
 2267000 0301630 0441610 0683150 0086045 0333576 0333562 0040300 2827734 2981698
 0023823 0023820 0178587 0205251 1299352 1550472 0023825 0148335 0023823 0151691 0023821 0583325 0442804 0442811 0023820 0032105 0178587 0205250 0205251 0441889 0442824 1299351 1299352 1550098 1550472 2700149 0004153 1285355 0012634 0596848 0332454 0020445 0745103 1366529 0015576 0020443 0241888 1522133 1704417 0205666 0003591 0015576 0241888 0332452 1863512 0020443 1522133 0441748
 2919414 0026882 0015127 1524003 0020445 0745103 1366529 0015576 0020443 0241888 1522133 0025517 0494345 0012634 0017337 0037179 0087136 0205171 0596848 2827734 2981698
 0019904 0020445 0745103 1366529 0002085 0034821 0332452 0449297 1382187 2825073 0005775 1516559 0522501 0392756 0332294 0332462 0442805 0678226 1880834 0202117 0583325 0856966 0023824 0858034 0860920 0201950 0428466 0065055 0008377 0441889
 0016030 0024264 0030705 0010453 0220814 0430400 2242979 0020445 0745103 1366529 0015576 0020443 0241888 1522133 0231175 1515187 0023823 0023820 0178587 0205251 1299352 1550472 2827734 2981698
 1704417 0205666 0003591 0015576 0241888 0332452 0599155 0026882 1705285 0015127 1524003 0205666 1149326 3156020 1149323 0243122 1145667 1167622 0034821 0740116 2827735 2981700
 0332185 0348078 0376315 1522492 0678226 0042333 0004793 0162326 0162327 0205419 1518422 1519249 3146286 0034821 1445865 0017337 0003593 0205396 1550043 1551388 0439086 2827736 2981702
 0871208 1521828 0032105 0521097 1550098 0023884 0736268 1278929 2346688 0030705 1863512 0205251 1299352 1550472 0030705 0439086 2827736 2981702
 0037088 0243095 2825141 0034821 0031843 0542341 0700205 1705273 0522501 1863512 0441748 0020443 0030705 0221099 0227525 0596142 0684336 1522133
 0229613 1167770
 1624592 0699040 0007634 0205148 0243122 1145667 1167622 1269647 1704653 1948049 0023823 0023820 0178587 0205251 1299352 1550472 1157973 0243125 0699900 0023823 0205216 0392756 0442797 0229613 1167770 1707455 0027361 0237401 0439084 0728893
 1979874 0034821 0031843 0542341 0700205 1705273 0205307 0439166 2347086 0205171 1720467 1881878 0016030 0392756 0030705 0012634 0439086 2827736 2981702
 1863512 0020443 1522133 0441748 0026882 0015127 1524003 0017337 2700640 0242210 0033684 1518827 0679006 1947967 1863512 0020443 1522133 0441748
 1518827 1880389 1883221 3541951 1323325 1135629 0033684 0150312 1706710 0065011 0033684 1517892 1704666 1180347 1523872 0037083 3537152 0014139 2984285
 1518827 1514535 0162808 1312062 1705297 0123658 1412456 3538726 0086162 1081457 0086162 1081457 1145667 1167622 1514562 1511625 0010834 0039259 0521449 0034800 0699040 0007634 0205148 0597357 1269647 1704653 1948049
 1511625 0206587 0010834 0039259 0521449 0332256 2700400 0004793 0162326 0162327 1519249 0034821 0023823
 1441414 1553874 1578820 1863512 0020443 1522133 0441748 1135629 0815043 1527118 0031843 0033684 0542341 0700205 1705273 1706710 0004793 0162326 0162327 1145667 1167622 1519249 0034821 0010222 1948027 0597357
 0016030 0699040 1179412 0007634 0205148 1269647 1555715 1704332 1704653 1948049 0598180 1166872 0221224 0007603 0025255 0032105 0596901 0687118 1550098 1706182 0242915 0333262 2827734 2981698
 1709305 2745955 0026882 1705285 0392747 0443172 1705241 0041485 0010654 0309872 1292733
 1514760 0597357 0030705 1704711 0699040 0007634 0205148 1269647 1704653 1948049
 0079866 3146302 0230171 0034821 0023823 0065059 0031843 0542341 0700205 0871786 1705273 1710082
 0024485 0028580 1547989 0024488 0917874 1551403 0231881 0459800 0521447 0563532 0684213 0947630 0443289 0030956 0332256 2700400 0004793 0162326 0162327 1519249 0425382 0026377 0003995 0021966 0221138 0041485 0541749 1709743
 1979874 0030956 0597357 1441547 3245521 0332452 1518422 0425382 0541749 1709743
 2607943 2926606 3539655 1705535 0004793 0162326 0162327 1519249 0032214 0600138 0035820 1705810 1511545 0086597 0242210
 0424215 1145667 1167622 0004793 0162326 0162327 1519249 1518422 0205309
 1547282 1883351 1145667 1167622 0597357 0598180 1166872 0947630 1524063 0231881 0459800 0684213 0022885 0039593 0392366 0439851 1947931 1704675 1514562 1274040 1546471 2825142
 0030956 0332256 2700400 1145667 1167622 1880389 1883221 3541951 0021135 1533691 2827718 1518422 0205309 1704675 0205410 0086597 0599281 0871786
 0684224 0700287 3273238 0332128 1863512 0020443 1522133 0441748 0034821 0023823 0598180 1166872 0008905 0205164 0205448 0449432 0678594 1515981 1522408 0008905
 1511726 3245479 1514562 0086597 1704675 0034821 1863512 0020443 1522133 0441748 1880389 1883221 3541951 1863512 0020443 1522133 0441748 1711351
 2607943 2926606 3539655 0332290 1863512 0020443 1522133 0441748 1135629 0033684 0010222 1948027 0034821 0023823
 0557061 2584313 1514811 1706462 0520510 0359168 0003250 0003241 0021027 0746619 0019602 0205452 0439851 1709915 1882936 1947931 0869011
 0359168 0003250 0003241 0021027 0746619 0082236 2347469 0017837 0017817 0040676 0439851 1947931 0005574 0869011
 0359168 0003250 0003241 0021027 0746619 0530079 1413512 1420192 0008905 0034693 0034721 0337112 0439539 1524075 0439851 1947931 1709915 1882936 1301820
 1979003 0312586 0003241 0020960 0237753 0449788 0030956 0442818 1707271 0205088 1705314 1705315 0034821
 0890573 0053915 0034760 0239971 0005526 0036397 0376558 1301820
 0991566 0043193
 0220806 0006353 1719918
 1519068 0002778 0936012 1524024 0031797 0002518 0004793 0162326 0162327 1519249 0004793 0006556 0162326 0162327 0679201 1519249 3245504 0684224 0700287 3496591
 0025914 0025929 0026809 0003459 0034650 1527389 0043343 0043342 1504663 0600510 0004793 0162326 0162327 1139855 1519249 0424215 2003939 0600510 0242356 0993637 0004793 0002055 0162326 0162327 0178499 0995203 1139855 1511726 1519249 1705803 1880279 3245479 1524063 0337026 0368761
 0035696 0035668 0169911 0335218 0029045 0013935 1305370 0028953 0600510 0004793 0162326 0162327 1139855 1519249 0032520 0677874 1273517 1335144
 0002518 0033684 0162326 0006556 1706765 1524063 1709697 2728259 3484370
 0441513 0684192 0332255 0486805 1547699 2700640 0033684 0205549 2348044 0332257 1863512 0441748 0020443 0596142 1522133 1863512 0441748 0020443 0596142 1522133 1863512 0441748 0020443 0596142 1522133 1863512 0441748 0020443 0596142 1522133 1863512 0441748 0020443 0596142 1522133 1863512 0441748 0020443 0596142 1522133 1863512 0441748 0020443 0596142 1522133 0032520 0677874 1524063 0206415 0205145 1515974 2825164 0242611 0009221 1095825 0332283 0011516 0205145 1515974 2825164 0444930 2746065
 0443286 1114821 0206243 0699809 0439787 0849355 1524063 0136227 1335439 1555265 0206415
 1514468 0868946 0011516 0017243 1382104 1998793 0031268 0086022 0442335 1553666 1705099 0522506 0080089 0180979 1705858
 0443286 1114821 1273517 1883351 0014834 0014833 0450615
 0032136 0332256 2700400 1706793 0002520 0001128 0007452 0008905 0205088 1140701 1705314 1705315 1880389 1883221 3541951 0017837 0017817 0040676 0699952 1707531 0023690 0032520 0677874 1514468 1548787 1704444 1706214 2945843 0205145
 0032136 0332256 2700400 1511625 0206587 0010834 0039259 0521449 0017837 0017817 0040676 0699952 0031831 1301820 1707664 2348314 3540849
 0439482 0039711 0041740 1710136
 0032136 0332256 2700400 0332255 0486805 0017837 0017817 0040676 0699952 0031831 1301820 1707664 2348314 3540849
 0041740 1446468
 0162735 0026882 1552961 2347617 1292748 2827421 1524063 0449913 1553451 1704459
 2827421 0162326 0917792 0012854 1553778 1561491 1711411
 0162326 0009015 0032520 0677874 1273517 0470187
 0185117 0597301 0243114 1998793 0010453 0009013 0332256 2700400 2827421 1863512 0032136 0009458 0439536 1705217 3244283 2987620 0022487 0439526 0002680 0439526 1292426 0021178
 1171362 0185117 0016945 0205263 1412102 2945717 2827421
 0007634 3282337 1292425 2348236 0005903 0039476 1547703 0007703 1512335 0006353 0019602 0243122 1145667 1167622 1412323 0037494 1959973 0020923 0020924 0020283 0450407 0450408 0450409 2827421 0991865 0006353 0031603 0031701 0036082 1601799 0180860 0581406 1522664 1704449 1704684 1875155 0030956 0017837
 0007634 3282337 0024348 1524063 0037680
 0440266 0007703 0849355 1550101 0028132 1439852 2348274 0035191 0017817 0036681 0991566 1719918 1710360
 0991566 1548982 0040223 1632851 0006353 1720830 1823521
 0991566 0006353 1439852 1441565 0041175 0077281 0814229 0037494 1959973 0017817 2348236 0005903 0039476 1547703 0162768 0033684 0332466 1293131 0017837
 0205266 0872403 1947912 1265611 1554108 1561573 0600209 1516048 1704732 0487602 1704680 0056269
 0681814 0020985 1510844 0332256 2700400 0060916 0086376 0439267 0017837 0162768 0072393 1418948 0017817 0033684 0040676 0205163 0205430 0332466 1265611 1293131 1549782 1554108 1561573 3160715 0006353 0019215 0020923 0020924 0137984 0000975 0032821 0597277 0146951 0133689 0242759 1882074 0020283 0450407 0450408 0450409 1439852 1710360 0450376
 0991566 0007703 1516695 1516698 1550101 0220787 0349707 0700198 0849355 2827071 1698986
 0991566 1548982 0040223 1632851 0006353 0370003 1708715 2347026 0017861 0025402 0006247 1260957 0018837
 1510844 1550101 0301870 1272724 0456389 0071500 0017243 0071499 0205173 1979893 3539942 0025255 0071710 0348011 0011682 0026131 0028778 0205222 0332206 0349374 0444318 1512080 2825079 2983591 1720830 1823521 1524063 0359168 0003250 0003241 0746619 2827734 2981698 0079240 1948037 0017837 0017817 0040676 2827734 2981698 0008905 2827734 2981698 0034821 0023823 2827734 2981698
 0005507 0243073 1510438 1149166 0008905 0006104 0007452 1140701 1269537 1998793 0890573 0053915 0034760 0239971 1708632 1524063 0442711 1507394 1522729 2348563 0947322 1705426 1999230
 0439175 0439810 0028132 0332297 0991566 1145667 1167622 1689898 2348274 2349209 0991566 0008905 1439852 1708632 0019215 0037494 1959973 0012789 0041415 0036774 0036773 0728877 0001924 0007452 0229671 1140701 1546774 1550100 1882074 0020283 0450407 0450408 0450409
 0037633 0450376 1439852 1292426 0687735
 0332297 1145667 1167622 1689898 2349209 0008905 0007703 0086972 0443299 0687118 0443286 1114821 0180249 0006353 0038636 0332287 1161331 0332529
 0005507 0243073 1510438 0205174 0884358
 0205370 0243122 0750540 1145667 1167622 1516048 1524063 0991566 0042295 0205174 0444504 2347634 2348143 0005507 0243073 1510438
 0557061 2584313 1514811 1706462 0025914 0025929 0026809 0003459 0034650 1527389 0017428 2700640 0033684 0237876 0424215 2003939 0349966 1337208
 0439165 0205280
 0017446 0205147 0205396 1550043 1551388 0001128 1518827 1880389 1883221 3541951 1323325 1709915 1882936 0002518 0002520 2917660 0001128 0004793 0162326 0162327 0202406 1519249 2348205 1709915 1882936 0033684 0002518 0002520 2917660 0001128 0004793 0162326 0162327 0202406 1519249 1863512 0441748 0020443 0086418 0596142 1522133 1709915 1882936
 0449911 0333052 2607870 0557702 1272706 1704674 0557702 1272706 1704674 0349966 1337208
 2827734 2981698
 0080143 1706765 0025914 0025929 0026809 0003459 0034650 1527389 0043343 0969748 0033684 1863512
 0002520 0205280 0179400 1533124
 0205088 1705314 1705315 1880389 1883221 3541951 1518827 1880389 1883221 3541951 1323325 0179400 1533124 0017446 0205147 0205132 1550648 1552960 1444656
 1518827 1514535 0162808 0332257 1312062 1705297 1334141 1334191 0086162 1081457 1145667 1167622 0039259 0332256 2700400
 1883351 1518827 1880389 1883221 3541951 1145667 1167622 0034821 0681814 0884358 1524063 1514798 0244435 0030956 1863512 1874187 0632834 0162768 0038164 1333198 0033684 0332466 1293131 0034821 0017837 0017817 0040676 1517892 1704666
 1863512 0020443 1522133 0332255 1708096 0332256 2700400 1518827 1880389 1883221 3541951 1323325 1709915 1882936 0332297 1145667 1167622 1689898 2349209 0039259 0034821
 1979874 1704675 0034821 0023823 0332255 1708096 1863512 1709915 1882936 0332268 1518827 1880389 1883221 3541951 1323325
 0449911 0333052 2607870 0557702 1272706 1704674 0557702 1272706 1704674 0349966 1337208
 0740116 2827735 2981700
 0162768 0033684 0332466 1293131 0332256 2700400 1518827 1880389 1883221 3541951 0034821 0023823
 0030956 0332256 2700400 1511625 0206587 0010834 0039259 0521449 1863512 0441748 0020443 0030956 0086418 0332466 0596142 1293131 1439852 1522133 0028132 0991566 2348274 0025664 0184661 1517586 1552738 2700391
 0991566 0441436 0993610 1998480 1548982 0242301 1546559
 0301870 1272724 0456389 0071500 0017243 0071499 1979893 0025255 0071710 0348011
 0162768 0033684 0332466 1293131 0442726 1511790 1524063 0020960 0030956 1707271 0205088 1705314 1705315 0034821
 0030956 0442726 1511790 1524063 0359168 0003242 0003250 0003241 0021027 0746619
 2827421 1552616 1706244 0033684
 2347469 1863512 0441748 1149098 0020443 0030956 0243122 0596142 1145667 1167622 1522133 2827734 2981698 0162768 0033684 0039259 0332466 1293131
 1863512 0441748 0020443 0243122 0596142 0596988 1145667 1167622 1522133
 2945843 0205145 1515974 2825164 0039259 0034821 0681842 0870071 1882327 1518827 0444626 1323325 0070948 0243122 0427896 0678594 1145667 1167622 1412456 1527178 1533132 1704641 1705938 1880389 1883221 3538726 3541951 0030956 0332297 1145667 1167622 1689898 2349209 0085151 3538722 1456454 0033665 0002716 0011560 0033684 0611285 1709634
 0444626 0427896 0678594 1533132 1704641 1514562 0017446 0205147 1518827 1323325 0070948 0243122 1145667 1167622 1880389 1883221 1947931 3541951
 0205435 1279901 0348078 0376315 1522492 1704972 1704973 1518827 1323325 0070948 0243122 1145667 1167622 1293132 1880389 1883221 2349187 3541951 1709915 1882936 0041484 0041485 1421250 0031453
 0041484 0041485 1421250 1709915 1882936 0031453 1412456 3538726 0681842 1882327 1883351 0041484 0041485 1421250 1709915 1882936 1863512 0441748 0020443 0031453 0596142 1522133
 0205436 0457385 0565930 1561503 1705190 0002518 0920679 0004793 0162326 0162327 1519249 0332461 0445403 0598629 0750490 0991556 1305400 1533128 1706221 1706366 1707974 0205431 0541749 2986575 0205438 1706303 1704972 1704973 0205440 1704972 1704973
 0017446 0205147 0004793 0162326 0162327 0205225 0439631 1412456 1519249 1706765 3538726 1511726 3245479 1518422 1547282
 1554088 3161035 0678594 1412456 1527178 1705938 1880389 1883221 3538726 3541951 0349966 1337208 1547282
 0439086 2827736 2981702
 0026882 1705285 1863512 0020443 1522133 0441748 0042285 0001898 0033684 0231175 1883351 1145667 1167622 1511625 0010834 0039259 0521449 0034821
 1883351 0041485 0039259 0034821 1514873 1704675 1518827 1880389 1883221 3541951 1323325 1863512 0020443 1522133 0441748 1709915 1882936 1705285 0010654 0001898
 1555721 1706204 1547282 0599281 0871786
 0026882 0392756 1323371 1149323 0597358 0243122 1145667 1167622 1863512 0020443 1522133 0441748 0349966 1337208
 1979874 0035139 0559956 1555302 1301751 1280500 2348382 1863512 0020443 1522133 0441748 0039259 0034821 0349966 1337208
 0034821 1547282 1883351 0023823 0162339 0023820 0178587 0205251 1299352 1550472
 1511726 3245479 1883727 1883357 1705535 1704675 0039259 0034821 1709915 1882936 0031715 1158886 1518422 0871786 1514873
 0449911 0333052 2607870 0557702 1272706 1704674 0557702 1272706 1704674 0349966 1337208
 0439086 2827736 2981702
 0678594 0026349 1709956 3541837 0004083 0439849 0596306 0699792 0004793 0162326 0162327 1519249 1511625 0010834 0039259 0521449 0034821
 3161035 1518827 0444626 1323325 0070948 0243122 0427896 0678594 1145667 1167622 1412456 1527178 1533132 1704641 1705938 1880389 1883221 3538726 3541951 0085151 3538722 0033665 1456454 1180347 1523872 0002716 0011560 0030956 0033684 0611285 1709634 0439855 1704241
 0337112 0441987 1524075 0031453 1444656
 1707689 2983265 1524063 1524063 0086894 0851346 2314876 1522486
 0449911 0333052 2607870 0557702 1272706 1704674 0557702 1272706 1704674 0349966 1337208

 0243122 1145667 1167622 1511625 0010834 0039259 0521449 0034821 0301713 0002518 0002520 2917660 0001128 0202406 0772162
 1333198 0162768 0033684 0332466 1293131 1439852 0028132 0991566 1948027 2348274 0025664 0184661 1517586 1552738 2700391
 0991566 0441436 0993610 1998480 1548982 0242301 1546559
 0301870 1272724 0456389 0071500 0017243 0071499 1979893 0025255 0071710 0348011
 0162768 0033684 0332466 1293131 0030956 0020985 0442726 1511790 1552738 2729544 0349966 1337208
 0740116 2827735 2981700
 1863512 0441748 0020443 0086418 0596142 1522133 1709915 1882936 0086597 0242210 1880389 1883221 3541951 0530079 1413512 1420192 0008905 0337112 0439539 1524075
 1883351 0022885 0039593 0392366 1704675 1863512 0020443 1522133 0441748 0008905 0884358 0681814 1524063 1863512 0020443 1522133 0162768 0038164 0072393 1418948 0033684 0332466 1293131 1880389 1883221 3541951 1709915 1882936
 1863512 0020443 1522133 1863512 0441748 0020443 0596142 1522133 0332297 1145667 1167622 1689898 2349209 1880389 1883221 3541951 0349966 1337208
 1514568 1706395 0179400 1533124 1709915 1882936 0035139 0559956 1555302 1709915 1882936 1149166 0008905 0243122 1145667 1167622
 1555721 1706204 0004015 0001128 0202406 1709915 1882936
 1883351 1510827 1863512 0020443 1522133 0441748 0008905 0028132 0991566 2348274 0008905 0086045 0442808 1439852 1708632 0006104 0007452 1140701 1269537 1998793
 0002778 0936012 1524024 0349966 1337208 0443289 1863512 0020443 1522133 0441748 0332297 1145667 1167622 1689898 2349209 0008905 0086168 1547014 1948059 0312860
 1511726 3245479 1514562 0086597 1818902 1323338 1149166 0243122 1145667 1167622 1863512 0020443 1522133 0441748 1145667 1167622 0008905
 0449911 0333052 2607870 0557702 1272706 1704674 0557702 1272706 1704674 0349966 1337208
 0439084 0728893
 0530079 1413512 1420192 0008905 0205088 0337112 0439539 1145667 1167622 1524075 1705314 1705315 1880389 1883221 3541951
 1420192 0337112 0439539 1524075 0002520 0162768 0033684 0332466 1293131 0034861 0033684 1439852 1514798 0028132 0231441 0991566 2348274 0025664 0184661 1517586 1552738 2700391
 0991566 0441436 0993610 1998480 0242301 1546559 0301870 1272724 0456389 0017243 0050587 1979893
 0033684 0025255 0071710 0348011 0359168 0003250 0003242 0432616 0003241 0008905 0021027 0025914 0025929 0026809 0034693 0034721 0746619 0359168 0003242 0003250 0003241 0021027 0746619
 0681494 0681814 1273517 1706386
 2347469 0243122 0443225 1145667 1167622 1444754 1706316 0033684
 1863512 0441748 0020443 0243122 0596142 0596988 1145667 1167622 1522133 1420192 0337112 0439539 1524075
 0449911 0333052 2607870 0557702 1272706 1704674 0557702 1272706 1704674 0349966 1337208

 0006104 0007452 0008905 1140701 1145667 1167622 1269537 1708632 0205250 1299351 1510827 2700149
 0008905 0443225 1439852 1444754 1514798 1706316 0028132 0991566 2348274 0025664 0184661 1517586 1552738 2700391
 0205134 1547282 1265611 0086045 1446561
 1547282 0004083 0439849 0596306 0699792 0026691 1705240 1839259
 0376570 0086597 1621861 0599281 0871786 0008905 1145667 1167622 1515981 0439855 1704241 1179085 1179085
 0947630 1444656 0104230 1419805 1332117 0104230 1419805 0598782 1145667 1167622 1880389 1883221 3541951 1709915 1882936 1179085 0026882 1705285 0061472 0220839 0061472 0220839 0004793 0162326 0162327 1519249 0332161 0599946 0243122 1145667 1167622
 1883351 1863512 0020443 1522133 1179085 0884358 0681814 1524063 1514798 1863512 0020443 1522133 0162768 0033684 0332466 1293131 0349966 1337208
 1863512 0441748 0020443 0332297 0596142 1145667 1167622 1179085 1522133 1689898 2349209 1709915 1882936 0332255 1518422 1708096 0332256 2700400
 0026882 1705285 1179085 0001898 0243122 1145667 1167622 0026882 1705285 0392756 1518422 0243122 1145667 1167622
 1511726 3245479 1863512 0020443 1522133 0441748 1145667 1167622 1880389 1883221 3541951 0332297 0376570 1145667 1167622 1689898 2349209 1704675 0061472 0523665 0001128 0202406 0205447 1709915 1882936 0061472 0220839 1880389 1883221 3541951 1179085
 0449911 0333052 2607870 0557702 1272706 1704674 0557702 1272706 1704674 0349966 1337208

 0598782 1145667 1167622 1179085 1880389 1883221 3541951
 0162768 0033684 0332466 1293131 0017837 0332256 2700400 1880389 1883221 3541951 0002520 1880389 1883221 3541951 0002520 1179085 1439852 0028132 0991566 2348274 0025664 0184661 1517586 1552738 2700391
 0991566 0441436 0993610 1998480 0242301 1546559 0033684 0013855 0086972 0443299 0687118 0071500 0017243 0071499
 0033684 0025255 0071710 0348011 0017837 0359168 0003250 0003242 0432616 0003241 0017817 0021027 0025914 0025929 0026809 0040676 0746619 0359168 0003242 0003250 0003241 0021027 0746619
 0681494 1704458 1547282
 1883351 0017446 0205147 1514873 1704675 1179085 0681814 0884358 1524063 0205549 2348044 0349966 1337208
 0033684 0332257 3538986 1709915 1882936 0332297 1145667 1167622 1689898 2349209 1179085
 0017446 0205147 1709915 1882936 0205250 0086418 0025914 0025929 0026809 0003459 0034650 1527389 0043457 0349966 1337208 0237876 1710052 2348205 0376570 1511726 3245479 1518422 1547282
 1709915 1882936 0017446 0205147 1863512 0020443 1522133 0441748 0003765 0205448 1709915 1882936 0104230 1419805 0061472 0220839 0061472 0220839 1179085
 0026882 1705285 1518422 0001721 0243122 1145667 1167622 1179085 0026882 1705285 0243122 1145667 1167622
 0449911 0333052 2607870 0557702 1272706 1704674 0557702 1272706 1704674 0349966 1337208

 1283195 1863512 0020443 1522133 0441748
 0162768 0033684 0332466 1293131 0017837 0332256 2700400 1880389 1883221 3541951 0002520 1179085 0162768 0033684 0332466 1293131 1439852 0028132 0991566 2348274 0025664 0184661 1517586 1552738 2700391
 0991566 0441436 0993610 1998480 0242301 1546559 0301870 1272724 0456389 0071500 0017243 0071499 1979893
 0017243 0025255 0071710 0348011 0017837 0359168 0003250 0003242 0432616 0003241 0017817 0021027 0025914 0025929 0026809 0040676 0746619 0359168 0003242 0003250 0003241 0021027 0746619
 0681494 1704458 1547282
 1514811 1706462 0037088 0243095 2825141 1863512 0020443 1522133 0441748 0034821 0023823 0598180 1167211 1166872 0008905 0175697 0205170 0205448 0449432 1522408 2697656 3146287 0530079 1413512 1420192 0337112 0439539 1524075 0599220 1711351
 0162326 0086597 0872079 1704675 0205250 0086418 0025914 0025929 0026809 0003459 0034650 0043457 0752190 0086597 1149166 0008905 0243122 1145667 1167622 0162326 0450348
 0026882 1511625 0010834 0039259 0521449 0034821 0014139 2984285 1863512 0441748 0020443 0243122 0596142 1145667 1167622 1522133
 1883727 1883357 1511726 3245479 0183683 1521721 1512571 1863512 0020443 1522133 0441748 1135629 0815043 1527118 0031843 0033684 0542341 0700205 1705273 1706710 1517892 1704666 0034821 0023823 0065059
 1863512 0020443 1522133 0441748 0003737 0332529 0028778 0332206 1533157 1709915 1882936 1547282 2347858
 0449719 0002518 0002520 2917660 0009802 0001128 0004793 0162326 0162327 0202406 0205250 0332529 0439509 1519249 1518827 0332283 1323325 0070948 0243122 1145667 1167622 1709915 1880389 1882936 1883221 3541951
 1518827 1514535 0162808 1145667 1167622 0162326 0332256 2700400 0162326 0425382 0026377
 0030351 1547566 1547282 1518827 1880389 1883221 3541951 1145667 1167622 1511625 0206587 0010834 0039259 0521449 0021135 1533691 2827718 0205266 0872403 1947912 0243122 1145667 1167622 1514873
 1555721 1706204 1514562 0041484 0041485 1421250 0001898 0010654 0392756 1704675 0039259 0034821 1293116 1875307 0733755 1518422 0392747 0872079 1704675
 1511726 3245479 1705535 1518827 1880389 1883221 3541951 0034821 0023823 0243122 1145667 1167622 0301713 0002518 0002520 2917660 0001128 0202406 0772162
 1518827 1880389 1883221 3541951 1323325 0027365 0205369 1552740 1704675 1709915 1882936 1518827 1880389 1883221 3541951 0332257 1412456 3538726 1412459 0086162 1081457 1417890 1709287 1145667 1167622 1521840 2986546
 0444626 0427896 0678594 1533132 1704641 1518827 1323325 0070948 0243122 1145667 1167622 1412456 1880389 1883221 3538726 3541951 0085151 3538722 1874187 0002722 0002723 0002520 0033665 2917660 0038164 0522527 1456454 0001128 0002716 0011560 0030956 0033684 0202406 0332297 0611285 1145667 1167622 1689898 1709634 2349209 0332256 2700400
 0870071 0444626 0427896 0678594 1412456 1527178 1533132 1704641 1705938 3538726 1705535 0004793 0162326 0162327 1519249 0231448 1880641 2349187 1518827 1880389 1883221 3541951
 0205250 0205448 1709915 1882936 0041484 0041485 1421250 0031453 1518827 1880389 1883221 3541951 0681842 1882327 1883351 0348078 0376315 1522492 0439799 1706095 0037949 1267072
 0026882 1705285 1863512 0020443 1522133 0441748 0001898 0042285 1323371 1149323 0597358 0243122 1145667 1167622
 0037088 0243095 2825141 1705535 1518827 1880389 1883221 3541951 0024501 1513371 1705738 2347637 2348146 0205397 1412456 3538726 1312062 1705297 0123658
 0199219 0443289 1514562 0079160 0004793 0008905 0162326 0162327 0179400 0376298 1519249 1533124
 0179400 1533124 0598180 1167211 0002518 1136102 0004793 0033684 0162326 0162327 0175697 1519249 1522408 2697656 0086597 1818902 0530079 1413512 1420192 1149166 0008905 0243122 0337112 0439539 1145667 1167622 1524075
 0079866 3146302 0947630 0443289 0162326 1145667 1167622 1709915 1882936 0205242 0439643 0530079 1413512 1420192 0008905 0337112 0439539 1524075
 0205242 0332256 2700400 0337112 0441987 1524075 0205436 0457385 0565930 1561503 1705190 1553387 1948035 0337112 0441987 1524075 1709915 1882936
 0008905 0024337 0205088 1705314 1705315 1880389 1883221 3541951 0205439 1709915 1882936
 1863512 0020443 1522133 0017837 0162768 0038164 0072393 0522527 1418948 0017817 0033684 0040676 0332297 0332466 1145667 1167622 1293131 1689898 2349209 0332256 2700400 0001128
 0179400 1533124 1149166 0008905 0243122 1145667 1167622 1514873
 0035139 0559956 1555302 1709915 1882936 1149166 0008905 0205088 0243122 1145667 1167622 1705314 1705315 1880389 1883221 3541951
 1863512 0020443 1522133 0441748 0008905 0332297 1145667 1167622 1689898 1998793 2349209 0205250 1299351 1510827 2700149 0026691 1705240 1839259 0312860 0684224 0700287 3496591 0376570
 1511726 3245479 1705535 1863512 0020443 1522133 0441748 0332256 2700400 0179400 1533124 0004793 0162326 0162327 1519249 2949735 0035280 0333117 1753315 0034821 0598180 1166872 1863512 0020443 1522133 0441748
 0033684 0008905 1145667 1167622
 1880389 1883221 3541951 0086597 0872079 1704675
 1880389 1883221 3541951 0033684 1145667 1167622 0332256 2700400 0016327 0439133 1553038 1711351 0033684 1145667 1167622 0332256 2700400
 1711351 2700400 0549177 1880389 1883221 3541951 0547044 0700321 1880389 1883221 3541951 0017446 0205147 0457406 1706053 1709915 1882936 1517892 1704666
 0017446 0205147 0457406 1706053 0332256 2700400 0179400 1533124 0086597 0243122 1145667 1167622 0008905
 1880389 1883221 3541951 0205543 1691010 1883351 1880389 1883221 3541951 0332256 2700400 0017446 0205147
 0947630 1709915 1882936 0061472 0220839 0061472 0220839 1880389 1883221 3541951 0003765 1709915 1882936 0376570
 0681814 1444656 1863512 0020443 1522133 0441748 0598782 1179085 1880389 1883221 3541951 1704675 0205447 0061472 0220839 1179085 0086597 0243122 1145667 1167622 0104230 1419805
 0026882 1705285 1709915 1882936 0061472 0220839 0205216 0392756 0442797 1518422 1863512 0441748 0020443 0243122 0596142 1145667 1167622 1522133
 0017446 0205147 0243122 1145667 1167622 1514873 1179085 1880389 1883221 3541951 1149166 0205250 0086418 0025914 0025929 0026809 0003459 0034650 1527389 0043457
 1709915 1882936 0017446 0205147 0243122 1145667 1167622 1514873 1179085 0061472 0220839 1179085
 1274040 1546471 2825142 1705535 1863512 0020443 1522133 0441748 0017446 0205147 0445247 1145667 1167622 0034783 0086597 0104230 0127400 0597357 0599756 1419805 1514873 1521840 0598180 1166872
 0037088 0243095 2825141 1514562 0086597 0872079 0033684 1704675 1135629 0033684 1441672 1706710 0332290 0010819 0005532 0439084 0728893 0557651 0947630 2603343 0035820 1705810 0014139 2984285 0034821
 0947630 0034861 0033684 0884358 1514798 0021135 1533691 2827718 1518422 0332120 1863512 0020443 1522133 0441748 0034821 0008905 1179085 1515655 0872079 1704675
 0021135 1533691 2827718 1863512 0441748 0020443 0596142 1441672 1522133 0947630 1705535 0243122 1145667 1167622 1518422 0034783 1332117 1523873 0599281 0104230 0439855 0597357 0599756 0871786 1419805 1514873 1704241 0025914 0025929 0026809 0332268 0243067
 0947630 1514873 1883351 0521093 0750484 1456348 1863512 0020443 1522133 0441748 0034821 0008905 1515655 1704675 0034821 0023823 1863512
 0599281 0871786 0034821 1863512 0007600 0441748 0007634 0011155 0020443 0205132 0332268 0596142 1269647 1522133 1550648 1552960 1636779 1704653 1948049 0034821 0031843 0542341 0700205 1705273 0221099 0684336
 0947630 1999230 0233820 0020445 0745103 1366529 0015576 0020443 0241888 1522133 2986490 0243144 0347980 0030705 1863512 0205307 0439166 2347086 0205171 1720467 1881878 0221099 0684336
 1518422 0205309 1863512 0020443 1522133 0034821 0449475 0007613 0227525 0016030 1518422
 0332149 1705910 2362652 1135629 0033684 1550543 0035820 1705810 0016030 0227525 1518422
 1184743 1522240 0227525 0016030
 1707959 0598180 0016030 0700364 1883351 0007603 0025255 0032105 0332624 0596901 1550098 1706182 0227525 0450355
 1863512 0020443 1522133 0441748 0884358 2947996 0031843 0542341 0700205 1705273 1518422 0016030 1514873
 0332185 1157973 0243125 0699900 0023823 1547282 1883351 0522501 0024264 0392756 1510411 0030705 1863512 0439084 0728893 1863512 0020443 1522133 0441748 0034821 0023823 0007634 3282337
 0024264 1999230 0007634 0449475 0332307 1269647 1547052 1704653 1948049 0441712 1706376 0597361 0014139 2984285 0034821
 2986676
 0678579
 2825232 0043227 0027468 0018173 0018684 0021622 1521721 3245503 0018173 0016617 0021622 0205476 1272753 1551730 0073187
 2347782 0008972 0683939 0035168 0205099 0205210 0242481
 0010186 0220812 0449719 1709471 0220808 0680264 0007961
 1706852 0522501 1706089 0949214

 0035173
 0282413 0376649 1442065 0205099 0000872 0565990 1552471 0039711 0041740 0205099 0205476 1710136 0254343 0796520 3272379

 0085205 1549619 1880669
 0013849 1705961 0024492 1538057 1547565 0059804
 0034037 1704324 0030351 0000723 0000723 1273517 0023823 0023820 0178587 0205251 1299352 1550472 0023823 0023820 0178587 0205251 1299352 1550472
 0085151 3538722 1456454 0033665 0002716 0011560 0033684 0611285 1709634 0085151 3538722 1456454 0033665 0002716 0011560 0033684 0611285 1709634
 1863512 0020443 1522133 0441748 1863512 0020443 1522133 0441748
 0020445 0745103 1366529 0015576 0020443 0241888 1522133 0020445 0745103 1366529 0015576 0020443 0241888 1522133
 0017837 0017817 0040676 0017837 0017817 0040676
 0034821 0034821 1366529 0065059 0597357 0023823
 0028132 2348274 0256984 0028132 0001128 0028013 0202406 2348274
 1323325 0243122 1145667 1167622 1323325 0243122 1145667 1167622
 0071710 0071710
 1514811 1706462 0557061 2584313 1514811 1706462 2827734 2981698
 0033727 0369286 0441932 0564385 0678579 0369637 0441923
 0311400 1524026 2707259 1853126 0178499 1626935 1553033 1423878 3538926 0449468 0560268 1690016

 0027976 0205314
 2603360
 0205090 0684010 2603358
 0597277 1708601
 0033727 0369286 0441932 0564385 2603360
 0369773 2603361 0205090 0684010 2603358
 0439267
 2603362
 2347469


 2347379
 0450355 0000857 0600678 1552863 0439086 2827736 2981702
 0439267 1011526 0439267 0016327 0439133 1553038 0439267 0205090 0684010 2603358





 1011526 0439267 0597277 1708601 0016327 0439133 1553038 0205090 0684010 2603358 0439267 0369718 0441922 1553036 0369773 2603361 1553033 0016327 0439133 1553038 0033727 0369286 0441932 0564385
 0033727 0369286 0441932 0564385
 0777169 0025141 0439084 0728893
 0038817 0376223
 0452229 2347469
 0205090 0684010 2603358
 0369773 2603361
 0597277 1708601

 1315013


 0442999 1621797
 0597277 1708601 0597277 1708601 1011526 0439267 0205090 0684010 2603358 0016327 0439133 1553038 0369718 0441922 1553036 0205090 0684010 2603358
 1553033 0033727 0369286 0441932 0564385
 0033727 0369286 0441932 0564385
 0036397
 0018408 0439267
 0205090 0684010 2603358 0369773 2603361 3280437

 2603362
 0007634 1269647 1704653 1948049
 1710082
 0025141

 2603360




 0025141

 0439267 0021966 0221138
 0205090 0684010 2603358 1979971
 0678579 0369637 0441923

 0439394 1706495 3642217


 0201682

 0999213
 0439394 1706495 3642217 0678579 0369637 0441923
 2603362


 0201682


 0439267 0369637 0441923
 1979971
 0205090 0684010 2603358
 0678579 0369637 0441923

 0439394 1706495 3642217
 0007634 1269647 1704653 1948049 0025141
 0439394 1706495 3642217
 0369637 0441923
 0007634 1269647 1704653 1948049 0025141
 1422533 0033727 0369286 0441932 0564385 0021966 0221138 0439394 1706495 3642217

 2603360

 0000857 0600678 1552863
 1422533 0021966 0221138 1553033 2603360
 0025141
 0205090 0684010 2603358
 0439267 0439394 1706495 3642217
 0205090 0684010 2603358
 0439267



 0325602 0597277 1708601
 0439394 1706495 3642217

 0003461 2939124

 0025141
 0369773 2603361 0205090 0684010 2603358
 0439267


 0201682

 0771998 0936217 1161429

 0040833 1521798
 0025141

 0033727 0369286 0441932 0564385
 0369773 2603361 2347469


 0443050 0369637 0441923
 2603362


 0025141
 2603362
 0402830
 0597277 1708601
 0369637 0441923
 0439267


 0201682


 0201682
 0450348
 2603362
 0369637 0441923
 0439267 0205090 0684010 2603358



 0025141
 1415273 3157085 2603362
 1553033 2603360
 1418943

 0268596 2700624
 3642273
 0041703
 0439073 0439082
 0439114
 2347469 1708595 3280986
 0439267 0016327 0439133 1553038
 0205090 0684010 2603358
 2347469
 0558083
 0033727 0369286 0441932 0564385
 0439394 1706495 3642217
 0349590 1262865 0025141



 0201682

 2603360
 0007634 1269647 1704653 1948049 0025141

 2347469
 0033727 0369286 0441932 0564385
 2603360 0369773 2603361
 0205090 0684010 2603358


 2603362
 0205090 0684010 2603358
 0033727 0369286 0441932 0564385
 0439394 1706495 3642217
 0369637 0441923
 0439267


 0201682

 0439394 1706495 3642217
 0205090 0684010 2603358
 0205090 0684010 2603358
 0205090 0684010 2603358 0597277 1708601 0369637 0441923
 0439267 0861352 0016327 0439133 1553038
 2603360
 0036397 0450355
 0205090 0684010 2603358
 0205090 0684010 2603358
 0439394 1706495 3642217
 0086403 1555763 0025141
 0205090 0684010 2603358
 0597277 1708601 0181107 0205090 0684010 2603358
 2603362
 0678579 0369637 0441923

 0439394 1706495 3642217 0205090 0684010 2603358
 0439267


 0000857 0600678 1552863
 0205090 0684010 2603358
 0369637 0441923

 0061878 1415380 3538708


 0450382 0025141 0009993 0037455 0596070 1552856 0005477 0026376 0005532 1521991