 2246761 0035820 1705810 0004083 0439849 0596306 0699792 1704729 0587482 1704729 0006823 0221193 0013849 1705961 0024492 1538057 1547565 1272684 1548435 0520510 0557061 2584313 1514811 1706462 0947630 1707689 2983265 1883351 0022885 0039593 0392366 0392747 1864620 1521970 1706388 2346469 2348519
 0023821 0023820 0178587 0205250 1299351 2700149 1280519 1704419 2246761 0024432 1546706 1550652
 0004083 0439849 0596306 0699792 0243144 0347980 1442460 0014994 0014996 1161324 2349975 1707455
 1883712 1149857 1149632 0205177 0439167 0441655 1561536 0243148 1550141 1882979 2587213 3274648 0020291 1698986 1883351 1999230 0368909 0008377 0332296 1880497 1996904 0023821 0023820 0178587 0205250 0392148 1299351 2700149
 0681814 0443289 0085732 0030011 0050486 1413218 0074129 0441729 1149520 0441730 0441885 0441886 2698967 2698968 0017108 0021966 0023688 0205309 0221138 0332307 0456387 0597357 1003377 1547052 1705943 1621296
 0039798 0087111 1522326 1533734 1705169 3538994 0392756 0004083 0439849 0596306 0699792
 1883712 1999216 0392756 0004083 0439849 0596306 0699792 0392760 1314939 0302891
 2607943 2926606 3539655 1999230 0332120 0023821 0023820 0178587 0205250 1299351 2700149 0392747 1145667 1167622 1413059 0008387 0008377 0014898
 1516240 2246761 0003353 0003504 0008385 1416865 0008387 0014894 0008377 0014898 0020289 0205216 1882074 2825492 0524637 0700364 1883351 1159709 0005528 1317949 3495449 0007634 3282337
 1705313 0008377 0520510 0557061 2584313 1514811 1706462 1281905 0035647 1947931 0023823 0332281 0023820 0178587 0205251 0392148 1299352 1550472 0678579
 1280500 0012655 0220898 0439849 0445223 1264642 1547045 0392747 1554963 0001721 0507850 0677535
 0871161 1292721 0332257 1552866 2700399 0029053 0178587 0425245 0449580 0013855 1517945 0205216 0392756 0442797 0032615 0015684 0001128 0001992 0003593 0003591
 0030011 0008377 0024432 1274040 1292856 1546471 1948023 2825142 0220781 0439634 1522492 0016390 1627358 2349975 1184743 1522240
 0032105 0441889 1550098 0441994 1548802 2003888 0035647
 0242767 1186763 0015252 0728940 0008377 0007634 3282337 0005528 1317949 3495449 0333562 0008377 0005390 0523530 0001128 0005388 0348078 0376315 1522492 1688651
 0871161 1292721 0085732 0018790 0237477 0392351 0521111 0030011 0596402
 0332256 2700400 0680220 0032105 1550098 0231204 2827758
 0392747 1554963 0392747 0443172 1705241 1280500 0870392
 0018563 1281583 1552914 0392747 0026377 2698667 0212009 0443800 0085732 0033414 2246761 2753408 1149325 0597358 0243122 1145667 1167622 1260953 0599474 0005572 0220781
 0018563 1281583 1552914 0035173 0684224 0700287 3496591 0392747 1554963 0600688 1407029 0036536 0036537 1184743 1522240 2349975 2246761
 1290905 0205419 0725813 0204727 0205409 0220862 0337174 1698986 1753314 0178602 3161035
 0079411 3146294 0027021 0440053 1882932 0441712 1706376 1515655
 0033204 1515657 1515655 1533067 0027021 0205250 0392148 0440053 0441889 1299351 1521721 2700149 0058505 0243132 1554210 2745955 0032105 1550098
 0021135 1533691 2827718 1547282 1883351 1550032 1880497 1996907 0423896 0456205 0206190 2959511 1523993 1511726 3245479 0085732 0040671 1705822 0023884 0736268 1278929 2346688 0040682 1510411 1705163
 0085201 0003592 0021966 0221138 0392747 0443172 1705241
 1539479 1704675 0007634 0178539 0597357 0014442 0014445 0598783 1517898 0023779 0025519 0025520 1314939
 0237753 0449788 1552738 0035820 1705810 0087130 1547282 1883351 0062151 2611277 0597357 2246761
 0205171 0332185 1720467 1547282 1883351 1145667 1167622 1883351 0086597 0007634 0178539 0243144 0347980 2246761
 0074129 0017108 0597357 1003377 1710548 0302891
 1518422 0079613 0597357 2003901 1516048
 0557651 2603343 0332128 1280500 0871161 1292721
 0205172 0392366 0015252 0728940 0243144 0347980 0871786
 0597357 1149325 0243122 1145667 1167622 1314939 0441712 1706376
 0520510 0520510 0557061 2584313 1514811 1706462 0007634 3282337 0598079 0010453 0220814 0332307 0430400 0596070 1301820 1516698 1547052 1704814 2242979
 0180454 0010453 0220814 0430400 1139930 2242979 0872171 0325579 0331782
 0015965 0229671 0230445 0521457 1305418 1546774 1550100 0325259 0869011 0018837
 0038425 0991865 0006353 0031603 0031701 0036082 1601799 1301820 1412820 0036774 0015684 0001128 0202406 0332296 1880497 1996904 0043194 0258432 1421478 0205474
 0005507 0243073 1510438 0022877 0043194 0258432 1421478 1619828
 0007066 0001128 0202406 0596260 0910762 0014898 0026381 0182400 0869011 1521991

 2827734 2981698 0740116 2827735 2981700 1442460 0055561 0133788 0220884 0439190 0133788 0220884 0439190 0005526 0036397 0376558 1442460 0014994 0014996 1161324 0439190 0027965 0014282 0035168 0043194 0205314 0242481 0258432 0331805 0521447 1421478
 0233660 0332206 0312586 0003241 0021027 0439962 0036681 1185738 1706132 1998793 0034493 1639518 1947986 0205160 0243148 1513916 1550141 1882979 2587213 2825415 2825491 3274648
 1514468 0034760 0220806 0869011 1719918 3272558
 0204727 0205409 0220862 1158918 0392747 1554963 1300565 0720544 0720544 0439267 2827734 2981698 0439526 1264633 1554103 0720544 0439267 2827734 2981698 0439526 0178693 0544357 1708335 0032105 0086418 1550098 0681850 1521827 1550501 1706203 2349001 2697811 0041609 0205409 0443199 1548221 1705242 0991865 0006353 0031603 0031701 0036082 1601799 2678549 1882074 0020283 0450407 0450408 0450409 0332256 2700400 0037494 1959973 0013618 0001128 0015075 0015096 0202406
 1858114 2612461 2697537 0439294 0439526 0312860 0020281 0041485 0439584 0456696 1442770 0369637 0439227 0441923

 0050486 0000986 0003030 0981805 1883712 1521827 1552738 0392747 1554963 0425245 0449580 1711411 0013856 0596607 1706746 0013855 0017243 0036681 1382104 0616412 0348000
 1705175 1705176 1705177 1705178 1882348 0348035 0030011 0439294 0439526 0991865 0006353 0031603 0031701 0036082 1601799 2678549 1882074 0020283 0450407 0450408 0450409 0332256 2700400 0037494 1959973 0013618 0001128 0015075 0015096 0202406 1883708 0369637 0441923 1439852 1442448 0439227
 0441889 0456079 1547707 2946261 0162781 0242485 0423896 0456205
 0023820 2350643 0025255 0369637 0441923 0596901 1706182 0180860 0581406 1522664 1704449 1704684 1875155 0450376 1698986
 0003593 0086045 0449913 1553451 1704459
 1167624 1947902 2827499 1708632 1442460 0055561 0133788 0220884 2348024 0439269 1960952 2346927 1552738
 1167624 1947902 2827499 1858114 2612461 2697537 1442460 0014994 0014996 1161324 2348024 0439269 1960952 2346927 0206243 0699809 0439787 0849355 0684224 0700287 3496591
 0205307 0439166 2347086 1858114 2612461 2697537 0085201 0003592 0021966 0221138 0910762 0007066 0016321 0064970 0001128 0029195 0182400 0202406 0303920 0332583 1704681 1708632 2347609 3536729 0014898 1858114 2612461 2697537 0302828 1442085 3263700 0026381 0182400
 0013682 1858114 2612461 2697537 0220825 0443289 1705241 1705242
 0014898 0002508 0003591 0205164 0205225 0205448 0439631 0021966 0221138
 1979874 1442460 0014994 0014996 1161324 1858114 2612461 2697537 1883351 0079809 0242485 0243144 0347980
 0023820 0016107 0038280 0025255 0596901 1706182 0450376 1698986 0332582 1524063 0439230 0455052 1273517 1521827
 0302891 1858114 2612461 2697537 1858114 2612461 2697537 1442460 0014994 0014996 1161324 1547282 0332120 1518422 1707455 1708632 1858114 2612461 2697537 0425245 0449580 2348205
 2347469 0243125 0699900 0600209 0013862 0037506 0071500 0596607
 1553033 0023779 0486616 1555710 1518422 0392747
 0007634 3282337 0439479 0555206 0872171 1314677 0332256 2700400 0015965 0229671 0230445 0521457 1305418 1546774 1550100 0030842 0220892 0439340 1880521 2945590 0439526 0038425 0439267 0439526 0001861 3536832
 0008385 0008387 0014894 0014898 0020289 0008385 1416865 0008387 0014894 0008377 0014898 0020289 0205177 0439167 0441655 1561536 0007634 3282337 0439479 0555206 0872171 0036563 1705192 1882540 2346495 2347577 0872171
 1705175 1705176 1705177 1705178 1882348 1516048 0004083 0439849 0596306 0699792 2611279 0243144 0347980 0007634 3282337 0205170 3146287 0036563 1705192 1882540 2346495 1166718 0005971 0007634 1139930 3282337 3537155 0205170 3146287
 1517586 0012634 0348080 1705253 0185125 0039593 0392366 1280500 0003241 0021027 0332300 0205170 3146287 0005971 1139930 3537155 0557351
 0205448 0007634 3282337 0008377 0439584 0456696 1442770 0439227 1708715 0003232 1422646 1300565 0439526
 0205449 0332173 0439228 0439505 0009458 0439536 1705217 3244283 0849355 0007634 3282337 1548982 0040223 1632851 0332256 2700400 1422646 0003232 1883708 0009458 0439536 0439583 0445247 1439852 1705217 3244283 0337051 1509144 2349200
 0441648 0003232 1422646 0007634 3282337 0681814 1273517 1705242
 0007634 3282337 0205170 0205452 3146287 0010453 0220814 0430400 2242979 1166718 0005971 0007634 1139930 3282337 3537155 0205170 3146287 0008377 1527121 1708715 0439584 0456696 1442770 0439227 0439526 0003232 1422646 1442460 1300565 0439526
 0012634 0348080 1705253 1273517 0439192 0020498
 0007634 3282337 1883708 0332293 1522326 0439584 0456696 1442770 0439227 1439852 0242295 1422646 1947943 2348609 0332197 1689985 0243148 1550141 1882979 2587213 3274648 0332443 0392148 1858114 2612461 2697537
 0009458 0162867 1254021 0439267 0179834 0456692 1442446 0439232 0700321 0702093 1282918 2347166 0849355 1883720 3244314 1553389 1553403 1705537 0007634 3282337
 0007634 3282337 1548982 0040223 1632851 2698229 0043047 0439526 0599638 1550678 0037680 0020746
 0007634 1269647 1704653 1948049 0023779 0025663 0185115 0449851 0871511 3541890
 0205390 1512080 2827485 0028158 1550581 0034553 0008238 0449468 0700321 1690016 1705102 2700258 0008569 0008550 0205168 0934502 1522408 1561599 1979893 1139930 1524063 0449913 1553451 1704459 0068008 0014994 0014996 3495432 1161324 0000983 0000985 0001128 0202406 0981805 0439086 2827736 2981702
 0008387 0014898 0034553 0009458 0162867 1254021 0036405 1710025 0302908 0444706 0677601 0678573 1304698 1546699 1561501 1705206 3541902
 0427716 1304757 0086045 1446561 0007634 0150312 0332285 1269647 1704653 1948049 0249069 0005507 0033684 0243073 0812225 1150635 1510438 1705212 1705213 2828366 3273202 0036774 0036773 0728877 0001924 0007452 0229671 1140701 1546774 1550100 1442989 2828392
 1442460 0008377 0086597 0127400 0205307 0439166 2347086 0332307 0008387 0014898 0439165 1265611 1549488 1561533 1708632 0368909 0008377 0332296 1880497 1996904 0009458 0391871 0439536 1283071 1705217 3244283 0080103 0205345 1547039 0205170 3146287 0009458 0439536 1705217 3244283 1265611 0007634 0033684 1269647 1704653 1948049
 0680730 0206243 0699809 0205174 0439787 0849355
 0005507 0243073 1510438 0005507 0243073 1510438 0206243 0699809 0439787 0849355 1552738
 0007634 3282337 0003232 0332256 1439852 2700400 1422646 0243148 1550141 1882979 2587213 3274648 0332443 0392148 1858114 2612461 2697537
 0441648 0991865 0006353 0031603 0031701 0036082 1601799 0007634 3282337 0041175 0006353 0077281 0814229 1882074 0020283 0450407 0450408 0450409 0038636 1161331 0013618 0001128 0015075 0015096 0202406 0012789 0439267 0439526 0439267 0439526 2924518 0542559 1318139 0457385
 0007592 2828366 0041609 1301820 0456693 1442458 0439232 0700321 0702093 1282918 2347166 0439267 0450376
 1550101 0008385 1416865 0008387 0014894 0449897 0008377 0014442 0014898 0020289 0037633 0525069 1273517 1882074 2825492
 0033684 0423896 0456205 0249069 0005507 0022877 0033684 0243073 0812225 1150635 1510438 1619828 1705212 1705213 3273202 0036774 0036773 0728877 0001924 0007452 0229671 1140701 1546774 1550100 1442989 2828392
 0443286 1114821 0332256 2700400 0071778 0031603 0031701 0032821 0597277 1601799 1882074 0020283 0450407 0450408 0450409 0013618 0001128 0015075 0015096 0202406 0012789 0036774 0036773 0728877 0001924 0007452 0229671 1140701 1546774 1550100 0133788 0220884 1512024 1634619 0439191 0439086 2827736 2981702 2827734 2981698 2828366 0439294 0439526
 0439232 0700321 0702093 1282918 2347166 0133788 0220884 0391871 1283071 0001963 0185115 0439526 0439962 1883712 3541890 0008238 0019225 0332256 2700400 0028928 0028929 0001128 0202406 0439267 0439394 1706495 3642217 0439526 0006020 1161318 0001128 0202406 0020283 0450407 0450408 0450409
 0175730 1547937 1704474 0040822 1883023 0439232 0700321 0702093 1282918 1690553 2347166 0439267 0179834 0456692 1442446 0439232 0700321 0702093 1282918 2347166 2348236 0005903 0039476 1547703
 0034553 0750480 1705566
 1880519 0439148 1519795 1704753 0027960 0324740 0439189 1456781 1824986 0470296 0439232 0700321 0702093 1282918 2347166
 1274040 1546471 2825142 0243148 0439165 1549488 1550141 1561533 1882979 2587213 3274648 1858114 2612461 2697537
 0243122 1145667 1167622 0007634 3282337 0439227 1439852 0439526 0444499 0003232 0242295 1947943 2348609 1422646 0332256 2700400 0086045 1858114 2612461 2697537 1300565 1858114 2612461 2697537
 1883351 0441889 0456079 1547707 2946261 0007634 3282337 1858114 2612461 2697537 1300565 0268226 0439526 0332462 1439852 1858114 1880834 1979886 2612461 2697537
 0007634 3282337 1548982 0009264 0009443 0234192 1720725 1948050 1422646 1948050 0991865 0006353 0009264 0009443 0031603 0031701 0036082 0040223 0205448 0234192 1601799 1632851 0687118 1561504 0182301 1706407 0205548 0016263 0016315 0806140 0814048 0681850 1550501 1706203 2349001 2697811 1524063
 0443211 1272684 1883351 0332196 2828389 0440266 0332621 0439168
 0007634 3282337 0370003 0936012 2347026
 0699040 0332281 0023820 3272964 0016315 0522510 0549183 0876920 2347635 2348144 2939193 1516048 1524063 0557702 0237753 0449788
 0042295 0004083 0439849 0596306 0699792 0205370 0205369 1301820 1518422 1552740 1706907
 0681814 0023820 0001128 0202406 1858114 2612461 2697537 1524062 0007634 0521115 3282337
 0004083 0439849 0596306 0699792 0233660 0332206 0312586 0003241 0021027 0456693 1442458 0439232 0700321 0702093 1282918 2347166 0007634 3282337 1883712 1858114 2612461 2697537
 0034493 0086045 0445247 1273517 1446561 1639518 1947986 0205160 0243148 1513916 1550141 1882979 2587213 2825415 2825491 3274648
 0681814 0040223 1632851 1524063 0455052 1521827
 0026022 0016315 0026018 0332282 0439086 2827736 2981702 1292428 0439227 1858114 2612461 2697537 1701810 1882955 1442447 0231441 0439232 0443218 0700321 0702093 1282918 2347166 2827483 0016564 0441468 1524063 0016315 0181839 1706379 0036849 0060520 0124209 0180860 0206359 0581406 1442518 1522664 1704449 1704684 1705195 1875155
 0007634 3282337 0439227 1439852 0439526 0444499 0003232 0242295 1947943 2348609 1422646 0332256 2700400 0086045 1442460 1858114 2612461 2697537 0085201 0086706 0268226 1300565 1637390 0003592 0021966 0221138 0302891 0439267 0439526 1442460 1858114 2612461 2697537
 1883351 0205370 0205369 0243122 1145667 1167622 1518422 1552740 0007634 3282337 1708632 1858114 2612461 2697537 1300565 0268226 0332462 0392148 1439852 1880834 1979886 1858114 2612461 2697537
 0007634 3282337 1548982 0009264 0009443 0234192 1720725 1948050 0332256 2700400 1422646 0991865 0006353 0009264 0009443 0031603 0031701 0036082 0234192 1601799 1720725 1948050 0687118 1561504 0182301 1706407 0439526 0043047 0599638 1550678 0332256 2700400 0242759 0037680 0457385 2924518 0542559 1318139
 0205170 3146287 0034553 0750480 1705566 0033684 0249069 0005507 0033684 0243073 0812225 1150635 1510438 1705212 1705213 3273202 0036774 0036773 0728877 0001924 0007452 0229671 1140701 1546774 1550100 1442989 2828392
 1274040 1546471 2825142 0007634 0033684 0439269 1269647 1512024 1634619 1704653 1948049 1960952 2346927
 0243144 0347980 1442460 1858114 2612461 2697537 0444686 1441506 1443182 1719767 2348589 1522609 0205370
 0681814 0023820 0032413 0021966 0221138 1858114 2612461 2697537 0007634 1524062 3282337
 0205171 1720467 0312586 0003241 0021027 0456693 1442458 0439232 0700321 0702093 1282918 2347166 0007634 3282337 1883712 1858114 2612461 2697537
 0681814 0040223 1632851 1524063 0455052 1521827
 0600209 0013862 0071500 0596607 0013855 0017243 0071499 1382104 0423896 0456205 0013855 0332128 0600209 0013862 0071500 0596607 0013855 0017243 0071499 1382104 1552738
 0017243 0056269 1260957 2986582 0000983 0000985 0001128 0202406 0981805
 0010998 0010992 2828391 1511726 3245479 0936012 1524063 0022885 0038492 0039593 0392366 1551041 1552573
 0042295
 0237881 1709380 0038215 0750502 1272684 1548435
 1274040 1546471 2825142 0520510 0557061 2584313 1514811 1706462 1521970 1706388 2346469 2348519 1264633 0085732 2828366 0008377 0205435 1279901 0332128 0581602 0392747 1554963 0030011 0205263 0302912 0439807
 0349966 1337208
 0450344 1553633 0233929 2349995 0332282 0332157 0274281 0020281 0041485 1521970
 0450346 0740116 2827735 2981700 1709915 1882936 0058505 1882932 0016315 0439083 0439087
 0442805 0600209 0013862 0037506 0071500 0596607 0012634 0348080 1705253 0450345 0750492 0003591 0178576 0205332 0302912 0439807 3146294
 3152252 0577559 1306372 1532717 1532717 0085201 0003592 0021966 0220781 0221138 0439634 1522492 1274040 1546471 2825142 0085202 1704241 0085201 0003592 0021966 0205170 0221138 3146287
 0205447 1518422 0442726 1515926 0041004 0332296 1880497 1996904 0008387 0008377 0031676 0033684 1511726 3245479 1518422 1547282
 0332621 0439168 0439175 0439810 1264633 1554103 1316572 1317574 1369612 0332282 0039798 0087111 1522326 1533734 1705169 3538994
 1265611 0005516 0021966 0221138 0021966 0221138
 0449911 0333052 2607870 0557702 1272706 1704674 0557702 1272706 1704674 0349966 1337208
 2827734 2981698
 0233929 2349995 1883073 2827424 0596607 0013855 0017243 1382104 2347469 0003591
 0302891 1858114 2612461 2697537 0242506 0016315 0037812 2713504 2984732 0681850 1550501 1706203 2349001 2697811 1704625 0312860 0312860
 0600209 0013862 0071500 0596607 0013855 0017243 0071499 1382104 0884358 1524063 0071500 0017243 0520510 1552738 0025663 0025664 0449851
 1708639 2827734 2981698 0021966 0221138
 0740116 2827735 2981700 0085202
 0439086 2827736 2981702 1858114 2612461 2697537
 1858114 2612461 2697537
 0439084 0728893

 0038137 0175675
 0332120 2246761 1705535 0033414 2246761 1261552 1704379 1705117 2825408 1704259 1705987
 0205549 2348044 0681814 1516048 1516240 0015252 0728940 0024432 1546706 1550652 0050486 0332152 0740175 1442460 1527121 1708715 2257086 0008387 0014898 0439584 0456696 1442770 0439227
 2607943 2926606 3539655 0349966 1337208 1547282
 0740116 2827735 2981700 0392747 1554963 0221099 0684336 1858114 2612461 2697537 1274040 1546471 2825142 2246761
 0332120 0086045 1300565 0439526 1709305 3641650 1858114 2612461 2697537 0450354 1706096 0000901 0008377 1273517
 0439659 0042295 0243148 1550141 1882979 2587213 3274648 1280519 1707887 0085201 1300565 0086706 0268226 0302891 1858114 2612461 2697537
 0086045 1446561 0302891 0700364 1883351 2828366 0008377
 0007634 0008377 0205177 0205369 0439167 0441655 0444686 1441506 1443182 1552740 1561536 1708715 3282337 1705241 1705242 0302891 2246761 0302891 1858114 2612461 2697537 2246761
 0205171 1720467 1264633 1554103 0869040 0947630 1273517
 0681814 0917903 1516240 2246761 0024432 1546706 1550652 0004093 1762617
 0449911 0333052 2607870 0557702 1272706 1704674 0557702 1272706 1704674 0349966 1337208
 0740116 2827735 2981700
 2246761 0392148 0302891 1858114 2612461 2697537
 0007634 3282337 1442460 0008377 1708715 1442460 1300565 0439526 1512024 1634619 0439526 0520510 1552738 0025663 0025664 0449851
 0439531 1948053 0007634 3282337 0439584 0456696 1442770 0439227 1439852 0086045 0302891 1858114 2612461 2697537
 0441648 0991865 0006353 0031603 0031701 0036082 1601799 0007634 0178539 0023779 0185115 3541890 0008569 0008550 0086972 0205168 0443299 0687118 0934502 1522408 1561599 0750480 1705566 1883351 1442460 0008387 0014898 1442460 0522531 1264633
 2246761 0444686 1265611 1441506 1442460 1443182 0008377 0332296 1880497 1996904 1979885 0009458 0080103 0205345 0391871 0439536 1283071 1547039 1705217 3244283 0181496 2827499 0205170 3146287
 1522609 0369637 0441923 0680730
 0369773 2603361 0369773 2603361 0369773 2603361
 0681814 0332296 1880497 1996904 2983605 1979885 0008377 0009458 0439536 0444706 1705217 3244283 3541902 0947630
 0456603 1547037 0243148 1550141 1882979 2587213 3274648 0332197 1689985 0302891
 0004083 0439849 0596306 0699792 1704675 0230664 0597357 0008387 0007634 0014898 0178539 0185112 0300926 1514873 1711411 0392747 0524637
 1704675 0007634 3282337 0001721 1516240
 0444930 2746065 1858114 2612461 2697537 0557651 2603343 0004083 0439849 0596306 0699792 1708715
 0349966 1337208
 1882932 0683954 1274040 1546471 2825142 0206243 0699809 0024432 0439787 0849355 1546706 1550652 0085201 0086706 0268226 1300565 1637390 0003592 0021966 0029195 0221138 0439267 0439526 1439852 1858114 2612461 2697537
 1517586 0012634 0348080 1705253 0680844 0681916 0750572 0449851 0443289 0004083 0439849 0596306 0699792 0007634 3282337 0302891 1707455 1858114 2612461 2697537 2348792 0040223 3541383 1552961 2347617 0936012
 0205448 1627358 2349975 1320226 1709305 0439531 1948053
 0004083 0439849 0596306 0699792 0086045 0031843 0392366 0442808 0542341 0700205 1705273 1858114 2612461 2697537 0450365 1706097 0150312 1883351 0205351
 1274040 1546471 2825142 1301820 1547282 0004083 0439849 0596306 0699792 0205217 0442805 1707455 1858114 2612461 2697537 0521093 0750484 0004083 0439849 0596306 0699792 0024432 1546706 1550652
 1883712 0026022 0016315 0026018 1273517 1883351 0004083 0439849 0596306 0699792 0007634 3282337 1320226 0439531 1948053 0439086 2827736 2981702 1292428 0439227 0521093 0750484 0004083 0439849 0596306 0699792 0016263 0806140 0814048 0030695 0150369 0181904 0596972 1521743 1704646
 1518422 0007582 1704675
 0449911 0333052 2607870 0557702 1272706 1704674 0557702 1272706 1704674 0349966 1337208
 0439086 2827736 2981702
 0040223 3541383 0086045 1446561 0011546 0439857 2698668 0004083 0439849 0596306 0699792 0303920 0487602 1704680 0004083 0439849 0596306 0699792 1553033
 0008377 0050486 1300565 1637390 0003593 0439267 0439526 1708715 0520510 1552738 0025663 0025664 0449851
 0439531 1948053 0007634 3282337 1439852 0040223 1632851 1300565 0439526 0302891 1858114 2612461 2697537 0086045 0302891 1705242 1858114 2612461 2697537 2347469
 0005507 0243073 1510438 0332197 0884358 1689985 0392148
 0007634 3282337 1883708 1548982 0991865 0006353 0031603 0031701 0036082 1601799 0016315 0016263 0444706 0806140 0814048 3541902
 0243122 1145667 1167622 1719767 2348589 0242485 0332462 0392148 1880834 1979886 1881534 1858114 2612461 2697537
 0042295 0332291 0085862 0205450 0369637 0441923 0681814 1299583 1524063 0455052 1521827
 1547282 0026022 0016315 0026018 0439086 2827736 2981702 1292428 0439227 0332282 0243144 0347980 1300565 0439526
 0369773 2603361
 0243144 0347980 2611279 0243144 0347980 0178602 0869039 1114758 0030695 0150369 0181904 0596972 1521743 1704646
 0007634 3282337 0085201 0086706 0268226 1300565 1637390 0003592 0021966 0221138 0439267 0439526 1439852 1442460 1858114 2612461 2697537 0439232 0700321 0702093 1282918 2347166 0450373 1553636 0439227 0086045 1858114 2612461 2697537 0450375
 0947630 0243144 0347980 0205172 0302891 1442460 1858114 2612461 2697537 0349966 1337208
 0917903 0085732 0849355 1883720 3244314 1858114 2612461 2697537 0870432 1704675 0040671 1705822 1858114 2612461 2697537
 0085732 2828366 0008377 1518422 0004083 0007634 0332452 0439849 0596306 0699792 1269647 1704653 1948049 0449234 1704772 1882133
 0449911 0333052 2607870 0557702 1272706 1704674 0557702 1272706 1704674 0349966 1337208

 0040223 3541383 0086045 1446561 0011546 0439857 2698668 2611279 0243144 0347980
 0007634 3282337 0008377 0003593 0050486 0628062 1300565 1637390 0003591 0439267 0439526 1708715 0520510 1552738 0025663 0025664 0449851
 0439531 1948053 0007634 3282337 0040223 1439852 1632851 1705242 1442103 1547049 1300565 0439526 0302891 1442460 1858114 2612461 2697537 0439227 0086045 0302891 1442460 1858114 2612461 2697537 2347469 0332197 1689985 0392148
 0441648 0205369 1552740 1442460 0243144 0347980 0034553 0242485
 1522609 1882932 0369637 0441923 0681814 1524063 0455052 1521827
 0369773 2603361 0369773 2603361
 1149857 1149632 0205177 0439167 0441655 1561536 1521721 0004083 0439849 0596306 0699792
 1283828 1551357 1883351 2246761 1551359 2741673 2981730 0301630 0392756 0441610 0205177 0439167 0441655 1561536 0008385 1416865 0008387 0014894 0008377 0014898 0020289 0014442 1273518
 1285529 0681814 0206243 0699809 2246761 0201950 0008377 0242485 0439787 0849355 2348205 0012634 0348080 1705253
 0007634 3282337 0008377 0050486 1442460 1708715 0008387 0014898 0439584 0456696 1442770 0439227 0392148 0332197 1689985 1858114 2612461 2697537 1300565 0439526
 1883708 1550101 0005507 0243073 1510438
 0205397 0349966 1337208
 0439084 0728893 1858114 2612461 2697537 0008385 1416865 0008387 0014894 0008377 0014898 0020289 0441994 1548802 1879547 1882074 2003888 2825492 1274040 1546471 2825142 0302891 1707455 1858114 2612461 2697537
 1705241 1705242 1441672 1149857 1149632 0205177 0439167 0441655 1561536 0008385 1416865 0392148 0444706 3541902 0332197 1689985 1518422 2349975 1149857 1149632 0205177 0439167 0441655 1561536 0008385 1416865
 0449911 0333052 2607870 0557702 1272706 1704674 0557702 1272706 1704674 0349966 1337208
 0439084 0728893
 1149857 1149632 0205177 0439167 0441655 1561536 0086045
 0008377 0050486 1300565 1637390 0003593 0439267 0439526 1708715 0520510 1552738 0025663 0025664 0449851
 0439531 1948053 0007634 3282337 0439584 0456696 1442770 0439227 1439852 0086045 0302891 1858114 2612461 2697537
 0441648 0991865 0006353 0031603 0031701 0036082 1601799 0007634 3282337 0037680 0041175 0006353 1882074 0020283 0450407 0450408 0450409 0332256 2700400 0038636 1161331 0013618 0001128 0015075 0015096 0202406 0012789 0064858 0070329
 0439962 1883708 0456693 1442458 0439232 0700321 0702093 1282918 2347166 0439267 0450376
 1550101 0086376 0033684 0439267 1149857 0008385 1416865 0008387 0014894 1149632 0008377 0014898 0020289 0205177 0439167 0441655 1561536 1882074 2825492 0005507 0243073 1510438 0520510 1552738 0025663 0025664 0449851
 1274040 1546471 2825142 0205177 0205265 0439165 0439167 0441655 1279901 1549488 1555582 1561533 1561536 1705685 0332197 1689985 1858114 2612461 2697537
 1552961 2347617 1882932 0444504 2347634 2348143
 0369773 2603361 0369773 2603361
 0679932 0947630 2698671 1858114 2612461 2697537
 1705175 1705176 1705177 1705178 1882348 1706817 1522634 0205435 1279901 1704788 3539106 0085732 0302891 0004083 0439849 0596306 0699792
 0444930 2746065 0268226 1300565 1637390 0439526 0086045 0302891 0442808 1439852 1858114 2612461 2697537 1858114 2612461 2697537 0050486 0348035 1829712 0030011
 0205370 0205369 0243122 1145667 1167622 1518422 1552740 0332462 1301820 1858114 1880834 1883712 1979886 2612461 2697537 1719767 2348589 0042295
 0349966 1337208 1547282
 0004083 0439849 0596306 0699792 0522501 0439083 0439087 0302891 0311403 1858114 2612461 2697537 1300565 0439526
 0021467 0021469 1628982 3463820 0085201 0086706 0268226 1300565 1637390 0003592 0021966 0221138 0439267 0439526 2584321
 0449774 0023820 0392747 1441672 1705175 1705176 1705177 1705178 1882348
 1858114 2612461 2697537 0853084 0086045 0302891 0442808 1439852 1858114 2612461 2697537 0050486 0348035 1829712 0030011
 1280500 2348382 0050486 0549399 1301820 1300565 0439526
 0013682 0050486 1858114 2612461 2697537 0348035
 1316572 1317574 1369612 0557651 0947630 2603343 0302891 1300565 0439526 0085732 1299581 1883351 0018790 0237477 0392351 0521111 0004083 0439849 0596306 0699792
 2607943 2926606 3539655 1705535 2827734 2981698 1858114 2612461 2697537 0034800 0699040 1514760 0007634 0205148 0597357 1269647 1704653 1948049 1858114 2612461 2697537 0740116 2827735 2981700 0597357 0037791 1511884
 0449911 0333052 2607870 0557702 1272706 1704674 0557702 1272706 1704674 0349966 1337208

 0012725 0012727 0456080 2347509 0007634 3282337
 0007634 3282337 0008377 0003593 0050486 0628062 1300565 1637390 0003591 0439267 0439526 1708715 0520510 1552738 0025663 0025664 0449851
 0439531 1948053 0007634 3282337 0205173 1439852 3539942 1300565 0439526 0302891 1858114 2612461 2697537 0392148 0332197 1689985 0243148 1550141 1882979 2587213 3274648 0439084 0728893 0086045 1446561 1858114 2612461 2697537 1858114 2612461 2697537 0050486 0348035 0030011
 0205370 0205369 0243122 1145667 1167622 1518422 1552740 0332462 0392148 1880834 1979886 1858114 2612461 2697537
 0441648 0004083 0439849 0596306 0699792 1858114 2612461 2697537 0016263 0806140 0814048
 0042295 1882932 0439165 1549488 1561533
 1511726 3245479 1547282 0369637 0441923 0681814
 0679932 0947630 0203643 0220825 1442460 0302891 1858114 2612461 2697537 0086706 0268226 0085201 0003592 0021966 0221138 1439852 0085201 0086706 0268226 0003592 0021966 0221138 1858114 2612461 2697537 0050486 0205170 3146287 0348035
 0349966 1337208
 0392756 0547047 1316572 1317574 1369612 0023820 0302891 1439852 1858114 2612461 2697537 1571602
 1299582 0302891 1858114 2612461 2697537
 0282416 1561607 1511726 3245479 0521093 0750484 1456348 0679932 0947630 1705535 0005456 0682969 0205145 0243122 1145667 1167622 1515974 2825164 0333576 0008377 0333562 2603362 0024432 1546706 1550652
 0449911 0333052 2607870 0557702 1272706 1704674 0557702 1272706 1704674 0349966 1337208

 1442460 0243144 0347980
 0007634 3282337 0008377 0003593 0050486 0628062 1300565 1637390 0003591 0439267 0439526 1708715 0520510 1552738 0025663 0025664 0449851
 0439531 1948053 0007634 3282337 0205173 1439852 3539942 1300565 0439526 0302891 1442460 1858114 2612461 2697537 0392148 0439084 0728893 0086045 1446561 1858114 2612461 2697537 1858114 2612461 2697537 0050486 0348035 0030011
 0205370 0205369 0243122 1145667 1167622 1518422 1552740 0332462 0392148 1880834 1979886 1858114 2612461 2697537
 0441648 1442460 0243144 0347980 1858114 2612461 2697537 0750480 1705566 1512024 1634619 0439269 1960952 2346927 0007634 0033684 1269647 1704653 1948049
 0042295 1882932 0439165 1549488 1561533 0681814 1706386 0206243 0699809 0439787 0849355
 1511726 3245479 1547282 0369637 0441923 0681814
 0020792 0205396 1516084 1883351 0441712 1706376 0243144 0347980
 0205435 1279901 0332128 1530904 0074129 0017108 0597357 1003377 1413059 1512977 0007634 0024660 0440102 3282337 1145667 1167622 0597357 0023820
 1524063 0003241 0021027 1517050 0442818 0521119 1880389 1883221 3541951 1709915 1882936 1413059 0004083 0007634 0021467 0021469 0439849 0442726 0596306 0699792 1269647 1628982 1704653 1948049 3463820 0302891 1858114 2612461 2697537 1553640
 0034805 0443640 0282682 0003241 0021027 0233660 0332206 0311403 0007634 0178539 0243144 0347980 1442460 1858114 2612461 2697537 1424736
 0947630 0183683 1521721 0038659 1705535 0004083 0439849 0596306 0699792 0871786 0074129 0017108 0086597 0127400 0597357 1003377 1413059
 0449911 0333052 2607870 0557702 1272706 1704674 0557702 1272706 1704674 0349966 1337208

 1280500 2348382 0302891 0004083 0439849 0596306 0699792 2611279 0243144 0347980 2347469
 0007634 3282337 0008377 0003593 0050486 0628062 1300565 1637390 0003591 0439267 0439526 1708715 0520510 1552738 0025663 0025664 0449851
 0439531 1948053 0007634 3282337 0439227 1439852 1300565 0439526 0302891 0005680 0027567 0085756 0439541 0556636 1269776 1858114 2612461 2697537 1442460 1858114 2612461 2697537 2347469 0439294 0439269 0439526 1960952 2346927 0282682 1979003 0034805 0003241 0021027 0456693 1442458 0439232 0700321 0702093 1282918 2347166 0007634 3282337 1883712 1858114 2612461 2697537 0449468 1690016 1705102 2700258 0439526
 0009932 0243148 0681814 1550141 1882979 2587213 3274648 0206243 0699809 0439294 0034493 0439269 0439526 0439787 0849355 1960952 2346927 0012634 0348080 1705253
 0441648 0016315 0007634 0178539 1442460 0243144 0347980 0016263 0806140 0814048 0242485
 1274040 1546471 2825142 0439165 1522609 1549488 1561533 0003241 0021027 0034493
 1522609 0369637 0441923 0681814 1524063 0455052 1521827
 0074129 0017108 0597357 1003377 0024432 1546706 1550652 0023820 1516048 1880177 2611279 0243144 0347980
 0557351 0001128 0202406 0001128 0202406 1999216 1145667 1167622 0074129 0003353 0003504 0017108 0597357 1003377
 0007634 3282337 0439227 1439852 1300565 0439526 0302891 1858114 2612461 2697537 1553641 0302891 1442460 1858114 2612461 2697537 0392148 0086045 0032413 0021966 0221138
 0349966 1337208 1547282
 1553641 0023688 0392756 0004083 0439849 0596306 0699792 0243148 1550141 1882979 2587213 3274648 0029195 1858114 2612461 2697537 0243148 1550141 1882979 2587213 3274648
 1979874 0032413 0021966 0221138 2349975 1442460 2611279 0243144 0347980 1442460 2611279 0243144 0347980 0032413 0021966 0032400 0071360 0221138 0311403 0747726
 2607943 2926606 3539655 1444656 0441729 0021966 0221138 0074129 0017108 0597357 1003377 0086597 0127400 0243122 1145667 1167622 2611279 0243144 0347980
 0449911 0333052 2607870 0557702 1272706 1704674 0557702 1272706 1704674 0349966 1337208

 1280500 2348382 0302891 0004083 0439849 0596306 0699792 2611279 0243144 0347980 2347469
 0007634 3282337 0008377 0003593 0050486 0628062 1300565 1637390 0003591 0439267 0439526 1708715 0520510 1552738 0025663 0025664 0449851
 0439531 1948053 0007634 3282337 0439227 1439852 1300565 0439526 0302891 1858114 2612461 2697537 1442460 1858114 2612461 2697537 2347469 0243148 1550141 1882979 2587213 3274648 0086045
 0205370 0205369 0243122 1145667 1167622 1518422 1552740 0332462 0392148 1880834 1979886 1858114 2612461 2697537
 0441648 0016315 0007634 0178539 1442460 0243144 0347980 0016263 0806140 0814048 0034553 0242485 1515981
 1274040 1546471 2825142 0032413 0021966 0221138
 1522609 0369637 0441923 0681814 1524063 0455052 1521827
 0369773 2603361
 0520510 0557061 2584313 1514811 1706462 0032105 0441889 1550098 0332281 0004153 0035647 0205216 0392756 0442797 1280500 2348382 0035820 0205099 1705810 1879652 0449234 1704772 1882133 2248593 1159709 0005528 0008377 1317949 1555029 3495449 0331809 0331809
 1184743 1522240 1264633 1554103 2963144 0008377 0308779 1705822 1874964 0008377 0015252 0023884 0728940 0736268 1278929 2346688 1157403 0036536 0036537
 0392747 1554963 1709305 2745955 0035173 1516084 1883351 0085732 0086597 2246761
 0205393 0947630 0030011 0392747 1554963 2246761 0008377 0205216 1274040 1546471 2825142
 1548602 1704686 0009491 1579762 0557651 2603343 2246761 0024432 1546706 1550652 0679133 0441712 1314939
 0022702 0947630 0443211 1272684 0024432 1546706 1550652
 0237753 0449788 1883712 0237897 0808080 1705922 0205447 0302523 0700325 3244290 0242767 1186763 1516240 1517945 1711359 1274040 1546471 2825142 1184743 1522240 1515655
 0205448 0034553 0005388 0150312 0005390 0523530 0332282 0021494 0021485 0348016 1272883 1533685 1828121 0008377 1705535 0008377
 0205449 0332120 0428479 0441889 0027021 0440053 0221198 0333482
 0007634 3282337 1882932 3161035 0332183 1156530 0008377 0025519 0025520 0557351 1261322 1552578
 1273517 1883351 0557651 2603343 0441712 1444748 2612461 0597177 0032930 0423896 0456205
 0007600 0007634 0205132 1269647 1550648 1552960 1704653 1948049 1518422 0003595 0003591 0379710 1332669 0887901 0302891 1442162 1550718 3244317 0003595 0003591 0521102 1280500 0441712 0684224 0700287 3496591 2349975 0015252 0728940 0016390 0007634 0280592 0991510 3282337
 0681841 0302523 0700325 3244290 0332257 1552866 2700399 1524063 0042153 0457083 1947944 0441889 0449286 0542560 1561545 2348088 0178576 0052209 0456389 0178587 0486616 1555710 0443602 0023779 0423896 0456205 1547282 1883351 0001721 0030685 0391871 0439180 0680255 1283071 1963578
 1511726 3245479 0332290 0700287 1280500 2348382 0333668 0008387 0016390 0007634 0280592 0991510 3282337 0450442 1254351 1521826 0122922 0024643 1177210 0004083 0439849 0596306 0699792
 1516084 1883351 0441712 2246761 0023822 0392885 0008377 0085732 0221099 0684336 1517892 1704666
 1512571 0442818 0947630 0392756 1314939 1510827 0332294 0392756 0597177 0678226 1516240 0849355 1883720 3244314 0008377
 1518422 2945640 0004083 0439849 0596306 0699792 0040671 1705822
 0301630 0392756 0441610 0678226 0332453 1518422 1704675 3146286 0220905 1704735 1880389 1883221 3541951 1278073 0025249 0023779 0007603 0597357
 0302523 0700325 3244290 0007582 1704675 0243144 0347980 0024432 1546706 1550652 0205217 0442805
 1261552 1704379 1705117 2825408 3242379 0020291 0185112 0300926 2246761 0007634 0008377 0178539 0332152 1522538 0034800 0062151 2611277 0699040 0007634 0205148 0597357 1269647 1704653 1948049 0392760 1314939
 0008385 1413336 0008377 0014894 0205234 1285542 1882074 2825492 0243125 0699900 1314939 2827664 0035173 1705535 0185112 0300926 0016390 0007634 0280592 0991510 3282337 0014442 0086597 0127400 1383501
 0150312 0442818 1149857 1149632 0205177 0439167 0441655 1561536
 0042295 0441994 1548802 2003888 1552738 0332152 1705850
 0750492 0007634 3282337 0008377 0050486 1708715 1883712 1858114 2612461 2697537
 0442805 1547282 1883351 0008385 1416865 0008387 0014894 0008377 0014898 0020289
 0018563 1281583 1552914 0274281 0332157 1149857 0008385 1416865 0008387 0014894 1149632 0086439 0008377 0014898 0020289 0205177 0392756 0439167 0441655 1561536 1882074 2825492 1274040 1546471 2825142 0392756 0439849 0445223 0547047 2246761
 2827664 0010834 1698986 1511572 0014895 2986904 0947630 1516048 1880177 0008377 0007603 0025255 0032105 0596901 1550098 1706182
 0024432 0026473 0040682 0439849 0445223 1441547 1510411 1546706 1550652 1705163 3245521 0016390 0007634 0280592 0991510 3282337 0678579
 0243144 0347980 0074129 0017108 0086597 0127400 0597357 1003377 0074129 0017108 0597357 1003377 0024432 0205148 1546706 1550652
 0920644 0031843 0542341 0700205 1705273 0039869 1883351 0683607 1159709 0005528 1317949 3495449 1515981 2611279 0243144 0347980 0023884 0736268 1278929 2346688 0040300 1883351 0178735
 1274040 1546471 2825142 0007634 3282337 2612461 0597177
 1547282 1883351 0348035 0030011 0023688 0074129 0017108 0597357 1003377 1413059
 0332120 0021135 1533691 2827718 0681814 1999230 0034805 0003241 0021027 0028778 0332206 2983591 0243144 0347980 0011209 0559563 1705822
 0086035 1413059 1145667 1167622 0302891 1858114 2612461 2697537 0443640 0003241 0021027 0205369 1552740 1316572 1317574 1369612 0332149 1705910 2362652 0332196 2828389 0679823 0007634 3282337
 0023866 0034036 0074129 0302891
 0050486 0074129 0003353 0003504 0017108 0597357 1003377 1424250 2698414 0348035 0030011 0750492 0074129 0017108 0597357 1003377 1883727
 1510827 0679133
 1511726 3245479
 0036572 0424576 2349186 1979963 2003903 0750591 0035820 1705810 0524637 0302891 0349966 1337208
 1424250 2698414 0085732 0205396 1527178 1550043 1551388 1874451 0086597 0871786 0015127 1524003 0333574
 0150312 0449450 0022801 0007634 3282337 0225336 0007634 0014257 3282337
 0032550 1145667 1167622 0074129 0003353 0003504 0017108 0597357 1003377 1442162 1550718 3244317 0085732 0348078 0376315 1522492 0018882 0229304 1017315 1704821 1705682
 1524063 0001128 0202406 1441672 0004083 0439849 0596306 0699792 0392756 0302891 1707455
 1274040 1546471 2825142 1301820 1442460 0243144 0347980
 1511726 3245479 1705535 1273518
 0031843 0542341 0700205 1705273 0074129 0003353 0003504 0017108 0597357 1003377 0033414 0449297 1382187 2825073 0007634 3282337 0032120 0032112 0332149 1705910 2362652 0392747 1554963 1881534 0599281 0871786
 1510827 0309049 2611279 0243144 0347980 2246761
 1524062 0699040 1148429 0007634 0205148 0567416 1269647 1704653 1948049 1145667 1167622 0205392 0441472 3540770 0557651 2603343
 1707478 1511726 3245479 0013682 1749399 0074129 0597358 0003353 0003504 0017108 0243122 0597357 1003377 1145667 1167622 1540850
 1979874 2612461 0597177 0442799 0086035 0007634 3282337 1184743 1522240 1149857 0008385 1416865 0008387 0014894 1149632 0008377 0014898 0020289 0205177 0205216 0439167 0441655 1561536 1882074 2825492 0524637 2611279 0243144 0347980 0008387
 1423524 3273411 3273412 1883351 2986676 0455052 1521827 0600659
 0043227 1521721 1540289 2698590 0018173
 1514811 1706462 0520510 0557061 2584313 1514811 1706462 0597277 1708601
 2603360 0033727 0369286 0441932 0564385
 0033727 0369286 0441932 0564385 0369637 0441923

 0020792 0205396 0062151 0065059 0597357 0023821
 0036397 0000857 0600678 1552863 2603360 0369773 2603361 0205090 0684010 2603358

 0022686 0677881 1511636 0348035 0030011


 0025141 0369637 0441923 2347469

 0030011 0311404 0449438 0725813 0023820 0007634 1515981 3282337 0035820 1705810 0003402
 0027960 0324740 0439189 1456781 1824986
 0007634 1269647 1704653 1948049

 0025141 2603362
 0597277 1708601
 0439267
 0678579 0369637 0441923
 2603362

 1157973 0243125 0699900 1159402 0851285 1327622 0016030
 1418943

 0268596 2700624
 3642273
 0041703 0000857 0600678 1552863 0369773 2603361 0369637 0441923

 0449913 1553451 1704459 0439962 0017860

 2347379
 1553033 0033727 0369286 0441932 0564385

 1158918 0392747 1554963 1280500

 0025141
 0597277 1708601
 0597277 1708601 0205090 0684010 2603358

 0023821 0023820 0178587 0205250 1299351 2700149 0007294 0560175 1706209 3273162 0544357 0032105 0005767 0005768 0229664 1550098 0013018 1527169
 1418943

 0268596 2700624
 3642273
 0041703 0000857 0600678 1552863 0678579 0369637 0441923
 2603362
 0439394 1706495 3642217

 0034821 0008377 0004153
 3642273
 0025141 0678579 0369637 0441923
 2603362
 0597277 1708601
 0205090 0684010 2603358 1832110
 0597277 1708601

 1511758 1704259 1705987 0449604 0037791 1511884 0086597 0243144 0347980 0024432 1546706 1550652



 0025141
 2603360 0369718 0441922 1553036

 0392747 1554963 0205263 1704675 0027950 0023516 0001721 0085732 0849355 1883720 3244314 0008377

 0025141
 0369637 0441923


 1705241 1705242 0086418 0026473 1441547 3245521 0024432 1546706 1550652
 0332120 0024432 1546706 1550652


 0000857 0600678 1552863

 0439394 1706495 3642217


 0027021 0440053 0175921 0086418 0221198 0333482

 1315013

 0025141 2603362

 1158917 0025519 0025520 0023821

 2347379
 0025141 0331809
 0331809 0369773 2603361


 0031842 0031843

 2347379
 0000857 0600678 1552863 0597277 1708601 2603360


 1710236 0018790 0237477 0392351 0521111 0243144 0347980 1882726 0227525 0682552 0736268 0007634 0023884 1278929 2346688 3282337


 0025141 0439394 1706495 3642217
 0439267 0369637 0441923 0439267
 0033727 0369286 0441932 0564385

 0025663 0449851 0871511 0243114 1998793 0229982 0040300


 0201682
 0439267


 0439394 1706495 3642217


 0027021 0031179 1318719 2349975 0015252 0728940 0016390 0007634 0280592 0991510 3282337
 1418943

 0268596 2700624
 3642273
 0041703 0439083 0439087 0000857 0600678 1552863
 0439267 0033727 0369286 0441932 0564385

 0030011 0021135 1533691 2827718
 0242606 0038435 0311404 0085403 0003402
 0027976 0205314
 0439394 1706495 3642217 0369718 0441922 1553036

 2246761



 0450348 0025141 0439267 0439394 1706495 3642217 0369637 0441923 0205090 0684010 2603358

 0023821 1857300 0003277 0243077 1272578 0016030 0086418 0444099 1123023 1278993

 0000857 0600678 1552863
 2603362 0439394 1706495 3642217

 0023820 0332257 1514468 0018790 0237477 0392351 0521111 0036536 0036537



 0450348 0025141
 2603362
 0597277 1708601 0678579 0369637 0441923
 2603362

 0034821 1366529 0597361 0065059 0599283 0014139 0086597 0127400 0597357 2984285 0007600 0007635 3282338

 0025141
 1832110
 0597277 1708601 2603362
 0597277 1708601 0678579 0369637 0441923
 2603362

 0005456 0682969 0205145 0243122 1145667 1167622 1515974 2825164 0086597 0243144 0347980 1157973 0243125 0699900 0050486 0333576 0333562
 1418943

 0268596 2700624
 3642273
 0041703 0000857 0600678 1552863

 0205090 0684010 2603358


 0369773 2603361

 0205090 0684010 2603358 1708595 3280986 2603362 0033727 0369286 0441932 0564385


 0023822 0023821 1522133 0065055 0008377 0023820 0178587 0205250 1299351 2700149 0007222 0007226 0012634
 0005775 1516559 0000857 0600678 1552863 2603360
 0369773 2603361 0369637 0441923

 2347469 2603360
 0205090 0684010 2603358

 0023821 0065058 0125953 1096202 0023820 0178587 0205250 1299351 2700149 0010054 0010068 0018799 0012634 0018787 1281570



 0025141 0004083 0439849 0596306 0699792

 2603362

 0439267

 0185112 0300926 0008387 0014898 0086418 1421351 1705396 0024432 1546706 1550652
 0004153 0025141 0016327 0439133 1553038 2347469

 0023822 0023821 1522133 0065055 0008377 0023820 0178587 0205250 1299351 2700149 0015252 0728940 0040287 0220927 0040300 0520511 1547928 1704711 0036536 0036537


 0025141 0016327 0439133 1553038

 0036536 0036537
 0004153 0025141 0369637 0441923 0369637 0441923
 2603360

 0004083 0439849 0596306 0699792 0023821 0023820 0178587 0205250 1299351 2700149

 0027960 0324740 0439189 1456781 1824986

 0063789 3272375
 0025141 0205090 0684010 2603358
 0021966 0221138 0033727 0369286 0441932 0564385

 0033727 0369286 0441932 0564385

 0520511 1704711 0243176 0486616 1555710 0086418 0229671 1546774 1550100

 1315013



 0205090 0684010 2603358
 1708595 3280986 0439267
 0205437
 0596402 0021467 0021469 1628982 3463820 0026844 1267092 0005847 0026845 0205357 1558950 1801960 0225336 0007585 0007634 0014257 3282337
 0004153 0025141 2603360

 0008385 1416868 1512498 0019932 0023764 0332324 1550474 0023764
 0027960 0324740 0439189 1456781 1824986

 0025141 2347469 0369718 0441922 1553036 0038817 0376223 2303040 0369637 0441923
 0369637 0441923
 0439267
 0033727 0369286 0441932 0564385
 2347469 0023493 1961099
 0205090 0684010 2603358

 0074129 0033414 2246761 0023822 1522133


 0201682

 0016327 0439133 1553038
 0033727 0369286 0441932 0564385 0439267
 0033727 0369286 0441932 0564385 0369637 0441923


 1159709 0005528 1317949 3495449 0023821 0023820 0178587 0205250 1299351 2700149


 0025141
 2347469
 0369773 2603361 2603360 0369773 2603361
 0369637 0441923

 0587184 0008377 0229671 1546774 1550100 0023820 1277690 1113667 1281905 0035647 0557651 2603343

 1144859

 2827734 2981698 0025141 1553033 1051267 0369773 2603361 2347469 0205090 0684010 2603358
 0439267

 0003595 0003591 0443264 2246761 0020291 0008387 0023814 0023821 0023820 0086597 0127400 0178587 0205250 1299351 2700149 0003591

 0027960 0324740 0439189 1456781 1824986

 0025141 1553033
 0016327 0439133 1553038
 0016327 0439133 1553038
 2603362


 1709793 1159301 0030011 0033684 0302912 0439807 0009968 2347872 2348263 0063146 0302912 0439807 0700307 2936350 0086418 0205409 0333463 0333482 1548221


 0201682

 0439394 1706495 3642217 0369773 2603361
 0439267

 1868500 0185117 0024523 1963165

 2347379
 0000857 0600678 1552863 1553033 2603360 0369637 0441923

 1825598 0342919 1373178 1156529 0025519 0025520 0034693 0034721
 0086403 0450348 1555763 0025141 1416936
 0452995 3486754 0998924 0033727 0369286 0441932 0564385 2603360

 0243144 0347980 0024432 1546706 1550652 0025914 0025929 0026809 0332268 0441886 2698968 0441730


 0201682
 0443030

 0205090 0684010 2603358
 0369773 2603361

 0243144 0347980 0024432 1546706 1550652 0050486 0001128 0023175 0181586 1185625 1442948 1522538 2348269 2986730 3275067





 0439394 1706495 3642217 0369773 2603361
 0597277 1708601 0205090 0684010 2603358


 0023775 0023779 0178796 0392747 0443172 1705241 0185117


 0201682
 0557775 1511780
 0205090 0684010 2603358


 0597360 0185117 0379710 1332669 0887901 0008387 0332281 0014898 0243144 0347980 2349975 0024432 1546706 1550652

 2347379
 0439509
 1941230 0021966 0221138 0036110 0327949 0459210 0205090 0684010 2603358

 0009968 2347872 2348263 1158918 0392747 1554963 1517945
 0004153 0025141 0439267
 1551092 0369637 0441923 0205090 0684010 2603358
 0369637 0441923


 0311400 1524026 2707259 1853126 0178499 1626935 1423878

 0442532
 2603360 0369718 0441922 1553036 0033727 0369286 0441932 0564385 0597277 1708601 0021966 0221138 3613423 0369637 0441923 2603360

 0392747 0443172 0024432 1546706 1550652
 0441712 1706376 0230704







 2246761 0030011 0023821 0023820 0178587 0205250 1299351 2700149


 2347379

 0025141 0597277 1708601 0332583 2603362
 0205090 0684010 2603358 0369718 0441922 1553036 0439114

 1880022 1334043 0062151 0386684 0065059 0599283 0597357 0814999


 0201682
 0033727 0369286 0441932 0564385 2603360

 0023821 0023820 0178587 0205250 1299351 2700149 1280500 2348382 2246761 0016390 0007634 0280592 0991510 3282337 0392747 1554963
 1418943

 0268596 2700624
 3642273
 0041703 0000857 0600678 1552863 2603362
 1291910 1295018 3541258 2603362
 0439267
 0369773 2603361 0331968 2699100 0439394 1706495 3642217
 0205090 0684010 2603358



 0022687 1538265 1824201 0033727 0369286 0441932 0564385
 0369637 0441923

 0023823 1158918 0023820 0178587 0205251 0205263 0392747 1299352 1550472 1554963 0282547 0427861 0007634 3282337 0128897 1337092 1522558 0282566 1519616 0087044 0103404 0678226 0597295 0026473 0033684 0205263 0220781 0857127 1883254 3146286 0023821 0023820 0178587 0205250 1299351 2700149

 1315013

 0025141
 0016327 0439133 1553038 2603362

 0015252 0728940 0031676

 2347379
 0000857 0600678 1552863
 0016327 0439133 1553038

 0369773 2603361 2603360
 0016327 0439133 1553038

 0003591 0023821 0086597 0015252 0728940 0337051 2324229 0007603 0858034 0008377 0016030 0025255 0032105 1518422 1550098 1708715


 0000857 0600678 1552863 3280437 0439394 1706495 3642217
 0439267

 0023821 0023820 0178587 0205250 1299351 2700149 0018790 0237477 0392351 0521111 1158918 0392747 1554963


 0025141
 0369637 0441923

 0074129 0017108 0597357 1003377 0034817


 1517844
 0025141
 0699759 0369637 0441923

 1749399 0597358 0243122 1145667 1167622 0220781 0439634 0725813 1522492 0018882 0229304 1017315 1704821 1705682


 0201682
 0369637 0441923
 0033727 0369286 0441932 0564385
 0016327 0439133 1553038 2347469
 0439394 1706495 3642217 2603360


 0243144 0347980 0023821 0023820 0178587 0205250 1299351 2700149 0682552 0007634 3282337 1515655 1157403


 0025141 0369718 0441922 1553036 0998924 0033727 0369286 0441932 0564385 2603360 2603362

 0035820 1705810 0031308 0814999 0021135 1533691 2827718
 1418943

 0268596 2700624
 3642273
 0041703 0369637 0441923
 2603360 3280437 0439394 1706495 3642217
 0439267

 0392747 0023823 0023820 0178587 0205251 1299352 1550472 0035820 1705810 0035280 0333117 1753315 1563937
 1418943

 0268596 2700624
 3642273
 0041703 0000857 0600678 1552863 2603362
 0439394 1706495 3642217 0369637 0441923

 1530904 0597357


 0201682
 0036110 0327949 0459210 1553033 0439394 1706495 3642217 0205090 0684010 2603358


 0392747 1554963 0311405 0016030


 0025141
 0369773 2603361
 0016327 0439133 1553038
 0439394 1706495 3642217

 1149323 0243122 1145667 1167622 0007634 0597357 1269647 1704653 1948049 0033414 0040715 2987521 0021868 0025255 0175996 0178719 0699040 0205148


 0201682
 0033727 0369286 0441932 0564385 0439267 0597277 1708601
 0439394 1706495 3642217 0033727 0369286 0441932 0564385
 0033727 0369286 0441932 0564385

 0074129 0017108 0597357 1003377 1292856 1948023 0023821 0023820 0178587 0205250 1299351 2700149 0023823 0023820 0178587 0205251 1299352 1550472 0008377


 0201682
 2603360


 0439394 1706495 3642217

 0008377 1158918 0392747 1554963 0442805 1563937
 0369718 0441922 1553036
 1414400


 0025141 0021966 0221138 0021966 0221138 0205090 0684010 2603358

 0004083 0439849 0596306 0699792 0309872 0007587 0007634 0011065 1269647 1306577 1704653 1948049 0348035 0205263 0030011





 0033727 0369286 0441932 0564385 0205090 0684010 2603358
 0331828
 0369773 2603361
 0369718 0441922 1553036

 0243126 0205250 1299351 2700149 0023823 0023820 0178587 0205251 1299352 1550472

 2347379

 0369718 0441922 1553036

 0024432 1546706 1550652 0332268 0004083 0439849 0596306 0699792 0074129 1547282 0392756 0547047 0243144 0347980 0050486 0814999 1515981 1516044 2610925 1518422 0010957 1883709 0014772 0014792 0439179 1277078 0005773
 1418943

 0268596 2700624
 3642273
 0041703 2603360 2603360 0369718 0441922 1553036 0597277 1708601 0021966 0221138

 0851285 1327622 0008377 0024432 1546706 1550652

 0268596 2700624
 3642273
 0025141


 2603362 0439267


 2246761 0085201 0085202 0003353 0003504 0003591 0086597 0127400 1424250 2698414


 0201682
 0597277 1708601

 0023776 0023779 0031180 0012634
 0201682

 0023779
 0025141 1552616 1706244 1527021 1554111 1705606 3541382 0333052 0239110 1706852 0239110 1705565 1947976 0687676 1704687 0557854 0013849 1705961 1706852 0282420 1706852 1138432 0239110 0162443 0205314 0033213 1706387 1706852 0021966 0221138
 1706852
 1706852 0021966 0221138
 1706852