 1274040 1546471 2825142





 1553033
 0369637 0441923

 0016327 0439133 1553038
 0439267




 0441833 0557651 0687744 1257890 1552516 1705428 1705429 2603343 0020008 0019994 0205246 1510665 1553889 0041703 0041703 0041740 0004716 0041703 0041703 1514756
 1272684 1548435 0520510 0025663 0025664 0449851 1514811 1706462 0002395 1521724 0012634 0524851 0012634 0242538 0728826
 0596611 0026882 0265385 0443147 1833334 0023175 0332162 0348078 0376315 0521114 0522498 0596142 1279919 1442948 1514917 1522492 1522538 1527180 2348269 3275067 0032529 1882417 0003595 0003591 0035648 0050325 0960756 0035647 1521761 2827422 0439234
 0557651 2603343 0917903 0017337 0205450 1524062 1551058 0205163 1549782 1880177
 0884358 0220908 1305399 1705053 0370003 2347026 0027466 0027468 0220825 0332283 0441833 0687744 1257890 1552516 1705428 1705429 2981279
 0884358 2947996 0796345 0002778 0936012 1524024 1441672 0444505 0243161 0750492 1882932 0003595 0003591
 1520996 1521414 1521533 1521580 1515514 1520284 1520587 1520649 0243161 0023956 0449820 2247199 1414860 1452561 2984593 0023956 0449820 2247199 0205447 0002778 0936012 1524024
 0205392 3540770 1883351 0205557 0205237 0439178 1446409 1514241 2825490 1710082 1999230 0919453 0012655 0017337 0220898 1264642 1524062 1547045 1947946 2948600 3540471 3540472
 0520510 0025663 0025664 0449851 1514811 1706462 0002395 1521724 0012634 0524851 0012634 0242538 0728826
 0015272 0443147 0678944 0678942 0242538 0728826 1527180 1708726 2986469 0019409
 0348078 0376315 1522492 0026882 0015127 1524003 0017337 0282443 1709940 0085151 3538722 1456454 0033665 0002716 0011560 0033684 0611285 1709634 0299212 1418985 0872078 0528480 1418986 0872078
 0348078 0376315 1522492 1547282 0242538 0728826 0017337 0332281 0243083 0012634
 0032529 1882417 0003595 0003591 0003595 0003591 0035647 0205217 0442805 0439086 2827736 2981702 0441994 1548802 2003888 0206132 0001779 1512045
 0003595 0003591 0032214 0600138 0035820 1705810 1883525 2346866 0002783 0014507 0947630 1547282 1412481 1445865 0017337 1314792 0012634 0015127 1314939 1524003
 0557651 2603343 0001779 0332162 0332128 0392762 0599883 0750572 0017337 0205164 0205450 1524062 0017337 1883351 0205396 1550043 1551388
 0206132 0001779 0332162 0871935 0012634 0205087 0332162 0185027 1948020 0150312 0237607 0332285 3245512 0003595 0003591 0947630 1441672
 0868928 1706255 1706256 0015264 0243095 0017337 0392760 1314939 0035647 0206132 0001779 1881534 1272688 1280477
 0220908 1305399 1705053 1302584 0011008 0684224 0700287 2348077 3496591 1707391 0370003 2347026 1273517 1281905 0035647 0206132 0001779 1274040 0557351 1883525 2346866
 0947630 0042153 0457083 1947944 0449719 1273517 0205171 1720467 1299586 1883712 0162340 0439849 1705630 1706279 3540605
 0003595 0003591 0005516 1547282 1273937 0237881 0038215 0750502 1546944 0023745 2607943 2926606 3539655 1302584 0011008 0684224 0700287 2348077 3496591 0008654 0008633
 1883712 1328885 2919603 0004083 0017296 0314603 0439849 0596306 0684224 0699792 0700287 3273238 0017337 0750554 0039869 1883351 1704259 1705987
 0684224 0700287 3273238 0796345 0002778 0936012 1524024 0015576 1704727 0370003 2347026 0027466
 0520510 0025663 0025664 0449851 1514811 1706462 1274040 1546471 2825142 0002778 0936012 1524024 0370003 2347026 0027466 0027468 0039224 1706073 1706074
 0002778 0936012 1524024 0370003 0439175 0439810 0884358 2347026 0332257 1552866 2700399 0015576 1704727 0277793 0206132 0332162 0042789 1947903 0025663 0025664 0449851 1515981 0206132 0001779 0205087 0332162 1527178 1705938 0015576 1704727 0441621 0870078 1833334 1955473 0683454 0021966 0221138 0205447 0441621 0870078 1299997 0450385
 0449911 0039224 1706073 1706074 0557702 1272706 1704674 0557702 1272706 1704674 0039224 1706073 1706074
 0023956 0449820 2247199 0871421 0449820 1414860 1452561 2984593 1514799 1264633 1953345 0008633 0017446 0205147 0332287 0023745 0332299 0002778 0205448 0936012 1524024 1552961 2347617 0205171 0439044 0679994
 0439175 0439810 0027466 0027468 0025353 1555896 0018684 0021622 0205543 0229992 0370003 0443225 1272753 2347026 3245503 0015576 1704727
 0015576 1704727 0205087 0332162 0441621 0870078 0027361 0237401 0332162 0001779 0439234 1279919 0205430 3160715
 0450429 0582521 1442162 1550718 1553033 3244317 0024779 1706473 0019247 0683939 0012634 0035168 0205099 0242481 0439660 1999230
 0017446 0205147 0023745 0243161 0450348 0205448 1552961 2347617 0002778 0936012 1524024 0449911 0333052 2607870 0557702 1272706 1704674 0557702 1272706 1704674
 0205134 0220908 1305399 1705053
 0015576 1704727 0750591 0205087 0332162 0441621 0870078 0027361 0237401 0439234 1833334 0332162
 0450429 0582521 1442162 1550718 1553033 3244317 0024779 1706473 0019247 0683939 0012634 0035168 0205099 0242481 0439660 1999230
 1316572 1317574 1369612 0175659 0349674 1947916 3536777 0008661 0008633 1273517 1705242 0017428 2338314
 0039224 1706073 1706074 1547282 0023956 0449820 2247199 0023956 0449820 2247199 1547282 0017428 2338314 0871421 0449820 0023956 0449820 2247199 1414860 1452561 2984593 1514799 1264633 1554103 1708726 0023956 0449820 2247199 2827734 2981698 0796345 0023745 0205171 0439044 0679994
 0243161 0450348
 1883351 1882932 0003595 0003591 0005516 0024779 0026045 1706473 1708726
 1521414 1521533 1521580 1515514 1520284 1520587 1520649 1550543 0243161 0370003 2347026 0206132 1706528 0001779 0205447 0332162 1515981 0205447 0002778 0936012 1524024 0450348
 1707391 1883351 1511726 3245479 0017270 0002085 0005516 0439603 0521114 0522498 1514917 0332490 0439092 0547044 0017270 0439603 0205432 1705175 1705176 1705177 1705178 1882348 0392756 0547047 0033204 1280500 2348382 0002085
 0936012 1511726 3245479 1524063 0017270 0439603 0750572 1511726 3245479 1274040 1546471 2825142 1518422 0392747 0443172 1705241 0017446 0205147 1710082 1511726 3245479 1518422 1547282
 1883712 2699424 0086833 0019409 0936012 1511726 3245479 0332196 2828389 0015576 1704727
 1705241 1705242 1511726 3245479 1518422 1547282
 1517741 0936012 1511726 3245479 0019409 0683607 1524063 1518601 1550456
 0282416 1561607 1274040 1546471 2825142 0332290
 0000938 0017446 0205147 0205087 0332162 0740116 2827735 2981700 0370003 2347026 0740116 2827735 2981700 0450348 0238767 1706086 1947971 1710082 0205203 0449864 1881534 0439175 0439810 0205447 0002778 0936012 1524024
 1883712 0444505 0700364 0370003 2347026 2827734 2981698 0205272 0205448 1552961 2347617 0002778 0936012 1524024 0023745 1441672 0444505 0205087 0332162 0740116 2827735 2981700 1710082
 0185027 1948020 0370003 2347026 1709908 0441833 0684224 0687744 0700287 1257890 1552516 1552839 1705428 1705429 3496591 1301820 0745732 3272378 1524063 0684224 0700287 1273517 3273238 2827447 0947630 1555015 0027466 0205341 0002778 0936012 1524024 0332257 0205171 1720467 0027361 0237401 1518422 0684224 0700287 1273517 3273238 0220908 1305399 1705053 0042153 0457083 1947944 0332232 0370003 2347026
 0370003 2347026 0522501 0032863 0332257 1552866 2700399 0015576 1704727
 0205393 0444505 1441672 0150312 0449450 0443228 0549177 1704243 1520972 1520946 1521580 2700341 1520587 1520855 0370003 2347026 0205447 0002778 0936012 1524024 0039224 1706073 1706074
 0449911 0039224 1706073 1706074 0557702 1272706 1704674 0557702 1272706 1704674 0039224 1706073 1706074
 1274040 1546471 2825142 1518422 0017428 0220908 0332257 1305399 1705053 2338314 3538986

 0023956 0449820 0023956 0449820 2247199 0871421 0449820 0023956 0449820 2247199 1414860 1452561 2984593 1514799 1264633 1953345 0008633 0017446 0205147 0039224 1706073 1706074 0700364 0683454 0021966 0221138 0332287 0023745 0332299 0002778 0205448 0936012 1524024 1552961 2347617 0205171 0439044 0679994
 0205543 0370003 0439751 0444667 1518422 2347026 0015576 1704727
 0015576 1704727 0205087 0332162 0441621 0870078 0027361 0237401 0332162 0001779 0439234 1279919 0205430 3160715
 0450429 0582521 1442162 1550718 1553033 3244317 0024779 1706473 0019247 0683939 0012634 0035168 0205099 0242481 0439660 1999230
 0017446 0205147 0023745 0243161 0450348 0205448 1552961 2347617 0002778 0936012 1524024
 0017446 0205147 0700364 0039224 1706073 1706074 0683454 0021966 0221138 0023745 0243161 0450348 0205448 1552961 2347617 0002778 0936012 1524024 0027466 0027468 0025353 1555896 0018684 0021622 0229992 0238767 0370003 0443225 1272753 1706086 2347026 3245503 0520510 0025663 0025664 0449851 1514811 1706462 1517001 0444505 1299395 1414860 1452561 2984593 0023956 0449820 2247199 1520855 0003595 0003591 0024779 0026045 1706473
 0332120 0439092 0547044 0205107 1414860 1452561 2984593 0023956 0449820 2247199 2827734 2981698 0680240 0684224 0700287 0370003 2347026 1705535 0079613 0392756 0547047 0206132 0001779 0332162
 2607943 2926606 3539655 0332290 0332529 0008672 0008633 0205214 1522138 3245511 1533716 0947630
 0023745 0205108 0017428 0220908 0684224 0700287 1305399 1705053 2338314 3496591 1515021 0370003 2347026 0027466 0027468 0220908 1305399 1705053 0441767 1273517 1515021 0015576 1704727 0041703
 0015576 1704727 0700364 1883351 0004379 0023745 0444505 0017446 0205147 1441672 0015576 1704727
 1883712 0444505 0442820 0444505 0205448 0444505 0230171 1709908 0684224 0700287 3496591 0444505 1515021 0370003 2347026 0439092 0547044 0444505
 0449719 0370003 2347026 0027466 0027468 0370003 2347026 0444454 1554204 0332232 1883351 0015576 1704727
 0444505 0008672 0332197 2699517 1316572 1317574 1369612 0444505 1441672 0440102
 0441468 0441469 0332290 0332529
 0037088 0243095 2825141 0332299 0039224 1706073 1706074 0332185 0684224 0700287 3496591 0023745 1706276 1524063 0036849 1442518 1705195 0370003 2347026
 2607943 2926606 3539655 0034037 1704324 0075804 0684224 0700287 0205448 0441833 0687744 1257890 1552516 1552839 1705428 1705429 0205107
 0332185 0442824 3495095 1511726 3245479 1524063 0206132 0001779 0599883 0684224 0700287 3273238 0444505 0205396 1550043 1551388 1279919
 0444505 0444505 0205448 0947630 1441672 0017446 0023745 0205147 0444505 0444505 1279919 0017446 0205147 0587267 0206132 0001779 0205396 0332162 1550043 1551388 3495095 0002778 0936012 1524024
 2348205 0008672 0008633 0332120 0015576 1441672 1515021 1518422 1704727 0205171 0439044 0679994 0039224 1706073 1706074
 1705175 1705176 1705177 1705178 1882348 1517378 0162340 0008652 0008633 0010992 0200867 0884358 0750572 0450429 1515974 0009667 0237529 1272706 1552654 1552713 1704725 1704726 1524063 0005516 0332232 0424215 0680043 1533716 2003939 0237876 1710082 0017446 0205147 0871421 0449820 1514721 2348147 3542016 0369773 2603361 0439086 2827736 2981702 0369773 2603361 0004093 1762617 1710082 0871421 0449820 0369773 2603361
 0205447 0017337 1276871 1520266 0449721 0008652 0575519 0008633 0205166 0446516 1269078 1269612 1706317
 0023745 0439064 0444505 0747726 1527428 1332838 0017337
 0444505 1520996 0017446 0085639 0205147 0238715 0684224 0700287 3496591 0023956 0449820 2247199 0042789 1947903 1710082 0042789 1947903 0039224 1706073 1706074 0205117 1145667 1167622 0872078 0171484 0205177 0439167 0441655 1514873 1561536 0079411 3146294
 0444505 0017446 0024779 0026045 0205147 0205246 1553889 1706473 1947971 0332120 1517519 0017428 0034606 0441633 2338314 2826292
 0165073 0285890 1420276 1521392 1332838 0017337 1705535 0450355 0205172 0205107 0750558 1710571 1551359 1710082 2741673 2981730
 1710082 0017446 0205147 0205171 1720467 1517892 1704666 2983583 0205156 0332281 0947630 1552607 0017337 1547699 2700640 0041368 1323304 1456820 0333516 0027540 0027651 1334928 1521761 1578706 2827422 3273930 0004083 0439849 0596306 0699792 0027466 0027468 0025353 1555896 0018684 0021622 0150098 0229992 0684224 0700287 1272753 1706233 3245503 3496591
 1710082 0042789 1947903 0039224 1706073 1706074 1367553 0017337 0024779 0026045 0032140 1706473 0030946 1947941 0010813 0596311 1330957
 0017446 0205147 1547282 1710082 0039224 1706073 1706074
 0017446 0205147 2986480 0002778 0332185 0936012 1515021 1524024 2986904 0150098 1706233 0027466 0027468
 1272706 1552654 1552713 1833334 0558058 0023745 0024779 0026045 1706473 0205108 1414860 1452561 2984593 0205108 1414860 1452561 2984593
 0037088 0243095 2825141 0332290 0684224 0700287 3273238 0030705 0206243 0699809 0596611 0026882 1833334 0035647 0332162 1279919
 0376554 0684224 0700287 0004083 0439849 0596306 0699792 1316572 1317574 1369612 0444505 0013126 0005516 0037179 0087136 0205171 0205088 1705314 1705315 0332148 0439092 0547044 0750492 0521093 0750484
 1316572 1317574 1369612 0444505 0684224 0700287 3496591 1883351 0171484 0699919 0085151 3538722 0033665 1456454 0002716 0011560 0033684 0611285 1709634 1880389 1883221 3541951 1334043 1412727
 1710082 0740116 2827735 2981700 0449864 0000938 0019409 0023956 0449820 2247199 0205272 0740116 2827735 2981700 0002778 0936012 1524024 0024779 0026045 1412727 1706473
 1316572 1317574 1369612 0332120 1441672 0002778 0936012 1524024 0008654 0008633 0023956 0449820 2247199 0005516 0806909 1414860 1452561 1552615 2826546 2984593 0441833 0687744 1257890 1552516 1705428 1705429 0684224 0700287 3496591 0037088 0243095 2825141 0679203 1303103 0002778 0936012 1524024 1273517 0442821 1515023
 0037088 0243095 2825141 0680243 0680220 0205160 1513916 2825415 2825491 1707959 0042789 1947903 0439509 0439064 0443302 0441833 0687744 1257890 1552516 1552839 1705428 1705429 0023745 0017446 0205147 0205246 1553889 1710082 0004083 0439849 0596306 0699792 0282443 1552617 0042789 1947903
 0684224 0700287 3273238 1274040 1546471 2825142 0370003 2347026
 1274040 1546471 2825142 1710082 3146294 1274040 1546471 2825142 0332290 0024779 1706473 0012634
 0002778 0936012 1524024 0443289 1710082 0008661 0008633 0237753 0449788 0444505 0589120 1522577 1704685 3274571 0332283 1719822 0039593 0392366 1332838 0017337
 0002778 0936012 1524024 0549178 1883351 1999230 0183683 1521721 0017446 0205147 1517888 0008630 1283195
 0205284 0205392 0444505 1550517 1947914 3540770 0557651 2603343 1882932 1514241 2607943 2926606 3539655 1955473 0442821 1710082 0684224 0700287 1515510 1520266 0919453 0012655 0017337 0205172 0220898 0332148 0475311 0750492 1264642 1547045
 0015264 1514873 1883351 0017337 0332149 1705910 2362652 0243107 0678723 1527148 0039798 0087111 1522326 1533734 1705169 3538994 0242687 1964029 0886296 1273869 1948041 0679698 0199176 1706420 2700409
 0520510 0520510 0025663 0025664 0449851 1514811 1706462 0681850 1550501 1706203 2349001 2697811 0027466 0027468 0025353 1292711 1555896 0017398 0017399 0018684 0021622 0229992 0424093 0449719 1272753 1516695 1516698 1709471 3245503 1283622 0332282 0442711 1507394 1522729 2348563 0205145 0205449 0392366
 0205145 1515974 2825164 1516695 1516698 0086282 0025102 0551625 1554096 0034869 0205476 1548330 1553414 1705175 1705176 1705177 1705178 1882348 2584321 0011900 1704338 1704656 0243161
 0439234 0589120 1522577 1704685 3274571 0332283 1719822 0150098 0558058 1706233 0004398 0392760 1301820 1314939 0681850 1550501 1706203 0011065 0332140 0011900 0205210 1704338 1704656 0004398 0521093 0750484 0243161 0868928 1533148
 0370003 2347026 0027466 0027468 0003738 1554162
 0370003 2347026 0007634 0680827 0872261 1269647 1704653 1948049 1698986 0041740 1511726 3245479 0596404 0001554 0205099 0376636 0680827 1273870 1511726 3245479 3273539 1698986 0041740 0043038 3272372
 0035173 1515021 1516695 1516698
 1705175 1705176 1705177 1705178 1882348 1707391 0370003 2347026 0557651 2603343 0243161 1514873 0205171 1720467 0080103 0205345 0392760 1314939 1547039 1709450 1514873 0206132 0001779 0680034 0678594
 0370003 2347026 0332257 3538986 0439175 0439810 0015576 1704727
 0015576 1704727 0027361 0237401 0205447 0441621 0870078 0470187 1554077 2828389
 1883712 0206132 0332162 0332281 0299212 1418985 2986918 1554077 2828389 0015576 1704727 0027361 0237401 0027361 0237401 0206132 1510829 0001779
 1303103 0370003 2347026 0027361 0237401 2700400 0015576 1704727 0332257 0027361 0237401 0206132 1510829 0001779 0439234 2986417 0031437 1285572 0439673
 0015576 1704727 0008902 0205087 0332162 0015576 1704727 0392760 1314939 0332162 0001779 0439234 0205430 3160715 0015576 1704727
 0680034 0678594 1548673 0015576 1704727 0521447 0015341 0015576 0231448 0231449 0439792 1704727 0332257 0205447 0015341 0015576 0231448 0231449 0439792 1704727
 3178894 0025664 0449851 1285573 0019247 0683939 0012634 0035168 0205099 0242481 0439660 0884358 1524063 0392747 1554963 0019425 1510992 2825518
 0679006 1947967 0205448 0282443 1709940 0150108 0456909 0525065 0031437 1285572
 0005516 0456389 0884358 1524063 0184661 1948041 2700391 3274430 3538935 3539779
 0679006 1947967 0085639 0205101 3484123 0442809 0205396 1550043 1551388 1524063 0017110 0596601 0022877 0282443 0743559 1709940 3244292
 0205173 0439178 1446409 1514241 2825490 0370003 2347026 0035953 0557651 0600140 1704688 2346414 2603343 0370003 2347026
 0743559 0871208 1521828 1608199 0017431 1527178 1705938 1709450 0600436 0205173
 0871208 1521828 0442759 0439086 2827736 2981702
 0871208 1521828
 0042789 1947903 0059804 0036849 1442518 1705195 0025663 0025664 0449851
 1710191 0025664 0449851 0017270 0439603 1524063 1511726 3245479 1527178 1705938 1709697 2728259 3484370 1264633 1554103 1708726 0443228 1704243 0002085 0205452 0439175 0439810 1273517 0002045 1553907 1883351 0237753 0449788 1708726 0336789 0017270 0002085 0002085 0024501 0449788
 0005516 0002085 0085732 1299581 0024501 0019425 0332260 1708726 0002085
 1274040 1546471 2825142 1524063 0332260 0002085 1705241 1705242 0205344 1522609 1511726 3245479 1518422 1547282
 1705175 1705176 1705177 1705178 1882348 0205557 1880724 1274040 1546471 2825142 0002085 0017270 0002085 0332490 0439603 0521114 0522498 1514917 0002085 0205214 0205393 1522138 3245511 0205432 1273517 0039828 0205225 0439631 0002778 0936012 1524024
 0205448 1552961 2347617 0002778 0936012 1524024 0884358 1524063 0683033 0684309 3161035
 0002778 0936012 1524024 1998882 0023956 0021398 0023175 0449820 1318493 1442948 1522538 2247199 2348269 3275067 0392148 1511726 1551393 1705492 3245479 3272743 0017270 0439603 0013987 1442162 1550718 3244317 0087130 0031437 1285572 0332479 0348078 0522512 0370003 2347026
 0524899 0036849 1442518 1705195 1883351 0678921 0871208 1521828 0439544 1704787 0033204 0332148 0050714 0332149 0450385 1705910 2362652
 0002778 0936012 1524024 0332287 0884358 1524063 1709697 2728259 3484370 3161035 1883351 1441506 0023956 0449820 2247199 0449820
 0814036 0017296 0024779 0026045 0314603 1706473 0012751 0019247 0683939 0012634 0035168 0205099 0242481 0439660 1999230 0059804 2348205 0205280 0017402 1555773 0017398 0017399 1555015 0017398 0017399 0042153 0457083 1947944 1706473 0031843 0542341 0700205 1705273
 0002778 0936012 1524024 0205341 0439801 0370003 2347026 0439801 0370003 2347026 1518422 0332257 3538986 0002778 0936012 1524024

 1883712 0750572 0023956 0449820 2247199 0015576 1704727 0332287 1524063 3161035 1414860 1452561 2984593 0002778 0936012 1524024 0042789 1947903 1282910 1552828
 1273517 1883351 0750572 0450429 1515974 0009667 0237529 1272706 1704725 1704726 1520266
 1709697 2728259 3484370 0005516 0332232 0424215 0680043 1533716 2003939 0237876 1524063 0449445 2348205 1273517
 1527178 1705938 1708726 0017446 0024779 0205147 1706473 2987476 0557651 2603343 0205238 0424215 0680043 2003939 0237876 0599883 1708726 0457083 0557351 0205246 0552449 0750572 0750572 1512989 0450429 1515974
 0221193 2986676 0015576 1704727 0369637 0441923
 0969625 3266812 0851286 1947908 0027466 1510853 0205145 1547011 1879746 1709701
 0043227 0018173 0027466 0027468 0025353 1555896 0018684 0021622 0229992 1272753 3245503 1955974 0001811 0021622 1272753 3245503
 1709854 0027746 0043240 0374711
 1510707 1709854
 1511726 3245479 0005479 0205449 1516695 1516698 1709701 0027466 0027468 0025353 1555896 0018684 0021622 0229992 1272753 3245503 0027466 0027468 0025353 1555896 0018684 0021622 0229992 1272753 3245503 0424093
 1521895 0035173 0205225 0401925 1707421 0035173 0020008 0019994 0205246 1510665 1553889 0006037 0439493 1513009 0369637 0441923 2347469
 0041740 0004716 0439267 0016327 0439133 1553038
 0001895 0041740 1551894 2825084 0439267 2346686 0033727 0369286 0441932 0564385
 0557854 0019247 0683939 0012634 0035168 0205099 0242481 0439660 1999230 0683939 0205099 0016820 0332522 1705564 0027468 0018684 0021622 3245503 0041740 0025424 0237753 0332522 0449788 1579933 1705564 2347108 2347109 2348272
 2825232 0282413 0376649 1442065 0017398 0017399 0439148 1519795 1704753 1880519 0205099 0017398 0017399 0027746 1707877 0442658 1301826 0041703
 0254343 0796520 3272379 2827734 2981698
 0085205 1549619 1880669 2827734 2981698
 0013849 1705961 0059804 1514811 1706462 0520510 0025663 0025664 0449851 1514811 1706462 0439394 1706495 3642217

 0027882 0025141 2346751 0369637 0441923 0086903 2827790 0439267 0035853 0718133
 0003595 0003591 1149161 0243122 1145667 1167622 0017270 0376249 0439603 0871396 1561548 1705502 0338448 0494463 0276496 0277558 0002395 1521724
 1418943
 0268596 2700624
 3642273
 0041703 0439083 0439087 0000857 0600678 1552863 2346751 0369637 0441923 0033727 0369286 0441932 0564385 0369637 0441923 0033727 0369286 0441932 0564385 0016327 0439133 1553038 0073187 0205090 0684010 2603358
 0004083 0439849 0596306 0699792 0015576 0241888 0002395 1521724 0012634 0205422
 0027855 0000857 0600678 1552863 0033727 0369286 0441932 0564385 2346751 0369637 0441923 0369773 2603361 0700321 0035853 0718133 0369637 0441923
 0178602 0869039 1114758 1281905 0035647 0015576 1704727
 0036397 0025141 2347469 0205090 0684010 2603358 0033727 0205090 0369286 0441932 0564385 0684010 2603358 0369637 0441923 0369718 0441922 1553036 0369637 0441923
 1280500 0009253 0036864 0079399 1314687 1522384 0015031 0243103 0017431 0003595 0002395 1521724 0012634
 0282458 0920317 0002778 0936012 1042496 1524024
 0003595 0003591 1513822 1880171
 1422839 0000857 0600678 1552863 0205090 0684010 2603358 0369637 0441923 0597277 1708601 0012358 0012764 1444662 1512015 0073187
 0017431 0003595 0231203 1883351 0002395 1521724 0012634

 0325074 0025141 0597277 1708601
 0035820 1705810 0494463 0002395 1521724 0012634 0011269 0005847 0011265 0497327 1558950 1801960
 0282476 1096782 0557651 2603343
 0230467 0741204
 1704351 2239486
 0000857 0600678 1552863 0033727 0369286 0441932 0564385 0033727 0369286 0441932 0564385 2347469 0205090 0684010 2603358 0439267 0112088
 0033522 1709709 0023981 0557651 2603343 0001792 1999167 0557651 2603343 1280500 0017431 0003595



 0325074 0025141 0033727 0369286 0441932 0564385 0005595 2603360 0439417 0369637 0441923
 0237753 0449788 0494463 0002395 1521724 0012634



 0325074 0025141 0369637 0441923 0205090 0684010 2603358 1705493 0439394 1706495 3642217 2347469 2346751 0369637 0441923 0035853
 0020792 0205396 0494463 0002395 1521724 0012634
 1417055

 0016327 0439133 1553038 0369773 2603361 0205090 0684010 2603358 1467391 1551881 0033727 0369286 0441932 0564385 0175735
 0220908 1305399 1705053 0002778 0936012 1524024 0441767



 0325074 0025141 3495095 0597277 1708601 0073187 0016327 0439133 1553038 0369773 2603361 0330910 0369637 0441923 0439261 0205090 0684010 2603358
 0206132 0277793 0001779 0332162 2587213



 0325074 0025141 0369773 2603361 0016327 0439133 1553038 0205090 0684010 2603358 1431628 0369773 2603361 0021966 0221138 0439267 0369718 0441922 1553036 0033727 0369286 0441932 0564385
 1517519 0017428 0034606 0441633 2338314 2826292

 0027960 0324740 0439189 1456781 1824986
 0325074 0369637 0441923 0004830 0369773 2603361 2346686 0033727 0369286 0441932 0564385 0369773 2603361 0597277 1708601 0033727 0369286 0441932 0564385 0369637 0369773 0441923 2603361 0700321
 0205197 0220908 1305399 1705053 0338448
 0332120 0008654 0008633
 1422839 0000857 0600678 1552863 0872005 0369718 0441922 1553036 0205090 0684010 2603358 0439267 1006780 0439267
 0332120 0008654 0008633 2986542 0019409 1515981 1517331 1708726
 1422839 0369773 2603361 1551881 0033727 0369286 0441932 0564385 0175735
 1708726 0008652 0008633
 0036397 0369718 0441922 1553036 0369718 0441922 1553036 2346686 0033727 0369286 0441932 0564385 1553033 0238749 0369637 0441923 0439267 2603362
 0023745 1708726 0008652 0008633 0030761 0494463
 0036397 0439394 1706495 3642217 0005680 0027567 0085756 0439541 0597277 1708601 0443013 0439267 1822658 0722969
 0332120 1520266
 0036397 0597277 1708601 0597277 1708601
 1708595 3280986

 0025141
 1708595 3280986 0694746 0369637 0441923
 1880157



 0325074 0025141 0439394 1706495 3642217 0369773 2603361
 0796345 0002778 0936012 1524024 0449445



 0325074 0025141
 3161035 0023956 0449820 2247199 0022885 0392366



 0325074 0025141 0439394 1706495 3642217
 0012737 0162791 0220845 0282423 1274040 1546471 2825142

 0325074 0025141 1547277 3245506 1555015 0016701
 1423088 3273338
 0679199 1517491 0008630 0314604 0017337 0086418 1283195



 0325074 0025141 0005680 0027567 0085756 0439541 0439394 1706495 3642217 0033727 0369286 0441932 0564385 1822658 0722969 0232024 0205090 0684010 2603358 2603362 0439267
 0052201 0003595 0523511 1412481 0206132 0277793 0001779 0332162 0017398 0017399 0027466 0027468 0424093
 0027855 0000857 0600678 1552863 0331964 2347469 0369637 0441923 0439394 1706495 3642217
 0598312 1883725 0439855 0557651 0599883 0947630 1427926 1704241 2603343 0750572



 0325074 0450385 0025141 0205090 0684010 2603358 0369637 0441923
 0521091 0750484 0796345 0023745 0037047 0392760 1274040 1314939 1546471 1709450 2825142 2825412 0002778 0936012 1524024 0678922 0599883 1427926



 0325074
 0597277 1708601 0016327 0439133 1553038 0033727 0369286 0441932 0564385 2603360
 0424215 2003939 0680043 0184661 1948041 2700391 3274430 3538935 3539779 1524063 0037047 1709450 1283195

 0025141 1006780 0439267 0439394 1706495 3642217 0872005 0999213 0016327 0439133 1553038
 1538050 0443264 0037083 1160185 1710082 1709694
 0349590 1262865 0025141 0144237 0033727 0369286 0441932 0564385 2346686 0033727 0369286 0441932 0564385 0369637 0441923 0035853 0718133 0999213
 2827447 0947630 0032529 1882417

 0439509 0025141 2346751 0369637 0441923 0369637 0441923 0033727 0369286 0441932 0564385
 1517888 0008630 0079435 1283195 0016132
 0027855 0232024 0205090 0684010 2603358 3476816 2347469
 1708595 3280986 0232024 0205090 0684010 2603358 0005680 0027567 0085756 0439541 0439493 1513009 0369637 0441923 2603362
 0004083 0439849 0596306 0699792 0041368 1323304 1456820 0333516 0027540 0027651 1334928 1521761 1578706 2827422 3273930 0037047 0494463 0002395 1521724 0012634 0424093 0027466



 0325074 0025141 0073187
 1550003
 0027882 0025141 0597277 1708601 0369637 0441923
 1708726 1517519 0017428 0034606 0441633 2338314 2826292 0443289 0023745 0743553 1514562 0017446 0205147 0085151 3538722



 0325074 0450389 0025141 0872005 0033727 0369286 0441932 0564385 1553033 0021966 0221138 0369773 2603361
 0220908 0220909 1698960 1710031 1710477 0205549 2348044 0868928 1533148 2985438 0026882
 0027855 0439267 0033727 0369286 0441932 0564385 0178587 0557775
 1328885 0004083 0439849 0596306 0699792 0750901 0679245 0002395 1521724 1833334 0012634 0332162 1279919 0370003 2347026



 0325074 0025141 1510707 0205090 0684010 2603358
 1412727 0008653 0814036 0008633 0024779 0026045 1706473 1334043 1412728 1413932 1860786 1953345 0008664 0013080 0008633 0017446 0039082 0205147 2982691
 0036397 0005680 0027567 0085756 0439541 0369637 0441923 2347350 0369637 0369718 0441922 0441923 1553036 0439394 1706495 3642217 0369637 0441923 2603362 1822658 0722969 0205090 0684010 2603358 3476816 2347469 2603362
 0002198 1412046 0002215 1979845 0024420 0439095 2003941 2350010 0002395 0332281 1521724 0243083 0012634

 0325074 0025141 0597277 1708601 0205090 0684010 2603358 2603360 0021966 0221138 0369637 0441923
 0004083 0332268 0439849 0596306 0699792 0032529 0002395 1521724 0012634

 0325074 0025141 2347469 0439267 1423088 3273338 0439267
 0017337 1709599 0681876 0557651 2603343 0282458 0920317 0002778 0936012 1042496 1524024
 0027855 0450382 0005680 0027567 0085756 0439541 0439493 1513009 0369637 0441923 2603362 1822658 0722969 0016327 0439133 1553038
 2347947 2699472 2349101 0002395 1521724 0012634
 0424093 0027466 0027468
 0230467 0741204
 0000857 0600678 1552863 0439267 0205090 0684010 2603358 0080045 0369637 0441923
 0332140 0011900 0205210 1704338 1704656 0684224 0700287 3273238 0162458 0441722 0563538 3540678 0041711 0002395 1521724 0012634
 0027855 0000857 0600678 1552863
 0011900 1704338 1704656
 0230467 0741204
 0025141 0441833 0687744 1257890 1552516 1705428 1705429
 1545264 0034866
 1955974 0001811 0021622 1272753 3245503 1883562 0043227 0441833 0687744 1257890 1552516 1705428 1705429 1261322 1516048 0002395 1521724 0012634

 0001811 0025141 0597277 1708601 0369637 0441923
 1708726 0085151 3538722 1456454 0494463 0002395 1521724 0012634



 0325074 0450388 0025141 0439394 1706495 3642217
 0598312 1883725 1517513 0449438



 1413394 1744664 0025141 0369637 0441923
 0680844 0681916 0750572 0080103



 0325074 0025141 0597277 1708601 0439230 0369637 0441923
 0002778 0030761 0376691 0936012 1524024 1709697 2728259 3484370 0325045
 0325074
 0439084 0728893 0025141 0205090 0684010 2603358
 0023745 0008664 0008633 0008631 0005516 0008661 1280500 2348382
 0325074
 0025141 2603362 0369773 2603361
 1280500 2348382 0015576 1704727
 0325074
 0025141