 0694891 0034804 1414461 1521863 0014939 0597357 2936882 1431628 1431628 3495095 0024171 0024176 2697939 0001895 0041740 1551894 2825084 0036375 1513822 1880171 1883067 0001895 0041740 1551894 2825084 0001895 1551894 2825084 0034036 0034037 1514756 1704324 0348078 0376315 1515981 1522492 1527075 0557061 2584313 1514811 1706462 0205198 1706082 0015272 1883525 2346866 0040300 1524063 0029456 0039798 0087111 1273517 1522326 1533734 1705169 3538994 0006142 0678222 0012634
 0332128 2004054 0441712 0150312 0694891 0040661 1705162 1710082 1155364 0037083 0086982 1336789 0031843 0040649 0542341 0700205 1705273 0034804 1414461 1521863 0014939 0597357 2936882
 0034804 1414461 1521863 0014939 0597357 2936882 0694891 0301871 1704675 0014930 0023688 0205263 0752229 0039286 0244404 1328856 0008546 0021069 0521093 0750484 1325550 0005507 0243073
 0694891 0034804 1414461 1521863 0014939 0597357 2936882 0348078 0376315 1522492 0439855 1704241 0034804 1414461 1521863 0014939 0597357 2936882 0013879 0014939 0205342 1145667 1167622 1705248 2936882 0086860
 0185117 0018790 0237477 0392351 0521111 1151115 0205177 0439167 0441655 1561536 0221284 3272919 1512505 0006142 0334227 0678222 0006826 0007634 0998265 1306459 3282337
 1283195 1321099 0031843 0542341 0700205 1705273 1879547 1414304 1880389 1883221 3541951 0205224 0694891 1880389 1883221 3541951 0017446 0205147 0205224
 2607943 2926606 3539655 1882932 0441712 1706376 0040691 1527194 0018284 0018270 0220844 1510411 1521761 1621966 2827422 2911660 1540661 1539479 0014939 2936882
 0557061 2584313 1514811 1706462 0014939 2936882 0596290 0007634 0334094 1269647 1514485 1704653 1948049 0007589 1511938 2945687 0007608 0678835 1510470 0162638 2827734 2981698 0740116 2827735 2981700
 0877035 1280500 0332257 0006142 0678222 0086597 0127400 0243122 1145667 1167622 0034804 0439086 2827736 2981702
 0034804 1414461 1521863 0014939 0597357 2936882 1121711 1414461 1521863 0034804 0014939 0597357 2936882 0205396 1550043 1551388 0680022
 0034804 1414461 1521863 0014939 0597357 2936882 0034804 1414461 1521863 0014939 0597357 2936882 1705417 0449774 0457457 0031845 0005532 0205460 0542341
 0205448 0238767 0597357 1706086 1336776 0040649 0013879 0205342 1705248 0079160 0004793 0162326 0162327 0376298 1519249 0439084 0728893 0085828 3536909
 0034804 1336779 1336789 2717951
 1547282 1883351 0034804 0332281 1414461 1521863 0014939 0597357 1879547 2936882 1333336 1530358 1705458 0384189 1334867 1411929 1705005 0297418 0906566 1823488 0300807 1334904 1706346
 2717951 1302584 0011008 0684224 0700287 2348077 3496591 0382270 1334871 1705506 0450348 1334870 1384567 0018787 0056331 0369718 0441922 1553036 0205447
 0178555 1148560 0031843 0542341 0700205 1521991 1705273 0562342 1171285 1158478 1705422 0086860
 0456387 1705943 0732611 2757056 0732611 1524063 0042153 0457083 1947944 0006142 0678222 3263685 0012634 0439086 2827736 2981702
 0732611 0015272 1514721 2348147 3542016 0441472 0040300 1521840 1527178 1547928 1705938 2986546 0557651 2603343
 1707959 0039286 0444070 1521747 0040300 1547928 2987634 0042149 0450355 0040300 1547928
 0244404 0205198 1706082 0039286 0439849 0445223 0444070 1521747 0040300 1547928
 0015264 0205177 0439167 0441655 1561536 0040300 1547928
 0205314 0679622 0178555 0205427 1515981 0034804 1414461 1521863 0014930 0014939 0443264 0597357 0752229 1145667 1167622 2936882 1273518
 0033414 0243107 0678723 1527148 0006142 0678222 0040691 1527194 0018284 0018270 0220844 1510411 1521761 1621966 2827422 2911660 0040691 1527194 0018284 0018270 0220844 1510411 1521761 1621966 2827422 2911660 0205309 1883351 0018790 0237477 0392351 0521111 0007595 0018270 0220844 1621966 2911660 0032214 0600138 0035820 1705810
 0040691 1527194 0018284 0018270 0220844 1510411 1521761 1621966 2827422 2911660 0596138 1999216 0014597 1273342 0007634 0221908 3282337 0700364 1883351 1947931 1280500
 1517945 0040691 1527194 0018284 0018270 0220844 1510411 1521761 1621966 1883351 2827422 2911660 1883351 0050325 0960756 1521761 2827422
 0040691 1527194 0018284 0018270 0205369 0220844 0243067 1510411 1521761 1552740 1621966 2827422 2911660 0597357 0040691 1527194 0018284 0018270 0220844 0439267 1510411 1521761 1621966 2827422 2911660 0017255 1879547 0040691 1527194 0018284 0018270 0220844 1510411 1521761 1621966 2827422 2911660 0243021 0033684 0007621 0596263
 0333949 0449432 1512505 0006142 0007600 0334227 0678222 0006141 0006826 0007634 0205132 0998265 1268990 1269647 1306459 1704653 1709305 1948049 0230087 0027651 0220781 0439634 1522492 1578706 1880177 3273930 0334094 1514485
 1512773 2244509 2249823 0021467 0021469 1628982 3463820 0039286 0040691 1527194 0018284 0018270 0086597 0127400 0220844 1510411 1521761 1621966 2827422 2911660
 0040691 1527194 0018284 0018270 0220844 1510411 1521761 1621966 2827422 2911660 1514761 0021467 0021469 1628982 3463820 1442460 1709305 2745955 0596890 1512505 0334227 0007634 3282337
 1511726 3245479 1705535 0600513 0010357 2986468 0037817 0234856 0600118 2828360 0040691 1527194 0018284 0018270 0220844 1510411 1521761 1621966 2827422 2911660 0037083 3537152 0518181 0243107 0678723 1527148
 0040691 1527194 0018284 0018270 0037083 0220844 0871261 1510411 1521761 1621966 2827422 2911660 3537152 2603362 0086597 0127400 0175996 0178719 1710236 1571580 0033684
 1517880 0023688 0243122 1145667 1167622 0597357
 0694891 0439855 1704241 0007610 0040649
 0694891 1519315 0567416 0040691 1527194 0018284 0018270 0220844 0237876 1510411 1521761 1522138 1621966 2827422 2911660 1883220
 0694891 1704866 0079427 1325410 0027651 0205309 1578706 1710252 2954564 3273930 0026882 0332183 0006826 0086418 0150312 0998265 1306459
 0026882 0235974 0346647 0006826 0030274 0998265 1278931 1306459 1551359 2741673 2825407 2981730 0948380 1527249 0027627 0346957 0677898 2939419 2939420 0006826 0036525 0205172 0205281 0555952 0998265 1306459 1522484 0027651
 1413614 0086597 0243125 0699900
 1547282 1414988 1416962 1334468 1566790 0919432 0694891 1372999 1167622 1704675 2756011 0851285 1327622
 0919432 0694891 0034840 0038317 0597357 0557651 2603343 0034786 1447749 0002844 0597357 3536949 2984343 1514762 0037083 3537152 0542341 1705535
 0237881 0750502 0037083 3537152 1518422 0205170 3146287 1516048 0441712 1706376 1518422 2963144
 0557651 2603343 0332128 0035820 1705810 0037083 3537152
 0694891 0034804 1414461 1521863 0014939 0597357 2936882 1515655 0205177 0439167 0441655 1561536 0086597 0127400
 0694891 0034804 1414461 1521863 0058595 1523873 0012854 0014939 0439855 0597357 1704241 2936882 2717951
 1547282 0694891 0018790 0237477 0392351 0521111 0040649
 2607943 2926606 3539655 1705535 0040691 1527194 0018284 0018270 0220844 1510411 1521761 1621966 2827422 2911660 1540661 1539479 0014939 2936882 1999230 1853126 1527178 1874451 1514721 2348147 3542016 0030705 1516213
 0557061 2584313 1514811 1706462 2827421 0007585 0007634 0010453 0220814 0430400 1269647 1704653 1948049 2242979 1961118 0752172 0599647 0005507 0020205 0036025 0043392 0043393 0205448 0243073 0717551 1510438 0009013 0079941 0004793 0009219 0162326 0162327 1519249 1883351 0032136 1511662 1148673 0012854 0243122 0699952 1145667 1167622 1416832 1880389 1883221 3541951
 0034804 1414461 1521863 0014939 0597357 2936882 0009013 0699952 0733688 1879547 1880389 1883221 3541951
 0032136 0009013 0086022 0442335 1705099 1517892 1704666 0032520 0677874 1524063 0034804 1414461 1521863 0014939 0597357 2936882 0728990 1514575 1705542
 1414304 3539520 1511662 1148673 0012854 0243122 1145667 1167622 1880389 1883221 3541951 0878311 1511662 1537525 0878311 1880389 1883221 3541951 0009013 0086022 0442335 0445247 1705099 0032520 0677874 0012238 2349986 0205145
 0335038 1522485 1705915 1709908
 0000872 0565990 1552471 0041740 0205099 0205476 1446468 0454851 0027964 0028407 0067895
 0032136
 0006754 0041740 3146274 0036152 1826357
 0009013 1880389 1883221 3541951 0086022 0442335 1705099 1708067 1517892 1704666 0596260 0032520 0677874
 1257857 0376702 0007634 3282337 0009458 0325564 0392747 0439536 1439852 1551720 1705217 3244283 0003232 0242295 1947943 2348609 0036786 0007452 0015965 0229671 0521457 1140701 1546774 1550100
 0008015 0007634 3282337 0598079 0010453 0220814 0332307 0430400 0596070 1516698 1547052 1704814 2242979 0302828 0680240 0947322 1314677 1442085 1705426 3263700
 0036025 0043392 0043393 0717551 0599647 0020205 0205448 0039401 0302828 1442085 0043227 1704675 0005507 0016955 0243073 0302908 1304698 1510438 1546699 1561501 1709793 0034804 1414461 1521863 0014939 0597357 2936882 0694891
 0086022 0442335 1639518 1947986 0205160 0332128 1513916 2825415 2825491 0243148 1550141 1882979 2587213 3274648
 1150051 0205177 0439167 0441655 1561536 0872079 1704675
 0005507 0243073 1510438 1257857 0376702 0007634 3282337 1534709 1881714 1166718 0007634 3282337 0005971 1139930 0020498 0031430 1541709 0009458 0031428 0070570 0325564 0332296 0332575 0392747 0439536 1260956 1551720 1705217 1880497 1996904 3244283 2348531 0007955 0242295 1947943 2348609 1321564 0007452 0015965 0229671 0521457 1140701 1546774 1550100 0456696 1442770
 1522485 1708632 0694891 1522485 1708067 1708632 1257857 0376702 0007634 3282337 1524063 0076364 0302828 0680240 0947322 1442085 1705426 3263700 0072149
 0007634 3282337 0332293 0023688 1522326 1705242 0332283 1719822 0014912 3539520
 0039286
 0244404

 0040691 1527194 0018284 0018270 0220844 1510411 1521761 1621966 2827422 2911660 2827734 2981698
 0042444 0243148 0348005 1550141 1882979 2587213 3274648 0456696 1442770
 0439227 0007634 3282337 0005507 0006353 0024348 0032931 0032932 0243073 1510438 1642401 2584299 2678549 1882074 0020283 0450407 0450408 0450409 0068941 0068940 0439509 0037500 0037473 0086123 0597484 0013618 0037494 1959973 0003641 0064858 0031493 0016327
 0003242 0003250 0003241 0021027 0746619 1719918 1881488 0007634 0033684 0439526 1269647 1524062 1704653 1948049 0947272 0370003 0231458 1442460
 1180347 1523872 0033684 1704241 0060916 0370003 2347026 1708715 3274438 0035953 0600140 1704688 2346414 0017243 1382104
 1882443 0025255 0348011 0596901 0600190 1706182 0312586 0003242 0003241 0021027 0020985 0003241 0021027
 0021069 0312586 0003242 0003241 0021027 1272695 2746065 0003250 0003242 0003241 0021027 0746619 1708067 0020985
 0032136 1257857 0376702 0007634 0454802 3282337 1449705 0021069 0025663 0445247 0449851 0871511 1272695 2746065
 0008015 0007634 3282337 1534709 1881714 0005971 1139930 3537155 0020498 1541709 0009458 0332296 0332575 0439536 1260956 1705217 1880497 1996904 3244283 2348531 0007955 0242295 1947943 2348609 1321564 0007452 0015965 0229671 0521457 1140701 1546774 1550100 0456696 1442770
 1510844 0332293 0023688 1522326 0006353 0024348 0034584 0243077 0456696 1442770 0001758
 0003242 0003250 0003241 0021027 0746619 0005574 0444499 1881488 0007634 0439526 1269647 1524062 1704653 1948049 0021069 0020985 1272695 2746065 0312586 0003241 0021027 0005574
 0040669 0005507 0243073 1510438 1883351 0031843 0542341 0700205 1705273 0600508 0013879 0014939 0871261 1704632 1705248 1706817 2911692 2936882 0032136 0335038 1273517 1522485 1705915 1709908
 0596890 0007634 3282337 1534709 1881714 1166718 0007634 3282337 0005971 1139930 0005971 1139930 3537155 1541709 0009458 0332296 0332575 0439536 1260956 1705217 1880497 1996904 3244283 2348531 0007955 0242295 1947943 2348609 1321564 0007452 0015965 0229671 0521457 1140701 1546774 1550100 0456696 1442770
 0007634 3282337 1524063 0024075 0076364 0335038 1522485 1705915 1709908 0032136
 0086022 0442335 1705099 1880497
 0439227 1510844 0332293 0023688 0205447 1522326 0683454 0021966 0221138
 3539520 0039286 0244404 0040691 1527194 0018284 0018270 0220844 1510411 1521761 1621966 2827422 2911660 2827734 2981698 0042444 0348005
 1151115 0441655 0005507 0243073 1510438 1442464 1524063 0072149 0302828 1442085 3263700
 1324397 1151115 0205177 0439167 0441655 1561536 0311727 0005507 0243073 1510438 1151115 0024075 0205177 0439167 0441655 1093003 1561536 1882115
 0042295 1547282 1882932 0205174 0884358 0681814
 0871420 1442989 2828392 0012727 0205419 1705236 0205128 0205132 1547282
 0949632 0005507 0017243 0243073 0333051 1382104 1510438 2347509 0032136 0694891 1257857 0376702 0007634 0454802 3282337
 0439227 1881488 1510844 1516695 1516698 1439852 1527121 0949632 0005507 0243073 1510438
 0031727 0443286 1114821 1527121 0012888 2257057 0012892 0021966 0221138 1335439 0549177 0012888 2257063 0332255 1708096 1553631 0045191
 0443286 1114821 1881488 0037494 1959973 0013618 0012789 1882074 0020283 0450407 0450408 0450409 0036774 0036773 0728877 0449468 1690016 1705102 2700258
 0439243 1524062 0443286 1114821
 0443286 1114821 0013855 0681850 1550501 1706203 2349001 2697811 0071500 0017243 0071499 1382104
 1328856 0005507 0008546 0021069 0243073 1325550 1510438 0596890 0007634 3282337 0009458 0325564 0392747 0439536 1551720 1705217 3244283 0007955 0086140 0242295 1947943 2348609 1321564 0007452 0015965 0229671 0521457 1140701 1546774 1550100
 0332282 1883712 1442460 0007634 3282337 1548982 0024348 0442711 0680240 1507394 1522729 2348563 0031831 1707664 2348314 3540849
 0678579 0036378 0036375 0006037
 0021069 0884358 0439583 0450376 0443640 0003241 0034804 1414461 1521863 0014939 0597357 2936882 0694891
 1882443 0185115 3541890 1552738 0018837 0450382
 0032520 0677874 0162326 1442162 1550718 3244317 0678579 1511572 1273517
 1710082 0008848 0242298 0344349 3262831 0042295 1516695 1516698 1882115 0237753 0449788
 0443286 1114821 0042295 0449864 1511572 1880022
 1522609 0237753 0449788 1511572 1704788 3539106 1264664 1710082 2828386 0449864
 0042295 1301820 0237753 0449788 0442805 0332281 0018270 0032520 0220844 0677874 1514468 1552645 1621966 1704444 2911660 0439659 1883351 0442726 1511790 0947322 1705426 0024763 0175674
 0017337 0243148 1273517 1550141 1882979 2587213 3274648 1519595 0370003 2347026 0001271 0423896 0456205 1882115
 1274040 1546471 2825142 0080103 0205345 0332462 1547039 1880834 1707455 1265611 0017337 0552449 1521840 2986546 0001271
 0206415 1707689 2983265 0004793 0006556 0162326 0162327 1519249 0220825 1524063
 0162326 0745732 3272378 0332283 1719822 0206415 0018370 0040405 0061145 0439084 0728893 1422172 3539168
 0206415
 0206415 0179630 0439084 0677634 0728893 1705968 3537453
 0206415 0439084 0728893
 0206415 0039872 0040405 0162872 0266539 0439084 0728893 1864172 2697657
 0206415 0077072 0439084 0728893 1167383 1420714 1627773 1861305
 0439780 1953384 0206415 1707689 2983265 1883351 0021920 0205447 0230171 0309872 0683230 1517480 1521871 1705759 0332256 2700400 0370003 2347026
 0185115 0684295 1517480 1521871 1705759 0035668 0007634 0185115 3282337 3541890 1524063 0205548 0022885 0039593 0392366
 0332306 0013855 1706746 0017243 0487602 1704680
 0175723 0041625 0023693 0234621 1306462 1881376 1961129
 1265611 1555029 0006556 0034760 0442711 1507394 1522729 2348563
 0032520 0677874 0884358 1524063 0205430 1421951 1720722
 0443286 1114821 0205088 0449468 0884358 1546485 1690016 1705102 2700258 0332256 2700400 0006353 0439962 0006556
 1883351 2827666 0205173 0205341 1883725 0332256 2700400 0034760 1521827 0175730 0205168 0439526 0677535 1321564 1547937 1704474 1510844 0035168 0242481
 0012634 0348080 1705253 1261552 1704379 1705117 2825408 0227073
 0036849 1442518 1705195 0206415 0012634 0348080 1705253 1883351 1514468 1704444 0487602 1704680 0019873
 0681814 0205173 0884358 1511726 1552961 2347617
 0032520 0444868 0677874 3539085 0443286 1114821 0884358 1524063 0035168 0242481
 0557061 2584313 1514811 1706462 0694891 0034804 1414461 1521863 0014939 0597357 2936882 1515655 1883351 0557651 2603343 0600513 0010357 2986468 0037817 0234856 0600118 2828360 0205435 1279901 0332128 1704675 0034804 1414461 1521863 0014939 0597357 2936882 0694891 1704866 0079427 1325410 0027651 0205396 1550043 1551388 1578706 1710252 2954564 3273930
 0034804 1414461 1521863 0014939 0597357 2936882 0009013 0032136 0694891 0009013 0032136
 1150051 0205177 0439167 0441655 1561536 1948023 0034804 1414461 1521863 0014939 0597357 2936882 0694891 0450344 1553633 1704675 0036025 0043392 0043393 0717551
 1883351 1167622 0007582 1704675 0884358 0681814 1706386
 0034804 1414461 1521863 0014939 0597357 2936882 0694891 1257857 0376702 0007634 0454802 3282337 0392148 0023688
 1704675 0021069 0442726 1511790 0003242 0003250 0003241 0021027 0746619 0332283 0020985 0003242 0312586 0003241 0021027 0450345
 0521093 0750484 1274040 1546471 2825142 0003242 0003241 0021027 0332283 0020985 0003242 0003241 0021027
 1704675 0332291 0014912 0043194 0085862 0258432 1299583 1421478 3539520 0023688
 0449911 0333052 2607870 0557702 1272706 1704674 0557702 1272706 1704674 0349966 1337208
 2827734 2981698
 1704675 0034804 1414461 1521863 0014939 0597357 2936882
 1150051 0205177 0439167 0441655 1561536 1948023 0034804 1414461 1521863 0014939 0597357 2936882 0694891 1704675
 0086022 0442335 1639518 1947986 0205160 0332128 1513916 2825415 2825491 0243148 1550141 1882979 2587213 3274648
 2347469 0694891 1708639 1522485 1708632 1708639 0086022 0442335 1705099 1708639 1257857 0376702 0007634 0454802 3282337 0332293 1522326 3539520 1708639 0039286 1708639 0244404 1708639 1708639 0001962 0001962 0042444 0243148 0348005 1550141 1882979 2587213 3274648 1708639
 1881488 0003250 0003242 0003241 0021027 0457242 0746619 1442464 1708067 0301871 0040669
 1882443 1883708 0312586 0003242 0003241 0021027 0020985
 1274040 1546471 2825142 0441833 0521093 0750484 1999270 3537156 0021069 0003242 0312586 0003241 0021027 0020985
 1517331 1883351 0521093 0750484 1456348 0872079 1704675 1514760 1512505 0006142 0334227 0678222 0006826 0007634 0998265 1306459 3282337 0005507 0243073 1510438 1449705 0596890 0007634 0008015 0884358 3282337 0007634 3282337
 1510844 0332293 0023688 0205447 1522326 0349966 1337208 1444656
 0740116 2827735 2981700
 1881488 0007634 0444667 1269647 1704653 1948049 0003250 0003242 0003241 0021027 0694891 0746619 0301871 1882443 0034804 0312586 1414461 1521863 0003242 0034805 0003241 0014939 0021027 0597357 2936882 0020985
 0034804 1414461 1521863 0014939 0597357 2936882 0694891 0596890 0007634 0008015 3282337 1517001 1708639 0872079 1704675
 1704675 0441889 1705242 2349975 0039798 0087111 1522326 1533734 1705169 3538994 0023688 1708639
 0868928 1706255 1706256 0596890 0007634 3282337 1704675 0039798 0087111 1522326 1533734 1705169 3538994 0450354 1706096 1708639 0678226 3244092 0385939 1566805 0033684 0185117 0205227 0441889 0441994 0456079 0694891 1547707 1548802 2003888 2946261 2987476 3146286 0428479 1171362 0007634 3282337
 0023688 0205263 1704675 0450354 1706096 1708639
 1883727 1883357 1274040 1546471 2825142 1705535 1704675 0059672 0034804 0597357 1414461 1521863 0014939 0033684 2936882 0732611 0851285
 0449911 0333052 2607870 0557702 1272706 1704674 0557702 1272706 1704674 0349966 1337208
 0740116 2827735 2981700
 0694891 1512505 0006142 0034804 0334227 0678222 1414461 1521863 1514760 0006141 0006826 0007634 0014939 0597357 0998265 1268990 1306459 2936882 3282337
 0007634 3282337 0596890 0007634 3282337 2347469 0332293 1522326 3539520 1708639 0039286 1708639 0244404 1708639 1708639 0042444 0348005 1708639
 1881488 0003250 0003242 0003241 0021027 0694891 0746619 0301871 0694891 1708639 0332152 0740175 2257086 0003241 0021027 0332152 0740175 1708639 2257086 0243148 1550141 1882979 2587213 3274648 1442464
 1882443 1883708 0020985 0312586 0003241 0021027
 0694891 0040624 1883351 0031843 0542341 0700205 1705273 0694891 0034804 1414461 1521863 0014939 0597357 2936882 0205341 1705914 0596890 0007634 0008015 3282337 0034804 1414461 1521863 0014939 0597357 2936882
 1510844 0332293 0014912 1522326 3539520 0040691 1527194 0018284 0018270 0220844 1510411 1521761 1621966 2827422 2911660 2827734 2981698
 0349966 1337208
 1547282 0040691 1527194 0018284 0018270 0220844 1510411 1521761 1621966 2827422 2911660 2827734 2981698 0311403 0205177 0439167 0441655 1561536 1517001
 1512167 0185117 0015272 0021467 0021469 1628982 3463820 1707455 0040691 1527194 0018284 0018270 0220844 0332287 1510411 1521761 1621966 1705690 2827422 2911660 2827734 2981698
 0021467 0021469 1628982 3463820 1517331 1512045 0178602 0851827 0869039 1114758 1701901 3244310 0450365 1706097
 0732611 0015272 0205177 0439167 0441655 1561536 0039286 0244404 0332128
 1517001 1517880 0023688 0243122 1145667 1167622 0034804 1414461 1521863 0014939 0597357 2936882 1518422 0024075 1274040 1546471 1879547 2825142
 0392148 0694891 0441889 0014930 0023688 0752229 1260953 0450366
 0244404 0700364 1883351 1999216 0015272 0456949 0441889 0042444 0348005
 0332290 0732611 0001721 1704675 0034804 1414461 1521863 0014939 0597357 2936882 1274040 1546471 2825142 0694891 0034804 1336789 1414461 1521863 0014939 0040649 0079613 0597357 2936882 0205177 0439167 0441655 1561536 0732611 0851285 1705242
 1274040 1546471 2825142 0007634 1301820 3282337 1511726 3245479 1518422 1547282
 0449911 0333052 2607870 0557702 1272706 1704674 0557702 1272706 1704674 0349966 1337208
 0439086 2827736 2981702
 1280500 2348382 1148776 1152633 0205177 0439167 0441655 1561536
 0600508 0013879 0014939 0871261 1704632 1705248 1706817 2911692 2936882 0034804 1414461 1521863 0014939 0086418 0597357 2936882 0596890 0007634 3282337
 1280500 2348382 3158809 0040624 0034804 1414461 1521863 0014939 2936882 0332128
 1510844 0332293 1522326 3539520 0040691 1527194 0018284 0018270 0220844 1510411 1521761 1621966 2827422 2911660 2827734 2981698 3539520 0040691 1527194 0018284 0018270 0220844 1510411 1521761 1621966 2827422 2911660 2827734 2981698 0042444 0243148 0348005 1550141 1882979 2587213 3274648
 0042295 1882932 0439148 1519795 1882115
 2347469 1265611 1151115 0205177 0439167 0441655 1561536 0005507 0243073 1510438
 1280500 2348382 3158809 0040624 0332128
 0596890 0007634 3282337 0335038 1522485 1705915 1709908 0034804 1414461 1521863 0014939 0597357 2936882 0034804 1414461 1521863 0014939 0597357 2936882 0694891
 1510844 0332293 0023688 0205447 0205450 1522326 0683454 0021966 0221138
 3539520 0039286 0244404 0042444 0348005
 1151115 0205177 0439167 0441655 1561536 0005507 0243073 1510438 1707455
 0073187 1280500 2348382 3158809 0040624 0332128
 1265611 0231441 0443218 0919432 1265611 2827483
 1510844 0332293 1522326 3539520 0040691 1527194 0018284 0018270 0220844 1510411 1521761 1621966 2827422 2911660 2827734 2981698
 1151115 0205177 0439167 0441655 1561536 0005507 0243073 1510438 0936012 1552738
 0684224 0700287 1547282 1514758 0162493 1879547 0919432 2349975 1167622 1704675 0919432 0034804 1414461 1521863 0014939 0597357 2936882
 0040691 1527194 0018284 0018270 0220844 1510411 1521761 1621966 2827422 2911660 0205263 0220781 0439634 1522492 0439855 1704241 0332128 1280500 2348382 3158809 0040624 0596890 0007634 3282337
 0349966 1337208 1547282
 0919432 0205217 0442805 1148776 1152633 0205177 0439167 0441655 1561536 0392148 0040691 1527194 0018284 0018270 0220844 0332285 1510411 1521761 1621966 2827422 2911660 2827734 2981698
 1883712 3158809 0040624
 1265611 0005507 0243073 1273517 1510438 0441994 1548802 2003888
 1883357 1274040 1546471 2825142 0694891 1260953 3158809 0040624
 0694891 0348078 0376315 1522492 1523873 0439855 1704241 0013879 1705248 0034804 1414461 1521863 0014939 0597357 2936882 0040649 0086860 1332838 0392366 0694891 0034804 1414461 1521863 0014939 0597357 2936882 0348078 0376315 1522492 0439855 1704241 1524063 0949632 0017243 0333051 1382104 2347509 0005507 0243073 1510438
 0694891 0032136 1257857 0376702 0007634 0454802 3282337 1523873 0439855 1704241 0205431 0175723 0439645 1521913 0450373 1553636 1708639 1257857 0376702 1881488 0007634 0454802 1269647 1518422 1704653 1707455 1948049 0450373 1553636 1708639
 1883712 0034804 1414461 1521863 0014939 0597357 2936882 0694891 0439855 1704241 0450373 1553636 1708639 0521093 0750484 0439855 1704241 0332256 2700400 0694891 0034804 1414461 1521863 0014939 0597357 2936882
 1274040 1546471 2825142 0694891 1149369 0034804 0521102 1148673 1414461 1521863 0058595 0597358 0012854 0014939 0243122 0597357 1145667 1167622 2936882
 0017337 1149369 0034804 0597358 1414461 1521863 0014939 0243122 0439851 0597357 0851285 1145667 1167622 1947931 2936882 0332257 1552866 2700399 0007427 1332805 0007428 1545287 1149369 0034804 0597358 1414461 1521863 0003320 0014939 0243122 0332255 0332281 0597357 1145667 1167622 1708096 2936882 1414231
 1883351 0521093 0750484 1456348 1157310 1819634 1817262 0220781 0439634 1522492 1515655 0185125 1328856 0005507 0008546 0021069 0243073 1325550 1510438 0450382 0033413 0017446 0086860 0205147 0007427 1332805 0007428 0332256 0450382 2700400
 0596890 0007634 3282337 0014939 0332197 1689985 2936882 0332283 0039798 0087111 1522326 1533734 1705169 3538994 0042444 0348005 0023688
 0150312 0449450 0021069 1524063 0003241 0034804 1414461 1521863 0014939 0597357 2936882 0332283 0522525 0032520 0040649 0392762 0677874 1555029 0035380 1709450 0206415 1711300 2700613 0017446 0205147
 0349966 1337208 1547282
 0450375 2827063 0694891 1157310 1819634 0220781 0439634 1522492 0086860
 0039798 0087111 1522326 1533734 1705169 3538994 0205217 0442805 2827063 0332290 0332529 0732611 1704675 0205177 0439167 0441655 1561536 0037083 3537152
 0449911 0333052 2607870 1413114 0557702 1272706 1704674 0557702 1272706 1704674 0349966 1337208

 0694891 0348078 0376315 1522492 1523873 0439855 1704241 0012854
 0694891 0034804 1414461 1521863 0014939 0597357 2936882 1257857 0376702 0007634 0454802 3282337 1881488 1516695 1516698 1439852 1527121 0182400 1704681 2347609 3536729 0392148 0332197 1689985 1708639 0694891 1708639 0003241 1444656
 0694891 1704241 1444656 1708639
 2347469 0596890 0007634 3282337 2348531 0332293 0023688 1522326 1705242 3539520 0039286 0244404 1442460
 1881488 1516695 1516698 0034804 1414461 1521863 0014939 0597357 2936882 0301871 1624602
 0032520 0677874 0884358 1882443 0206415 1444656
 1880389 1883221 3541951 0034804 1414461 1521863 0014939 0597357 2936882 0024779 1706473 1880389 1883221 3541951 0694891 2603362 0034804 1414461 1521863 0014939 0597357 2936882
 0034804 1414461 1521863 0014939 0597357 2936882 0016327 0439133 1553038 1880389 1883221 3541951 0332256 2700400 1880389 1883221 3541951 1414304 0878311
 0205549 2348044 0086022 0442335 1522485 1705099 1708632 2827421 0009013 1442161 1511760 1880274 1414304 1880389 1883221 3541951 0349966 1337208 1547282
 1553637
 0034804 1414461 1521863 0014939 0597357 2936882 0205447 1257857 0376702 0007634 0454802 3282337 0694891
 0021069 0003242 0003241 0021027 0884358 1708067 0003242 0003241 0021027 0332283 0020985 0003242 0003241 0021027
 0349966 1337208 1547282
 1537525 1880274 1299582 1145667 1167622 0694891 0878311 1511662 1148673 0012854 0243122 1145667 1167622 1880389 1883221 3541951 0333118 1704675
 1274040 1546471 2825142 1880389 1883221 3541951 0205224 0694891 1880389 1883221 3541951 1511662 1148673 0012854 0243122 1145667 1167622 1880389 1883221 3541951 1518422 1514873
 0449911 0333052 2607870 0557702 1272706 1704674 0557702 1272706 1704674 0349966 1337208
 0439084 0728893
 1283195 1880389 1883221 3541951
 0175168 1510464 0678594 1547282
 0237753 0449788 0450429 1880389 1883221 3541951
 0596988 0681814 1273517 1706765
 3539520 1537525 0034804 1414461 1521863 0014939 0597357 2936882 1323330 1511662 1148673 0012854 0243122 1145667 1167622 1880389 1883221 3541951 1511662 1148673 0012854 0243122 1145667 1167622 1880389 1883221 3541951 1880389 1883221 3541951 1880389 1883221 3541951
 2347469 1704675 0596988 0021069 0332128 1708067 0003242 0003241 0021027 0332283 0020985 0003242 0003241 0021027
 0441833 1999270 3537156 1547282 1704675 0441833 1999270 3537156 1547282 1171362 0185117 1444656
 0205117 0332282 1883708 1880389 1883221 3541951 0694891 2603362 0086597 1704675 1524063 0457242 1300554 3484373 0332255 0486805 1553638
 0694891 0205447 1257857 0376702 0007634 0454802 3282337 0034804 1414461 1521863 0014939 0597357 2936882
 0007634 3282337 0024348 0021069 0681850 1550501 1706203 2349001 2697811 0003242 0003241 0021027 0332283 0020985 0003242 0003241 0021027
 0349966 1337208 1444656
 1880389 1883221 3541951 0017446 0205147 0205410 0034804 1414461 1521863 0014939 0597357 2936882 1880389 1883221 3541951 1299582 1145667 1167622 0034804 1414461 1521863 0014939 0597357 2936882
 1517001 1880389 1883221 3541951 1518422 0018790 0237477 0392351 0521111 1880389 1883221 3541951 0017446 0205147 0333118 0085732
 0449911 0333052 2607870 0557702 1272706 1704674 0557702 1272706 1704674 0349966 1337208

 1283195 1880389 1883221 3541951
 0175168 1510464 1547282
 0596988 1273517 1706765
 0694891 0457242 1300554 3484373 0694891 1880389 1883221 3541951 1880389 1883221 3541951
 2347469 1704675 0596988 0021069 0332128 1524063 0003242 0003241 0021027 0332283 0020985 0003242 0003241 0021027
 0441833 1999270 3537156 1547282 1704675 0441833 1999270 3537156 1547282 1171362 0185117 1444656
 0596988 0596890 0007634 0008015 3282337 0335038 1522485 1705915 1709908 1151115 0205177 0439167 0441655 1561536 0005507 0243073 1510438
 0694891 0018790 0237477 0392351 0521111 0017262 0017337 0185117 1517331 1883351 0521093 0750484 1456348 1280500 3158809 0040624 0034804 1414461 1521863 0185125 1709846 0032520 0677874 1515670 3244092 0017262 0597360 0185117 0441889 0456079 1547707 2946261 1414231
 0007634 3282337 0032136 0185117 0694891 0031249 0086022 0442335 1705099 1880497
 1510844 0332293 1522326 3539520 0456696 1442770 0185115 0684295 0032520 0677874 0005507 0243073 1510438
 0349966 1337208
 1547282 3539520 0205263 1515670 0185117 1571602 1414231
 0694891 0392756 0547047 0920532 0205263 0857127 0392747 0443172 3244092 0185117 0441889 0521093 0750484 0694891 1260953 1512505 0006142 0334227 0678222 0006826 0007634 0998265 1306459 3282337
 0449911 0333052 2607870 0557702 1272706 1704674 0557702 1272706 1704674 0349966 1337208

 0694891 0018790 0237477 0392351 0521111 0017255 1879547
 0007634 3282337 0205170 3146287 0005971 1139930 3537155 0020498 0032136 0185117 0694891 0032136
 1510844 0332293 1522326 3539520 0042444 0348005 1444656
 0007427 1332805 0007428 1414231 0185117 0035380 0040649 1555029 0030695 0150369 0181904 0596972 1521743 1704646 1709846 0032520 0677874 1550177
 0001271 0243148 0332128 1550141 1882979 2587213 3274648
 1265611 0001271 0444686 1441506 1443182 1524063 0552449 0001271
 0681814 0205174 0884358 1511726 1552961 2347617 0871420 1442989 2828392 0012727 0205419 1705236 0205128 0205132 1547282
 1514811 1706462 0014939 2936882 0596290 0007634 0334094 1269647 1514485 1704653 1948049 0007589 1511938 2945687 0007608 0678835 1510470 0162638
 0032214 0600138 0035820 0929301 1521747 0007634 1268443 0006141 0205171 0205307 0439166 1285092 1518422 1720467 2347086 3282337 1512505 0006142 0334227 0678222 0006826 0007634 0998265 1306459 3282337
 0947630 0023688 0332257 0732611 0205263 0301641 0392747 0443172 0450385
 0392747 0443172 0541749 1709743 0392747 1372999 1704675 0007634 1269647 1704653 1948049 1955394 0040648 0040649 1521761 2827422
 0694891 0150312 0014930 0752229 2349975 1704675 0034804 1414461 1521863 0014939 0597357 2936882
 0037088 0243095 2825141 0359589 1999230 0332120 0183683 1521721 0004951 0301641 0392747 0443172 1704675 0178555 0018896 1552861 1883351 0282469 1880371
 0694891 0682323 0040691 1527194 0018284 0018270 0150312 0220844 0332285 1510411 1521761 1621966 2827422 2911660 1704259 1705987
 0020792 0205396 0034804 1414461 1521863 0359589 1999230 0441712 1706376 0040691 1527194 0018284 0018270 0205103 0220844 1510411 1521761 1621966 2827422 2911660 0014939 2936882
 0332290 1511726 3245479 0919432 2349975 3158809 0040624
 0694891 1555029 0040649 0919432
 0919432 0694891 0034804 1414461 1521863 0014939 0597357 2936882
 0700364 0919432 0205171 0439044 0679994 1515877 1879547 0040649 0040691 1527194 0018284 0018270 0220844 1510411 1521761 1621966 2827422 2911660 0919432 0439855 1704241 0018790 0237477 0392351 0521111 0040649
 0040691 1527194 0018284 0018270 0220844 1510411 1521761 1621966 2827422 2911660 0205263 0031715 1158886 0348078 0376315 1522492 0439855 1704241 0007610 0851285 1327622 0040649
 1274040 1546471 2825142 0392148 0694891 0040691 1527194 0018284 0018270 0220844 1510411 1521761 1621966 2827422 2911660 0018790 0237477 0392351 0521111 3158809 0040624
 0694891 1705285 0334227 0006826 0007634 0998265 1306459 1880274 3282337 0040691 1527194 0018284 0018270 0220844 1510411 1521761 1621966 2827422 2911660 0085732 1299581 0205166 1706317 0018790 0237477 0392351 0521111 0040649 0332148 0750492 1515877 1879547 0040649
 2607943 2926606 3539655 0521093 0750484 1883351 0205238 0694891 0039795 0039796 0302350 1273517 1285529
 1511726 3245479 1547282 0014930 0752229 0205263 1704675 0034804 1414461 1521863 1514760 0014939 0597357 2936882 2346714 1705535 0694891 1704675 0034804 1414461 1521863 0332148 0750492 1518422 0851827 1701901 3244310
 0162808 1514562 1880389 1883221 3541951 0205309 1704675 0033684 0450388
 1511726 3245479 1547282 1880389 1883221 3541951 1518422 0243122 1145667 1167622 1314939 0034804 1414461 1521863 0014939 0597357 2936882
 1880389 1883221 3541951 0031809 0205485 0442799 1509143 1514873 1704675 1880389 1883221 3541951 0086597 0220781 0439634 1522492 0450388 0332149 1705910 2362652 1704675 0034804 1414461 1521863 0014939 0597357 2936882 0086597 0127400 0694891
 0694891 0332454 1704675 0034804 1414461 1521863 0014939 0597357 2936882 3158671 0005456 0682969 0205145 0243122 1145667 1167622 1515974 2825164 0034804 1414461 1521863 0014939 0597357 2936882
 0043227
 0694891 0392756 0547047 1704675 0040624
 1522634 1883351 0376649 1442065 2347946 1334468 1566790 1566789 1414988 1416962 0053932 2610491 0033684 0262950 0391978 1266908 1266909 0026559 0037083 3537152
 1414304 1880389 1883221 3541951 1880389 1883221 3541951
 1414304 0002508 0017446 0025033 0205088 0205147 0392752 1705314 1705315 1883351 0878311 0682969 1149341 1517880 0023688 0205088 0243122 1145667 1167622 1705314 1705315 1880389 1883221 2982691 3541951 0015264 1149371 0205177 0439167 0441655 1561536
 1880389 1883221 3541951 0392366 0332183 0557651 2603343 0851285 1327622
 1283195 1880389 1883221 3541951 1511726 3245479 1414304 0205410 0086597 1704675
 0205132 1880389 1883221 3541951 0205160 0851285 1327622 1513916 2825415 2825491
 2717951 0034804 1414461 1521863 1621296 0014939 0039286 0597357 1145667 1167622 2936882 0023688 0018790 0237477 0392351 0521111 0205177 0439167 0441655 1561536 0441712 1706376 0439673
 0205309 0242767 1186763 1947931 0332158 0337611 1705415
 0034804 1414461 1521863 0014939 0597357 2936882 2349975 1152633 0205177 0439167 0441655 1561536 0205177 0439855 0443301 1336789 1704241 1514559 1555029 1280500 2348382
 2963144 0732611 0018790 0237477 0392351 0521111 0441472 3266814 0034804 1414461 1521863 0233660 0238767 0332206 1706086 2949735 2949735
 1704675 1880389 1883221 3541951 0359589 1999230 0332120 1148776 1152633 0205177 0439167 0441655 1561536
 0732611 1518422 0445247
 0034804 1414461 1521863 0014939 0597357 2936882 0018790 0237477 0392351 0521111 0871261 0034804 1414461 1521863 0732611
 0332128 1704675 0694891 0949632 0017243 0333051 1382104 2347509 0005507 0243073 1510438
 0034804 1414461 1521863 0014939 0597357 2936882 1704675 0694891 1518422 0348078 0376315 1522492 1523873 0439855 1704241 0012854 1511726 3245479 1518422 1547282
 0034804 1414461 1521863 0014939 0597357 2936882 0700364 0205269 0237284 0039286 0205263 1511726 3245479 1518422 1547282
 0039286 0332513 0035647 0043210 0853879 0006142 0678222 0677898 0006141 0006826 0205281 0332293 0998265 1268990 1306459 1522326 0450389
 1516213 0030705 0205265 0039286 0039798 0087111 0814225 1522326 1533734 1705169 3538994
 0030705 0205393 0237834 1514892 0441712 1706376 0205170 3146287 0162340 0441712 1441414 1553874 1578820
 1547282 1515670 0597360 0185117 0006142 0678222 0677936 1516213 0006141 0006826 0030705 0039286 0332325 0547043 0851285 0998265 1268990 1282911 1306459 2827757
 0008972 0205210 0947630 1547282 0871261 1704632 1706817 2911692 0039286 0034804 1414461 1521863 0014939 0439849 0445223 0597357 2936882 0439178 1514760 0007634 3282337 1514486 0205250 0332281 0334094 0441889 1514485 3163633 0005516 0079184 0072108 0079183 1150565
 0677936 0237834 1514892 0006142 0678222 0039798 0087111 1363945 0034804 1414461 1521863 0014939 0392148 0597357 1707520 2936882 0332148 0750492 0039286 0205263 1704675 0034804 1414461 1521863 0014939 0597357 2936882 0079427 0694891
 0694891 0085732 1299581 1148776 1152633 0205177 0439167 0441655 1561536 0682323 0034804 1414461 1521863 0014939 0597357 2936882
 0456603 1547037 3244092 0185117 0441889 0456079 1547707 2946261 1280500 2348382 0034804 1414461 1521863 0014939 0597357 2936882 0205216 0392756 0442797
 1280500 2348382
 1280500 0040649 0439828 0456603 1547037
 1883727 1883357 1704675 0034804 1414461 1521863 0014939 0597357 2936882 0205396 1550043 1551388 0031843 0542341 0700205 1705273 1336789 0034804 1414461 1521863 0014939 0597357 2936882
 0205234 1285542 1292732 0694891 0205463 0449255 0542559 1706853 0031843 0542341 0700205 1705273
 0205172 1522508 0162340 0851285 1327622 0732611 0039798 0087111 1522326 1533734 1705169 3538994 3263685 0012634 0006142 0678222 0029456 0030664 1521733 0012634 0348080 1705253
 2986676 0031831 1707664 2348314 3540849
 0022558 0043016
 2825232 0043227 0242776 0001554 0001895 0041740 0868917 1521721 1533734 1551894 1883067 2825084 3245503 0018173 1548284 1511775 3496101 0018173 1548284 1704729 1880266 0027468
 0010186 0220812 0449719 1709471 0220808 0680264 0007961
 1706852 0522501 1706089 0949214

 0282413 0376649 1442065
 0254343 0796520 3272379

 0085205 1549619 1880669
 0013849 1705961 0024492 1538057 1547565 0059804
 0034037 1704324 0030351 0000723 0000723 1273517 0034804 1414461 1521863 0014939 0597357 2936882 0034804 1414461 1521863 0014939 0597357 2936882
 1545287 1149369 0034804 0597358 1414461 1521863 0003320 0014939 0243122 0332255 0332281 0597357 1145667 1167622 1708096 2936882
 0040691 1527194 0018284 0018270 0220844 1510411 1521761 1621966 2827422 2911660 0040691 1527194 0018284 0018270 0220844 1510411 1521761 1621966 2827422 2911660
 0732611 3536982 0732611 3536982 0752229 0034804 1414461 1521863 0014939 0597357 1709060 2936882
 0600508 0013879 0014939 0871261 1704632 1705248 1706817 2911692 2936882
 0039286 0039286
 0244404 0244404

 3539520 0014912
 1414304 1321099 0031843 0542341 0700205 1705273 1879547
 1511662 1148673 0012854 0243122 1145667 1167622 1880389 1883221 3541951 1511662 1148673 0012854 0243122 1145667 1167622 1880389 1883221 3541951
 1334043 2697616

 0018909
 0007427 1332805 0007428 0007427 1332805 0007428
 1514811 1706462 0557061 2584313 1514811 1706462 2827734 2981698

 1553033 0369773 2603361 0439267 0597277 1708601 2347469 0369773 2603361 0522501 0369773 2603361
 0007634 1269647 1704653 1948049 0025141 0740116 2827735 2981700

 0016327 0439133 1553038 0597277 1708601
 2603362

 2347961
 0439086 2827736 2981702

 0597277 1708601 0033727 0369286 0441932 0564385 2603362


 1315013


 0999213 0033727 0369286 0441932 0564385 0861352 0205090 0684010 2603358
 0205090 0684010 2603358
 0369637 0441923
 0007634 1269647 1704653 1948049 0025141 0439084 0728893
 0205090 0684010 2603358
 0369637 0441923
 0036397 0025141
 0369773 2603361 0439267
 0007634 1269647 1704653 1948049 0025141
 0369718 0441922 1553036
 2603362
 0369637 0441923
 0439114 2347469



 0027960 0324740 0439189 1456781 1824986

 0450388 0442761 0439086 2827736 2981702 0025141

 0369637 0441923
 0038317 0450385 0025141


 0016327 0439133 1553038 0597277 1708601
 2603362


 0201682

 0678579 0369637 0441923
 0036397

 0205090 0684010 2603358
 0369773 2603361 0452875 1123019 1145701 3496086 0369718 0441922 1553036 0369637 0441923
 0205090 0684010 2603358 0205090 0684010 2603358
 0033727 0369286 0441932 0564385
 0349590 1262865 0025141
 2603360 0205090 0684010 2603358 2347469 0861352 2603362
 0205090 0684010 2603358
 0035853 0995005
 0017596 1947936
 0597277 1708601 0369637 0441923
 0439267
 0007634 1269647 1704653 1948049 0025141
 0554249
 2603362
 0369637 0441923
 0439114 2347469

 1418943

 0268596 2700624
 3642273
 0041703

 2603362
 2603362
 0369637 0441923
 0439114 2347469

 0036397 0000857 0600678 1552863
 1555429 0369773 2603361
 0439267
 0205090 0684010 2603358 0008114 1284862

 0014137 0000857 0600678 1552863

 0369637 0441923
 1553033 0369773 2603361 0033727 0369286 0441932 0564385

 0000857 0600678 1552863
 0033727 0369286 0441932 0564385 0597277 1708601 0369637 0441923
 0369637 0441923
 0205090 0684010 2603358
 0027960 0324740 0439189 1456781 1824986
 0007634 1269647 1704653 1948049

 0000857 0600678 1552863
 0033727 0369286 0441932 0564385 0597277 1708601
 0369637 0441923
 0205090 0684010 2603358
 1418943

 0268596 2700624
 3642273
 0041703

 1553033 0033727 0369286 0441932 0564385


 0201682

 0016327 0439133 1553038 0439267 0369773 2603361
 0369637 0441923
 0439267

 0000857 0600678 1552863
 2347469 1553033
 0369773 2603361 0033727 0369286 0441932 0564385 0369773 2603361 0205090 0684010 2603358

 0000857 0600678 1552863
 0016327 0439133 1553038
 0369637 0441923
 0439267
 0027960 0324740 0439189 1456781 1824986
 0007634 1269647 1704653 1948049

 0000857 0600678 1552863 0450348


 2603360 2347469 0205090 0684010 2603358 0017596 1947936
 0597277 1708601 0369637 0441923
 0439267
 0349590 1262865 0025141
 0205090 0684010 2603358 0678579 0369637 0441923
 0439267 0017596 1947936
 0597277 1708601
 0349590 1262865 0025141
 2603360
 0699759
 0597277 1708601
 0439267
 0330603 0597277 1708601
 2347469
 0027960 0324740 0439189 1456781 1824986


 0999213
 0205090 0684010 2603358
 0369637 0441923
 0349590 1262865 0025141
 0369718 0441922 1553036
 0205090 0684010 2603358
 2347469 0439114 2347469


 2347961

 0005680 0027567 0085756 0439541

 0205090 0684010 2603358

 0439267
 0205090 0684010 2603358 0205090 0684010 2603358
 0016327 0439133 1553038
 0205090 0684010 2603358

 0033727 0369286 0441932 0564385


 1315013

 0450388 0025141
 0022418

 0006826 0998265 1306459 0025141
 0024028 0205090 0684010 2603358
 0205090 0684010 2603358 0205090 0684010 2603358
 2347469 0033727 0369286 0441932 0564385
 1396851 0369773 2603361
 0022418
 0369773 2603361
 0369773 2603361

 0369718 0441922 1553036
 1414400

 0000857 0600678 1552863 0450355
 0205090 0684010 2603358
 0369773 2603361 2603360
 0033727 0369286 0441932 0564385 2603360

 0369773 2603361 2603362

 0439114 0331936 2603362
 0777169 0025141
 0205090 0684010 2603358
 0205090 0684010 2603358
 0040833 1521798
 0025141
 0999213
 0439267




 2347961

 0025141
 0205090 0684010 2603358 0038817 0376223 0441039 1705854 3540815 0205090 0684010 2603358
 0597277 1708601
 2347469

 0036397 0025141


 0016327 0439133 1553038 0597277 1708601 2603362
 2347379
 0000857 0600678 1552863
 2603362

 2603360
 0035561
 2603360

 0205090 0684010 2603358
 0033727 0369286 0441932 0564385 2603362

 0036397 0000857 0600678 1552863
 0597277 1708601
 0205090 0684010 2603358
 0033727 0369286 0441932 0564385 2603362

 2347379
 0000857 0600678 1552863
 2603360 0597277 1708601 2603360 0369718 0441922 1553036 2603360 2603360 2603360
 0029016 0025141 0439509
 1707476 2348662
 0022067 0033727 0369286 0441932 0564385 0205090 0684010 2603358

 0007634 1269647 1704653 1948049 0025141

 0027960 0324740 0439189 1456781 1824986

 0310367 0750526 0025141
 2603360 0554249
 2603360


 0029016 0025141
 0443048

 0016327 0439133 1553038
 0369637 0441923
 0007634 1269647 1704653 1948049 0025141
 0369637 0441923
 0439267 1416746 1862225 2603362
 1431628 0439267
 0597277 1708601

 0929301 1521747
 0027651 0025141
 0016327 0439133 1553038
 0063789 3272375

 0006826 0998265 1306459 0025141
 2347469
 0241737
 0369773 2603361
 0230613 0557775 1511780 0369773 2603361
 2603360 1511780 2347469
 2347469
 0007595 0018270 0220844 1621966 2911660
 0000857 0600678 1552863
 0038817 0376223 1431628 0439267
 0597277 1708601 2945617 0021966 0221138

 0016327 0439133 1553038 0369637 0441923
 0439267


 0201682

 0205090 0684010 2603358
 0205090 0684010 2603358 2347469
 0205090 0684010 2603358
 1704648

 0006826 0998265 1306459 0025141
 1551833 0033727 0369286 0441932 0564385
 2347469 2347469
 0369637 0441923
 2347469
 0014137
 2603360 0033727 0369286 0441932 0564385 0033727 0369286 0441932 0564385 0369637 0441923
 0027960 0324740 0439189 1456781 1824986
 0007634 1269647 1704653 1948049


 1431628 0234880 1431628 0369718 0441922 1553036
 1744664
 0439086 2827736 2981702
 2603360 0450955 2603360 0016327 0439133 1553038


 0201682

 0450955 2603360 0016327 0439133 1553038 2603360
 0014137
 0033727 0369286 0441932 0564385
 0597277 1708601
 2603362

 0861352



 0201682
 0450382
 0369637 0441923
 0678579 0369637 0441923
 0007634 1269647 1704653 1948049 0025141

 0439267 1553033 2603360 0205090 0684010 2603358
 1553033

 1418943

 0268596 2700624
 3642273
 0041703

 1553033
 0369637 0441923
 2603362

 2347379

 0205090 0684010 2603358
 0033727 0369286 0441932 0564385
 0007634 1269647 1704653 1948049 0025141
 0369773 2603361 0016327 0439133 1553038 1553033 0033727 0369286 0441932 0564385
 0027960 0324740 0439189 1456781 1824986

 0000857 0600678 1552863
 0016327 0439133 1553038 3613423 0597277 1708601 0439114 0033727 0369286 0441932 0564385 2603362


 2347379

 0740116 2827735 2981700 0025141
 0332583 0369773 2603361

 0439084 0728893 0000857 0600678 1552863
 0332583 3272897 0439267 0005135 0982158 3495134
 0205090 0684010 2603358 0369773 2603361
 0007634 1269647 1704653 1948049 0025141
 0007457 0043157 0220938 1553033 0369718 0441922 1553036 0369773 2603361
 0007634 1269647 1704653 1948049 0025141




 0369637 0441923
 0205090 0684010 2603358 0441039 1705854 3540815 0369773 2603361
 2603360

 0369773 2603361
 0036397 0450385

 0597277 1708601 0369773 2603361
 0369773 2603361

 0439267

 0007634 1269647 1704653 1948049 0025141
 2603362
 2949227 0205090 0684010 2603358 0021966 0221138
 1705534

 0597277 1708601 0443030
 2347469 2603360
 0443030
 2603360
 2347379

 0016327 0439133 1553038 0369637 0441923
 0014518 0205456 0369773 2603361



 0450387
 0439267
 0349590 1262865 0025141 0450388
 1431628 0205090 0684010 2603358

 0033727 0369286 0441932 0564385 0205090 0684010 2603358
 0027960 0324740 0439189 1456781 1824986
 0007634 1269647 1704653 1948049

 0000857 0600678 1552863
 0369637 0441923

 1704648
 3541227
 0025141 0450389
 0033727 0369286 0441932 0564385
 2347469
 2347379 0006142 0678222
 1292734 1522326
 0025141
 0005135 0982158 3495134 0369773 2603361

 0000857 0600678 1552863 0009993 0037455 0596070 1552856 0005477 0026376 0005532 1521991