 0520511 1704711 0392747 0443224 2827486 0002716 0011560 0030956 0611285 2827734 2981698 0369637 0441923
 0369718 0441922 1553036
 0369637 0441923
 2306735
 1006780
 0038817 0376223
 0043217 0013621 0013622 0013658 0039401 2347782 0205099 0565990 1549054 1552471 0042610 0205099 0205476 1704729 0036375 1704729 0026222 0041740 1551442 3245499 0026222 0034036 0034037 1514756 1704324 0557061 2584313 1514811 1706462 0018042 0439855 1704241 0032214 0600138 0035820 1705810 0007634 0599896 3282337 0002716 0011560 0030956 0611285 0392747 0008377 0599896
 1512571 0392366 0443224 2827486 0001779 0001792 1999167 0392747 0423896 0456205 1280500 1178965 0018042 0332281 0017446 0205147 0439855 1704241
 0025663 0025664 0449851 1273517 1883351 1280500 0008377 0018042
 0242842 0026018 1547282 0443224 2827486 3276464 0008377 0001779 0001792 1999167 0423896 0456205
 0204727 0205409 0220862 1264633 1524063 0007704 0007703 0178587 0439182 0812409 1547282 1280500 2348205 0242842 0026018 1441672 0443289 0037088 0243095 2825141 0443224 2827486 1280500 1705535 0037791 1511884 0332453
 1149851 1149838 0205177 0439167 0441655 1561536 0008377 0007603 3161472 0003595 0003591 0441889 0332281 0443224 1280500 2827486 0520511 1704711 0001779 0001792 1280500 1518422 1999167 0205214 0441712 1522138 1706376 3245511
 0521119 1521840 2986546 0018042 0439855 1704241 0332454 1326960 0019868 0441472 3266814 0392747 0007613 0007634 0542341 1269647 1704653 1948049 0201950 0428466 0441889
 0557061 2584313 1514811 1706462 0205132 1704675 0008377 0282443 0042789 1947903 0140145 1332102 1425988
 0052201 0003591 0033684 1145667 1167622 0005528 1317949 3495449 0008377 0023779 0035648 0960756 0035647 0205396 1521761 1550043 1551388 2827422 0015576 0241888 0050718 0205422
 0030705 0063164 0030016 0047420 3272281 3538919 0035647 0441994 1548802 2003888 1707455 0027361 0237401 1518422 1515187 0013227
 0870883 1552138 0020339 0007806 0005889 0030705 0205250 0302908 0444611 0521329 1704353 3163633 0243148 1550141 1707455 1882979 2587213 3274648 0681850 1550501 1706203 2349001 2697811
 0002716 0011560 0030956 0611285 0449432 1705248 0006104 0030705 0205397 0008377
 1704675 1882911
 0201950 0428466 0008377 0441889 0443264 0085151 3538722 1456454 0033665 0002716 0011560 0033684 0611285 1709634 0220781 1883254
 0392747
 0008377 0443264 0441472
 1705920 0439509 2827734 2981698 2827734 2981698 0205217 0442805 0871786 0008377 0439855 1704241 0027882
 0003595 0003591 0441889
 2246761 0010558 0439509 2349975 1274040 1546471 2825142 0008377 0332620 0449234 1704772 1882133 0007603 0025255 0032105 0596901 1550098 1706182
 0018042 0439855 1704241 0032214 0600138 0035820 1705810 0599896 1326960 0008377 0019868 0079613 0018042 0439855 1704241
 0220806 0243077 3272558 0205309 1883351 0018042 0079613 0439855 1704241 0392747 0008377 0599896
 1547282 0031670 0031671 2612176 2246761 0008377 0851285 1327622 1880177 0031670 0031671 0018042 0332281 0439855 1704241
 0474395 0205177 0439167 0441655 1561536 0007634 3282337
 1280500 0018042 0439855 1704241 0851827 1701901 3244310 0443224 2827486 0001779 0001792 1999167
 0332185 0684224 0700287 3496591 0439509 0439509 1518422 0596973 0030685 0391871 0439180 0680255 1283071 1963578 0031676 0016895 0017082
 0001779 0001792 1999167 0439509 0439509 0443224 1518422 2827486 1145667 1167622 0008377 0015684 0001128 1707455 1959616 2349975 0015252 0728940 1948049 2349967 1185625 1382196
 0439509 0443224 2827486 0684224 0700287 3496591 1883351 0007603 0039063 0017446 0025255 0032105 0205146 0596901 0598629 1550098 1706182 0439509 0001779 0001792 1442464 1999167 0205117
 0557651 2603343 0392366 1512571 0392747 1326960 0019868 1280500 0851827 1701901 3244310 0443224 2827486 0001779 0001792 1999167
 0596607 0001779 0001792 1442464 1999167 1547282 0001779 0001792 1999167 0033684 0332285 0039686 0443224 2827486 1547282 0033684 0205171 1720467 0039686 1705241 1705242 0392747 0004927 2707008
 1280500 0008377 0018042 1149851 1149838 0205177 0439167 0441655 1561536 0441472 3266814 0332128
 1883712 0684224 0700287 3496591 0003595 0003591 0441889 0004112 0205217 0442805 0332293 0001779 0001792 1522326 1999167 1280500 0392747 0520511 1704711
 0003595 0441889 0523511 1412481
 0681814 0004927 1524063 0443224 2827486 0001779 0001792 1999167 0004112
 0025663 0025664 0449851 1273517 1883351 1280500 0423896 0456205 0004112 2827734 2981698 0242842 0026018 1524063 0005516 0007745
 0740116 2827735 2981700 0204727 0205409 0220862 1264633 0039869 1883351 1882932 1178965 0017446 0205147 0682132 1524063 0007704 0007703 0450355
 1274040 1546471 2825142 0449450 1999230 0233820 0008377
 1547282 0443224 2827486 1280500 2348382 0018042 0439855 1704241 0004112 0001779 0001792 1707455 1999167
 0443224 2827486 0201950 0428466 3276464 0008377 0441889 0001779 0001792 1999167 0201950 0428466 0008377 0441889 0016321 0182400 0303920 1547282 0242842 0026018
 0030956 1555029 0443224 2827486 0001779 0001792 1999167 1518422 0392747 0201950 0428466 0008377 0441889 0205370 0441472 0750540 3266814
 0204727 0205409 0220862 1264633 0443289 0037088 0243095 2825141 1280500 0423896 0456205 1521805 0001779 0001792 1999167 1280500 2348205 0242842 0026018 1441672
 1149851 1149838 0205177 0439167 0441655 1561536 0031670 0008377 0007603 3161472 0003595 0003591 0441889 0332281 0443224 1280500 2827486 0201950 0428466 0008377 0441889 0001779 0001792 1280500 1518422 1999167 1705535 0031327 1524059 0441712 0001779 0001792 1999167 0008377 0018042
 1511726 3245479 1705535 0521119 1521840 2986546 0018042 0439855 1704241 0332454 1326960 0019868
 0557061 2584313 1514811 1706462 0520510 0174000 0008377 0376938 0442757 0450348 0007745 0031670 0031671 0005507 0243073 1510438 0812225 1150635 1705212 1705213 3273202 0026381 0182400 1301820 1521991
 0006754 0869011 3146274

 0007452 0015965 0229671 0521457 1140701 1546774 1550100 1301820 0042124
 0041986 0016945 1442460 0869011
 0376658 0014441 0005532 0022877 0205460 1301820 1619828
 0220806 0869011 1719918
 0007585 0007634 0010453 0220814 0430400 1269647 1704653 1948049 2242979 0004112 0598079 0010453 0220814 0332307 0430400 0596070 0869011 1516698 1547052 1704814 2242979
 0007634 3282337 1547282 1883351 3645613 1521970
 0004112 0007634 3282337 0009458 0325564 0392747 0439536 1439852 1551720 1705217 3244283 0332256 2700400 0007452 0015965 0229671 0521457 1140701 1546774 1550100 0017789 0220839 0205200 1314677 2347816 0428696 3176100 0020167 0080103 0205345 0439083 0439087 0869465 1515981 1547039
 0007634 3282337 0332293 0009458 0011155 0023820 0229671 0332256 0439536 1522326 1546774 1550100 1636779 1705217 2700400 3244283 1299987 0007452 0015965 0229671 0521457 1140701 1546774 1550100 1439852 0678323
 0681814 1524063 0004112
 0016321 0182400 0004112 0022877 0444330 0935616 0174000 0008377 1439852 1518456 1442450 1883708 1548982 0040223 1632851
 0443224 2827486 0470296 0470296 1442464 0001779 0001792 1999167 0007634 1524062 3282337 0439582
 0684224 0700287 3496591 1442464 1274040 1546471 2825142 0166994 0030956 0150312 0332285 0348078 0376315 1522492
 0681814 0030956 1555029 0443224 2827486 0001779 0001792 1442464 1999167 0007634 1439852 3282337
 0332282 0007634 3282337 1701810 1882955 0040223 1632851 0007745 3171718 1524062 0007634 1439852 3282337 1442450
 0007634 3282337 1883708 0991865 0006353 0031603 0031701 0036082 1548982 1601799 0070066 0231441 0443218 2827483 0242842 0026018 0449878 1524063 0181909 0449878 0683758 0008848 0242298 0344349 3262831
 0242841 0600396 0600395 0242842 0023089 0026018 0034606 0441633 0458142 1023865 1706315 0016315 0011923 0079595 0023089 0458142 0884358 1023865 1706315 0034606 0441633 2697665 0449913 1553451 1704459 0027976 0205314
 1704254 1704922 3542466 1524063 1709530 0175730 0597229 1547937 1704474 0851285
 0549255 1524063 0392274 0003781 0023089 1948015 0392247
 0181839 1706379 1273517 1883351 1704254 1704922 3542466 1524063 0018017 1571702
 0174000 0008377 0549255 0233929 2349995 0034869
 0007745 0549255 0233929 2349995 0034869
 1704254 1704922 3542466 0439799 1706095 1881786 0221205
 0332575 1260956 0332583 0442796 1550602 0221205 1319009 1260957 0009393 1550604 1705245 1883067
 0002778 0392762 0936012 1524024 0007745 0178706 1704254 1704922 1709694 3542466 1524063 2697665 0011923 0079595 0173021 0175671 0449913 0683758 1552870 1553451 1704459 2349104
 3541314 1552738 0439165
 0204727 0205409 0220862 0204727 0205409 0220862 1524063 0007704 0007703
 0004112 0332293 0443224 1522326 2827486 0001779 0001792 1999167
 0007634 3282337 1512335 1548982 0991865 0006353 0031603 0031701 0036082 1601799 1720725 1948050
 0007634 3282337 0006353 0439267 1553389 1553403 1705537 0038636 1161331 0024472 2678549 1882074 0020283 0450407 0450408 0450409
 0064858 0031493 0016327 0007634 0038960 1269647 1382107 1524062 1704653 1705537 1948049 0018790 0237477 0392351 0521111 0030940
 0007634 3282337 0181200 0332307 0336168 1547052 0038454 1524063
 0179834
 0441436 0993610 1998480 1553389 1553403 1705537 0038636 1161331 2827734 2981698 0812409
 0370003 2347026 1883708 0179834
 1708533 2698172 0849355 0006353 0439267 1720119 1948037 0179834
 0441436 0993610 1998480 0006353 1553389 1553403 1705537 0681814 1273517
 0427716 1304757 0086045 1524063 0005507 0243073 1510438
 0423896 0456205 1524063 0812225 1150635 1705212 1705213 3273202 0025664 0184661 2700391 1709908 0200370 0551621 0022877 0684224 0700287 3244292 3496591
 1152102 0205177 0439167 0441655 1561536 0026741 0014442 0016964 0702242 0243102 0205177 0439167 0441655 1561536 0444706 3541902 1524063 0025664 0184661 2700391 0684224 0700287 3496591
 0439962 0332256 2700400 0029923 0024472 0146951 0133689 0242759 0020283 0041175 0077281 0450400 0450407 0450408 0450409 0814229
 0443286 1114821 1548602 1704686 1883712 1442460 0041987 0016945 0041986 1439852 0443286 1114821 0040900 0456963 0001128 0009264 0009443 0020746 0202406 0234192 1272691 1883712
 1882443 0441436 0993610 1998480 0040223 1632851
 0370003 2347026 0702093 0750480 1705566 1524063 0036405 1710025 0677601 0678573 1705206
 1149851 1149838 0205177 0439167 0441655 1561536 0031670 1149851 1149838 0205177 0439167 0441655 1561536 1706449 0004112 0443224 1439852 2827486 0001779 0001792 1999167 0439582 0439083 0439087 1524063 0026381 0182400
 0522510 0205431 0182258 0016315 0444706 1514743 1706461 1709027 3541902 1421550 0025080 0220819 0699733 1524063 0449819 0449819
 0242485 1148554 1264633 0206243 0699809 0439787 0849355 1524063 0812225 1150635 1705212 1705213 3273202
 0812225 1150635 1705212 1705213 3273202 0042153 0457083 1947944 0442711 1507394 1522729 2348563 0432616 0086418 1979003 2754943 0034493 0005971 1139930 3537155 0432616 0019941 0027021 0031179 0086418 0330510 0522529 0939835 1110641 1318719 2754943
 0038137 0175675 0370003 2347026 0006353 1720119 1948037 0036774 0036773 0728877 0991865 0006353 0031603 0031701 0036082 1601799
 0370003 2347026 0370003 2347026 0750479 0005971 1139930 1524062 3537155 1439852 0439583 0450376
 0243122 1145667 1167622 0205170 3146287 1548982 0040223 1632851 0003241 0021027 1439852 1442450 0450376
 0441648 0040223 1632851 0046880 1524062 1439852 2348236 0005903 0039476 1547703
 0853041 0443286 1114821 0037633 0525069 1553404 1947925 2348570 2746065 0242485 0884358 1524063 0179038 1706246
 0005507 0243073 1510438 0205134 0022885 0039593 0370003 0392366 0750479 1268822 2347026 2825050 1719767 2348589 2827421
 1511726 3245479 0964553 1334110 0439269 1960952 2346927
 0204727 0205409 0220862 0009458 0162867 1254021 0007634 3282337 0332293 0443224 1522326 2827486 0001779 0001792 1999167 0849355 0031493 0016327 0033607 3536890 0030946 1524062 1947941 1999216
 0009458 0162867 1254021 0179834 1550101 0332293 0001128 0202406 1522326 1882443 0033684 0001963 0009264 0009443 0234192 1548982 1512080 2827485 0333118 0042153 0457083 1947944
 0007634 3282337 0013618 0041236 1512335 0042295 1524063 0025663 0449851 0871511
 0007634 3282337 0332293 0006353 0024348 0041942 0332256 1522326 2700400 0025402
 0949466 0005863 0002778 0936012 1524024 1705493 1881488 0162518 0009458 0162867 1254021 0006353 0024348 1524062 0042153 0457083 1947944 0370003 2347026 0333118
 0060916 0086376 0439267 0013855 0077068 0017243 1382104 0033684 0025255 0348011 0596901 0600190 1706182 0003595 0313106 0947659 0003591 0025914 0025929 0026809 0034693 0034721 0746619 1439852 2827734 2981698 0022877 3244292 1826357
 0051979 0019941 0018019 0025914 0025929 0026809 0027021 0031179 0330510 0522529 0939835 1110641 1265549 1318719 1510458 0003241 0021027 0027627 0175668 0205436 1273517
 0597879 0234621 1553037 1705493 1710236
 0178587 0011321 1524063 2347385 2347386 0449913 1553451 1704459 0037585 1555265
 0557061 2584313 1514811 1706462 0392747 0520511 1704711 0242842 0026018 0443289 0681814 0392366 1512571 0392747 0520511 1704711 1280500 0520511 1704711 0851827 1701901 3244310 0443224 2827486 0001779 0001792 1999167
 0025663 0025664 0449851 1273517 1883351 0520511 1704711
 2827734 2981698 0596331 0243071 0174000 0008377 0005516 0007745 1273517 0242842 0026018 1704254 1704922 3542466
 0740116 2827735 2981700 0007704 0007703 1273517 1883351 0370215 1875400 1264633 0201950 0428466 0008377 0441889
 0007745 0174000 0008377 0242842 0026018 1273517 0205265 1883351 1280500 0001779 0001792 1999167 0423896 0456205 0004112
 0007634 3282337 1439852 0439582
 0007620 0007634 0443348 1269647 1704653 1948049 0041213 0444706 1260957 1565627 3541902 1518422 0007634 0392747 3282337 0443224 2827486 0001779 0001792 1999167
 0439165 1549488 1561533 1441322 0007634 3282337 0004112 0004112 0443224 1439852 2827486 0004112 0001779 0001792 1439852 1999167 0439073 0439082
 1704254 1704922 3542466 0007745 0004112 0443224 1439852 2827486 0001779 0001792 1999167 0349966 1337208 1547282
 2827734 2981698
 1547282 0004112
 0016327 0205397 0439133 0441833 1553038 1999270 3537156 0443228 1704243 0332293 0443224 1522326 2827486 0001779 0001792 1999167 0004112 0243148 1550141 1707455 1882979 2587213 3274648 0004112 0443224 1439852 2827486
 0010992 0002778 0936012 1524024 1524063 0037585 0439165 1547282 0443224 2827486 1417248 1419691 0004112 0243148 1550141 1707455 1882979 2587213 3274648 0450348 1320226 0439531 1948053 0349966 1337208
 1417248 1419691 0439092 0547044 0004112 0001779 0001792 1439852 1999167 0450348 0004112 0243148 1550141 1707455 1882979 2587213 3274648 0349966 1337208
 0040223 1632851 1518422 0392747 0205397 0349966 1337208
 0740116 2827735 2981700 0443224 2827486 0001779 0001792 1999167
 1518422 0086045 0392747 0441994 1446561 1548802 2003888 0443224 2827486 0001779 0001792 1999167
 0174000 0008377 0007745 0450348 0004112 0004112 0443224 1439852 2827486 0004112 0001779 0001792 1439852 1999167
 1883351 1280500 0205369 1552740 0596130 1439852 0004112 0030956 1555029 0443224 2827486 0001779 0001792 1442464 1999167
 0443224 2827486 0001779 0001792 1999167 1280500 2348382 0174000 0008377 0004112 0243148 1550141 1707455 1882979 2587213 3274648 0349966 1337208
 0449911 0333052 2607870 0557702 1272706 1704674 0557702 1272706 1704674 0349966 1337208
 2827734 2981698
 0475264 1744691 0018042 0439855 1704241 0004112 0443224 1439852 2827486 0001779 0001792 1999167
 1547282 0449302 1704254 1704922 3542466 0174000 0008377 1518456 1708632 0332583 0007745 0332575 1260956
 0441833 1999270 3537156 1547282
 1547282 1704254 1704922 3542466 0332293 0443224 1522326 2827486 0174000 0008377 0332583 0007745 0332575 1260956
 0016327 0439133 0441833 1553038 1999270 3537156 1547282
 1547282 1704254 1704922 3542466 0332293 0001779 0001792 1522326 1999167 0174000 0008377 0439267 0332583 0007745 0033727 0369286 0441932 0564385 0332575 1260956
 0021966 0221138 0441833 1999270 3537156 1547282
 0449911 0333052 2607870 0557702 1272706 1704674 0557702 1272706 1704674 0349966 1337208
 0740116 2827735 2981700
 0174000 0008377 0443224 1439852 2827486 0001779 0001792 1999167 0439582 0004112 1439852
 0201950 0242485 0007745 1524063 0037585 0439165
 1511726 3245479
 0681814
 1417248 1419691
 0004112 0243148 1550141 1707455 1882979 2587213 3274648
 1523699 1152102 0205177 0439167 0441655 1561536 0016315 1264633 0242842 0026018 0443289 0392747 0007745 0005516 1511726 3245479 1285553 0201950 0428466 0008377 0441889
 0018042 0439855 1704241 1512426 0031843 0542341 0700205 1705273 1518422 0392760 1314939
 1517331 1883351 1280500 0001779 0001792 1999167 0520511 1704711 0018042 0439855 1704241 0004112 0018042 0439855 1704241 0205409 1548221 1524063 0007703 1264633 1301820 0039869 1883351 1882932 1178965 0017446 0205147 0682132 2827734 2981698 1264633 1554103 0175723 0439645 1521913
 0740116 2827735 2981700 0018042 1264633 1554103 0175723 0439645 1521913 1708533 2698172
 0016315 1273517 0005516 0018042 0439855 1704241 0439509 0005516 0869040 0150312 0449450 0557651 1273517 2603343
 1523699 1152102 0205177 0439167 0441655 1561536 1881965 0439291 0439420 0439269 1960952 2346927 1264633 1554103 1264633 1554103 0740116 2827735 2981700 2827734 2981698
 1523699 1152102 0205177 0439167 0441655 1561536 0205250 1299351 2700149 0369773 2603361 1264633 1554103 1264633 1554103 1707455 3244315 0205250 1299351 2700149 1264633
 1264633 1554103 1264633 1554103 1707455 0684224 0700287 3496591
 0007745 0005516 0520511 1704711 1264633 1523699 1152102 0016964 0041986 0205177 0439167 0441655 0702242 1441672 1561536 1511726 3245479 1518422 1547282
 0392747 0520511 1704711 0007703 0038636 0178587 0443289 1161331 0205117 0332282 1883708 0332128 1280500 0423896 0456205 1264633
 1280500 0001779 0001792 1999167 0008377 1264633 1554103 2348205 1441672 1524063 0242842 0026018
 0443224 2827486 0369773 2603361 3276464 0008377 0001779 0001792 1999167 0369773 2603361 0008377 0349966 1337208
 0449286 1704240 0008377 1264633 1554103 0439093 0443228 1704243 1274040 1546471 2825142 2348205 0242842 0026018 1441672
 0449911 0333052 2607870 0557702 1272706 1704674 0557702 1272706 1704674 0349966 1337208
 0439086 2827736 2981702
 0392747 0443172 0018042 0439855 1704241 0004112 0443224 1439852 2827486 0001779 0001792 1999167
 0004112 1439852 0007634 3282337 1512335 0018042 0439855 1704241 0205409 1548221 1524063 0007703 0025664 0184661 1517586 1552738 2700391
 1264633 1554103 0175723 0439645 1521913 0439182 0812409 1264633 1554103 0175723 0439645 1521913 0439182 0812409
 0008377 1511726 3245479 0243148 0439165 1549488 1550141 1561533 1882979 2587213 3274648
 0042295
 0369718 0441922 1553036
 1417248 1419691
 0243148 1264633 1550141 1707455 1882979 2587213 3274648
 0349966 1337208
 0439086 2827736 2981702 1547282 0443224 2827486 1280500 2348382 1264633 1554103 1264633 1554103 1707455
 0237881 0750502 1546944 0369773 2603361 0301630 0392756 0441610 1264633 1554103 0443224 1439852 2827486
 0018563 1281583 1552914 0001779 0001792 1999167 1280500 2348382 1264633 1554103 1264633 1441672 1554103 0332294 0237881 0678226 0750502 1546944 0369773 2603361 0301630 0392756 0441610 0349966 1337208
 1705241 1705242 0001779 0001792 1999167 0201950 0428466 0008377 0441889 0018042 0439855 1704241 0449234 1704772 1705241 1705242 1882133 1265611 0443224 2827486 0001779 0001792 1999167 2584321 0018042 0439855 1704241
 0456947 0441889 0205250 1299351 2700149 1264633 0439269 1960952 2346927 0033684 0001779 0001792 1707455 1999167 1264633 0439269 1960952 2346927 0033684
 1705241 1705242 0441889 1273937 0237881
 1511726 3245479 1511726 3245479 1547282 0443224 2827486 3276464 0008377 0001779 0001792 1999167 0008377
 0007603 3161472 0007634 0025255 0596901 1269647 1704653 1706182 1948049 0008377 0359583 0449416 1705919 0007634 3282337 0332293 0443224 1522326 2827486
 0021966 0221138 1547282 0443224 2827486 0392756 0439175 0439810 0368909 1183428 0008377 0332296 1880497 1996904 0004112 0243148 1550141 1707455 1882979 2587213 3274648
 0201950 0543421 0008377 0439175 0439810 0392756 0368909 0008377 0332296 1880497 1996904 0332293 0443224 1522326 2827486
 0001779 0001792 1999167 0439175 0439810 0368909 0008377 0332296 1880497 1996904 0007603 3161472 0007634 0025255 0596901 1269647 1704653 1706182 1948049 0021966 0221138 1280500 0443224 1441672 2827486
 0456603 1547037 0201950 0543421 0008377 0439175 0439810 0008387 1524063 0008377 0750572 1273517 1979885
 1706074 1511726 3245479 1547282 0456603 1610540 2348205 1518422
 1316572 1317574 1369612 0423896 0456205 1518422 0205449 0441833 0687744 1257890 1552516 1552839 1705428 1705429
 0449911 0039224 1706073 1706074 0557702 1272706 1704674 0557702 1272706 1704674 0619865 0201950 0543421 0008377 0439175 0439810 0368909 0008377 0332296 1880497 1996904 2825550 0456603 1547037 0007603 0004112 0443224 1439852 2827486 0001779 0001792 1999167 0018790 0237477 0392351 0521111 1149851 1149838 0205177 0439167 0441655 1561536 0031670 0031670 0031671 1547282 1883351 1314939 2246761 0886515 0030685 0333262 0391871 0439180 0680255 1283071 1327616 1515981 1963578 0018042 0439855 1704241 0450348 0597298 0684224 0700287 3496591 1883351 0018042 0332281 0439855 1704241
 1883351 0439659 1883351 0376649 1442065 0441712 1706376 3245505 0392747 0423896 0456205 0332128 1280500 0001779 0001792 1999167 0205177 0439167 0441655 1561536 0031670 0031671 0004112
 0349966 1337208
 0441833 1999270 3537156 2347469 0443289 0443224 2827486 0001779 0001792 1999167 0369773 2603361 0311403 1149851 1149838 0205177 0439167 0441655 1561536
 0332511 1149851 1149838 0205177 0439167 0441655 1561536 0031670 0040223 3541383
 1149851 1149838 0205177 0439167 0441655 1561536 0031670 0369773 2603361 0205250 1299351 2700149 0443224 2827486 1515981 0001779 0001792 1999167 0349966 1337208 0441833 1999270 3537156 2347469
 1280500 1149851 1149838 0205177 0439167 0441655 1561536 0031670 0332290 0008377 0018042 0439855 1704241 1149851 1149838 0205177 0439167 0441655 1561536 0031670 1518422 1280500 0008377 0018042
 0449911 0333052 2607870 0557702 1272706 1704674 0557702 1272706 1704674 0349966 1337208

 0443224 2827486 0001779 0001792 1999167 0018790 0237477 0392351 0521111 1149851 1149838 0205177 0439167 0441655 1561536
 0004112 0443224 1439852 2827486 0441833 1999270 3537156 0001779 0001792 1999167 0441833 1999270 3537156 2347469 0439083 0439087 0007634 3282337 1512335 0025664 0184661 1517586 1552738 2700391
 0007634 3282337 0205170 3146287 0442504 1704765 1882509 3496241 0005971 1139930 3537155 0031670 0031671 1524063 0026381 0182400
 0016315 0522510 0182258 0444706 1514743 1706461 1709027 3541902 1524063 0449819 0449819
 0042295
 0369718 0441922 1553036
 0007634 0243148 1550141 1707455 1882979 2587213 3274648 3282337
 0456693 1442458 0040223 0702093 1707455 3541383
 1280500 0001779 0001792 1999167 0003595 0441889 0523511 1412481 0004112 0684224 0700287 3496591 1326121 1879547 0441889 0055966 1413514 2609437 2827446 0441889 0009458 0439536 1705217 3244283
 1280500 1441414 1553874 1578820 1883351 0003595 0003591 0597357
 0392747 0443172 0441889 0030685 0391871 0439180 0680255 1283071 1963578 1280500 2348382 0008377 0007634 1269647 1704653 1948049
 0349966 1337208
 0439084 0728893 1547282 0003595 0003591 0205397 0332232 0596973 0037088 0243095 2825141 0332290 0004112
 0443224 2827486 1417248 1419691 0003595 0003591 0441889 0004112 0007634 0243148 1550141 1707455 1882979 2587213 3274648 3282337 0349966 1337208
 0001779 0001792 1999167 0700364 1883351 0003595 0003591 0441889 1705241 1705242 1273937 0237881 0007634 0243148 1550141 1707455 1882979 2587213 3274648 3282337
 0003595 0523511 1412481 1518422 0162518 0009458 0009647 0162867 0442726 1254021 1511790 0243148 1550141 1882979 2587213 3274648 0007634 3282337 1511726 3245479 1518422 1547282
 0449911 0333052 2607870 1413114 0557702 1272706 1704674 0557702 1272706 1704674 0349966 1337208
 0439084 0728893
 0443224 2827486 1518422 0001779 0001792 1999167 0442805 0003595 0003591 0441889
 0007634 3282337 0332293 1522326 0025664 0184661 1517586 1552738 2700391
 0441889 0949466
 1511726 3245479 0332293 1522326 0441889 0681814
 1547282 0005863 0949466 1705493
 0243148 1550141 1707455 1882979 2587213 3274648
 1413809 2911690 0243148 1550141 1882979 2587213 3274648
 1514811 1706462 0205132 1547282 0008377 0282443 0042789 1947903 1425988
 1704675 1882911 1442162 1550718 3244317 0008377 0443264 1171362 0185117 0052080 0599896 0392760 1314939
 0018042 0439855 1704241 0032214 0600138 0035820 1705810 0599896 1441414 1553874 1578820 0392747 0008377 0018042 0439855 0599896 1704241 1280500 0851827 1701901 3244310 0030956 0443224 2827486 0001779 0001792 1999167
 0025663 0025664 0449851 0242842 0026018 0204727 0205409 0220862 0007703 1273517 1883351 0022885 0039593 0392366 1512571 0443224 2827486 0001779 0001792 1999167 1280500 0018042 0439855 1704241 0004112
 0683954 1274040 1546471 2825142 1547282 0392747 0520511 1704711
 1280500 0520511 1704711 0851827 1701901 3244310 0443224 2827486 0001779 0001792 1999167
 0443224 2827486 0423896 0456205 0001779 0001792 1999167 0423896 0456205
 0204727 0205409 0220862 1264633 0443289 0037088 0243095 2825141 0443224 2827486 3276464 0008377 0008377
 0001779 0001792 1999167 0008377
 1149851 1149838 0205177 0439167 0441655 1561536 0031670 0008377 0007603 3161472 0003595 0003591 0441889 0332281 0443224 1280500 2827486 0201950 0428466 0008377 0441889 0001779 0001792 1280500 1518422 1999167 0205214 0441712 1522138 1706376 3245511
 0520511 1704711
 0205289 0806909 1280500 0001779 0001792 1999167 1441672 0086045 1446561
 0201950 0428466 0008377 0441889 1280500 1705242
 0086045 1446561 1518422 0392747 0201950 0428466 0008377 0441889
 0392747 0443172 0596130 0007620 0007634 0443348 1269647 1704653 1948049
 0030956 1555029 0443224 2827486 0001779 0001792 1999167 1518422 0392747 0201950 0428466 0008377 0441889 0004112 0243148 1550141 1707455 1882979 2587213 3274648
 0007620 1518422 0243148 1550141 1882979 2587213 3274648 0007634 3282337 0332293 0443224 1522326 2827486 0001779 0001792 1999167
 0443224 2827486 3276464 0008377 0008377
 1279919 0043227 1444656 1264633 1554103 1882932 0887897 0017446 0205147 1264633 1554103 1882932 0017446 0205147 0450355
 0443224 2827486 0026649 1504308 0017446 0205147 0887897 0017446 0205147
 0441712 1159360 0205234 0242656 0449258 0678723 0870861 1254042 1285542 1325417 0005528 1317949 3495449 0441712 1706376 0005528 1317949 3495449 0332257 0596846 0005528 1317949 3495449 1518422 1514893 2699488 0282443 1552617 0042789 1947903 1425988
 0026649 1264633 1554103 0205263 0443224 2827486 0205171 0442805 1551359 1720467 2741673 2981730 0008377 1264633 1441672 1554103
 1511726 3245479 1547282 0301630 0392756 0441610 0007603 3161472 0007634 0025255 0596901 1269647 1704653 1706182 1948049 0004112 0332293 0443224 1522326 2827486 0004112 0243148 1550141 1707455 1882979 2587213 3274648 1705535 0443224 2827486 1159709 0005528 1317949 3495449 0007603 3161472 0007634 0025255 0596901 1269647 1704653 1706182 1948049 0887897 0017446 0205147
 0332120 1511572 0332257 0008377 0033684 0699040 0007603 3161472 0007634 0025255 0205148 0596901 1269647 1704653 1706182 1709305 1948049 2745955 0018042 0439855 1704241 0085862 1299583
 1705535 1704259 1705987 1622097 0520511 1704711 1167250 0031843 0542341 0700205 1705273 1709305 2745955
 0085151 3538722 1456454 0033665 0002716 0011560 0033684 0611285 1709634 0332281 0860920 0008377 0025255 0178587 0205251 0596901 0699759 1299352 1550472 1706182 0450382
 0205250 1518422 0332621 1521840 2986546 1167250 0336849 0033414 1511572 0018042 0439855 1704241
 0001779 0001792 1999167 0201950 0428466 0008377 0441889 0201950 0428466 0008377 0441889 0301630 0392756 0441610 1707455 0443224 2827486
 0079220 1521840 0441712 0443224 0849355 2827486 0001779 0001792 1999167
 0001779 0001792 1999167 0439855 1704241 0007603 3161472 0007634 0025255 0596901 1269647 1704653 1706182 1948049 1159709 0008377
 0183683 1521721 1511726 3245479 1547282 0001779 0001792 1999167 0439509 0439509 0443224 1518422 2827486 0023779 0439855 1704241 0038229 0001128 0202406 3540812
 0849355 0001779 0001792 1999167 0439855 1704241 0230704 0023767 0023779 0079613 0332307 1547052 1383501
 0165073 0220806 0178576 0332220 2828360 1517892 1704666 0230707 0230704 0023779 0439855 1704241 0007603
 2963144 0443224 2827486 0001779 0001792 1999167 0079613 1326960 0008377 0019868
 0201950 0428466 0008377 0441889 0018042 0205217 0439855 0442805 1704241 0443224 2827486 0442805 0678226 3146286 1511572 0008377 0007603 3161472 0007634 0025255 0596901 1269647 1704653 1706182 1948049 0018042 0439855 1704241
 0439775 0702240 0018042 0439855 1704241 0031843 0542341 0700205 1705273
 0031670 0031671 0032214 0600138 0035820 1705810 0599896 0018042 0439855 1704241 0031670 0031671 0205378 1314939 0018042 0439855 0599896 1704241 0450348
 2607943 2926606 3539655 0443224 2827486 0423896 0456205 0311403 1149851 1149838 0205177 0439167 0441655 1561536 0680240 1551058 0035820 1705810 0031670 0031671 0008377 0599896
 0021467 0021469 1628982 3463820 2246761
 1879547 2349975 0030685 0391871 0439180 0680255 1283071 1963578 0018042 0439855 1704241
 0021467 0021469 1628982 3463820 0443224 2827486 0541749 1709743 0030685 0391871 0439180 0680255 1283071 1963578 0023779
 0150312 0443224 2827486 0311403 1149851 1149838 0205177 0439167 0441655 1561536 0031670 0557651 2603343 0684224 0700287 3496591 0474395 0205177 0439167 0441655 1561536 0007634 3282337
 1705241 1705242 0557651 2603343 0150312 0449450 0557651 2603343 1274040 1546471 2825142 0443202 0597196 0678594 0086045 1446561 0470296 0718136
 0021467 0021469 1628982 3463820 0443224 2827486 0043194 0258432 0680240 1421478 2607943 2926606 3539655 0201950 0428466 0008377 0441889 0018042 0205250 0439855 1704241 3163633 0392148 0443224 2827486
 1441672 0001779 0001792 1999167 0311403 1149851 1149838 0205177 0439167 0441655 1561536 0031670 0201950 0428466 0008377 0441889 0018042 0004112 0392756 0439855 1704241 0001779 0001792 1439852 1999167
 0443224 2827486 0001779 0001792 1999167 0018790 0237477 0392351 0521111 1149851 1149838 0205177 0439167 0441655 1561536 0031670 0441712 1706376 0201950 0428466 0008377 0441889 0018042 0439855 1704241 0332152 0871028
 0001779 0001792 1999167 0849355 1883720 3244314 0008377 0443224 2827486 0205263 0026649 0018042 0439855 1704241 0007603 3161472 0007634 0025255 0596901 1269647 1515981 1704653 1706182 1948049 0018042 0439855 1704241 0018790 0237477 0392351 0521111 0282114 0031843 0542341 0700205 1705273
 1280500 0008377 0018042 0003595 0332281 0003591 0441889
 0443224 2827486 0003595 0003591 0441889 0007634 0243148 1550141 1707455 1882979 2587213 3274648 3282337
 0018563 1281583 1552914 0001779 0001792 1999167 0003595 0003591 0441889 0301630 0392756 0441610 1518422 0007634 0205397 0243148 1550141 1882979 2587213 3274648 3282337
 0150312 0001779 0001792 1999167 0003595 0003591 0441889 1449562 0007585 0010453 0220814 0430400 2242979
 0557651 2603343 0684224 0700287 3496591 0001779 0001792 1999167 0441889 0009458 0439536 1705217 3244283
 1518422 0442726 0003595 0003591 0007634 3282337 0443224 1439852 2827486 0001779 0001792 1999167
 1705241 1705242 0684224 0700287 3273238 0040223 3541383 0086045 1446561
 0552617 0302523 0700325 1964257 1518422 0392747 0678587 0683927 0205361 0441889 1301808 1442792 3148680 1518422 1158770 0040649 0851285 1327622 0079613 0079613 0003595 0003591 0031227 0243127 0443331 0687676 1704687
 0442805 0004112 0443224 1439852 2827486 0032214 0600138 0035820 1705810 0008377 0018042 0439855 1704241
 0003595 0523511 1412481 0018042 0332281 0439855 1704241 0003595 0003591 0392747 0441889 0443172 1705241 0392747 0520511 1704711
 1547282 1524063 0025663 0025664 0449851 0392747 0423896 0456205
 1280500 0201950 0428466 0008377 0441889 0851827 1701901 3244310 0004112 0332293 0443224 1522326 2827486 0001779 0001792 1999167
 0443224 2827486 0201950 0428466 3276464 0008377 0441889 0001779 0001792 1999167 0201950 0428466 0008377 0441889
 0449738 0201950 0428466 0008377 0441889 1701901 1705535 0443224 2827486 1159359 1159709 0005528 0008377 0018042 0347985 1317949 3495449 0079613
 0018042 0439855 1704241 0205145 0205164 1515974 1552738 2825164 0033684 0237886 0700314 1947906 0030685 0391871 0439180 0680255 1283071 1963578
 0442808 0201950 0428466 0008377 0441889 1825598 0887837 0237886 0700314 1947906 1157396 0220781 1883254 0023779 0599896 0332294 0007634 0031847 0178539 0277785 0678226
 1511726 3245479 1705535 0282114 0007603 3161472 0007634 0025255 0596901 1269647 1704653 1706182 1948049 0018042 0439855 1704241 0392747 0392747 0443172 0392747 0596901 0025255 0678594 1706182 0031843 0542341 0700205 1705273
 0018790 0237477 0392351 0521111 1326279 1563744 0220781 0439634 1522492 0018042 0439855 1704241 0332257 0336849 0007603 1550030 1519624 0025255 0032105 0596901 1550098 1706182 0005528 1317949 3495449 0230653
 0030956 0011740 0025255 0596901 1706182 1880389 1883221 3541951 0039869 1883351 0230653 0008377 1515981 1880389 1883221 3541951 1518422 0332256 2700400 0379710 0887901
 1149851 1149838 0205177 0439167 0441655 1561536 0031670 0008377 0007603 3161472 0185117 0332281 0443224 1280500 2827486 0008377 0018042 0001779 0001792 1280500 1518422 1999167 0205214 0441712 1522138 1706376 3245511
 0008377
 0392747 0443172 0392747 0441889 0079613
 1704675 0008377 0332257 1552866 2700399 1512241 1521840 1521761 2827422 0007634 0031847 0178539 0277785 1880177 1709305 2745955
 2825232 0043227 0027468 0018173 0018684 0021622 1235746 1521721 1882141 3245503 0079816 1556038 0035168 0242481 0018173 0520510 1548284 3496098 1549054 0042610 1704729
 0010186 0220812 0449719 1709471 0220808 0680264 0007961
 1706852 0522501 1706089 0949214

 0282413 0376649 1442065 0565990 1549054 1552471 0042610 0205099 0205476 0254343 0796520 3272379

 0085205 1549619 1880669
 0013849 1705961 0024492 1538057 1547565 0059804
 0034037 1704324 0030351 0000723 0000723 1273517 0002395 1521724 0012634
 0002716 0011560 0030956 0611285
 0003591
 3540812 1959616
 0044369 0031670 0031671
 0174000 0008377 0376938 0442757 0450348
 0991865 0006353 0031603 0031701 0036082 1601799 0991865 0006353 0031603 0031701 0036082 1601799
 0007745 0369718 0441922 1553036 0450367 0037907
 0007745
 0077068 0369718 0441922 0700307 1553036 0556985 2247301 3540495 0017890 0522461
 1514811 1706462 0557061 2584313 1514811 1706462 2827734 2981698
 1883069
 0439394 1706495 3642217

 0268596 2700624
 3642273
 0000857 0600678 1552863 0740116 2827735 2981700




 0033872 0033873 0450348 0025141 0439086 2827736 2981702
 0043217
 0439267 0016327 0439133 1553038 0369718 0441922 1553036
 2603362

 0023779 0025141
 0043217
 0439267 0439267
 0369773 2603361



 0025141 0439084 0728893


 3272372
 0369773 2603361
 0033727 0369286 0441932 0564385 0369637 0441923
 2603362
 0033727 0369286 0441932 0564385 2347469

 0016327 0439133 1553038
 0205090 0684010 2603358 0369637 0441923
 1553033 2347469 0035853

 0027855 0000857 0600678 1552863

 0035853


 2347961

 0025141
 0033727 0369286 0441932 0564385 0439267
 2603362


 0777169 0025141
 2347469 0369773 2603361 0439267
 0439267 0439267
 0230467 0741204


 0016327 0439133 1553038 0205090 0684010 2603358 0021966 0221138 0597277 1708601 0205090 0684010 2603358


 2347379
 0025141

 2603362
 0369773 2603361 0331893 0369637 0441923

 0439267

 0369718 0441922 1553036 0205090 0684010 2603358 2347469
 0205090 0684010 2603358
 0016248 0375741
 0439267


 0201682


 0439394 1706495 3642217


 0201682

 0443058 0369773 2603361 2347469 0597277 1708601
 0439267 0443058 0597277 1708601
 1418943

 0268596 2700624
 3642273
 0041703

 0033727 0369286 0441932 0564385 0021966 0221138 0597277 1708601 0205090 0684010 2603358 2603360



 0439267
 0369773 2603361 0369718 0441922 1553036
 0324975
 0016327 0439133 1553038

 0860630



 0025141
 2603362
 0369718 0441922 1553036

 0369773 2603361 0242372 1425660 0043217
 0439267

 2347379

 1553033 0439267
 0369773 2603361

 0002716 0011560 0611285 0025141
 0369718 0441922 1553036 1512006


 0025141
 0369637 0441923


 0439267
 0006463 0439267 0439394 1706495 3642217 0439394 1706495 3642217



 0201682



 1418943

 0268596 2700624
 3642273
 0041703





 0201682

 0369773 2603361 1553033

 1418943

 0268596 2700624
 3642273
 0041703
 0439073 0439082

 0183251


 0201682
 0450348
 0369718 0441922 1553036
 2603360 0678579 0033727 0369286 0441932 0564385
 0369773 2603361
 1553033 0369637 0441923
 0439267
 1418943

 0268596 2700624
 3642273
 0041703
 0000857 0600678 1552863
 0183251
 0027960 0324740 0439189 1456781 1824986

 0007634 1269647 1704653 1948049
 0021966 0221138
 0439267
 0369718 0441922 1553036

 2347379
 0450348 0025141
 0441039 1705854 3540815 0369718 0441922 1553036 0597277 1708601



 0369718 0441922 1553036
 2603362

 0043217
 0439267


 0450388 0025141
 0331857 0205090 0684010 2603358
 0369773 2603361 0205090 0684010 2603358
 0016327 0439133 1553038 0369637 0441923
 0016327 0439133 1553038 0331857 0369773 2603361
 0369718 0441922 1553036
 2603362
 0043217
 0439267


 0201682


 0033727 0369286 0441932 0564385 0016327 0439133 1553038 1551458

 0016327 0439133 1553038
 1418943

 0268596 2700624
 3642273
 0041703
 0000857 0600678 1552863

 0439114 0369773 2603361
 0205090 0684010 2603358 0454861 0597277 1708601
 0443058



 0201682
 0450355


 0439267 0439267


 0000857 0600678 1552863
 0439394 1706495 3642217
 0033727 0369286 0441932 0564385
 1417055

 0025141
 2347469
 0369773 2603361 0439114
 2347469
 2347469 0016327 0439133 1553038


 0201682


 0439267 0597277 1708601 0582517 0597277 1708601 0439394 1706495 3642217 0999213 0599997 0205090 0684010 2603358 0033727 0369286 0441932 0564385 1553033
 2603362

 2603360
 1418943

 0268596 2700624
 3642273
 0041703

 2347469
 0562547


 2347379

 0043217
 0439267 1412430
 0016327 0439133 1553038 0369718 0441922 1553036

 2347379
 0025141
 1412430
 0016327 0439133 1553038 0043217
 0439267

 0063789 3272375
 0450348 0025141
 0043217
 0439267 1412430
 0369637 0441923
 0001962 0001975
 1315013
 1417055
 2347379
 0025141
 0439394 1706495 3642217 0439267
 0007634 1269647 1704653 1948049 0025141 0439509
 2603360 0369773 2603361
 0439267 0439267


 0439084 0728893 0000857 0600678 1552863
 0439267 0369773 2603361 0443052 0369637 0441923
 0205090 0684010 2603358



 0033727 0369286 0441932 0564385 0205090 0684010 2603358 0439267 0439267

 1315013


 0999213 0605411
 2603362
 0037173 0234857 2603360 0369637 0441923

 0183251 1705198




 0205090 0684010 2603358 0369718 0441922 1553036



 0369637 0441923
 0554249 0369637 0441923
 2603360 0369718 0441922 1553036 0439267 0039736 0439394 1706495 3642217
 0439394 1706495 3642217
 0369637 0441923
 1328660


 0025141
 0597277 1708601


 2347379
 0025141
 0043217
 0439267 0016327 0439133 1553038 0369718 0441922 1553036
 2603362


 0001811 0450348 0025141



 2347379
 0000857 0600678 1552863
 1721089 2347469
 0597277 1708601


 2347961
 0439086 2827736 2981702
 0205090 0684010 2603358 0205090 0684010 2603358
 0678579

 0522501
 0439394 1706495 3642217 0205090 0684010 2603358




 2347469

 0597277 1708601 0205090 0684010 2603358
 0205090 0684010 2603358 0331964 2603360
 0033727 0369286 0441932 0564385 0597277 1708601 0205090 0684010 2603358




 0033727 0369286 0441932 0564385 2603360 1553033 0597277 1708601


 0439083 0439087 0025141
 1553033 0597277 1708601 0369718 0441922 1553036 0033727 0369286 0441932 0564385


 0201682


 0005477 0025141 0450382
 0369718 0441922 1553036 0033727 0369286 0441932 0564385 0597277 1708601 0150593



 0369718 0441922 1553036
 2347469
 2603360
 0439394 1706495 3642217 0205090 0684010 2603358
 0439394 1706495 3642217


 0201682

 0021966 0221138
 0439267

 0369718 0441922 1553036
 2347379
 0025141
 0205090 0684010 2603358

 0597277 1708601 2603362
 0033727 0369286 0441932 0564385 0205090 0684010 2603358



 0025141
 0227136 0369637 0441923
 0369773 2603361



 0025141
 0016327 0439133 1553038
 2347469
 0369773 2603361 2603362


 0033727 0369286 0441932 0564385 0439114 1194380 0033727 0369286 0441932 0564385 2945617 0033727 0369286 0441932 0564385
 2347469
 1417055



 0369773 2603361
 0369773 2603361
 2603360 0597277 1708601
 2603362


 0025141 0009993 0037455 0596070 1552856 0005477 0026376 0005532 1521991