 0282114 0332281 2246761 0008377 0871786 0023821 0445462 0359583 0005477 0026376 0005532 1521991 1704729 1704729 0020028 0017480 0037747 0034036 0034037 1514756 1704324 0348078 0376315 1515981 1522492 1527075 0557061 2584313 0597361 0065059 0065060 0014139 0023820 0041004 0086597 0127400 0597357 0699759 1514811 1706462 2984285 0023884 0736268 1278929 2346688 2612488 0597177 0205548 0682584 0205100 1185625 1382196 1880357
 0023779 0003601 0243125 0699900 1705822 0024369 0003601 0282114 0004600 0205095 0460009 1995000
 0332283 0003601 0036536 0036537 2986904 0004083 0439849 0596306 0699792 0023821 0023820 0178587 0205250 1299351 2700149
 0023821 0023820 0178587 0205250 1299351 2700149 0003601 0033414 2246761 1292732 0282114 0427861 0677626 0007634 0023903 2239176 3282337 0016030 1819279 1159709 0599814 1550030 0005528 0008377 0175996 0178719 1317949 3495449 1517892 1704666
 0557651 2603343 1858114 2612461 2697537 0205171 1518422 1720467 0000901 0079613 0521119 0003601 0282114
 0681814 0282114 2246761 0008377
 0011923 0079595 0443289 0475264 1744691 0008377
 0036536 0036537 2986904 0085201 0003592 0021966 0221138 0298073 1414266 0887883 0003320 0034850 0150312 1279919 0034850
 0026022 0016315 0026018 0040223 3541383 1547282 0282114 0175996 0178719 0085201 0003592 0021966 0221138 0599896 2347662 0332152 0740175 2257086 2987476 0034850
 0947630 1999230 0332120 0003601 1159709 0005528 1317949 3495449 1158917 0025519 0025520 0023821
 0557061 2584313 1514811 1706462 0008731 0023825 0023823 0442811 0023820 0178587 0205251 0442824 1299352 1550472 1882932 0456387 1705943 0065060 0023820 0041004 0699759 1273518 0007634 3282337 0242821 0460148 1268086
 1706853 1879748 0021853 1708548 0008731 0086597 0596846 0005528 1317949 3495449 0023825 0023823 0442811 0023820 0178587 0205251 0442824 1299352 1550472 0023884 0736268 1278929 1883254 2346688 0308779 1705822 1874964 0023779
 0008731 0023816 1416902 0023764 0023820 2612469 0332294 0443616 0008731 0220781 0439634 0678226 1325761 1522492 0282443 1552617 0042789 1947903 0140145 1332102 1425988
 0023796 3272697 0023821 0023820 0178587 0205250 0359583 1299351 2700149 0023821 0023820 0178587 0205250 1299351 2700149 0003601 1637379 0032105 0521097 1550098 1184743 1522240 0205309 1883351 0003601 0725813 1416912 0023816 1416902 0065059 0023764 0023820 0023823 0023820 0178587 0205251 1299352 1550472
 0597361 0014139 0086597 0127400 0597357 2984285 1539479 3546270 0439855 1704241 0678579 1552738
 0237753 0449788 0443289 1709694 1265875 0332283 0065058 0065060 0125953 1096202 0023820 0041004 0237886 0443199 0449432 0699759 0700314 1705242 1947906
 1524063 0023825 0078207 2612458 0023823 0065191 2612459 0442811 0858892 0023820 0178587 0205251 0442824 1299352 1550472 0065058 0065060 0125953 1096202 0024752 1306056 1527116 0205396 1550043 1551388 0023779 0443602 0003601 0150312 0449450
 0332290 0332529 1156064 1159372 1521840 0003601 0522501 0392756 0055561 0133788 0220884 0243125 0699900 1707455 1522062 0227525
 0427861 0677626 0007634 0023903 2239176 3282337 0016030 0680220 0521450 1185625 1521840 2986730 0003601 2262706 0034850 0150312 0205100 0282114
 1265611 0282114 0817086 0004600 0205095 0460009 1995000 1327616 2986904
 0332185 0947630 1373178 1158323 1158917 0025519 0025520 1515655 0521093 0750484 1265875 1185625 2986730 1521840 0024369
 0205393 0003601 0282114 0150312 0332281 0750546 1883254 0023820
 0024752 1306056 1527116 1441672 0004083 0439849 0596306 0699792 2612458 2612459 0597177 0023825 0982262 1264633
 0332185 0205396 1550043 1551388 0023821 0023820 0178587 0205250 1299351 2700149 0000901 0521119 1327616 2986904 0003601 0021135 1533691 2827718 1515655
 0023821 0023820 0178587 0205250 1299351 2700149 0205309 1883351 0205263 2246761 1292732 0282114 0007634 0008377 0178539 0185112 0300926
 0557651 2603343 0282114 0332281 2246761 0008377
 0007634 1269647 1704653 1948049 0011923 0079595 0242842 0026018 0443289 1184743 1522240 1521840 0034850 0332256 2700400 0003601 0008377
 0036536 0036537 2986904 0003601 0008377 0150312 2612461 0023821 0332281 0023820 0178587 0205250 0521119 0597177 1299351 2700149
 1883727 1883357 2607943 2926606 3539655 0282114 0359589 1999230 0032105 1550098 0332256 2700400 2612461 0597177 0023821
 1184743 1522240 0521110 0003601 2612485 0449297 1382187 2825073 1301808 1442792 3148680
 0557061 2584313 1514811 1706462 0003241 0034760 0070066 0016095 0017890 0522461 0869011 1719918
 0869011
 1720830 1823521 0015965 0229671 0230445 0521457 1305418 1546774 1550100 0041236 0030842 0220892 0038425
 0283030 0043194 0258432 1421478
 1442460 0008377 1442460 0201950
 0019134 0770546 0331965 0869011 1521991 0205474
 0312586 0313106 0947659 0003241 0021027 0043194 0258432 1421478
 0003250 0368675 0003241 0021027 0746619 1414266 0043194 0258432 1421478
 0003250 0443737 0700271 1317659 1445860 0003241 0021027 0746619 0085828 3536909 1999230

 0812225 1150635 1705212 1705213 3273202 0174000 0008377 0026381 0182400 1521991
 0812225 1150635 1705212 1705213 3273202
 0332255 0486805 0332255 0486805 0869011
 0007585 0007634 0010453 0220814 0430400 1269647 1704653 1948049 2242979 1272578 0016030 0086418 0444099 1123023 1278993 0677626 0007634 0023903 2239176 3282337 0015965 0229671 0230445 0521457 1305418 1546774 1550100 0242295 1947943 2348609 0038425 2347816
 0455052 1521827 0086418 0229671 1546774 1550100 0023823 0023820 0178587 0205251 1299352 1550472 1858114 2612461 2697537 0439267 0439526 0450348 0065060 0023820 0041004 0699759 0205409 1548221 1552738
 0052199 0600209 0205409 1548221 1704732
 0065060 0023820 0041004 0699759 0063753 0021966 0021968 0025663 0449851 0871511 0885449 1527121 2348268 0003601 0283030 1527121
 0003601 0332281 0065060 0023820 0041004 0699759 1883351 1521827 0065060 0023820 0041004 0699759 0065060 0023820 0041004 0699759
 0427716 1304757 0086045 0455052 1521827 0439526 0034553 0205369 1552740 0033684
 0065060 0023820 0041004 0699759 0455052 1521827 0600209 0086972 0443299 0687118 1704732 2347885 0521093 0004400 0750484
 1167624 1947902 2827499 0023820 1442460 0201950 1442460 0201950 0260055 1550121 0028158 0302908 1304698 1512080 1546699 1550581 1561501 2827485 1439852 0444499 0439269 0439583 1960952 2346927 0065060 0023820 0041004 0699759 1442460 0065060 0023820 0041004 0699759 0439269 1960952 2346927 1442460 0023823 0023820 0178587 0205251 1299352 1550472 0013618
 1518422 1442460 0201950 0008559 0008550 0017243 0849355 1382104
 0681814 0065060 0023820 0041004 0699759 1708632 0065060 0023820 0041004 0699759 0003601 1071616 1708632 1858114 2612461 2697537 0250829 1858114 2612461 2697537 0302828 1442085 3263700 0947322 1705426
 0181496 2827499 0150312 0003601 0023820 0041004 0699759 0065060 0439083 0439087 0085201 0003592 0021966 0221138 1858114 2612461 2697537 0439083 0439087 0600209 1704732 1511726 3245479 1518422 1547282
 0065060 0023820 0041004 0699759 0174000 0008377 0174000 0008377 1439852 1518456 1720830 1823521 0013618
 0174000 0008377 0008559 0008550 0017243 0849355 1382104
 0026019 2984656 0013852 0026018 3463986 1858114 2612461 2697537 0429863 3537219 3539772 0052199 0429863 3537219 3539772 0009359 0018026 1304897 1708632 0023821 0023820 0178587 0205250 1299351 2700149 0018026 1304897

 0052199 0332281 0065060 0023820 0041004 0699759 0065060 0023820 0041004 0699759
 1160466 0052199 0487602 0521093 0750484 1704680 0026019 2984656 0013852 0026018 3463986 1511726 3245479 1518422 1547282
 0243144 0347980 0005507 0243073 1510438 0681814 0007634 3282337 1548982 1720830 1823521 0065060 0023820 0041004 0699759 1439852 0439526 0332256 2700400 2678549 1882074 0020283 0439084 0450407 0450408 0450409 0728893
 0007634 3282337 1883708 0456963 0009264 0009443 0020746 0234192 1548982 1720830 1823521 0023688 0019134 0391871 0439526 0770546 1283071 0450348
 1883351 0033414 0282114 0065060 0023820 0041004 0699759 1708632 0007634 3282337 1439852 0439526 1858114 2612461 2697537 0242295 1947943 2348609 0023823 0023820 0178587 0205251 1299352 1550472 0086418 0229671 1546774 1550100
 1883708 0423896 0456205 0009458 0162867 1254021
 0007634 3282337 1441506 1265611 0034553
 0205447 0036849 0681814 1442518 1705195 0282114 0003601 0007704 0041609 0178587 0439182 0812409 0681850 1550501 1706203 2349001 2697811 0178587 0066650 0439526 0450348 1959943 2827734 2981698
 0016640 0524811 3161031 0034553
 0733755 0178587 0205396 0680240 1550043 1551388 1979963 2003903 1511726 3245479 1518422 1547282
 0036849 0681814 1442518 1705195 0003601 0002778 0086972 0443299 0599209 0687118 0936012 1524024
 0008377 1979963 2003903 0065060 0023820 0041004 0699759 0023823 0023820 0178587 0205251 1299352 1550472 0023821 0023820 0178587 0205250 1299351 2700149 0001924 0683607 0020792 0205396 0332256 2700400 0023820 0001924 0522531 0332296 1264633 1554103 1880497 1996904
 0016318 0079603 0026019 2984656 0013852 0026018 3463986 0681814 0016030 0677626 0007634 0023903 2239176 3282337 0065060 0003601 0023820 0041004 0699759 1439852 0439526
 0007634 3282337 1548982 0332293 0019134 0770546 1522326 0450376 0042789 1947903 1282910 1552828
 0007634 3282337 1439852 1524062 0439526 1858114 2612461 2697537 1858114 2612461 2697537 1858114 2612461 2697537
 0007634 3282337 1548982 1720830 1823521 0070066 0231441 0443218 2827483 0282646 0016318 0079603 0439852 0085828 3536909 1414266 0884358
 0008377 0234621 1524063 0016095
 1704254 1704922 3542466 1883727
 1704254 1704922 3542466 1516695 1516698 1524063 0333052 2607870 1289892 0023089 0041625 0458142 1023865 1706315 1961129 0442726 0008377
 0026018 0016030 1439852 0065055 0368910 0065060 0023820 0041004 0699759 0439526 0456693 1442458 0702093
 0007634 3282337 1548982 1439852 1524062 1858114 2612461 2697537
 1704254 1704922 3542466 1883727 0558291 0439232 0700321 0702093 1282918 2347166 1524063 0376209 0456081 0683269
 0026019 2984656 0013852 0026018 3463986 0332152 0740175 1707903 2257086 0184661 1948041 2700391 3274430 3538935 3539779 0884358
 0677626 0007634 0023903 2239176 3282337 0065060 0003601 0018026 0023820 0041004 0439526 0699759 1304897 1439852
 0007634 3282337 1548982 0332293 0019134 0770546 1522326 0042789 1947903 1282910 1552828 0018026 0439526 1304897 1439852 1858114 2612461 2697537
 0007634 3282337 1720830 1823521 1701810 1882955 0070066 0231441 0443218 2827483 0017814 2348236 0005903 0039476 1547703
 1253961 0007634 3282337 0184933 0444082 0070066 0231441 0443218 0687676 1704687 2827483 1720830 1823521 0450376
 0370003 2347026 1548982 0332293 1522326 0071762 0015864 0032821 0117554 0597277 1719918 1720830 1823521 0001002 0011175 0285253 0035191 1707903 1719918
 0205155 1293097 1522472 1552923 1705191 1301820 0077854 0000975 0008857 0376259 1552738
 0005863 0016030 0677626 0007634 0023903 2239176 3282337 0065060 0003601 0023820 0041004 0699759 1439852 0439526 1548982 1439852 1524062 1858114 2612461 2697537
 0009458 0162867 1254021 1512335 0180860 0581406 1522664 1704449 1704684 1875155 0205102 1301886 1442463 0521097 0007703
 1550101 0600209 1704732 0681850 1550501 1706203 2349001 2697811 0003601 0020985
 0003241 0443286 1114821 1514468 1704444 0442726 1511790 1524063 0449913 1553451 1704459
 0681814 0205435 1279901 0036849 0681814 1442518 1705195 0007634 3282337 0205173 1439852 1705764 1705765 1708632 1442460 0065060 0023820 0041004 0699759 0439526 1883708 0456963 0009264 0009443 0020746 0234192 1548982 1720830 1823521 0019134 0770546 0849355 1883720 3244314 0023688 0042789 1947903 1282910 1552828
 1442460 0065060 0023820 0041004 0699759 1708632 0007634 3282337 1439852 1524062 0392148 0332197 1689985
 0009458 0162867 1254021 1512335 1883351 1709793 0282114 0042789 1947903 1282910 1552828 1442460 0185115 0684295
 0205436 0457385 0565930 1561503 1705190 0036849 0681814 1442518 1705195 0337051 1527121 0439583 1442460 0023823 0023820 0178587 0205251 1299352 1550472 0439526
 1518422 1442460 0023823 0023820 0178587 0205251 1299352 1550472 0019134 0039798 0087111 0770546 0849355 1522326 1533734 1705169 3538994 0042789 1947903 1282910 1552828
 0007634 3282337 1439852 0065060 0003601 0023820 0041004 0699759
 0039798 0087111 1522326 1533734 1705169 3538994 0042789 1947903 1282910 1552828 0007634 3282337 1439852 0392148 0332197 1689985
 0009458 0162867 1254021 1512335 0007634 3282337 0024348
 0009458 0162867 1254021 1881488 0884358 1883351 1442460
 0557061 2584313 1514811 1706462 1858114 2612461 2697537 3156037 0282114 0282114 0023816 1416902 0023764 0023820 0392148
 1883351 1707455 0085732 0086597 0065060 0023820 0041004 0699759 0282114 0427861 0677626 0007634 0023903 2239176 3282337 0065060 0023820 0041004 0699759 0282114 0086418 0205263 0229671 1546774 1550100 0023823 0023820 0178587 0205251 1299352 1550472 1858114 2612461 2697537 0450344 1553633
 0332290 1883712 1948023 0282114 0023820 0243148 0332296 1550141 1707455 1880497 1882979 1996904 2587213 3274648 0450344 1553633
 0392148 1858114 2612461 2697537 0033684 0442805 0282114 1441672
 1280500 2348382 0065060 0023820 0041004 0699759 0282114 0439526 1512045 0178602 0851827 0869039 1114758 1701901 3244310 0450345
 1979874 0445093 1292856 1948023 0282114 0023823 0023820 0178587 0205251 1299352 1550472 0033684 0450344 1553633
 2607943 2926606 3539655 1444656 1858114 2612461 2697537 0065060 0023820 0041004 0699759 0282114 0000901 0033684
 1883351 0004083 0439849 0596306 0699792 0023820 0009458 0162867 1254021 0332256 2700400 0000901 0034553 1512335 0086972 0443299 0687118 0007704 0007703 0178587 0439182 0812409 0008559 0008550 0016107 0017243 1382104 0450354 1706096
 0033684 0086418 0229671 1439852 1546774 1550100 0205396 1550043 1551388 0065060 0023820 0034553 0041004 0699759 1264633 0349966 1264633 1337208 0439509 0023779 0150312 0332296 0439182 0812409 1511276 1552825 1880497 1996904 1264633
 0332148 0750492 0085201 1101522 0003592 0021966 0221138 1273518 1264633 1101522 0085201 0003592 0021966 0221138 0205263 0065060 0023820 0033684 0041004 0282114 0699759 1264633 1511726 3245479 1518422 1547282
 0007634 3282337 1439852 1858114 2612461 2697537 0004083 0439849 0596306 0699792 0023821 0023820 0178587 0205250 1299351 2700149 1441672 1264633
 1883351 0521093 0750484 1456348 0004083 0439849 0596306 0699792 0023821 0023820 0178587 0205250 1299351 2700149 1327616 2986904 0033684 0016107 0086972 0443299 0687118 0450354 1706096 1548787 1532717
 0282114 0065060 0023820 0041004 0699759 0003601 0004083 0439849 0596306 0699792 1708632 0023821 0023820 0178587 0205250 1299351 2700149 1264633 0450354 1706096
 0033684 0522531 0023779 0150312 0332296 1264633 1880497 1996904 0522531 0332296 1264633 1554103 1880497 1996904 0450355 1264633 1882932 1101522 0085201 0003592 0021966 0221138 0000901 1273517 1511726 3245479 1518422 1547282
 0178587 0439182 0812409 0002778 0936012 1524024 0008559 2003901 0442726 1511790 1265611 1264633 0332256 2700400 0023823 0023820 0178587 0205251 1299352 1550472 0349966 1264633 1337208 0065060 0023820 0041004 0699759 0023823 0023820 0178587 0205251 1299352 1550472 0065060 0023820 0041004 0699759 0349966 0450354 1264633 1337208 1706096
 1274040 1546471 2825142 0065060 0023820 0041004 0699759 0023823 0023820 0178587 0205251 1299352 1550472 1518422 0000901 0003601
 1883727 1883357 1274040 1546471 2825142 0036806 0023821 0023820 0178587 0205250 1299351 2700149 0349966 1337208 2347469 0000901 0033684 0349966 1337208 2347469
 0449911 0333052 2607870 0557702 1272706 1704674 0557702 1272706 1704674 0349966 1337208
 2827734 2981698
 0282114 0677626 0007634 0023903 2239176 3282337
 0681814 1550369 0427861 0007634 0023903 0086418 0884358 2239176 3282337 0677626 0065060 0023820 0041004 0699759 0025664 0184661 2700391
 0007634 3282337 0450376 1548982 0007634 1269647 1704653 1948049 0332297 1145667 1167622 1689898 2349209 0520510 0019134 0770546 0849355
 0007634 3282337 0009458 0162867 0205171 1254021 1439852 1720467 0009458 0162867 1254021 0086418 0229671 1546774 1550100 0242295 1947943 2348609 0023823 0023820 0178587 0205251 1299352 1550472 1858114 2612461 2697537
 0442808 1265611 1858114 2612461 2697537
 0009458 0162867 1254021 1516695 1516698 1883351 1441506 1265611 0205266 1554187 0040900 0003601
 0007634 3282337 0024348 0033684 0423896 0456205
 1511726 3245479 0439272 0003601 0007634 0033684 0282114 0439269 1269647 1442162 1550718 1704653 1948049 1960952 2346927 3244317 1882932 0205451 0205450 0681814
 0023820 0041004 0205177 0205369 0439167 0441655 0699759 1552740 1561536 0065060 0455052 0725813 1521827 0033684 0025664 0184661 2700391 0065060 0023820 0041004 0699759 0282114 0332197 1689985 1858114 2612461 2697537 0007634 0033684 1269647 1704653 1948049
 0449911 0333052 2607870 0557702 1272706 1704674 0557702 1272706 1704674 0349966 1337208
 0740116 2827735 2981700
 0178587 0439182 0812409 0002778 0936012 1524024
 0009458 0162867 1254021 0349966 0936012 1337208
 0450344 1553633 0009458 0162867 1254021 1439852 0205171 0439044 0679994 1858114 2612461 2697537 1858114 2612461 2697537 0086418 0229671 1546774 1550100 0229671 1546774 1550100 0086972 0178587 0439182 0443299 0687118 0812409 0025664 0184661 2700391
 1264633 1516695 1516698 0034553 1264633 1554103
 0520511 1704711 2348143 0042295 0444504 2347634 0003601 0702093 1547282 0369718 0441922 1553036
 1264633 0332256 2700400 0065060 0023820 0041004 0699759 1264633 0023823 0023820 0178587 0205251 1299352 1550472 1264633 0023821 0023820 0178587 0205250 1299351 2700149 1264633 1511276 1552825 1264633 1444656 0178587 0205396 1550043 1551388 0423896 0456205
 2347469 0009458 0162867 1254021 0349966 0936012 1337208
 0450344 1553633 0009458 0162867 1254021 1439852 0205171 0439044 0679994 0439526 1858114 2612461 2697537 1858114 2612461 2697537 0086972 0443299 0687118 0025664 0184661 2700391
 1264633 1516695 1516698 0034553 1264633 1554103
 0520511 1704711 0702093 1547282 0369718 0441922 1553036
 1264633 0332256 2700400 0023823 0178587 0205251 1299352 1550472 1264633 0023821 0023820 0178587 0205250 1299351 2700149 1264633 1444656
 0522531 0332296 1264633 1554103 1880497 1996904 0450355 1264633 0332256 2700400 0033684
 0733755 0008377 0205396 1550043 1551388 1707455 1979963 2003903 0370003 2347026 0455052 1521827 0065060 0023820 0041004 0699759 0023823 0023820 0178587 0205251 1299352 1550472 0023821 0023820 0178587 0205250 1299351 2700149
 3156037 0282114 0332281 2246761 0008377 0205170 0205309 3146287 0023821 0023820 0178587 0205250 1299351 2700149 2246761
 0036536 0036537 2986904 0065060 0023820 0041004 0699759 0042789 1947903 1282910 1552828 0282114 1292732 0282114 1819279 1159709 0599814 1550030 0005528 0008377 0175996 0178719 1317949 3495449 1517892 1704666
 0520511 1704711 0008377 0332197 1689985 0205435 1279901 0242349 0557651 2603343
 0681814 0427861 0677626 0007634 0023903 2239176 3282337 0065060 0003601 0023820 0041004 0699759 1441547 3245521 0003601 0185117 0205227 0521102 1511726 3245479 1518422 1547282
 0016030 0936012
 0007634 3282337 2348205 1552738 0033684
 0036849 1442518 1705195 0681814 0016030 0065060 0003601 0023820 0041004 0359583 0699759 1439852 0065060 0023820 0041004 0699759 0332283 0702093 0349966 1337208
 0007634 3282337 1883708 0231441 0443218 2827483 0003601 0442726 0003601 0016095 1439852 0008377
 0332197 1689985 1858114 2612461 2697537 0349966 1337208 2347469 1265611
 1265611 0008377 0150312 0205100 1185625 1382196 0450365 1706097 0700364 0003601 0392752
 1979874 0007634 3282337 1439852 1858114 2612461 2697537 1265611 0442726 1511790 1553033
 2607943 2926606 3539655 1705535 0282114 0949466 0005863 0521093 0814794 0002778 0003601 0009458 0162867 0750484 0936012 1254021 1524024 1705493 0450365 1706097 1707455 0009458 0162867 1254021 0007634 3282337 0349966 1337208 1547282 2347469 0073187
 1883712 0282114 0016095 0301630 0392756 0441610 0442821 0487602 1704680 0205100 1185625 1382196
 0449911 0333052 2607870 0557702 1272706 1704674 0557702 1272706 1704674 0349966 1337208
 0439086 2827736 2981702
 0282114 0034850
 0016030 0065060 0003601 0023820 0041004 0699759
 0015252 0728940 0520510 0699040 0019134 0770546 0007634 3282337 0439526 1444656
 0009458 0162867 1254021 1516695 1516698 1883351 0003601 0042789 1947903 2347469
 0007634 3282337 0231441 0443218 2827483 0026022 0016315 0026018 0936012 0003601 0332583 1553033 0008377 1260957 2347469
 1552961 2347617 0034850 0016095 1708632 0025664 0184661 2700391
 0687760 1551065 1442446
 2347469 0681814 1550369 0016030 0086418 0884358 1708639 0677626 0007634 0023903 2239176 3282337 1708639 0065060 0023820 0041004 0699759
 0520510 0699040 0019134 0770546 0849355 0007634 3282337 0439526 1444656
 1139023 0007585 0010454 0007634 0009458 0010453 0162867 0220814 0430400 1254021 1269647 1704653 1948049 2242979 1512335 0392148 0003601 0949466 0005863 0002778 0936012 1524024 1705493 0025664 0184661 2700391
 0733755 1444656
 3152252 0577559 1306372 1442162 1532717 1550718 3244317
 0016095 0038128 0008377 0205170 0205309 3146287 1265611 0018042 0150312 1185625 1382196
 1883712 0200765 0002778 0936012 1524024 0003601 0023175 0185027 1442948 1522538 1948020 2348269 3275067 0008377 0034656 0237506 0439605 1710082
 0242842 0026018 0884358 1883351 0003601 0333262 0349966 1337208
 0205435 1279901 0016030 0065060 0003601 0023820 0041004 0699759 1439852 0231441 0443218 2827483 0003601 2986582 0085828 3536909 0033684 0018042 0150312 0243111 1947951 0450373 1553636 1414266 0005516 0450355 0450375
 0681814 0205396 1550043 1551388 1265611 0034850 1518422 0085828 0392752 3536909
 0349966 1337208 1547282
 0450376 0003601 0332256 2700400 0034850 0332256 2700400 0008377
 1979874 0008377 1518422 1414266 2986582 1518422 0332256 2700400 0003601
 2607943 2926606 3539655 1444656 0282114 2246761 0008377 1517892 1704666 1185625 1382196
 0487602 1704680 1518422 0025663 0449851 0871511 0750572 0392747 0443172
 0205435 1279901 0392366 0282114 0368910 1158324 0008377 0023820 0041004 0185112 0300926 0699759 1441547 1527121 3245521 0065055 0065060 0034850
 0871786 1265875 0332281 0368910 0008377 0023820 0041004 0332620 0699759 1441547 3245521 0065055 0065058 0065060 0125953 1096202 1185625 1382196 0009932 0243148 0681814 1550141 1882979 2587213 3274648 0884358
 0065055 0174000 0008377 0003601 0034850 0392752 0439178 1414266 1446409 1514241 2825490 1511726 3245479 1518422 1547282 0042789 1947903 0349966 1337208
 0007634 3282337 0205173 1439852 1705764 1705765 1708632 1442460 0065060 0023820 0041004 0699759 0349966 1337208
 1858114 2612461 2697537 1948023 0065060 0003601 0023820 0041004 0282114 0699759 1441547 3245521 0332462 1880834 1442460 0201950 0332462 1880834
 1858114 2612461 2697537 0282114 2246761 1185625 1382196
 0449911 0333052 2607870 0557702 1272706 1704674 0557702 1272706 1704674 0349966 1337208

 0003601 0008377 0392752 0034850
 0016030 0065060 0003601 0023820 0041004 0699759 1439852
 0015252 0728940 0520510 0699040 0019134 0770546 0007634 3282337 0231441 0443218 2827483 0205155 1293097 1522472 1552923 1705191 2827734 2981698 0026022 0242842 0016315 0026018 0936012
 0016030 0003601 2986582 0332575 1260956 0085828 3536909 0332583 0003601 0332575 1260956 1414266 0332583 2347469 0441833 0441994 1444656 1548802 1999270 2003888 3537156
 1704254 1704922 3542466 0475264 1744691 1414266 0221205 0441833 1282910 1999270 3537156 1547282 1704254 1704922 3542466 1414266 2986582 0332575 1260956 0003601 0332583 0008377 1260957 0441833 1282910 1999270 3537156 1547282 0007610
 0441833 1999270 3537156 0017446 0205146 0442800 1293134 1547282 0439799 1706095
 1080898 1414266 1552961 2347617 0487602 1704680 0016095 1708632
 0034850 0332256 2700400 1414266 0003601 0008377
 0687760 1551065 1442446
 0449911 0333052 2607870 0557702 1272706 1704674 0557702 1272706 1704674 0349966 1337208
 0439084 0728893
 0282114 0008377
 0681814 1550369 0427861 0007634 0023903 0086418 0884358 2239176 3282337 0677626 1442460 0065060 0023820 0041004 0699759
 0007634 3282337 0019134 0770546 1548982 1439852 1524062 0009458 0162867 1254021 0392148 0332197 1689985 1444656
 0009458 0162867 1254021 1512335 1265611 1327616 2986904 0003601 1442460 0201950
 0007634 3282337 0024348 0033684 0423896 0456205
 0034553 1442162 1550718 3244317 0439269 1960952 2346927 1882932 0681814 0370003 2347026
 1883351 0282114 0332281 2246761 0008377 0008377 0332197 0337051 1509144 1689985 1858114 2349200 2612461 2697537 0677626 0007634 0023903 2239176 3282337 0332152 0740175 1708632 2257086 0439583 1442460 0023823 0023820 0178587 0205251 1299352 1550472 0699040 0007634 0205148 0332297 1145667 1167622 1269647 1689898 1704653 1948049 2349209 1442460 0023823 0023820 0178587 0205251 1299352 1550472 0019134 0770546 0849355
 0007634 3282337 0065060 0023820 0041004 0699759 0332283 1524062
 1442460 0201950 0349966 1337208
 2348205 0677626 0007634 0023903 1301820 2239176 3282337 1858114 2612461 2697537 1948023 1442460 0332462 1880834 1707455 1185738 1706132
 0332197 1689985 1858114 2612461 2697537 0003601 1442460 0332462 1880834 1707455 0243148 1550141 1882979 2587213 3274648 1707455 1185738 1706132
 0392148 1858114 2612461 2697537 1442460 1441672 1707455 1185738 1706132
 2607943 2926606 3539655 0282114 2246761 0008377 1517892 1704666 0065060 0023820 0041004 0205171 0332281 0337051 0699759 1518422 1720467 0008377 0175996 0178719 0337051 0349966
 1883351 0557651 2603343 0004083 0439849 0596306 0699792 1442460 0201950 0814794 0002778 0936012 1524024 0884358 0349966 1337208
 0680220 1442460 0201950 0023821 0023820 0150312 0178587 0205250 1264633 1299351 2700149 1547282 1883351 0332256 2700400 0003601 0042789 1947903 0349966 1337208 2347469 0947630
 1979874 1442460 0201950 0150312 1264633 0547044 0700321 0522531 0332296 1264633 1554103 1880497 1996904
 1883727 1883357 0851827 1701901 3244310 0282114 0008377 0175996 0178719 0185112 0300926 0085833 0003601 0004083 0023820 0041004 0332152 0439849 0521115 0596306 0699759 0699792 1441547 1522538 3245521 0065058 0065060 0125953 1096202 0023822 1522133 0065055 0008377
 0449911 0333052 2607870 0557702 1272706 1704674 0557702 1272706 1704674 0349966 1337208

 0282114 0332281 2246761 0007634 0008377 0178539
 0427861 0677626 0007634 0023903 2239176 3282337 0332152 0740175 1708715 2257086 1442460 0023823 0023820 0178587 0205251 1299352 1550472 0439446 0439526
 0699040 0007634 0205148 0332297 1145667 1167622 1269647 1689898 1704653 1948049 2349209 1442460 0023823 0023820 0178587 0205251 1299352 1550472 0019134 0770546 0849355 0007634 3282337 0392148 1439852 0332197 1689985
 1858114 2612461 2697537 0439526 1444656 1510844 1512335 1883351 1442460
 0009458 0162867 1254021 0599209 0936012 0042789 1947903 0349966 1337208
 0007634 3282337 0024348 1442460 0201950
 1442460 0034553 0439165 1442162 1549488 1550718 1561533 3244317 1882932 0681814 0205174
 0449911 0333052 2607870 0557702 1272706 1704674 0557702 1272706 1704674 0349966 1337208

 0002778 0936012 1524024 1327616 2986904 0007634 0178539 1442460 0008377
 1442460 0009458 0162867 1254021 0042789 1947903 0349966 1337208 0007634 1301820 3282337 1439852 1858114 2612461 2697537 1858114 2612461 2697537 0086972 0443299 0687118
 1264633 1516695 1516698 0034553 1264633 1554103
 0004083 0439849 0596306 0699792 1327616 2986904 1442460 0201950 0702093 0522531 0332296 1264633 1554103 1880497 1996904 1547282
 1264633 0332256 2700400 0023823 0178587 0205251 1299352 1550472 1264633 0023821 0023820 0178587 0205250 1299351 2700149 1264633 0522531 0332296 1264633 1554103 1880497 1996904 0450355 1264633 1444656
 0733755 1552738 0450354 1706096
 3156037 0282114 0085201 0332281 0003592 0021966 0221138 0871786 1441547 1858114 2612461 2697537 3245521 3161035 0309049 0475264 1744691 0007603 0025255 0032105 0596901 1550098 1706182 0033414 2246761
 1705535 0023821 0023820 0178587 0205250 1299351 2700149 0699040 0007634 0205148 1269647 1704653 1948049 0000901 0003601
 0681814 1552738 1282910 1552828 0349966 0004083 0439849 0596306 0699792 0023822 1522133 0065055 0008377 0681814 1518422 1999230 1533716 1157337 1157478 0220781 0439634 1522492 0023822 1522133 0065055 0008377 1709305 2745955
 1883351 0376649 1442065 0282114 0033684 0205263 0303920 1708632 1858114 2612461 2697537 1858114 2612461 2697537 0332256 2700400 0085201 0003592 0021966 0221138 0025664 0184661 2700391
 0007634 3282337 0231441 0443218 2827483 0003601 0520511 0936012 1704711 0008377 1858114 2612461 2697537
 2348205 0349966 1337208 1552738
 0439086 2827736 2981702 2347469 0003601 0682584 0205100 1185625 1382196 1553640 0016095 2986582 0475264 1744691 0008377
 0282114 1441672 0205171 1720467 0205263 0857127 1858114 2612461 2697537 0884358 0349966 1337208 0016327 0439133 1553038
 0562342 1883351 0442726 0003601 0008377 1858114 2612461 2697537
 1517001 1858114 2612461 2697537 1948023 0282114 2246761 0085833 0003601 0392756 1547282 0487602 1704680 0349966 1337208 0073187 0016327 0439133 1553038
 0681814 0301630 0392756 0441610 0205402 1518422 0349966 1337208 1552738
 0439086 2827736 2981702 0449719 1709471 2348485 0040223 0274281 0332157 3541383 1282927 1806781 2350002 1858114 2612461 2697537
 1883712 0487602 1704680 1518422 0442726 0392747 0443172
 0205393 0475264 1744691 1858114 2612461 2697537 0205379 1707455 0336721 0016327 0439133 1553038 0599474 0220781 0439634 1522492 1704241
 0302523 0700325 1964257 0242842 0521093 0026018 0750484 0205396 1550043 1551388 0475264 1744691 0085201 0003592 0021966 0221138 0282114 0349966 1337208
 0449911 0333052 2607870 0557702 1272706 1704674 0557702 1272706 1704674 0349966 1337208

 0085201 0003592 0021966 0221138 0065060 0003601 0023820 0041004 0392752 0699759 1441547 3245521 0008377
 0016030 0065060 0003601 0023820 0041004 0699759
 0015252 0728940 0520510 0699040 0019134 0770546 0007634 3282337 1439852 1858114 2612461 2697537 0439526 0016327 0439133 1553038 1444656
 0007634 3282337 0231441 0443218 2827483 0026022 0016315 0026018 0936012 0003601 0332583 1858114 2612461 2697537 0332575 1260956 2347469 0008377 1260957 0016327 0439133 1553038
 1080898 0003601 1552961 2347617 0034850 1707455 1553033
 0392148 1858114 2612461 2697537 0085201 0003592 0021966 0221138 0150312 0003601 0332256 2700400 0034850 1707455 0336721 0016327 0439133 1553038
 0687760 1551065 1442446
 0449911 0333052 2607870 0557702 1272706 1704674 0557702 1272706 1704674 0349966 1337208

 0003601 0085201 0027270 0003592 0021966 0221138 0392752 0034850 0282114
 0016030 0065060 0003601 0023820 0041004 0699759 1439852
 0015252 0728940 0520510 0699040 0019134 0770546 0007634 3282337 1439852 1858114 2612461 2697537
 0007634 3282337 0231441 0443218 2827483 0205155 1293097 1522472 1552923 1705191 2827734 2981698 0017446 0205146 0369637 0441923 1882932 0026022 0242842 0016315 0026018 0936012
 0016030 0936012 1414266 0332575 1260956 0003601 0332583 2347469 0085201 0003592 0021966 0221138 1260957 1553033
 1704254 1704922 3542466 1547282
 1552961 2347617 0332256 2700400 0003601 0085201 0003592 0021966 0221138
 0034850 0332256 2700400 1414266 0003601 0085201 0003592 0021966 0221138
 0687760 1551065 1442446
 1883351 0183683 1521721 2607943 2926606 3539655 0026019 2984656 0013852 0026018 3463986 0884358
 0065060 0023820 0041004 0699759 0018026 1304897 0003601 0004083 0018026 0439849 0596306 0699792 1304897 1274040 1546471 2825142 0678594 1511726 3245479 1518422 1547282
 1883351 0033414 0282114 0007634 3282337 0018026 1304897 1439852 1708632 1858114 2612461 2697537 0018026 1304897 0349966 1337208
 0002778 0936012 1524024 0205396 1550043 1551388 1180347 1523872 0033684 1704241 0003601 0332529 0085201 0003592 0021966 0221138 0332281 0034850 0205100 0678594 0596901
 0449911 0333052 2607870 0557702 1272706 1704674 0557702 1272706 1704674 0349966 1337208

 0027270 0475264 1744691 0003601
 0427861 0677626 0007634 0023903 2239176 3282337 0065060 0003601 0018026 0023820 0041004 0699759 1304897
 0015252 0728940 0520510 0699040 0019134 0770546 0007634 3282337 0018026 1304897 1439852 1858114 2612461 2697537
 0007634 3282337 0231441 0443218 2827483 1521827 0026019 2984656 0013852 0026018 0936012 3463986 0003601 1080898 1858114 2612461 2697537 0336721
 0392148 1858114 2612461 2697537 1704241 0332256 2700400 0003601 1858114 2612461 2697537 0150312 0332281 0678594 0007603 0025255 0032105 0596901 1550098 1706182
 0687760 1551065
 2607943 2926606 3539655 1705535 0085201 0003592 0021966 0221138 0034850 0033414 0282114 2246761
 1883351 0521093 0750484 1456348 1512571 0884358 0242842 0026018 0557651 2603343 1660749 0475264 1744691 2363430 0282114 0349966 1337208
 0007634 3282337 0205435 1279901 1439852 0065055 0368910 0065060 0023820 0041004 0699759
 1858114 2612461 2697537 1524062
 1707959 0180979 0085201 0003592 0021966 0034850 0221138 0231435 0332256 1552449 2700400 1547282 0180979
 1704254 1704922 3542466 0180979 0475264 1744691 0003601 0449432 0332281 0180979
 0205393 0205548 1883712 0085201 0003592 0021966 0221138 0174000 0003601 0008377 0332256 0333262 1518456 1521840 1622418 2700400 0180979
 0220781 0439634 1522492 1704241 0003601 0282114 1314939
 0449911 0333052 2607870 0557702 1272706 1704674 0557702 1272706 1704674 0349966 1337208

 0004083 0439849 0596306 0699792 0003601 1704241
 0016030 1439852 0065055 0368910 0065060 0023820 0041004 0699759 0456693 1442458 0702093
 0007634 3282337 1548982 0456692 0702093 1439852 1524062 1858114 2612461 2697537
 1708464 1706701 0332575 1260956 0174000 0008377 0332583 0033684 1260957 0017446 0205146 0884358 0025664 0184661 2700391
 1704254 1704922 3542466 0441833 1282910 1999270 3537156 1547282 0237753 0449788 1704254 1704922 3542466
 0439799 1706095 1547282 0441833 0441994 1548802 1999270 2003888 3537156 1444656
 0522501 0332283 1719822 0026649 1881786 0237753 0449788 1704254 1704922 3542466 0441833 0441994 1515981 1548802 1999270 2003888 3537156 0003601 0237753 0449788 1704254 1704922 3542466 0174000 0008377 0237753 0449788 1704254 1704922 3542466 0085201 0003592 0021966 0221138 0237753 0449788 1704254 1704922 3542466
 0687760 1551065 3171718
 1514811 1706462 1947946 2948600 3540471 3540472 1883351 1517892 1704666 2246761 1158917 0025519 0025520 0023821
 0205170 1301725 1609436 3146287 0003601 0227525 0007634 0023884 0282114 0736268 1278929 2346688 3282337 0023882 0700321 2700395 0175996 0178719 0205309 0441471 3541888 0282114
 0282114 0851827 1701901 1858114 2612461 2697537 3244310 1517892 1704666 2246761
 0392148 0023821 0023820 0178587 0205250 1299351 2700149 0036536 0036537 2986904 0008377 0023175 0181586 0220781 0439634 1442948 1522492 1522538 2348269 3275067 2612461 0597177
 0242842 0026018 0007634 1269647 1704653 1948049 0011923 0079595 0443289 0003601 0008377 0034850 0332281 0439178 1414266 1446409 1514241 2825490
 0205393 0282114 0871786 1521840
 2607943 2926606 3539655 0085201 0003592 0021966 0221138 0185112 0578718 1704241
 0023693 1306462 1881376 2607943 2926606 3539655 3161035 0023821 0023820 0178587 0205250 1299351 2700149 0000901 0079613 0521119 0003601 1883351 0231448 0231449 0439792
 2246761 0282114 0680240 2987476 3161035 0309049 1149323 0243122 1145667 1167622 0007603 0025255 0032105 0596901 1550098 1706182
 0699040 0205148 0023821 0023820 0178587 0205250 1299351 2700149 0242738 1148932 1148923 0243122 0450240 0596902 1145667 1167622 1706210 1412058 0441885 2698967 0074129 0441729 0017108 0021966 0221138 0332307 0456387 0597357 1003377 1547052 1705943 1413218 3537338 3540050 0169379 1415507 0242210 1149323 0033684 0243122 1145667 1167622 0023821 0282443 0042789 1947903 1425988
 0332120 0036536 0036537 2986904 0349966 0680240 0237753 0449788 0684224 0700287 1660749 0475264 1744691 1326470 1159709 0005528 1317949 3495449 0023822 1522133 0282443 0042789 1947903 1425988
 1274040 1546471 2825142 0043227 0449450 0205396 1550043 1551388 0085201 0003592 0021966 0221138 0887883 0034850
 0332185 1441414 1553874 1578820 1412058 0085201 0003592 0021966 0221138 0023779 0175996 0178719 0333262 1412058 0308779 1705822 1874964 0023779 0036536 0036537 2986904
 0302523 0700325 1527178 1705938 3244290
 0205435 1279901 1412058 0007603 0025255 0032105 0596901 1550098 1706182 0034850
 1412058 0033414 2246761
 0205437 0085201 0003592 0021966 0221138 0050063 1327616 2986904 0205263 0669372 2246761
 0302523 0700325 3244290 0309049 0035820 1705810 0205263 0023821 0282114 2246761 1880177 1554077 2828389
 1413218 3537338 3540050 0392752 0230653 0598180 1166872
 0947630 0443289 1709707 1637379
 0014139 2984285 0036536 0036537 2986904
 0178566 1413218 3537338 3540050 0086597 0243144 0347980 0282114 0332290 0475264 1744691 1819354 1624592 1517880 0023688 0243122 1145667 1167622 0042789 1947903 0349966
 1883712
 1441672 0871786 0282114 1185625 2986730 1819371 0227525
 1274040 1546471 2825142 0680240 1551058 0947630 0597361 0014139 0086597 0127400 0597357 2984285
 0027270 0475264 1744691 0003601 0368910 0065055 0008377 0282114 2246761 0085201 0003592 0021966 0175996 0178719 0221138 1274040 1546471 1706853 1879748 2825142 1704241
 0237753 0449788 1704675 0003601 0917903 0085201 0003592 0021966 0221138 0036536 0036537 2246761
 0036536 0036537 0003601 0024432 1546706 1550652 0449719 1709471 0332281 0699040 0007634 0008377 1269647 1441547 1704653 1948049 3245521 0450382
 0035820 1705810 0003601 0007634 3282337 0023884 0736268 1278929 2346688 0232754 0005388 0036536 0036537
 0557651 2603343 0205396 1550043 1551388 0036536 0036537 2986904 0368910 0065055 0008377 0677626 0007634 0023903 2239176 3282337
 2607943 2926606 3539655 1705535 0004083 0439849 0596306 0699792 0003601 0036536 0036537 2986904 1999230 0441712 1706376 0683607 0008395 0008377 0870509 1880554 0232754 0005388 0036536 0036537
 0205393 0004083 0439849 0596306 0699792 1704241 0023821 2612461 0861064 0003601 0023175 0023820 0178587 0205250 0220781 0359583 0439634 0597177 1299351 1442948 1522492 1522538 2348269 2700149 3275067 1157478
 1327616 0597177 1882932 0337051 1509144 2349200 0023821 0332281 0023820 0178587 0205250 1299351 2700149
 0003601 0449416 1705919 0218063 2612485 0449297 1382187 2825073 0023884 0736268 1278929 2346688 2827734 2981698 0740116 2827735 2981700
 1883351 0151691 0392756 0547047 1301808 1442792 3148680 0282114 0079411 3146294 0332256 2700400 2612461 0597177 0023821 0659450 1519222 3146231 0024501 0032105 1550098
 0003601 0013018 0040288 0549178 1527169 0040671 1705822 0023821 0023820 0178587 0205250 1299351 2700149 0443616 0008731 1325761 3272697 0023796 0449297 1382187 2825073
 0681814 1883351 2986669 0750546 0205431 2612461 0597177 0023821 0032214 0600138 0035820 1705810 0003601
 2986676
 0444939 1538248 0018896 0455052 1521827 0182400 1515981 1512192 1547538 0026019 2984656
 2825232 0043227 0449719 1521721 1709471 0018173 0035487 0011198 0017480 0018173 3541240 1553033
 0010186 0220812 0449719 1709471 0220808 0680264 0007961
 1706852 0522501 1706089 0949214

 0282413 0376649 1442065 0021622 1272753 0026376 0005532 1521991 0026376 0010819 0005532 0020028 0017480
 0254343 0796520 3272379
 0439509
 0085205 1549619 1880669 0439509
 0013849 1705961 0024492 1538057 1547565 0011198 0017480 3541240
 1709854
 1709854
 0034037 1704324 0030351 0000723 0000723 1273517 0008731 0008731
 0085828 3536909 0087044 0103404 1135629 0033684 1706710
 0003601
 1412058 0242738 1148932 1148923 0243122 0450240 0596902 1145667 1167622 1706210
 0036774 0036773 0728877 0001924 0007452 0229671 1140701 1546774 1550100
 0201950 0008377
 0443616 0008731 1325761 3272697 0443616 0008731 1325761 3272697
 1414266 0298073 1414266 0887883 0003320 0034850 1279919
 0599209 0008565 0008550 0302908 1304698 1546699 1561501
 0023821 0023820 0178587 0205250 1299351 2700149 0023821 0023820 0178587 0205250 1299351 2700149
 0682523 0427861 0007600 0677626 0007634 0023903 0086418 0205132 1269647 1550648 1552960 1704653 1948049 2239176
 0023823 0023820 0178587 0205251 1299352 1550472 0023823 0023820 0178587 0205251 1299352 1550472
 0522531 0332296 1264633 1554103 1880497 1996904 0522531 0332296 1264633 1554103 1880497 1996904
 0023816 1416902 0023764 0023820 0023816 1416902 0023764 0023820
 0174000 0008377 0376938 0442757 0450348
 0065060 0023820 0041004 0699759 0065060 0023820 0041004 0699759
 1720830 1823521 0991865 0006353 0031603 0031701 0036082 1601799
 0070066 0070066
 0023825 0023823 0442811 0023820 0178587 0205251 0442824 1299352 1550472 0023825 0023823 0442811 0023820 0178587 0205251 0442824 1299352 1550472
 0009458 0325564 0392747 0439536 1551720 1705217 3244283
 1413218 3537338 3540050 0441885 2698967 0074129 0441729 0017108 0021966 0221138 0332307 0456387 0597357 1003377 1547052 1705943

 1514811 1706462 0557061 2584313 1514811 1706462 2827734 2981698
 0439267 2603360



 0025141 0740116 2827735 2981700
 0205090 0684010 2603358

 2603362

 2347379
 0439509 2827734 2981698 0439086 2827736 2981702
 0021966 0221138
 0369637 0441923
 0205094

 0025141
 0582525 0439267 0439482 0597277 1708601
 0597277 1708601
 0349590 1262865 0025141 0439084 0728893
 0582525 0439267
 1418943

 0268596 2700624
 3642273
 0041703
 0000857 0600678 1552863
 0181107 0205090 0684010 2603358
 0439482

 1315013


 2603362
 0033727 0369286 0441932 0564385 0205090 0684010 2603358

 0369718 0441922 1553036
 0036397 0025141
 0678579 0369637 0441923

 0439394 1706495 3642217
 0036397 0025141




 0025141
 0021966 0221138 0449205 1538613
 0016327 0439133 1553038
 0205090 0684010 2603358


 0000857 0600678 1552863
 0021966 0221138
 2603360

 0597277 1708601 0016327 0439133 1553038
 0205090 0684010 2603358


 0000857 0600678 1552863

 0021966 0221138 0443013 0369718 0441922 1553036
 0439394 1706495 3642217 0016327 0439133 1553038
 0205090 0684010 2603358


 0000857 0600678 1552863
 0369773 2603361
 0369637 0441923
 0439394 1706495 3642217
 0557775 1511780 0033727 0369286 0441932 0564385
 2603360

 0439394 1706495 3642217
 0369637 0441923


 0201682

 0582525

 3642273

 0359583 1553033 0017360 0032356 0032639 1280999 2603362
 0086403 1555763 0025141
 2603360


 0201682

 0369637 0441923
 0016327 0439133 1553038
 0033727 0369286 0441932 0564385 0326117 0439394 1706495 3642217
 0439394 1706495 3642217


 0201682

 0326117 0439394 1706495 3642217
 0369637 0441923
 0033727 0369286 0441932 0564385 0205164
 0597277 1708601 0369637 0441923
 0016327 0439133 1553038 2603362


 0201682


 0205090 0684010 2603358 0439267






 0016327 0439133 1553038



 0025141
 0331809
 0331809 0369773 2603361

 0001483
 2347961 0085104
 0025141


 0000857 0600678 1552863 0450348

 2603362
 0597277 1708601 0678579 0369637 0441923
 2603362

 0025141
 0016327 0439133 1553038 0369773 2603361
 0205090 0684010 2603358 1553033
 0205090 0684010 2603358 1441631 2347469
 0033727 0369286 0441932 0564385
 0086403 1555763 0025141
 0369718 0441922 1553036 2347469

 2347379
 0000857 0600678 1552863


 0439394 1706495 3642217
 2603362
 1418943

 0268596 2700624
 3642273
 0041703
 0000857 0600678 1552863
 0021966 0221138 0016327 0439133 1553038 0033727 0369286 0441932 0564385 0369773 2603361 0359583 1553033 2603360


 0201682

 0017360 0032356 0359583

 3642273

 0016327 0439133 1553038 0033727 0369286 0441932 0564385 1511325
 0021966 0221138
 0205090 0684010 2603358 0033727 0369286 0441932 0564385


 0201682

 0597277 1708601 0369773 2603361
 0027960 0324740 0439189 1456781 1824986

 0007634 1269647 1704653 1948049 0450355
 0033727 0369286 0441932 0564385
 0205090 0684010 2603358
 0369637 0441923
 0349590 1262865 0025141
 0016327 0439133 1553038
 0033727 0369286 0441932 0564385 0439267
 0033727 0369286 0441932 0564385


 0201682

 0037125 0947651 1305285 1318876
 0439394 1706495 3642217 0023493 1961099
 0205090 0684010 2603358



 0025141
 0369637 0441923

 1315013


 0439267 2603360



 0025141

 2603360
 2347469 0402217 0033727 0369286 0441932 0564385
 2347469 1708595 3280986

 2347379


 2347469
 2603360 2603362


 0369718 0441922 1553036
 0597277 1708601 0402217 0033727 0369286 0441932 0564385
 2347469 1708595 3280986


 0201682

 0999213 0038817 0376223 0043114 1553033
 0205090 0684010 2603358 0021966 0221138 0023493 1961099
 0205090 0684010 2603358


 0201682

 0554249

 1418943

 0268596 2700624
 3642273
 0041703
 0439509

 0439267
 0033727 0369286 0441932 0564385 0439267 0597277 1708601
 0439394 1706495 3642217
 0439114
 0439394 1706495 3642217


 0201682

 2986502 0369773 2603361
 0554249



 0025141

 0016327 0439133 1553038 0205090 0684010 2603358
 0369637 0441923
 0205090 0684010 2603358
 0369773 2603361


 0201682

 2347469
 0205090 0684010 2603358
 0439267 0369637 0441923


 0201682

 0359583
 0013855 0025141
 0037125 0947651 1305285 1318876
 0369718 0441922 1553036 0023493 1961099
 0205090 0684010 2603358

 1315013


 0037125 0947651 1305285 1318876
 0369718 0441922 1553036 0023493 1961099
 0205090 0684010 2603358


 0201682

 2347469 0369637 0441923


 0201682

 0439267 0033727 0369286 0441932 0564385 0439267

 0000857 0600678 1552863
 0442999 1621797 0205090 0684010 2603358 0950540 0033727 0369286 0441932 0564385 2347469
 0005477 0025141
 0016327 0439133 1553038
 0369637 0441923
 0033727 0369286 0441932 0564385
 0016327 0439133 1553038


 0450385 0025141
 0439267 0439267
 0016327 0439133 1553038


 0025141
 1555622 2603360 0205090 0684010 2603358
 2603360 0439394 1706495 3642217


 0201682


 0597277 1708601 0369637 0441923
 0205090 0684010 2603358 2603360
 0369637 0441923

 2347379
 0439509
 2603362
 0597277 1708601 1832110
 0597277 1708601 0678579 0369637 0441923

 0205090 0684010 2603358
 0439267
 0439394 1706495 3642217


 0201682
 0450382
 0033727 0369286 0441932 0564385

 0021966 0221138
 0369637 0441923

 2347379
 0000857 0600678 1552863

 0439394 1706495 3642217
 0439267
 0205090 0684010 2603358
 0033727 0369286 0441932 0564385 0013604 0038999 0439394 1706495 3642217
 0036397 0025141 0009993 0037455 0596070 1552856 0005477 0026376 0005532 1521991