 1879547 1880389 1883221 3541951 1514490 0033382 0699759 1880389 1883221 3541951 1880389 1883221 3541951 0086860 0872079 1704675 0999213 0001895 0041740 1551894 2825084 0001895 1551894 2825084 0034036 0034037 1514756 1704324 0348078 0376315 1515981 1522492 1527075 0557061 2584313 1514811 1706462 0040648 0040649 1521761 2827422 0332256 2700400 1879547 1880389 1883221 3541951 1514490 0033382 0699759 1880389 1883221 3541951 1880389 1883221 3541951
 1547282 1880389 1883221 3541951
 1517331 1883351 0035820 1705810 0040624 0936012 0851285 1327622 0079419 1705526 1332838 0017337 0596988 0011155 1636779 0205172 1880389 1883221 3541951
 0150312 0205263 0857127 0011155 0079419 1636779 1705526 2945640 0079419 1705526 0079419 1705526 0079419 1705526 0079419 1705526 0079419 1705526 0079419 1705526 1514490 0033382 0699759 1880389 1883221 3541951 0332268 1514490 0033382 0699759 1880389 1883221 3541951 0079419 1705526 1880389 1883221 3541951 0332268 1880389 1883221 3541951
 0079419 1705526 0079419 1705526 1514490 0033382 0699759 1880389 1883221 3541951 0079419 1705526 1880389 1883221 3541951 0439792 0079419 1705526 1883559
 0884358 1328856 0005507 0008546 0021069 0243073 1325550 1510438 0079809 0242485 0085732 1515655
 0150312 1883559 0079419 0332307 0445392 1547052 1705526 0596988 2698977 0600508 0013879 0871261 1704632 1706817 2911692 0086860
 1979874 0150312 0439792 0086860 0086860 1265611 1149372 0033618 0056695 0332256 2700400 1151928 1151922 0205177 0439167 0441655 1561536 0062773 1947931 0079419 0205177 0439167 0441655 1561536 1705526 0205263
 1547282 0013081 0851285 1327622 0035668 0392756 0547047 0085732 0205263
 1511726 3245479 0023175 1442948 1522538 2348269 3275067 1883351 0079419 1705526 0013879 0205342 1145667 1167622 1705248 1332838 0017337 1521840 2603362 2986546 0085732 0062773 0001068 0001390 0019652 0033684 0332256 2700400 1156200 0001038 1521754 0086860 0205107 0332297 1145667 1167622 1689898 2349209 0441889 0456079 1547707 2946261
 0557061 2584313 0007610 1514811 1706462 0012854 0008546 0205250 1300196 1325550 2987476
 0439148 0678594 1519795 1527178 1704753 1880519 0028623 1166675 0012854 0332529 2331578 0019652 0205448 0019646 1457900 0086411
 0028623 1166675 1706912 0443288 0444454 1554204 0012854 0450316 2827734 2981698
 0162493 1879547 0332453 0442805 0814423 0040648 0040649 1521761 2827422
 0332453 0008546 0725813 1325550 1704241 0392747 0332257 1552866 2700399 0441833 0687744 1257890 1552516 1552839 1705428 1705429 1704241 0014442 0014445 1156199
 0062773 0001068 0001390 0019652 0205447 0039259 1292748 2825491 0007961 0205160 1513916 1706211 2825415 0392756 1704675 0012854 0814423 0337076 0439086 2827736 2981702
 1156200 0001038 1521754 0086860 0162493 0023175 0040649 0181586 1442948 1522538 1879547 2348269 3275067
 1512977 0007634 3282337 1833097 1333336 1530358 0390904 1366462 1705589 0019652 1624609 1149367 0040648 1148673 0162326 0004793 0012854 0040649 0162327 0205369 0243122 1145667 1167622 1519249 1552740 1521761 2827422
 0332120 3539643 0040648 0040649 1521761 2827422 0162508 3536909 1417574 2985443 0205548 0040661 1710082 1336776 0079419 1705526 0442805 1537044 0205177 0439167 0441655 1561536
 0079419 0079427 0080055 1705526 0017372 1325410 0017337 0027651 1578706 1710252 2954564 3273930 1521840 2986546 0006826 0998265 1306459 0026882 0027651 0086418
 0871261 1704632 1706817 2911692 0014406 0038435 0332257 0012860 0010957 0012854 1883709 1282930 1522449 0242184 1963140 0079419 1705526 1637379 0184512
 0079419 1705526 0205263 1332838 0017337 0332257 0219474 0812198 1070653 1418302 0086597 1155873 1516332 0237477 0392351 0162638
 0080055 0033684 0205088 0205448 0332529 1705314 1705315 1879547 1880389 1883221 3541951 1514490 0033382 0699759 1880389 1883221 3541951 1514490 0033382 0699759 1880389 1883221 3541951 1709915 1882936 1511662 1880389 1883221 3541951 1624609 1709915 1882936 1880389 1883221 3541951 1880389 1883221 3541951
 3539643 0150312 1883351 0079419 1705526 1879547 1880389 1883221 3541951 2349975 0085732 1515877 1879547 0812222 0971008
 1512032 0596988 1260953 0205263 0857127
 0079419 1705526 1457900 0011155 1636779 1299582 3539643 0021135 1533691 2827718
 1883712 1709313 1260953 0205263 0857127 0332453 0750492 1704675 3539643 0079419 1705526
 0332120 1705535 0205177 0439167 0441655 1561536 0725813 1704675 3539643
 1547282 1883351 0032214 0600138 0035820 1705810
 1707959 0085732 1707271 0205088 0205217 0442805 1442161 1511760 1705314 1705315 1880274 1880389 1883221 3541951 0031715 1158886 1880389 1883221 3541951 0243122 1145667 1167622 1880389 1883221 3541951
 0947630 1547282 3539643 0390904 1366462 1705589 1709915 1882936 0871261 1704632 1706817 2911692 0450442 1254351 1521826
 0079419 1705526 1510827 0332256 2700400 0005456 0682969 1817303 0205145 0243122 1145667 1167622 1515974 2825164 0021135 1533691 2827718 0450348 0012854 0205166 0332255 1518422 1706317 1708096
 0557651 2603343 1273517 0598091 0007600 0007634 0205132 1269647 1704653 1948049 0851285 1327622 0079419 1705526 1883559 0596988
 1547282 0079419 0444868 0596988 1705526 3539085 0005507 0243073 1273517 1510438 0017337 0205227 0205263 2945640 0079419 1705526 1883559 0596988 0085732 1624609
 0150312 0085732 0442805 2613317 1156200 0001038 1521754 0221099 0684336
 0150312 0205177 0439167 0441655 1561536 2613317 0019647 1156200 0001038 0019652 0441889 0456079 1521754 1547707 2946261 0205107
 1273517 0449851 0521093 0750484 1456348 0231448 0439792 0302523 0700325 1964257 3539643 0459205 1883559 0040649 0079419 0205177 0332307 0439167 0441655 0445392 1514873 1547052 1561536 1705526
 1999230 0332120 0205177 0439167 0441655 1561536 0205216 0392756 0442797 1704675 3539643
 1511726 3245479 1705535 1265611 0079419 1705526 0439792 0086860 0205107 0332297 1145667 1167622 1689898 2349209 0449719 1704712 1709471 0205177 0439167 0441655 1561536 0596988
 0557061 2584313 1514811 1706462 0007600 0007634 0205132 1269647 1704653 1948049 0007600 0007634 0205132 1269647 1704653 1948049 0205263 1883351 0079419 1705526 1883559 0079419 1705526 0079419 1705526 0079419 1705526 0079419 1705526 0079419 1705526 1880389 1883221 3541951 0079419 1705526 1514490 0033382 0699759 1880389 1883221 3541951 1552738
 0079419 1705526 0079419 1705526 0079419 1705526 1883559 0596988 1522485 1708632
 0204727 0205409 0220862 0005861 0002778 0936012 1524024 1621557 0035668 0205409 1548221 1524063 0034760
 0005861 0002778 0936012 1524024 1621557 0884358 1552738
 0182400 1414968 1521827 1552738 0450355
 0005507 0243073 1510438 0335038 1522485 1705915 1709908 0013879 0205342 1552738
 0007634 3282337 0031249 0086022 0442335 1705099 0086022 0442335 1705099 0079419 1705526 1883559 0079419 1705526 0079419 1705526 0079419 1705526 0079419 1705526 0079419 1705526 1880389 1883221 3541951 0079419 1705526 1514490 0033382 0699759 1880389 1883221 3541951
 0597937 0205102 0243148 1550141 1553872 1619620 1882979 2587213 3274648 0072149 0043193
 0005507 0243073 1510438 0205174 0884358 0302828 1442085 3263700 0072149
 0185115 0684295 0020985 0449719 0035668 0204727 0205409 0220862 1273517 0005507 0243073 1510438 0006353 0024348 0370003 2347026
 0033684 0600209 0017243 1382104 1514893 1704732 2699488
 3244092 0185117 0441889 0456079 1547707 2946261 0079419 1705526 0079419 1705526 0079419 1705526 1880389 1883221 3541951 0079419 1705526 1514490 0033382 0699759 1880389 1883221 3541951 0598091 0007600 0007634 0205132 1269647 1704653 1948049 0007634 3282337 0003242 0003241 0021027 0442726 1511790
 0079419 1705526 0079419 1705526 0442726 1511790
 0001271 0442726 1511790 1883351 0218063 1708715
 1328856 0005507 0008546 0021069 0243073 1325550 1510438 0007634 3282337 0205263 1883351 0079419 1705526 0079419 1705526 0079419 1705526 0079419 1705526 0079419 1705526 0079419 1705526 1880389 1883221 3541951 0079419 1705526 1514490 0033382 0699759 1880389 1883221 3541951 1548982
 3272453 0012854 0017428 0887950 0033684 0178576 0332220 0016564 1883712 2828360 1517892 1704666 0086045 1446561 0010454 0009458 0010453 0220814 0430400 0439536 1705217 1947931 2242979 3244283 1439852 2348236 0005903 0039476 1547703
 0178576 0332220 2828360 1517892 1704666 1166718 0007634 3282337 1883708 0991865 0006353 0009264 0009443 0031603 0031701 0036082 0040223 0205449 0234192 1548982 1601799 1632851 0184933 1516695 1516698
 0007634 3282337 0007703 0441436 0993610 1998480 0006353 0009264 0009443 0024348 0234192 1536403 0013618 0020283 0450407 0450408 0450409 0439962 0033607 1961133 2673177 1883351 0684192 0332255 0486805
 0449297 1382187 2825073 0007703 1550101 1720119 1948037 0332462 1880834 0242759 2827734 2981698 0013618 0037494 1959973 0020283 0450407 0450408 0450409 0439962 0033607 1961133 2673177 0079419 1439852 1705526 0019647 0019648 2348975 0450376
 0038164 0033684 0991566 0012854 0036110 0037868 0327949 0459210 0522534 1705188
 0991566 1548982 0006353 0242759 2827734 2981698 0013618 0020283 0450407 0450408 0450409 0037494 1959973 0037494 1959973 0439070 1705160 0068941 0068940 0439509 0037500 0037473 0086123 0597484 0013618 0020283 0450407 0450408 0450409 0006353 0041175 0077281 0814229 0020283 0450407 0450408 0450409 0013618
 1883708 0006353 1441565 0074722 2348236 0005903 0039476 1547703
 0332220 0065011 0018851 1555029 1292426
 0012854 0008238 0031428 0070570 1998793 0001962 1882443 0039462 1705540
 0728990 1273517 1514575 1705542 1517480 1521871 1705759
 1883351 0017446 0205147 0332256 2700400 0013879 0079419 0205342 1705248 1705526 1428198 0017446 0205147 0205107 0086860 0032520 0677874 0884358 1709450 0206415 0332283 1719822 1953382 0206415 0439084 0728893 1953384 0206415 0439084 0728893
 1428198 1953382 0206415 0439084 0728893 1953384 0206415 0439084 0728893
 1953382 0206415 0439084 0728893 1953384 0206415 1555029
 0079411 3146294 0243148 1550141 1882979 2587213 3274648 0086860 0086860 0035680 0010813 0019243 0032136 0596311 1330957 1441547 3245521 3538806
 0332255 1708096 0332256 2700400 0086860 2945843 0009013 0032136 0205145 1515974 2825164 1301820 1706701 0011516 0205145 1515974 2825164
 0332255 1708096 1883708 0011516 0009013 0032136
 0032136 0027365 1419574 1419575 3472072
 0045143 1883708 0009013 1419574 1419575 3472072 2945843 0205145 1515655
 1709450 1333336 1530358 1705458 3539643 1883254 0009013 1419574 1419575 3472072 0032136 1333336 1419574 1419575 1524084 1530358 1705458 3472072 1333336 1419574 1419575 1530358 1705458 3472072 1419574 1419575 3472072 3539643 1419574 1419575 3472072 3539643
 0045143 0009013 1333336 1419574 1419575 1530358 1705458 3472072 1547282 0017337 1333336 1441547 1530358 1705458 3245521 0036658 0439084 0728893 0439084 0728893
 0045143 0009013 1333336 1419574 1419575 1530358 1705458 3472072 0017337 1333336 1441547 1530358 1705458 3245521 0036658 0439084 0728893
 0045143 0009013 1419574 1419575 3472072 3539643 0017337 1441547 3245521 3539643 0036658 0439084 0728893 0439084 0728893
 0045143 0009013 1419574 1419575 3472072 3539643 0017337 1441547 3245521 3539643 0036658 0439084 0728893 0439084 0728893
 0005507 0243073 1510438 1136031 0007634 3282337 0439962 1333336 1419574 1419575 1530358 1705458 3472072 1333336 1419574 1419575 1530358 1705458 3472072 1419574 1419575 3472072 3539643 0205171 0439044 0679994 1883357
 0007634 3282337 0243148 1419574 1419575 1550141 1882979 2587213 3274648 3472072 0205171 0439044 0679994 1883357
 0007592 2828366 0205436 0332173 0439228 0439505 0457385 0565930 1516695 1516698 1561503 1705190 0040669
 0441889 0456079 1547707 2946261 3539643 0079419 1705526 0442726 1333336 1511790 1530358 1705458 0005574 0079419 1705526
 0001271 0442726 1511790 1883351 0218063 1708715
 1449705 0021069 0007634 3282337 0205263 1883351 0079419 1705526 1883559 0079419 1705526 0079419 1705526 0079419 1705526 0079419 1705526 1880389 1883221 3541951 0079419 1705526 1514490 0033382 0699759 1880389 1883221 3541951
 0007634 3282337 1548982 0184933 1516695 1516698
 0007634 3282337 0006353 0019215 0241938 1882074 0020283 0450407 0450408 0450409 0024472 0439962 0037508 1366571 1705592 0020746 0442504 1704765 1882509 3496241
 0068941 0068940 0439509 1883708 0007634 1269647 1524062 1704653 1948049 0086045 0205088 1446561 1546485 2828366 1720005
 0007592 2828366 0020746 0442504 1704765 1882509 3496241
 0007703 0993610 0068941 0006353 0024348 0068940 0439509 1536403 0068941 0068940 0439509 0013618 0037494 1959973 0016701 0677542
 2828366 0007703
 0079419 1705526 1883559 0079419 1705526 0079419 1705526 0079419 1705526 1880389 1883221 3541951 0079419 1705526 1514490 0033382 0699759 1880389 1883221 3541951 0991566 1719918 0439583 0450376
 0079419 1705526 0079419 1705526 0033684 0522529 0991566
 0991566 1548982 0079419 1705526 1524063
 1265611 1333336 1530358 1705458 0079419 1705526 0301871 0596988 0949466 0005863 0002778 0442726 0936012 1511790 1524024 1705493
 0557061 2584313 1514811 1706462 1883559 0079419 0332307 0445392 0851285 1547052 1705526 0596988 1184743 1522240 1880389 1883221 3541951 3146294 0007584 0237753 0449788 0205263 1883351 0079419 1705526 1883559 0596988
 0150312 0441889 0456079 1547707 2946261 0079419 0205263 1705526 0007600 0007634 0205132 1269647 1704653 1948049
 1883351 0205263 0857127 0007600 0007634 0205132 1269647 1704653 1948049 0884358 0005861 0002778 0936012 1524024 1621557 1707455 0441889 0456079 1547707 2946261
 0150312 1883559 0079419 0205263 0332307 0392148 0445392 1547052 1705526
 1979874 0079419 1705526 1511662 1148673 0012854 0243122 1145667 1167622 1705285 1880389 1883221 3541951 0450344 1553633 0332290 0332529
 0150312 0205263 0857127 0021966 0026882 0079419 0205216 0221138 1705285 1705526 1879547 1880389 1883221 3541951 0079419 1705526 0450344 1553633 1705535 0205177 0439167 0441655 1561536
 1517331 0332120 1521721 0162735 0026882 1552961 2347617 0205263 0857127 0450344 1553633
 1883712 0079419 1705526 1880389 1883221 3541951 0332268 1880389 1883221 3541951 0079419 1705526 1514490 0033382 0699759 1880389 1883221 3541951 0332268 1514490 0033382 0699759 1880389 1883221 3541951 0086439 0205177 0439167 0441655 1561536 0450344 1553633 0596988
 1883351 0805874 0870077 1446409 0439787 0849355 0459205 0205177 0439167 0441655 1561536 0596988 0678226 3244092 0043194 0079419 0185117 0258432 0441889 0456079 1421478 1547707 1705242 1705526 2946261 3146286 0598091 0007600 0007634 0205132 1269647 1704653 1948049 0884358 0949466 0005863 0002778 0936012 1524024 1705493 0150312 0441889 0456079 1547707 2946261 0450345
 0449911 0333052 2607870 0557702 1272706 1704674 0557702 1272706 1704674 0349966 1337208
 2827734 2981698
 0079419 1705526 1883559 0596988
 0205263 0857127 0596988 0221099 0684336
 0005861 1621557 1709269 1521827 1524063 0035668 0007634 0205409 1548221 3282337 0205263 1883351 0079419 1705526 1883559 0596988
 0006556 0182400 1704681 2347609 3536729 1441547 3245521 1414968 0017337 3536868 2260086 0017855
 2347469 0441889 0456079 1547707 2946261 0596988
 0949466 0884358 1524063 2828366 0007634 1998793 3282337 0007634 3282337 0205263 1883351 0079419 1705526
 0079419 1705526 0079419 1705526 0442726 1511790 0080055 0033684 0003242 0003241 0021027 0442726 1511790
 0441889 0456079 1547707 2946261 0205163 0243148 0444706 1549782 1550141 1708715 1882979 2587213 3274648 3541902
 0086860 1883559 0079419 0332307 0445392 1547052 1705526 1879547 0596988
 0335038 1522485 1705915 1709908 0007634 3282337 0031249 0086022 0442335 1705099 0086022 0442335 1705099 0079419 1705526 1883559 0596988
 0442805 0079419 1705526 1883559 0596988 0444686 1441506 1443182 1524063 0031249 0086022 0442335 1705099
 0073187 0441889 0456079 1547707 2946261 0079419 1705526 1883559 0596988
 0005863 0949466 1705493 0884358 1524063 2828366 0007634 1998793 3282337 0086022 0442335 1705099 0079419 1705526 1883559 0596988
 0003242 0003241 0021027 1273517 1883351 0442726
 0003241 1273517 1883351 0442726 0079419 1705526 0445247
 0079419 1705526 1514490 0033382 0699759 1880389 1883221 3541951 0079419 1705526 1880389 1883221 3541951 0238767 1706086 0205177 0439167 0441655 1561536 1879547 0086860 1151115 0205177 0439167 0441655 1561536 0243148 1550141 1882979 2587213 3274648 0013879 0205342 1705248 0040648 0040649 1521761 2827422 1273517 1883351 0079809 0242485 0205177 0439167 0441655 1561536
 1273517 0335038 1522485 1705915 1709908 0013879 0205342 0459205 0205177 0439167 0441655 1561536 0596988
 0150312 0079419 1705526 0205254 0079419 1705526 0079419 1705526 1547282 0205177 0439167 0441655 1561536
 0079419 1705526 1879547 0086860 1705242 0005861 1621557 0002778 0936012 1301820 1524024 1709269 0450344 1553633 0441833 1999270 3537156
 0150312 0079419 1705526 1880389 1883221 3541951 0079419 1705526 1514490 0033382 0699759 1880389 1883221 3541951 0205163 0439185 1518422 0205177 0439167 0441655 1561536 1883559 0079419 0332307 0445392 1547052 1705526 1707455
 0596988 0205263 0450344 1553633 0441833 1999270 3537156 1705535 0005507 0243073 1510438 1518422 0443289 0205177 0439167 0441655 1561536 0596988 0017337
 1518422 0086860 0086860
 1883351 0218063 3244092 0185117 0441889 0456079 1547707 2946261 0596988 0949466 0005863 0002778 0936012 1524024 1705493 0150312 0185117 1416886 1442449
 0441889 0456079 1547707 2946261 0205263 0079419 1705526 1883559 0596988 0441833 1999270 3537156
 0150312 0205250 1883559 0079419 0205263 0332307 0445392 1547052 1705526 0023882 0700321 2700395 0079419 1705526 0079419 1705526 0079419 1705526 0079419 1705526 0079419 1705526 1514490 0033382 0699759 1880389 1883221 3541951
 0750482 0079419 0205263 1705526 1880389 1883221 3541951 0441889 0456079 1547707 2946261 0079419 1705526 1880389 1883221 3541951 0079419 1705526 1883559
 0332290 0598091 0007600 0007634 0205132 0205360 1269647 1441672 1547311 1704653 1948049 0450344 1553633
 0079419 1705526 1883559 0596988 2266866 0205177 0439167 0441655 1561536 1624609 0079419 1705526 0444868 0596988 3539085 0869040 0557651 1273517 2603343 1511662 1148673 0012854 0243122 1145667 1167622 1880389 1883221 3541951
 0085732 1707520 0205177 0439167 0441655 1561536 0332149 1705910 2362652 0596988 0085732 0023175 0181586 0205216 0205227 0205263 0392756 0442797 0857127 1442948 1522538 2348269 3275067
 1883351 0022885 0039593 0392366 1273517 0032520 0677874 1292732 0085732 0596988 1145667 1167622 0013879 0205342
 0013879 0205342 1428198 0086860 2987476 1707689 2983265 1709450
 0150312 1624602 0580844 1428198 0079419 1705526 1883559
 1428198 0003241 0021027 0243148 1550141 1882979 2587213 3274648 0349966 1337208 2347469 1705535 0079419 1705526 1145667 1167622 1428198
 0150312 0079419 1705526 0079419 1705526 0079419 1705526 0085732 1145667 1167622 1428198 1883559 0079419 0332307 0445392 1547052 1705526 1707455 0349966 1337208
 1274040 1546471 2825142 1518422 0026882 1518422 0001721 0085732
 0079419 1705526 1880389 1883221 3541951 0079419 1705526 1514490 0033382 0699759 1880389 1883221 3541951 0085732 1145667 1167622 1428198 0349966 1337208 0085732 0205263 0205216
 1883712 1273517 0003242 0003241 0021027 0079419 1705526 1880389 1883221 3541951 0012854 0439855 1704241 1274040 1546471 2825142 1301820 1511726 3245479 1518422 1547282
 1517001 0079419 1705526 0026882 1705285 1550518 1428198 0349966 1337208
 0449911 0333052 2607870 0557702 1272706 1704674 0557702 1272706 1704674 0349966 1337208
 0740116 2827735 2981700
 0079419 1705526 1883559 0596988 2266866 0205177 0439167 0441655 1561536 1624609
 1514861 1882932 0450429 1515974 0080206 0179400 1533124 0450429 1515974 1328856 0005507 0008546 0021069 0243073 1273517 1325550 1510438
 2347469 0073187 0079419 1705526 1883559 0596988 0332297 1145667 1167622 1689898 2349209 2347469 0073187 0205163 0439185 1510827
 0884358 0025664 0184661 1517586 1552738 2700391
 0012854 1704241 1624602
 0003241 0021027 0243148 1273517 1550141 1882979 2587213 3274648
 0522510 0332255 0486805 1708096 0073187
 0442805 1883559 0079419 0205263 0332307 0445392 1547052 1705526 0036849 1442518 1705195
 0085732 0332462 0442805 1441547 1880834 3245521 0079419 0205263 0596988 1705526 0332849 1883559 0079419 0205263 0332307 0445392 1547052 1705526
 0019652 0017446 0205147 0079419 0332297 1145667 1167622 1689898 1705526 2349209 0040648 0040649 1521761 2827422 0162326 0205369 1145667 1167622 1552740 0086860 0332183 2611994 0086860 2613317 1426977 0019647 0001038 0019652 0039259 0205088 0332152 1521754 1522538 1705314 1705315 1156200
 0001038 1521754 0332454 1704675 0012854 0442808 0814423 0337076 1158830 0589507 1704686 0439086 2827736 2981702
 0085732 1145667 1167622 1428198 1518422 2945640 1883351 0079419 1705526 1883559 0596988 0442805 1156200 0001038 1521754 0017446 0205147 0332256 2700400 1428198
 0349966 1337208 1547282
 0439086 2827736 2981702 2613317 1156200 0001038 1521754 1428198 0205217 0442805 0079419 1705526 1883559 1705535 0079419 1705526 1883559 0062773 0001068 0019652 1428198
 0085732 0079419 1705526 0079419 1705526 1883351 0442805 2613317 1156200 0001038 1521754 1428198 0205082 2945640 1883559 0079419 0332307 0445392 1547052 1705526 1707455 0349966 1337208 0718133
 0596988 1151928 1151922 0205177 0439167 0441655 1561536 1428198 0085732 0079419 1705526 1883559
 1517331 1521721 0037088 0243095 2825141 0085732 1880389 1883221 3541951 0079419 1705526 1514490 0033382 0699759 1880389 1883221 3541951 1883351 0442805 2613317 1156200 0001038 1521754 1428198 0221099 0684336 0439792 0547044 0079419 1705526 0079419 1705526 0079419 1705526 0349966 1337208 0718133
 0079419 1705526 0013879 0205342 1145667 1167622 1705248 0019652 0017446 0205147 0332297 1145667 1167622 1689898 2349209 0332256 2700400 0013879 0205342 1705248 0814423
 0019647 2003902 0439792 0205250 1299351 2700149 0019648 2348975 0079419 1705526 1883559 0596988 0205263 0349966 1337208 2347469 0073187 1707455 0019647 0441833 1999270 3537156
 0449911 0333052 2607870 0557702 1272706 1704674 0557702 1272706 1704674 0349966 1337208
 0439086 2827736 2981702
 0019652 0017446 0205147 0079419 0332297 1145667 1167622 1689898 1705526 2349209
 0019647 0012854 1704241 0017446 0205147 0332297 1145667 1167622 1689898 2349209 0332256 2700400 1428198 1553033 0019647 0019652 0019648 2348975
 2347469 0073187 0442805 0017446 0079419 0205147 0332256 0332297 1145667 1167622 1689898 1705526 2349209 2700400 2347469 1428198
 0442805 1514468 1704444 0392148 0079419 1705526 0332849 0332197 1689985 0079419 1705526
 0441889 0456079 1547707 2946261 0086860 0205227 0205263 0441889 0449286 0542560 0857127 1561545 2348088 0079419 1705526 0274281 0332157 0332257 0080206 0179400 1533124 0337076 0679209 0740116 2827735 2981700 0439084 0728893
 0205447 1156200 0001038 1521754 0086860 0332256 2700400 0080206 0179400 1533124
 0596988 0079419 1705526 0011155 1636779 1547282 2945640 0205177 0439167 0441655 1561536 0442805 1156200 0001038 1521754 1428198 0349966 1337208 0332128 0596988 0017446 0205147 0205107
 0349966 1337208 1547282
 1440044 2613317 1156200 0001038 1521754 0205217 0442805 0079419 1705526 1883559 0205263
 2613317 1156200 0001038 1521754 0079419 0205217 0205263 0442805 0857127 1705526 1880389 1883221 3541951 0079419 1705526 1514490 0033382 0699759 1880389 1883221 3541951 0349966 1337208 1440044 0439792 0547044 0205263 0857127 0079419 1705526 1883559
 0023882 0700321 2700395 0442805 0001038 1521754 0150312 0079419 1705526 0079419 1705526 0079419 1705526 0205263 0349966 1337208 1440044
 0185117 0439792 0086860 0920532 0017337 0205227 0205263 0441889 0449286 0542560 0857127 1561545 2348088
 0449911 0333052 2607870 1413114 0557702 1272706 1704674 0557702 1272706 1704674 0349966 1337208

 0441889 0456079 1547707 2946261 0442805 2347469 0086860 0205107 0332297 1145667 1167622 1689898 2349209 0185117
 0681814 0884358 0349966 1337208
 0439086 2827736 2981702
 0205263 0857127 0221099 0684336 0185117 3539643 0150312 1883351 0079419 1705526 0442805 0085732 0205263 1515877 1879547 0314621 0086860
 0557651 2603343 1547282 1265611 0086860 2613317 0019647 1156200 0001038 0019652 0441889 0456079 1521754 1547707 2946261 2949735 0086860 0079419 1705526 1273518 1879547
 1883351 0376649 1442065 3539643 0032214 0079419 0205263 0600138 0851827 0857127 1701901 1705526 3244310 1273517 1099354 1521840 0035696
 0150312 3539643 0040669 0032136 1099354 0349966 1337208 1708639 1518422 0032136 1708639
 0150312 0085732 0205263 0007634 3282337 0332268 3539643 0007634 0243148 1550141 1882979 2587213 3274648 3282337 0349966 1337208 1707455 1708639
 1511726 3245479 0332290 0231448 0439792 0037088 0243095 2825141 3539643 1512032 0392756 0547047 0205263 0857127 0079419 1705526
 0449911 0333052 2607870 0557702 1272706 1704674 0557702 1272706 1704674 0349966 1337208
 0439084 0728893
 0013081 0851285 1327622 0423866 2626739 0035668 0205263 0857127
 0007634 3282337 0439962 1333336 1419574 1419575 1457900 1530358 1705458 3472072 1333336 1419574 1419575 1530358 1705458 3472072 1419574 1419575 3472072 3539643 0205171 0439044 0679994 1883357
 0007634 3282337 0243148 1419574 1419575 1550141 1882979 2587213 3274648 3472072 0205171 0439044 0679994 1883357
 0007592 2828366 0205436 0332173 0439228 0439505 0457385 0565930 1516695 1516698 1561503 1705190 0040669
 0441889 0456079 1547707 2946261 3539643 0079419 1705526 0442726 1333336 1511790 1530358 1705458 3539643 0079419 1705526
 0441889 0456079 1547707 2946261 0442726 1511790 1883351 0218063 1708715
 1704675 0596988 2945640 0557651 2603343 1547282 0013081 0851285 1327622 0205263 0857127 0079419 1705526 1883559 0349966 1337208
 1547282 0596988 0205263 2945640 0442808 1156200 0001038 1521754 0086860 0349966
 2607943 2926606 3539655 0871157 1602245 1883351 0085732 0442805 1156200 0001038 1521754 0086860 1883351 0205263 0678226 0205216 0392756 0442797 1704675 3146286 3539643
 1883351 0022885 0039593 0392366 0884358 0021069 1624602 1704241 0949466 0005863 0002778 0936012 1524024 1705493 1624602 0442726 1265611 0349966 1337208
 0150312 0079419 1705526 1883559 3539643 1515655 0349966 1337208 1708639 0332290 0450348
 1883712 0150312 0079419 1705526 1880389 1883221 3541951 0079419 1705526 1514490 0033382 0699759 1880389 1883221 3541951 2698977 1553638
 1265611 0596988 1883559 0079419 0332307 0445392 1547052 1705526 0349966 1337208 1550420 1265611 0596988
 1979874 0079419 1705526 0079419 1705526 0079419 1705526 1547282 1704675
 1705535 0026882 1880274 1880389 1883221 3541951 0392756 0547047 1704675 3539643 0026882 1880274 1518422 1624609 1148673 0162326 1817303 0004793 0012854 0079419 0085732 0162327 0205369 0243122 0521102 1145667 1167622 1519249 1552740 1705526
 1316572 1317574 1369612 1265611 1883559 0079419 0332307 0445392 1547052 1705526 0596988 0205351 0086860 1707455 0450375 0012358 1553033
 0449911 0333052 2607870 0557702 1272706 1704674 0557702 1272706 1704674 0349966 1337208

 0079419 1705526 1883559 0596988 1333336 1530358 1705458 3539643
 0007592 2828366 0007634 3282337 0205263 1883351 0079419 1705526 1883559 0596988 1332071 0301871 1708639 1624602 1708639
 2827734 2981698 0949466 0005863 0002778 0936012 1273517 1524024 1705493 0441889 0456079 1547707 2946261 0021069 0439083 0439087 1273517 1883351 0079809 0242485 0441889 0456079 1547707 2946261 1333336 1530358 1705458
 2347469 0441889 0456079 1547707 2946261 0596988 0021069
 1550420 1265611 0036849 1442518 1705195
 0441889 0456079 1547707 2946261 1514468 1704444 1883559 0079419 0332307 0332849 0445392 1547052 1705526
 0441889 0456079 1547707 2946261 0079419 1705526
 0441889 0456079 1547707 2946261 0079419 0596988 1705526 1514468 1704444 0332281 0079419 0596988 1705526 0332849 0332281 1883559 0079419 0332307 0445392 1547052 1705526
 0073187 0441889 0456079 1547707 2946261 0079419 1705526
 1441506 0884358
 1514811 1706462 0205177 0439167 0441655 1561536 0205245 0440102 0542341 0851285 2700217 1880389 1883221 3541951 0079419 1705526
 0596988 0026882 1705285 0023175 0031847 0079419 0181586 0277785 1442948 1522538 1705526 2348269 3275067 0439509 0947630 0205234 1285542 1880389 1883221 3541951 2266866 0205177 0439167 0441655 1561536
 0449445 1292724 1547282 1880389 1883221 3541951 2266866 0205177 0439167 0441655 1561536 0021135 1533691 2827718
 1707959 2266866 0205177 0439167 0441655 1561536 0205217 0442805 1880389 1883221 3541951 1880274 0030956 0332297 1145667 1167622 1689898 2349209 0003242 0003241 0021027 0079419 1705526
 1511726 3245479 0023175 1442948 1512571 1522538 2348269 3275067 0079419 1705526 0205448 1301808 2987476 0205275 0205177
 0024485 0028580 0557651 2603343 1444656 0205275 0348078 0376315 0205280 1705535 1880389 1883221 3541951 1518422 1280500 2348382
 0557651 2603343 1947931 0392366 2266866 0205177 0439167 0441655 1561536 1148673 1515655 1547282 2266866 0205177 0439167 0441655 1561536 1518422 0392760 1314939 1527178 1880389 1883221 3541951 0349966 1337208
 1883712 0150312 0079419 1705526 1514490 0033382 0699759 1880389 1883221 3541951 0079419 1705526 0079419 1705526 0079419 1705526 0444868 3539085 0332256 2700400 1511662 1148673 0012854 0243122 1145667 1167622 1880389 1883221 3541951 0085732 0349966 1337208
 0596988 0040649 0205177 0439167 0441655 1561536 2945640 0205227 0205263 1522634 1273518
 0332453 1333030 1156210 0008546 1325550 1704241 0679209 2827734 2981698 0740116 2827735 2981700 0439084 0728893
 1167136 1704241 1333030 1156210 0008546 1325550 1704241 0039259 1881534 0086860 0439086 2827736 2981702
 0332185 0947630 0079419 1705526 1333336 1530358 1705458 3539643 0021135 1533691 2827718 1515655 0185117 0079419 1705526 1515877 1879547 0086860 0450348
 1512032 0596988 0085732 1299581 0205263 0857127
 1883712 0162735 2924612 0026882 1552961 1705285 2347617 1879547 1880389 1883221 3541951 0205177 0439167 0441655 1561536 1704675 3539643 0021135 1533691 2827718 0450348
 1156200 0001038 1521754 0185117 0079419 1705526 1515655
 0150312 0079419 1705526 0013879 0205342 1145667 1167622 0086860 1156200 0001038 1521754 0205107 0205351 0079419 1705526 1883559 0596988
 0150312 0439792 0086860 0205351 1883559 0079419 0332307 0445392 1547052 1705526 0596988
 0150312 0013081 0851285 1327622 0023175 0079419 0205227 0205263 0684336 0851827 0857127 1442948 1522538 1701901 1705526 2348269 3244310 3275067
 1511726 3245479 0231448 0439792 0302523 0700325 3244290 0040223 0205435 1279901 1547282 3541383 1879547 1880389 1883221 3541951 1156200 0001038 1521754 0086860 0814423
 0150312 1880389 1883221 3541951 1514490 0033382 0699759 1880389 1883221 3541951 0205224 0079419 1705526 3539643 1880389 1883221 3541951 0439792 1515655 1156200 0001038 1521754 0814423
 1156200 0001038 1521754 1282914 0013879 0205342 0079419 0205217 0442805 1705526 0349966 1337208 0596988 0011155 1636779 0450344 1553633 1515981 0349966 1333336 1337208 1530358 1705458 3539643
 1511726 3245479 1705535 0596988 0013879 0079419 0205342 1145667 1167622 1705526 0392747 1516511 0678594 0062773 0001068 0001390 0019652 0033684 0332256 0444454 0683607 1554204 2700400 1156200 0001038 1521754 0017446 0205147
 0033684 1518422 0332261 1947932 0001038 1521754 0205107
 0086860 0017446 0205147 0337076 1145667 1167622 0332268 0332268 0086860 1273518 1883351 0205263
 2986676 0999213 0442711 1507394 1522729 2348563 0032136
 2825232 0043227 0449719 1521721 1709471 0027468
 0010186 0220812 0449719 1709471 0220808 0680264 0007961
 1706852 0522501 1706089 0949214

 0282413 0376649 1442065 0108844
 0254343 0796520 3272379

 0085205 1549619 1880669
 0013849 1705961 0024492 1538057 1547565 0059804
 0034037 1704324 0030351 0000723 0000723 1273517 3539643 1149372 0033618 0056695 3158668
 1879547 1880389 1883221 3541951
 1514490 0033382 0699759 1880389 1883221 3541951 1514490 0033382 0699759 1880389 1883221 3541951
 1880389 1883221 3541951 1880389 1883221 3541951
 0018909
 1328856 0005507 0008546 0021069 0243073 1325550 1510438 1328856 0005507 0008546 0021069 0243073 1325550 1510438
 2986904 0013879 0205342 1705248
 0035668 0035668
 0312586 0003241 0021027
 0390904 1366462 1705589 1333336 1530358 1705458 1521761 2827422
 1070653 0079419 1705526 0547043 0851285 1282911 1709060
 1514811 1706462 0557061 2584313 1514811 1706462 2827734 2981698
 0369637 0441923
 0027960 0324740 0439189 1456781 1824986
 0007634 1269647 1704653 1948049 0025141 0740116 2827735 2981700
 2347469
 0369637 0441923
 0007634 1269647 1704653 1948049 0025141 0439086 2827736 2981702
 2347469
 0369637 0441923



 0025141
 0369637 0441923


 0325074

 0025141 0439084 0728893
 0369718 0441922 1553036
 0369637 0441923
 0007634 1269647 1704653 1948049 0025141
 0369773 2603361
 0369773 2603361
 0007634 1269647 1704653 1948049 0025141
 0369718 0441922 1553036 0205090 0684010 2603358
 0033727 0369286 0441932 0564385


 0201682

 0035567 1140671 1509547 3484401 0597277 1708601 0369637 0441923
 2603360 0205090 0684010 2603358 2603360 2347469 0205090 0684010 2603358

 2347379 0028606
 0000857 0600678 1552863
 2347469

 0036397 0025141
 1416746 1862225 0439394 1706495 3642217


 0025141

 2603360

 2347469 0205090 0684010 2603358
 0861352
 0597277 1708601
 2347469
 0007634 1269647 1704653 1948049 0025141
 2603360

 0007634 1269647 1704653 1948049 0025141
 0999213
 0027960 0324740 0439189 1456781 1824986
 0007634 1269647 1704653 1948049


 0597277 1708601 0597277 1708601
 0033727 0369286 0441932 0564385
 0027960 0324740 0439189 1456781 1824986
 0007634 1269647 1704653 1948049 0025141
 1006780 0439394 1706495 3642217 0369773 2603361
 0597277 1708601
 2347469
 0027960 0324740 0439189 1456781 1824986
 0007634 1269647 1704653 1948049 0025141
 0999213
 0027960 0324740 0439189 1456781 1824986

 0310367 0750526 0025141
 0369637 0441923
 0597277 1708601
 0597277 1708601
 0007634 1269647 1704653 1948049 0025141
 2603362
 0036397
 0205090 0684010 2603358
 0439267
 0007634 0439083 0439087 1269647 1704653 1948049 0025141
 0369718 0441922 1553036
 2603362
 0205090 0684010 2603358
 0369637 0441923
 0349590 1262865 0025141

 0369718 0441922 1553036
 0033727 0369286 0441932 0564385
 0037993 0369637 0441923
 0439394 1706495 3642217 2945650 2603362
 0439394 1706495 3642217 2603360

 2347379
 0000857 0600678 1552863
 0369718 0441922 1553036
 0439394 1706495 3642217 0369718 0441922 1553036
 0033727 0369286 0441932 0564385 0597277 1708601 0597277 1708601
 0439267 2603360
 2603362
 0439394 1706495 3642217
 0027960 0324740 0439189 1456781 1824986
 0007634 1269647 1704653 1948049 0025141 0450348

 0439394 1706495 3642217 0205090 0684010 2603358
 0439267
 0349590 1262865 0025141
 0597277 1708601
 2681565 2603360



 0439394 1706495 3642217
 0205090 0684010 2603358
 0033727 0369286 0441932 0564385
 2347469 0205090 0684010 2603358 2603360
 2603362
 0439394 1706495 3642217
 0027960 0324740 0439189 1456781 1824986
 0007634 1269647 1704653 1948049


 1415618 0443021
 0033727 0369286 0441932 0564385 0369637 0441923
 0033727 0369286 0441932 0564385 2603360
 0369773 2603361


 3416079
 2347469
 0369637 0441923
 0027960 0324740 0439189 1456781 1824986
 0007634 1269647 1704653 1948049 0450388 0025141
 0597277 1708601 0999213
 0029016 0025141
 0999213


 0201682

 0999213
 0029016 0025141 0450355
 0999213
 0029016 0025141
 0205090 0684010 2603358
 0369637 0441923
 0439114 0205090 0684010 2603358
 0205090 0684010 2603358



 0439086 2827736 2981702 0025141
 0439267 0999213
 0029016 0025141
 2603362
 0369718 0441922 1553036
 0007634 1269647 1704653 1948049 0450382 0025141
 0999213


 0201682

 0597277 1708601 0999213
 0029016 0025141
 0999213
 0029016 0025141
 2347469 0597277 1708601

 0007634 1269647 1704653 1948049 0025141
 2347469 1708639

 0349590 1262865 0025141 0439509


 0007634 1269647 1704653 1948049 0025141
 2603360
 0205090 0684010 2603358

 1708639
 0369773 2603361
 0007634 0450389 1269647 1704653 1948049 0025141




 0025141
 0016327 0439133 1553038
 0439267
 0024171 0024176 2697939 0439394 1706495 3642217

 0033727 0369286 0441932 0564385



 0025141 0009993 0037455 0596070 1552856 0005477 0026376 0005532 1521991