 0004083 0439849 0596306 0699792 0243042 0127400 0016327 0033727 0369286 0439133 0441932 0564385 1553038

 0369637 0441923
 0005125 0002424 0442592 0015537 0015535 0005125 0041740 0205099 0005125 0021622 1272753 1704729 0041740 0029040 0035171 0035168 0242481 1707689 2983265 0557061 2584313 1514811 1706462 0032105 0441889 1550098 0028754 1963185 0021655 2700570 0021641 0237834 1514892 1533581 1579433
 1883351 0439849 1705630 1706279 3540605 0017262 0017337 0185117 0005516 1301820 0178913 0370003 2347026 2598145 2598146 0079809 1879489 0586544 1292533 0370003 2347026
 0032105 0441889 1550098 0017262 0017337 0185117 0441994 1548802 2003888 0332281 0028754 0439828 1707520 1963185 0332257 0006560 1879974 0033684 0205332 0021760 1527132 0021764 1527200
 0376209 0456081 0683269 0439828 0032105 0441889 1550098 0017262 0017337 0185117 0389071 1707520 0205090 0684010 0728938 1550516 2603358 0369773 2603361
 1707520 0389071 0237881 0750502 1546944 0439828 0205090 0684010 0728938 1550516 2603358 0369773 2603361 1707520 0017262 0017337 0185117 0021760 1527132 0021764 1527200 0851827 1701901 3244310
 1707478 1511726 3245479 1705535 0441712 1706376 0428255 0032105 0205216 0332152 0389071 0392756 0441889 0442797 1522538 1550098 0043210 0441889 0201657 0428528 0006560 1879974 0919677 0332281 0033621 1168438 1418943 3540567 0428479 0033684 0205332 0332324 0441889 1550474 0205250 0021760 1527132 0021764 1527200 0127400 0333348 1519104 0005516
 0206131 0449416 1705919 0443264 0007226 0035647 2827734 2981698 0740116 2827735 2981700
 0332185 0205396 1550043 1551388 0389071 0205309 0389071 1540187 2986675 1540187 2986675 1540187 2986675 0206131 0009502 1305959 0009498 1521761 2827422 0439086 2827736 2981702
 0032105 0389071 0441889 1550098 0028754 0205216 0392756 0442797 1963185 0021655 2700570 0021641 0237834 1514892 1533581 1579433 0439084 0728893 0011860 1320657 0441730 0011847 0011849 0332307 1547052 0242339 0205251 1299352 1550472 0010054 0010068 1956346 0205042 0852949 1269008 0003842 0012634 0018787 0226004
 0043096 2911645 0005910 0043100 1305866 1517945 1705104 2986411 1257987 0332281 0205217 0389071 0441889 0442805
 0332268 0012655 0205217 0220898 0442805 1264642 1547045 1274040 1546471 2825142 0021655 2700570 0021641 0237834 1514892 1533581 1579433 0039798 0087111 1522326 1533734 1705169 3538994 0389071 0184511 0332272 1561611 0021655 2700570 0021641 0237834 1514892 1533581 1579433 0000768 0000769 0332281 0028754 1963185 0023787 1280433
 0185117 0392756 2255887 1155266 0871261 1510574 3463820 0024432 0031843 0542341 0700205 1705273
 0389071 1515655 0014257 0221198 0231441 0450348 2936381 0220781 0439634 1522492 0004153
 0567416 0389071 1883351 0311400 1524026 2707259 0871161 1292721
 0023882 0700321 2700395 0205309 0389071 0851285 1327622 0392366 1512571 0389071 0441889 0017262 0017337 0185117 0389071 0440744 0001527 0040300 1547928 0028754 1563743
 0332128 0439849 1705630 1706279 3540605 0021760 1527132 0021764 1527200 0021760 1527132 0021764 1527200 0041368 1323304 1456820 0333516 0027540 0027651 1334928 1521761 1578706 2827422 3273930 0006560 1879974 0033684 0205332 0006560 1879974 0033684 0205332 0127400 0021368 1519104 0005516 0043210 0232970
 0035171 0035168 0242481 1707689 2983265 0086912 0035171 0035168 0242481 1707689 2983265 0557061 2584313 1514811 1706462 0681850 1550501 1706203 2349001 2697811 1507394 2348563 0442711 0557651 1522729 2603343
 0086911 0282443 0972401 1552617 1948070 0018704 1272753 2607850 0205540 0557651 2603343 0042960 1947971 1511481 1554192
 0439175 0439810
 0011847 0011849 0022646 0023895 0012634 0023884 0736268 1278929 2346688 0018802 0018801 0018787 0231174 0680095 0742742 1281570 0010054 0010068 0018799 0012634 0018787 1281570
 0013227 3244316 0439228 1272691 0279033 0279025 0035139 0039798 0087111 0458083 0559956 1363945 1555302 0557651 2603343
 0043210 1518422 0237607 0596545 0005910 0043100 1305866 1705104 0392747 0443172 1705241 0022718 0439209
 0015663 0439583 0456962 0815129 0242485 0178913 0370003 2347026 1301820 0369637 0441923
 0005885 0242821 0460148 0486616 1268086 1555710 1704746 0162536 0002778 0162537 0348084 0936012 1524024 1708517 0017480
 0586544 1292533 0370003 1563741 2347026 1563742 0222331 0439267 0005560 0936232 1548887 0446495 0017446 0205147
 0370003 2347026 1548982 0040223 1632851 0005773 0302148 0702093
 0439227 0564385 0242485 0441107 1548787 0439659 0446516 1269612 0332520 1269078 1282910 0017480
 0017262 0017337 0185117
 0035668 0205409 0445542 0812225 1150635 1548221 1705212 1705213 3273202 0332257 0036849 1442518 1705195 0017480 1552738 0332283 0332306 1148554 1265611 1554108 1561573 1524063 0600596 0039421 0017480
 0439211 1555029 0205088 0449468 1546485 1690016 1705102 2700258 0700308 0033727 0369286 0441932 0564385 1524063 0439148 1519795 0439267 0012789 0006353 0034760 0017480
 1709793 0004793 0162326 0162327 0449913 0884358 1328319 1511790 1519249 1553451 1704459 0039421 1709846 0336779 0037585 0220806 0017480 1524063 0025663 0449851 0871511 1414968 3536868 0017855 2260086 0030016 0031603 0031701 1601799
 0032520 0677874 0449468 0439175 0439810 0884358 1690016 1705102 2700258
 0012634 0348080 1705253 0702093 0456692 0702093 1511572 1301862 0702093
 0162326 0182400 1704681 2347609 3536729 1708200 1510755 0237753 0312860 0449788 0598211 1441547 1706078 3245521 1524063 0206415 0037585 0439084 0728893 1953382 0206415 0086045 1446561 0439084 0728893 1953384 0206415 0086045 1446561 0439084 0728893 3541878 0182400 1704681 2347609 3536729 0086045 1446561
 0493611 0005507 0243073 1510438 0041368 1323304 1456820 0333516 0027540 0027651 1334928 1521761 1578706 2827422 3273930 1414968 0017337 3536868 2260086 0017855 0869011
 0006556 0332257 3538986 0035953 0600140 1704688 2346414 1883351 0681921 0205419 1707429 1414968 3536868 2827734 2981698 0389071 0450316 2827734 2981698 0021760 1527132 0021764 1527200 0041368 1323304 1456820 0333516 0027540 0027651 1334928 1521761 1578706 2827422 3273930
 0005767 0005768 0229664 0439828
 0428462 0023779 0025664 0184661 1442989 2700391 2828392
 0021655 2700570 0021641 0237834 1514892 1533581 1579433 1829779 1830060 0019868 0444686 1261322 1441506 1443182 1516048 3161035 0015663 0017725 1550565 0032366 0017480 0202098 0428405 0021641 0441889 1533581 1579433 0034580 0017480 0178913 0370003 2347026 0702093 1272706 0013113
 0032105 0441889 1550098 0205173 0444706 3539942 3541902 0034580 0035168 0242481 3538743 0389071 0020960
 0389071 0444686 1441506 1443182 1524063 0205134 0470689 0470690
 0444263 0370003 2347026 0369718 0441922 1553036 0332257 3538986 1883351 0005507 0243073 0347985 1510438 0439084 0728893
 0021760 1527132 0021764 1527200 0041368 1323304 1456820 0333516 0027540 0027651 1334928 1521761 1578706 2827422 3273930 0014441 2717977 0005507 0014442 0021075 0243073 0444706 1510438 3541902 0014441 0205090 0684010 2603358 0449913 1553451 1704459 0947322 1552738 1705426
 0032105 1550098 0005971 0936012 1139930 3537155 3538987 0450367 1704539 3538987 0021760 1527132 0021756 0879590 0962190 1416406 1522405 0021764 1527200 0041368 1323304 1456820 0333516 0027540 0027651 1334928 1521761 1578706 2827422 3273930 0006560 1879974 0033684 0205332 0027692 0018019 1265549 1510458 1624602 0449913 1553451 1704459 0017480 3538987
 0871424 0002778 0936012 1524024
 1511726 3245479 0013194 0037585 0038215 0936012 2700580
 0439828 1704711 0242925 0683443 0392366
 1707455 1550369 0884358 0332283 0022885 0039593 0392366 0439064
 0681923 0023733 2346679 0205132 0439064 0684320 0684321 0032105 0441889 1550098 3161035 0017262 0017337 0185117 0021760 1527132 0021764 1527200 0041368 1323304 1456820 0333516 0027540 0027651 1334928 1521761 1578706 2827422 3273930 0006560 1879974 0033684 0205332 0444686 1441506 1443182 0332257 0455829 0230097 0332520 1280087 0518026 0439165 1549488 1561533 0807745 0918012 1552854 1637833 3639411 0042295 0444504 2347634 2348143 0428883 1305849 0005823 1271104 1272641 0005767 0005768 0012000 0033095 0229664 0460139 1306345 0041004 0023822 0392885 0008377
 1274040 1546471 2825142 0750591 0237881 1709380 0750502 1546944
 0035171 0035168 0242481 1707689 2983265 0557061 2584313 1514811 1706462 0389071
 0681873 1511726 3245479 0039224 0449450 1706073 1706074
 0032105 0441889 1550098 0017262 0017337 0185117 0205216 0392756 0442797 0497406 0043210 0043210 1707455 0349966 1337208
 0002778 0936012 1524024 0017262 0017337 0185117 0443289 0036572 0205134 0441548
 0034980 0002778 0936012 1524024 0041004 0518026 0439165 1549488 1561533 0205197 0205393 0725685 2827666 3161035 0205090 0684010 2603358 0369773 2603361 0205090 0684010 2603358 0205197 0369773 0725685 2603361 3161035
 1880945 0681924 0034980 0002778 0936012 1524024 0443289 0918012 1552854 1637833 1829779 1830060 0041004 0139815 0205090 0684010 2603358 0369773 2603361 0205197 0725685 1707455 3161035 0205090 0684010 2603358 0369773 2603361
 0439849 1705630 1706279 3540605 0032105 0441889 1550098 0349966 1337208 0332291 0043194 0085862 0258432 1299583 1421478 0918012 1552854 1637833 1829779 1830060 0455829 0230097 0332520 1280087 0518026 0439165 1549488 1561533 0596192 0005767 0005768 0023779 0229664 0005823 1271104 1272641 0005767 0005768 0033095 0229664 0460139 1306345 0205090 0684010 0728938 1550516 2603358 0450301 0369773 2603361
 0449911 0039224 1706073 1706074 0557702 1272706 1704674 0557702 1272706 1704674 0683970 0032661 1568011 1521970 0449911 0333052 2607870 0557702 1272706 1704674 0557702 1272706 1704674 0349966 1337208
 2827734 2981698
 0032105 0441889 1550098 0205091 1552822 0017262 0017337 0185117 0205090 0389071 0021760 1527132 0021764 1527200 0041368 1323304 1456820 0333516 0027540 0027651 1334928 1521761 1578706 2827422 3273930 0006560 1879974 0033621 1168438 1418943 3540567 0033684 0205332 0456689 0457242 0497406 0456689 0457242 0456689 0457242
 1511726 3245479 0021760 1527132 0021764 1527200 0041368 1323304 1456820 0333516 0027540 0027651 1334928 1521761 1578706 2827422 3273930 0185117 1882115 1414968 3536868 2260086 0017855 0030016 0031603 0031701 1601799 0332294 0439148 0678226 1264693 1441506 1519795 0439183
 1511726 3245479 0444504 2347634 2348143
 1707455 1550369 0884358 0332283 0022885 0039593 0392366 0439064
 0369773 2603361 0441833 0687744 1257890 1552516 1705428 1705429
 0369773 2603361 0441833 0687744 1257890 1552516 1705428 1705429
 0449911 0333052 2607870 0557702 1272706 1704674 0557702 1272706 1704674 0349966 1337208
 0740116 2827735 2981700
 0681842 0017262 0017337 0185117 0222331 0023733 2346679 0205132 0444686 0684320 0684321 1441506 1443182 0205090 0684010 2603358 0369773 2603361 0205132 0684320 0684321 1550648 1552960 0870432
 1511726 3245479 0185117 1882115 1414968 3536868 2260086 0017855 0030016 0031603 0031701 1601799 0439183 0439148 1264693 1519795
 0439849 1705630 1706279 3540605 0032105 0441889 1550098 0332291 0085862 1299583 0918012 1552854 1637833 1829779 1830060 0455829 0230097 0332520 1280087 0518026 0439165 1549488 1561533 0596192 0005767 0005768 0023779 0229664 0005823 1271104 1272641 0005767 0005768 0033095 0229664 0460139 1306345 0205090 0684010 0728938 1550516 2603358 0450301 0369773 2603361
 0021760 1527132 0021764 1527200 0041368 1323304 1456820 0333516 0027540 0027651 1334928 1521761 1578706 2827422 3273930 0006560 1879974 0033684 0205332
 0032105 0441889 1550098 0006560 1879974 0033684 0205332 1704829 0017262 1334205 0017337 0185117 0041368 1323304 1456820 0333516 0027540 0027651 1334928 1521761 1578706 2827422 3273930 0205217 0442805 0349966 1337208
 1829779 1830060 0019868 1261322 1516048 3161035 2698872 0205090 0684010 2603358 0369773 2603361 0205090 0684010 2603358 0205197 0369773 0725685 2603361 3161035 0021760 1527132 0021764 0032105 1515981 1527200 1550098 0205090 0450387 0684010 2603358 0369773 2603361 0205090 0684010 2603358 0205197 0369773 0725685 2603361 3161035
 0041004 0681842 1882327 0017262 0185117 3161035 0205090 0684010 2603358 0450355 0369773 2603361 0205090 0684010 2603358 0369773 2603361
 1524063 0023732 3161035 0032105 0441889 1550098 1710304 0017262 0017337 0185117 0028754 0332281 0439828 0439849 0445223 1963185 0557651 2603343
 0389071 0032105 0441889 1550098 1704829 0017262 1334205 0017337 0185117 0041368 1323304 1456820 0333516 0027540 0027651 1334928 1521761 1578706 2827422 3273930 1518422 1707520 0205090 0684010 2603358 0021760 1527132 2697777 0021764 0369773 1527200 2603361 0205090 0684010 2603358 0041368 1323304 1456820 0333516 0033452 1418482 0027540 0027651 0369773 1334928 1521761 1578706 2603361 2827422 3273930
 0439849 1705630 1706279 3540605 0021760 1527132 0021764 1527200 0041368 1323304 1456820 0333516 0027540 0027651 1334928 1521761 1578706 2827422 3273930 0006560 1879974 0033684 0205332
 0004083 0439849 0596306 0699792 0006560 1879974 0033684 0205332 0205090 0684010 2603358 0369773 2603361 0332291 0043194 0085862 0258432 1299583 1421478 0918012 1552854 1637833 1829779 1830060 0455829 0230097 0332520 1280087 0518026 0439165 1549488 1561533 0596192 0005767 0005768 0023779 0229664 0005823 1271104 1272641 0005767 0005768 0033095 0229664 0460139 1306345 0604510 0205090 0684010 0728938 1550516 2603358 0369773 2603361 0004083 0439849 0596306 0699792 0021760 1527132 0021764 1527200 0017262 0017337 0185117 0006560 1879974 0033684 0205332 0851827 1701901 3244310 0205090 0684010 0728938 1550516 2603358 0369773 2603361
 0041368 1323304 1456820 0333516 3279732 0027540 0027651 0237881 0750502 1298908 1334928 1521761 1546944 1549444 1578706 1707520 2827422 3273930 0021760 1527132 0021764 1527200 0006560 1879974 0033684 0205332 0150312
 0032105 0441889 1550098 0006560 1879974 0033684 0205332 0332281 0032105 0205216 0389071 0392756 0441889 0442797 1510411 1550098 1708728 2986775 0349966 1337208
 1707520 0006560 1879974 0033684 0205332 0237881 0750502 1546944 0439828 0205090 0684010 0728938 1550516 2603358 0369773 2603361 1707520 0021760 1527132 0021764 1527200 0851827 1701901 3244310
 0040300 0441889 0456079 1547707 1547928 2946261 0017262 0017337 0185117 0021760 1527132 0021764 0032105 0439849 0441889 0445223 1527200 1550098 0205090 0684010 2603358 0369773 2603361 0205090 0684010 0728938 1550516 2603358 0369773 0376209 0456081 0683269 2603361 0439828 0021760 1527132 0021764 0185117 1518422 1527200 0041368 1323304 1456820 0333516 0027540 0027651 1334928 1521761 1578706 2827422 3273930 0017337
 0449911 0333052 2607870 0557702 1272706 1704674 0557702 1272706 1704674 0349966 1337208
 0439086 2827736 2981702
 0439849 1705630 1706279 3540605 0032105 0441889 1550098 0023733 0034980 2346679 0002778 0205132 0684320 0684321 0936012 1524024 0021760 1527132 0021764 1527200 0282815 0205090 0439509 0684010 2603358 0369773 2603361

 0006560 1879974 0033684 0205332 0205090 0684010 2603358 0369773 2603361

 0439849 1705630 1706279 3540605 0006560 1879974 0033684 0205332 0237881 0750502 1546944 0918012 1552854 1637833 1829779 1830060 0455829 0230097 0332520 1280087 0518026 0439165 1549488 1561533 0596192 0005767 0005768 0023779 0229664 0005823 1271104 1272641 0005767 0005768 0033095 0229664 0460139 1306345 0205090 0684010 0728938 1550516 2603358 0369773 2603361 0439849 1705630 1706279 3540605 0021760 1527132 0021764 1527200 0851827 1701901 3244310
 0035171 0035168 0242481 1707689 2983265 0557061 2584313 1514811 1706462 0557651 2603343 0521093 0750484 1456348 0684224 0700287 3496591 1707520 0032105 0389071 0441889 1550098 0231448 0439792 2607943 2926606 3539655
 0032105 0441889 1550098 0017262 0332281 0017337 0185117 0389071 0392756 0222331 1563742 0278403 0001527 0040300 1547928 0028754 1563743 0557651 2603343
 0037088 0243095 2825141 0205156 0684224 0700287 1552607 1979874 3273238 0024400 0026447 0185117 1518422 0032105 0389071 0441889 1550098 1707520
 0025914 0025929 0026809 0442805 0032105 0441889 1550098 0684224 0700287 3496591
 0205447 0678257 0389071
 0684224 0700287 3496591 0035696 0441889

 0920533 0013081 1563740 0001527 0040300 0442045 1547928 0028754 1563743 0030705 0011847 0011849 1707455 0681850 1550501 1706203 2349001 2697811
 1511726 3245479 0028754 0030705 0205082 1301820 0369718 0441922 1553036 0456689 0457242
 1511726 3245479 1563741 1563742 0222331 0001527 0278403 0000726 0040300 0443288 0443315 1547928 0017262 0017337 0185117 0001527 0028754 0040300 0392756 1547928 0681850 1550501 1706203 2349001 2697811
 1280500 2348382 0013081 0017262 0017337 0185117 0456689 0022718 0205397 0439209 0457242
 1280500 2348382 0028754 1563743 0441889 0558058 0185117 0032105 0441889 1550098 0205216 0392756 0442797 0439828 0807745 0918012 1552854 1637833 3639411
 0021655 2700570 0021641 0237834 1514892 1533581 1579433 1829779 1830060 0019868 0918012 1261322 1444656 1516048 1552854 1637833 3161035 2698872
 1707520 0009673 0332291 0043194 0085862 0258432 0439828 1299583 1421478 0455829 0230097 0332520 1280087 0518026 0439165 1549488 1561533
 0021641 1533581 1579433 0032214 0600138 0035820 1705810 0389071 0441889 0021655 2700570 0332325 0021641 0023175 0237834 1442948 1514892 1522538 1533581 1579433 2348269 3275067 0020459
 1511726 3245479 0021135 1533691 2827718 2828146 0851285 1327622 1511726 3245479 1547282 0020459 0032105 0441889 1550098
 0001554 1533734 1555029 0021655 2700570 0021641 0237834 1514892 1533581 1579433 0023787 1373178 0596620 0025519 0025520 1158366 0015684 0001128 0030011 0202406 0206745 0025914 0025929 0026809 0021655 2700570 0021641 0237834 1514892 1533581 1579433
 1883357 0302523 0700325 3244290 1705535 0021655 2700570 0021641 0237834 1514892 1533581 1579433 0686907 1521761 0001527 0040300 1547928 0028754 1563743
 0449911 0332185 1521721 0684224 0700287 3273238 0032105 0441889 1550098 0035647 0021655 2700570 0021641 0237834 1514892 1533581 1579433 0011860 0441730 1320657 0011847 0011849 0332307 1547052 0998455 0007457 0019409 0043157 0220938 0549177 0599755 1515981
 1257987 0442805 0017262 0017337 0185117 0032105 0441889 1550098 1280500 0678226 0389071 1292856 1948023 3146286
 1511726 3245479 1705535 0009085 0079809 1879489 0332281 0389071 0441889 0441994 1548802 2003888 0439828
 0557651 2603343 1547282 0389071 0441889 0596130 0449719 1709471 1515926 0001527 0040300 1547928 0028754 1563743
 0947630 1547282 0079411 3146294 0001527 0040300 1441672 1547928 0021467 0021469 0040649 1628982 3463820 0597295 0033684 0220781 1883254 1705535 0220781 0439634 1522492 0597170 1521761 2827422 0079613 1883351 0033684 0035696
 1521761 2827422 1883351 0205396 1550043 1551388 0205170 3146287 2610817 1523073 2610815 0013081 0036536 0036537 0389071 1314939 0206131 0681850 1550501 1706203 2349001 2697811
 0441712 0013081 0185117 0389071 0332257 1552866 2700399 0017710 0450355 1879547 0238767 1706086 0028754 0205217 0442805 0027361 0237401
 0028754 1563743 0332281 0032105 0205217 0333348 0441889 0442805 1550098 0005516 0021760 1527132 0021764 1527200 0439509 0006560 1879974 0033684 0205332 0439092 0547044 0041368 1323304 1456820 0333516 0027540 0027651 1334928 1521761 1578706 2827422 3273930
 0021760 1527132 0021764 1527200 0006560 1879974 0033684 0205332 0443211 1272684 0035647 0005516
 0079189 1524094 0001527 0040300 1547928 0740116 2827735 2981700 0004457 0999597 1522496 1273410 1320716 0007226 0035647 0205217 0441471 0442805 1880177 3541888 0681850 1550501 1706203 2349001 2697811
 0947630 1705535 0389071 0032214 0600138 0035820 1705810 3463820 0185117 0225336 0007634 0014257 3282337 3463820 0037083 3537152 0024432 0031843 0542341 0700205 1705273
 0206745 0025914 0025929 0026809 0033422 0178324 3263722 3263723 0012655 0220898 1264642 1547045 0001483 0040671 0389071 1705822 1555029 0025914 0025929 0026809
 1442162 1550718 3244317 0003209 1515999 0333348 0441472 0449450 0333348 1301808 1442792 3148680 1708567 0004083 0439849 0596306 0699792 0428493 1306826 1442972 0201657 0428528 0919677 0032120 0036825 1168405 0428479 0032105 0441889 1550098 0021760 1527132 0021764 1527200
 1707520 0006560 1879974 0033684 0205332 0237881 0376209 0456081 0683269 0439828 0855316 0005823 1271104 1272641 0005767 0005768 0033095 0229664 0439841 0460139 1306345 0807745 0918012 1552854 1637833 3639411 0005832 0006560 1879974 0033684 0205332 0005516 0681890
 0037088 0243095 2825141 0032105 0389071 0441889 1550098 0006560 1879974 0033684 0205332 1705535 0033268 0205373 1880177 0947751 0021368 0028754 0150312 1963185
 0032105 0441889 1550098 0021655 2700570 0021641 0237834 1514892 1533581 1579433 1522427 0542341 1552738 1705535 0032105 0441889 1550098 0184513 0028754 0243107 0678723 1279919 1527148 1963185 1637379 0441889
 0814896 0237881 0750502 0311400 1524026 2707259 0007226 0035647 1518422 0750489 1442160 0030705 0743496 0010957 0178784 0444930 1883709 2746065
 1512612 0302523 0700325 1521721 1964257 0032105 0441889 1550098 0681890 0030705 1518422 0035309 1707520 1962966 0030705 0011847 0011849
 1511726 3245479 1705535 0032105 1550098 3244092 0185117 0441889 1513159 0005516 0205217 0311400 0442805 1524026 2707259 0035647
 0021760 1527132 0021764 1527200 1705241 1705242 0389071 0851285 1327622 2987476 0001527 0040300 1547928 0028754 1563743
 0222331 1563742 0278403 0001527 0040300 1547928 0028754 1563743 0332128 0557651 2603343 3161035 0004083 0439849 0596306 0699792 0032105 0441889 1550098
 3244092 0185117 0441889 0041368 1323304 1456820 0333516 0027540 0027651 1334928 1521761 1578706 2827422 3273930 0389071 1518422 0017262 0017337 0185117 0439849 0445223 0001527 0040300 1547928 0028754 1563743 0332290 0332529 0567416 0449475 0007584 1882124 0007634 0237753 0332307 0449788 1269647 1327616 1704653 1948049 0389071 1327616 0206131
 0947630 0376649 1442065 0017263 0851285 1327622 0001527 0040300 1547928 0028754 1563743 0127400 0333348 0851285 1327622
 0041368 1323304 1456820 0333516 0027540 0027651 1334928 1521761 1578706 2827422 3273930 0185117 0450355
 1257743 0085087 0007634 3282337 1521970 0086418 0206131 1707455 0085732 1299581 1518422 0442726 1821461 0439849 1705630 1706279 3540605 0041368 1323304 1456820 0333516 0027540 0027651 0185117 1334928 1521761 1578706 2827422 3273930 0021760 1527132 0021764 1527200
 1511726 3245479 1705535 0041368 1323304 1456820 0333516 0027540 0027651 1334928 1521761 1578706 2827422 3273930 0021760 1527132 0021764 1527200 1518422 1947931 0017262 0314604 0017337 0185117
 1979874 1441672 1821461 0439849 1705630 1706279 3540605 0017262 0017337 0185117 0332291 0028754 0085862 0332281 0439828 1299583 1518422 1963185
 0037088 0243095 2825141 0183683 1521721 0028754 1963185 0039082 0746556 0311400 1524026 2707259 2699787 0205217 0442805 0439828 0020538 0497247 2917273 0520818 0005823 1271104 1272641 0005767 0005768 0033095 0229664 0460139 1306345 0205217 0442805 0333348 2362652 0205216 0392756 0442797 0127400
 0557651 2603343 1413574 1521721 2348513 3538902 0020125 0017429 0017428 0086418 1709701 2338314
 2986676 0008972 0205210 0557651 2603343
 2986676 0449851 0005767 0005768 0018896 0229664 1552861 0586544 1292533 0370003 2347026 0001527
 0282413 3273171 0686900 1272683 1522634 0005125 0017480
 0013849 1705961 0024492 1538057 1547565 0011198 0017480 3541240 0034036 0034037 1514756 1704324 0348078 0376315 1272684 1522492 1527075 1548435
 0006560 1879974 0033684 0205332
 3538987 0681921 0205419 1707429
 1414968 3536868 0017855 2260086 0030016 0031603 0031701 1601799 1414968 3536868 0017855 2260086 0030016 0031603 0031701 1601799
 1829779 1830060 0019868 1261322 1516048 3161035 1829779 1830060 0019868 1261322 1516048 3161035
 0006560 1879974 0033684 0205332
 0021760 1527132 0021764 1527200 0021760 1527132 0021764 1527200
 0521447 1521761 2827422 0521447 1521761 2827422
 0041368 1323304 1456820 0333516 0027540 0027651 1334928 1521761 1578706 2827422 3273930 0041368 1323304 1456820 0333516 0027540 0027651 1334928 1521761 1578706 2827422 3273930
 1514811 1706462 0035171 0035168 0242481 1707689 2983265 0557061 2584313 1514811 1706462 0035820 1705810 0851285 1327622 0018684 0012634
 2347379 0025141 0439267 0016080 0206131 3161035 0037083 3537152
 1836672 3541334 0389071 1955907 0017725 0598783 1517898 0023779 0025519 0025520
 0040833 1521798 0025141 0369637 0441923 0597277 1708601 0597277 1708601 0021966 0221138 0597277 1708601 0033727 0369286 0441932 0564385 0369637 0441923 0597277 1708601 0597277 1708601 0369637 0441923 0392756 0547047 0389071 0028754 1963185
 2347379 0025141 0597277 1708601 2986904 3541314 2675519 0011860 1320657 0441730 0011847 0011849 0332307 1547052 0004083 0439849 0596306 0699792 0020459
 1315013 0597277 1708601 0369637 0441923 0369637 0441923 0033727 0369286 0441932 0564385 0033727 0369286 0441932 0564385 0597277 1708601 0369637 0441923 0597277 1708601 0369637 0441923 0683150 0427716 1304757 0086045 0389071 0030705
 0597277 1708601 0027778 0560008 0019907 2681927 2987742 2984916 0427716 1304757 0086045 0205216 0392756 0442797 0150312 0332285 2348042 2826345 0242656 0449258 0011860 1320657 0441730 0011847 0011849 0332307 1547052 0024400 0026447
 0011847 0011849 0369637 0441923 0683150 0086045 0242339
 1315013 0016327 0439133 1553038 0439267 0439267 0439267 0016327 0439133 1553038 0369637 0441923 0439267 0389071 0035648 1553898 0035647 1521761 2827422 1320716 0007226 0441471 3541888 0022661 2316810 0679247 0022658 0205088 0012634 0022646 0205390 0444930 1300072 1306673 2746065
 0596019 0596019 1261082 1551056 2981682 0043096 0005910 0043100 0301630 0392756 0441610 1305866 1705104 0442805 0032120 0036825 1168405 0428479 0032105 0441889 1550098 0389071
 1315013 0369637 0441923 0033727 0369286 0441932 0564385 0597277 1708601 0033727 0369286 0441932 0564385 0369637 0441923 0205090 0684010 2603358 0033727 0369286 0441932 0564385 0597277 1708601 0021966 0221138 0023688 0442805 0185117 0683150 0086045 0033684
 0011847 0011849 3541334 0004739 0332297 0369637 0441923 1836672 0597277 1708601 0005005 0439254 0011198 0017480 3541240 0205263 0857127 0243192 2987634 0441712 1706376
 0014137 0010622 0332298 0039247 0596019 1261082 1551056 2981682 2987634 0166418 1418776 3494280 0289313 0442805 0032105 0441889 1550098 0030705
 0011847 0011849 1947933 0021966 0221138 0597277 1708601 0033727 0369286 0441932 0564385 0369637 0441923 0033727 0369286 0441932 0564385 0033727 0369286 0441932 0564385 0369637 0441923 0205090 0684010 2603358 0597277 1708601 0369637 0441923 0021655 2700570 0021641 0237834 1514892 1533581 1579433 0332268 0389071 1540187 2986675
 0025141 0033727 0369286 0441932 0564385 0597277 1708601 0597277 1708601 0439526 0033727 0369286 0441932 0564385 0597277 1708601 0369637 0441923 0597277 1708601 0205090 0684010 2603358 0369637 0441923 0389071 1555029 0021655 2700570 0021641 0237834 1514892 1533581 1579433 0332281 0023787 1280433 0028754 1963185
 0025141 2347167 1881534 0018488 1538440 3273279 0597304 0010813 0596311 1330957 1514468 1704444 0442805 1158366 0015684 0001128 0030011 0202406 0015127 1314792 1524003 0043096 2911645 0005910 0043100 1305866 1517945 1705104
 0041703 0268596 1418943 2700624 3642273 1836672 3541334 0369637 0441923 0389071 1540187 2986675 2349975 0021641 0205054 0441472 1533581 1579433 3266814
 0025141 3541334 1836672 0033268 0389071 0033684 0311403 1441547 1540187 2986675 3245521
 1315013 0597277 1708601 0033727 0369286 0441932 0564385 0597277 1708601 0369637 0441923 0369637 0441923 1709060 0389071
 0005775 1516559 0597277 1708601 0033727 0369286 0441932 0564385 0597277 1708601 0369637 0441923 0369637 0441923 0369637 0441923 0389071 0032120 0036825 0032105 0033684 1550098 0018790 0237477 0392351 0521111 0037080 0037083 0086982 1155589 3537152
 0005775 1516559 0597277 1708601 0021966 0221138 0230613 0389071 0086282 1611821 0680022 2698041 0018270 0220844 1621966 2911660 0024432 0031843 0542341 0700205 1546706 1550652 1705273
 0005767 0005768 0229664 0369637 0441923 0369637 0441923 0033727 0369286 0441932 0564385 0597277 1708601 0033727 0369286 0441932 0564385 0597277 1708601 0369637 0441923 0032120 0036825 0032105 0033684 1550098 0389071 1260953 0333574 0597360 0185117
 0005775 1516559 0369637 0441923 0369637 0441923 0369637 0441923 0032120 0036825 0032105 0033684 1550098 0389071 1180033 0005847 0231441 0332664 0677535 1558950 1801960
 2347379 0025141 0369637 0441923 0021966 0221138 0369637 0441923 0369637 0441923 0369637 0441923 0033727 0369286 0441932 0564385 0033727 0369286 0441932 0564385 0597277 1708601 0205090 0684010 2603358 0205090 0684010 2603358 0035820 1705810 0679403 0009814 0678234 0947637 1261287 2632116
 0201682 0369637 0441923 0369637 0441923 0597277 1708601 0021966 0221138 0033727 0369286 0441932 0564385 0389071 0004153
 0005775 1516559 0597277 1708601 0185115 0684295 0206131
 2347379 0025141 0597277 1708601 1519941 0017262 0017337 0185117 0178693 0086418 0206131 0557651 0947630 2603343
 2347379 0025141 0439255 1832110 0439267 0439267 0439254 1521970
 1315013 1540187 0017337 0028754 1963185
 0201682 0033727 0369286 0441932 0564385 0205090 0684010 2603358 0145779 3540468 3538806 0185117 0028977 0222331 0001527 0278403 0440744 0040300 0443315 1547928 0011860 1320657 0441730 0011847 0011849 0332307 1547052
 0011847 0011849 0063789 1417055 2347379 3272375 0025141 0369637 0441923 0369637 0441923 0205090 0684010 2603358 0017263 0920552 0851285 1327622 0206131
 2347379 0025141 0369637 0441923 0439526 0205090 0684010 2603358 0036154 2610815 0036536 0036537 0017263 0851285 1327622 1563740 0440744 0001527 0040300 0442045 1547928 0028754 1563743
 2347379 0025141 0439267 0021399 0041368 1168005 1456820 0036536 0036537
 2347379 0025141 1412122 3538806 0369637 0441923 0022337 1280500 2348382 0032105 0389071 0441889 1550098 0028754 0681850 1550501 1706203 2349001 2697811
 0011847 0011849 0033727 0369286 0441932 0564385 0369637 0441923 0597277 1708601 0597277 1708601 0016327 0439133 1553038 0205090 0684010 2603358 0004739 0332297 0389071 0042153 1158366 0015684 1159301 0001128 0030011 0202406
 0025141 3539879 1419337 3539667 3541314 0013123 2825512 0389071 0243107 0678723 1527148 0032659 1257890 1551488
 0777169 0025141 3539879 2986904 3541314 0683150 0086045 1446561 0034818 0242692 0332281 1280260 1334133 1519726 0255618 0021641 0026845 0031715 0037253 0041485 0521324 0597357 1158886 1533581 1579433 0683150 0086045 1446561 0392756 0547047 0086418
 0011847 0011849 0369637 0441923 0369637 0441923 0033727 0369286 0441932 0564385 0389071 1545588 0011860 2984301
 0777169 0025141 0369637 0441923 0369637 0441923 0205090 0684010 2603358 0017262 0017337 0185117 0311403 0330390 0439096 0599756 1292856 1948023 2004068 0010531 0038164 0033640 0031727 0033684 0206131
 0450381 0025141 3541314 0439267 0041368 0206631 1323304 1456820 0040048 1333522 0333516 0475358 0027540 0027651 1334928 1521761 1578706 2827422 3273930 0185117 0021655 2700570 0021641 0237834 1514892 1533581 1579433
 1552154 0369637 0441923 0021368 0028754 1963185 0038435 0010054 0010068 0018799 0012634 0018787 1281570 0021760 1527132 0021764 1527200 1517892 1704666
 0004153 0025141 1552154 1420193 1832169 3538902 0006560 1879974 0033621 1168438 1418943 3540567 0033684 0205332 0004083 0021655 2700570 0021641 0237834 1514892 1533581 1579433 0856169 0031847 0277785 0035820 1705810 0001527 0040300 1547928
 0039676 2349943 3539704 1427198 0201975 3539604 0019116 0019120 0005516 1280500 0028754 1563743
 0025141 0016327 0439133 1553038 0369637 0441923 0439267 0439849 1705630 1706279 3540605 0449913 1553451 1704459
 0063789 0450348 3272375 0439267 0016327 0439133 1553038 0439267 0369637 0441923 0439267 0597277 1708601 0441889 0456079 1547707 2946261 0856169 0031847 0277785 0021655 2700570 0021641 0237834 1514892 1533581 1579433
 0025141 0033727 0369286 0441932 0564385 0369637 0441923 0016327 0439133 1553038 0041368 1323304 1456820 0333516 0683150 0027540 0027651 0032105 0086045 1334928 1521761 1550098 1578706 1749467 1948047 2827422 3273930 0439095 0597357 2003941 2350010
 0063789 3272375 0439254 0558269 1552984 0683150 0086045 1446561 0035647 0025266
 0005775 1516559 0035853 0995005 0439394 1706495 3642217 0454673 1550752 0027496 1707455 0023824 0202117 0023823 0856966 0065055 0201950 0428466 0860920 0008377 0023820 0178587 0205251 0441889 1299352 1550472
 0369718 0441922 1414400 1553036 0028977 0222331 0001527 0278403 0040300 0443315 0030685 0391871 0439180 0680255 1283071 1963578 0021760 1527132 0021764 1527200 1705241 1705242 0851285 1327622
 1315013