 0007600 0007635 3282338 0014597 1273342 0007634 0221908 3282337 2827734 2981698 2827734 2981698 2827734 2981698 0016327 0439133 1553038
 0740116 2827735 2981700 0025519 0025520 0036375
 0018696 1456613 2936316 0086388 0018684 0449913 1553451 1704459 1947933 1293097 2919030 2919031 0043038 1515023 0000857 0205088 0348078 0376315 0450348 0520510 0600678 1272684 1522492 1546485 1548435 1552863 1704458 0012625 1514811 1706462 0014597 1273342 0007634 0221908 3282337 0332157 0205250 1299351 2700149 0086045 0205111 0205148
 0014597 1273342 0007634 0221908 3282337 0008377 0441712 0175996 0178719 0599896 1518422 0205309
 0684224 0700287 3496591 0086597 2246761
 1883712 1612060 0023884 0736268 1278929 2346688 0140283 0140278 1421546 0035339 0597357 3536891 0086597 0205111 2246761
 0037088 0243095 2825141 0021966 0221138 0699040 0007634 0185125 0205111 3282337 0205148 0449265 2246761
 2246761 0392148 0014597 1273342 0007634 0221908 3282337 1327616 0003591
 1708715 0005388 0039798 0087111 1522326 1533734 1705169 3538994 0332281 0442805 0220781 1883254 0035696 0033684
 0003595 0523511 1412481 1185625 1327616 2986730
 1621296 0023688 1622984 0220781 1883254 0033684 0035696
 0036536 0036537 0140283 1612060 0449265 1421546 0140278 1621296 0023688 0023884 0035339 0597357 0736268 1278929 2346688 3536891
 0014597 1273342 0007634 0221908 3282337 0085201 0003592 0021966 0221138 0008377 1524063 1412058 1704259 1705987
 1184743 1522240 0392747 0008377 0086045 0521378 0220781 0439634 1522492

 0008377
 1612060 1421546 0023884 0597357 0736268 1278929 2346688
 0140283 0140278 1421546 0035339 0597357 3536891
 0232767 0031843 0542341 0700205 1705273 1883351 1698986 0005388
 1184743 1522240 0036536 0036537 0008377 0005388 0025255 0596901 1706182 0227525 0669372 0023175 0181586 1442948 1522538 2348269 3275067 0086045 0005388 0016976 1269001 0679209
 0014597 1273342 0007634 0221908 3282337 0014597 1273342 0007634 0221908 3282337 0205250 1299351 2700149 0086045
 0018378 2020625 0008377 1539479 1518422 0205309
 0008377 0734014 0016976 0677535 0700364 1269001
 0008377 0333577 1880177 0007608 0678835 1510470 0439084 0728893
 0035648 0050325 0960756 0035647 1521761 2827422
 0018563 1281583 1552914 2348480 0178693 0681829 0018378 0086418 0557651 0947630 1515655 2020625 2603343 1549542 1547282 2945742 0000854 0220777 2347023 2347080 2698776 2825050 0085732 0392747 0232777 0086045 1979963 2003903 0030705 0332454 0008350
 2607943 2926606 3539655 0026339 3161035 0884358 1883525 2346866 0449913 1553451 1704459 1705920 1552961 2347617 0035820 0205171 1511545 1518422 1705810 1720467 0016976 0600138 1269001 0008377 0086045 0521378 0376554 2611279 0243144 0347980 0175996 0178719 0599896 0441712
 0725066 2611279 0008377 0162340 0243144 0347980 1881534 0175996 0178719 0599896 0441712 0227525 0682610
 0007292 1159709 0005528 0033684 1317949 3495449 0332257 1148923 0243122 0450240 1145667 1167622 1706210 1148923 0243122 0450240 1145667 1167622 1706210 1422256 0682610 0740116 2827735 2981700 0450382
 1883712 1413218 3537338 3540050 2611279 0008377 0243144 0347980 0016976 0442726 1269001 1511790 2827734 2981698
 2987476 1883351 0007634 0178539 0441712 0175996 0178719 0599896
 0332185 1547282 1412058 0086282 1611821 0680022 2698041 0086597 2246761 0596156 0007603
 1948052 0231448 0439792 0947630 1999230 0162340 2611279 0008377 0243144 0347980 1314939 0175996 0178719 0599896
 1522634 0043227 0205156 0442818 1552607
 0205435 1279901 0003591 0003591 0021966 0221138 0449265 2246761 0205111 1999230 0699040 0205111 0205148
 0849355 0392148 0439799 0007634 3282337 1883254 0003591 0000901 0008377
 0205436 0457385 0565930 1561503 1705190 0005388 0332256 2700400 1510941 1514758 1879547 1612060 1421546 0023884 0597357 0736268 1278929 2346688 1612060 1421546 0023884 0597357 0736268 1278929 2346688 1704970 2984542 1704259 1705987
 0140283 0035339 3536891 0140283 0140278 1421546 0035339 0597357 3536891 2246761 0008377 0023175 0181586 1442948 1522538 2348269 3275067 0205111 0699040 0205148 1412058 1704259 1705987 1879547
 0302523 0332272 0700325 1517331 3244290 0140283 0035339 3536891 0015264 1280500
 0947630 0016617 0007634 0178539 0201950 0428466 0441889 0456079 1547707 2946261 0175996 0178719 0599896
 0520510 0520510 0012625 1514811 1706462 0520510
 0013618 0038425 1959616 0000661 0001455 0281666 0022265 0109872 0040845 0001128 0202406 1504308 0020339 0051979 0034493 1719918 3538743
 0297741 0043194 0258432 1421478
 0180454 1166718 1139930 1301886 0456389 1325742 1140299
 0039358 0001128 0202406 0008377 1555265
 0008377 0027965 0014282 0043194 0205314 0258432 1421478 0521447 0006037
 0025646 0034760 0332287 0331955 1551491 0027971
 0051979 0034493 0026381 0043194 0182400 0258432 1421478 1521991
 0003242 0312586 0003241 0021027 0003242 2754943 0003241 0021027 0312586 0003242 0221138 0370188 0003241 0021027 3541314
 0301869 0029016 0043194 0258432 1421478 0006037
 0312586 0003242 0313239 0313240 0003241 0021027 0043194 0258432 1421478
 1979003 0312586 0003242 0003241 0021027
 1979003 0312586 0003242 0003241 0021027 0043194 0172493 0258432 1421478
 0007585 0010453 0220814 0430400 2242979
 0014597 1273342 0007634 0221908 3282337 0012984 0016976 0205409 1269001 1280551 1548221
 0010453 1710198 0005971 0017243 0297741 0439526 1139930 1382104 3537155 2827734 2981698 0439962 0009458 0162867 1254021 0242295 1947943 2348609 0017797 0019215 0030842 0220892 2346524 0038425
 0009458 0162867 1254021 0392747 0443172 1948050 0456698 0040223 0205448 0332174 0439230 1632851 0007634 3282337 0021178 1314677 2347816
 0007634 3282337 0205200 1547085 1547061 0439228 1524063 0041236 0439267 0450346 0439394 1706495 3642217 0439267 0439394 1706495 3642217
 0010453 0445247 0884358 0012634 0348080 1705253 0010453 1710198 0297741 1273517
 0455052 1521827 0085201 0003592 0021966 0221138
 0005388 1552738 1521827 0450348
 0039358 0001128 0202406 0001963 1549535 0043047 0599638 1550678 0031617 0205430 0885520 3160715 1959616 1998793 0008377
 0037638 1883708 0028158 1550581 1709915 1882936
 0005388 1698986
 0681814 0005388 0439526 1720830 1823521 1549535 2678549 1882074 0020283 0450407 0450408 0450409 0439583
 0005388 1883708 1720119 1948037 2827734 2981698 0085414 0009458 0162867 0229671 0332296 1254021 1546774 1550100 1880497 1996904 0180860 0369637 0441923 0581406 1522664 1704449 1704684 1875155 0038280
 0872351 0332293 0005388 1522326 3161035 0185125 0205111 0205148 0033727 0369286 0441932 0564385
 0037633 0525069 0008377 0522534 0918012 1552854 1637833 0012634 0348080 1705253 1273517 0699040 0007634 0185125 0205148 1269647 1704653 1948049 0450348
 0086045 1446561 1707468 0007634 0185125 3282337 0439267 3642216
 0181642 0026018 1518422 1547282 1261104 2699192 0427896 0444626 1378554 1533132 2699477 1273517
 0332290 0005388 0037633 0684224 0700287 1720119 1948037 3161035 3496591
 0085201 0003592 0021966 0221138 1998793 1552738
 0002778 0936012 1524024
 1883351 0439792 0039798 0087111 1522326 1533734 1705169 3538994 0014597 1273342 0007634 0221908 3282337 0010453 0220814 0430400 2242979 0205200 0813036 0012634 0348080 1705253 2246761 0005507 0008377 0243073 1273517 1510438
 0007634 3282337 1883708 0085414 0009458 0162867 0229671 0332296 1254021 1439852 1546774 1550100 1880497 1996904 1524062 0205111 1185625 1382196 0332293 0005388 1522326 3161035 1185625 2986730 0085414 0009458 0162867 0229671 0332296 1254021 1546774 1550100 1880497 1996904
 0033727 0369286 0441932 0564385 0009458 0162867 1254021 0700198 0007634 3282337 1548982 1720830 1823521
 0007634 3282337 0184933 0179834 0023779 0001963 0008238 0185115 3541890 0740116 2827735 2981700 2827734 2981698
 2828366 0179834 1883351 0849355 1883720 3244314 0440266 0008562 0936012
 0449913 1553451 1704459 1273517 0330971 0993635 1551897 1555165 2349142 1413039
 1441565 0439445 1301862 0001963 0043194 0258432 0439526 0702093 1421478
 0008377 0456692 0702093 0180392 0439070 0577559 1306372 1705160 1705235 3152252 3539059 1709793 0020898 0021764 0022271
 0014597 1273342 0007634 0221908 3282337 0010453 0220814 0430400 2242979 0205200 1883708 0332293 1522326
 0039798 0087111 0441833 0687744 1257890 1522326 1533734 1552516 1705169 1705428 1705429 3538994 0205449 0205170 0332529 3146287
 0039798 0087111 0441833 0687744 1257890 1522326 1533734 1552516 1552839 1705169 1705428 1705429 3538994 0332283 1719822 2827734 2981698 0039798 0087111 1522326 1533734 1705169 3538994 0086706 0268226 0085201 0003592 0021966 0221138 0205111 1185625 1524062 2986730 0085414 0009458 0162867 0229671 0332296 1254021 1546774 1550100 1880497 1996904 0085414 0009458 0162867 0229671 0332296 1254021 1546774 1550100 1880497 1996904 1185625 1524062 2986730
 0039798 0087111 1522326 1533734 1705169 3538994 0033727 0369286 0441932 0549178 0564385
 0740116 2827735 2981700 0039798 0087111 1522326 1533734 1705169 3538994 0005388 0185125 0205111 1185625 2986730 0085414 0009458 0162867 0229671 0332296 1254021 1546774 1550100 1880497 1996904 0085414 0009458 0162867 0229671 0332296 1254021 1546774 1550100 1880497 1996904 0205171 0439044 0679994 1185625 1524062 2986730
 0039798 0087111 1522326 1533734 1705169 3538994 0033727 0369286 0441932 0549178 0564385
 0439086 2827736 2981702 0039798 0087111 1522326 1533734 1705169 3538994 0005388 0205111 1524062 0205170 0085414 0009458 0162867 0229671 0332296 1254021 1546774 1550100 1880497 1996904 0085414 0009458 0162867 0229671 0332296 1254021 1546774 1550100 1880497 1996904 0205171 0439044 0679994 1524062 0205170
 0040223 3541383 0086706 0268226 0085201 0003592 0021966 0221138 0205111 1185625 1524062 2986730
 0040223 3541383 0033727 0369286 0441932 0564385 0085201 0003592 0021966 0221138 1524062 0033727 0369286 0441932 0564385
 0746919 3275118 0039798 0087111 0441833 0687744 1257890 1522326 1533734 1552516 1705169 1705428 1705429 3538994 0007634 3282337 0085414 0010454 0009458 0162867 0229671 0332296 1254021 1546774 1550100 1880497 1996904 0010453 0220814 0430400 1883708 1512335
 0439084 0728893 0039798 0087111 1522326 1533734 1705169 3538994 0007634 3282337 0085414 0009458 0162867 0229671 0332296 1254021 1439852 1546774 1550100 1880497 1996904 0369637 0441923 1457900 0020339 0281666 0022265 0109872 0040845 0001128 0202406 1504308 1524062
 0039798 0040223 0087111 1522326 1533734 1705169 3538994 3541383 0033727 0369286 0441932 0564385
 0007634 3282337 1512335 0035668 0185115 3541890 1524063 0302828 1442085 3263700
 0035380 0040649 1555029 0884358 0205435 1279901 0332283 0032520 0677874 0162326 0003595 0523511 1412481 0439780 0004475 0175754 0179630 0282160 0439084 0728893 1412573 1414899 1705968 2350443 3539770 3541413
 0003595 0523511 1412481 1555029 0041405 0085758 0220668 0266539 0439084 0677634 0728893 1415027 1415587 1420714 3536819
 1414968 0439780 0079613 0175754 0282160 0796552 1412573 1417239 2350443 2986643 3539770 3541413
 1555029 0041405 0061145 0085758 0220668 0439084 0728893 1415027 1415587 1422172 3536819 3540513
 0206415 0004793 0003595 0012984 0162326 0162327 0523511 1280551 1412481 1519249 1527178 1705938
 0032520 0677874 0231290 0884358 0012634 0332283 0348080 1705253 1719822 0332283 1511572 1883708 0332283 0702093
 0949466 0005863 0002778 0936012 1524024 1705493
 0014597 1273342 0007634 0221908 3282337 0010453 0220814 0430400 2242979 0205200 0813036
 0949466 0005863 0002778 0936012 1524024 1705493 0003241 0021027 0005388 0205111 1185625 1524062 2986730 0007634 3282337
 0007634 3282337 0332293 0005388 1522326 3161035 0086706 0268226 0085201 0003592 0021966 0221138 0085201 1959640
 0949466 0005863 0002778 0936012 1524024 1705493 0003241 0021027 0003241 0021027 1413218 3537338 3540050 0005388 0205111 1185625 1524062 2986730 0369637 0441923 1457900 0020339 0281666 0022265 0109872 0040845 0001128 0202406 1504308 1524062 0441987
 1639518 1947986 0205160 0243148 1273517 1513916 1550141 1882979 2587213 2825415 2825491 3274648 0949466
 0003595 0523511 1412481 0949466 1273517 1881488 1518422 0033684 1639518 1947986 0205160 1513916 2825415 2825491 0243148 1550141 1882979 2587213 3274648
 0205111 0009458 0162867 1254021 1516695 1516698 1880165 0332462 1880834
 0007634 3282337 0006353 1708715 1512335 0041175 0077281 0814229 0020283 0450407 0450408 0450409 0017861 0006247 1260957 0025402
 0009458 0162867 1254021 0007592 2828366 0025663 0444706 0449851 0871511 3541902
 0600209 1538569 1704732 1705493 1705493 1514893 0017243 1382104 0884358 0332283 0040671 1705822 0025255 0596901 1706182
 0949466 0017243 1382104 1273517
 0025255 0028778 0332206 2983591 0041415 0033727 0369286 0441932 0564385 1883708 0003242 0312586 0432616 1979003 0003241 0021027 0034493 0086418 1412058 1439852 0312586 0003242 0003241 0021027 0003242 0312586 0369286 1979003 0003241 0021027 2348236 0005903 0039476 1547703
 0025255 0596901 1706182 1883708 0041415 1720830 1823521 0027021 0031179 0034493 0522529 1318719 1439852 0051979 0221137 0018019 1265549 1510458 2348236 0005903 0039476 1547703
 0025255 0596901 1706182 1548982 0332287 0449913 1332684 1439852 1511790 1553451 1704459 0702093 0004400 0884358
 0871362 0522510 1710082 0949466 1524063 0037585 0333052 2607870
 0016318 0079603 0947630
 0014597 1273342 0007634 0221908 3282337 0813036 1301886 0010453 0220814 0430400 0205200
 0007634 3282337 0332293 0369637 0441923 1522326 1457900 0020339 0281666 0022265 0040845 0109872 0001128 0202406 1504308
 0007634 3282337 1548982 0456963 0009264 0009443 0020746 0234192 1720725 1720830 1823521 1948050 0025255 0000925 0439787 0849355 1883724 0180454 0005971 0010453 0220814 0430400 1139930 2242979 3537155 0442504 1704765 1882509 3496241
 0007634 3282337 0001002 0001963 0231441 0443218 2827483 2827734 2981698 2827734 2981698
 1439852 0456963 0009264 0009443 0020746 0234192 1548982 1720830 1823521
 0006353 1720830 1823521 0702093 1524062
 1979003 0312586 0003242 0003241 0021027 0185125 0702093
 1548982 1720830 1823521 0003242 1979003 2754943 0003241 0021027 0702093 1524062
 0007634 3282337 1548982 0040223 1632851 0972560 0009458 0162867 1254021 0036492 0181909 0325125
 0016315 0181839 1706379 0036572 0424576 2349186 0179533 1654607 1706254 0037585 1708464 1273517 1704254 1704922 1706701 3542466 0002778 0936012 1524024
 0242841 0242842 0600396 0600395 0079604 0016318 0026018 0079603
 0444330 1521827 0079604 0016318 0026018 0079603 0947630 1552738
 1704254 1704922 3542466 0439661 3245488 0042789 2707266 1524063 0023089 0458142 1023865 1706315 0034606 0441633 0449913 1553451 1704459 0016315 0181839 1706379 0183115 1710020
 0947630 0444330 0332293 1522326 0003242 0003241 0021027 0003242 0313239 0313240 0003241 0021027 1704254 1704922 3542466 1301820
 0947630 0003241 0051979 0018019 1265549 1510458 0008051 0324145 0522529 0600322 0677521 1365945
 0947630 0003241 0021027 1273517 0051979 0034493
 1167624 1947902 2827499 0025646 0021069 0085201
 0014597 1273342 0007634 0221908 3282337 1301886 0010453 0220814 0430400 2242979 0297741 0441587 0813036 1743766 1883719 0205200
 0442711 1507394 1522729 2348563 0021069 0085201 0332283 1552738
 0007634 3282337 1548982 0683585 0040223 1632851
 0007634 3282337 1883708 2348025 1417650 0439526 1708632 0025646 0392148 0332197 1689985 0205111 1185625 1524062 2986730
 1510844 0009458 0162867 1254021 0033684 0006353 0034584 0185115 3541890 0041175 0077281 0814229 0037494 1959973 0068941 0068940 0439509 0037500 0037473 0086123 0597484 0006353 1720119 1948037 0037494 1959973 0068941 0068940 0439509 0013618 0017237 1145617 0004492 0060916 0700308 0033727 0369286 0441932 0564385 0450376 0849355 1883720 3244314 0033684
 1550101 0007703 0849355 0560021 0439267 1439852 0085201 0221138 0370188 0003242 0003241 0003592 0018019 0021027 0021966 0086418 0439583 1265549 1510458 0001924 0450376
 0036681 0060916 1524062 0450376
 0175730 1547937 1704474 0702093 0179834 0439267 0441436 0993610 1998480 1548982 0040223 1632851
 0033684 0600209 0936012 1704732 0071500 0017243 0071499 1382104 0332283 0004400
 0441436 0993610 1998480 0005889 0302908 0444611 0678573 1704353 1549535 0439157 1301820
 0681814 0884358 0205163 0439185 1720725 1948050 1274040 1546471 2825142
 0014441 0005507 0243073 1510438
 0007634 3282337 0010453 0220814 0430400 2242979 0205200 0813036 1883708 0205111 0332293 1522326 1185625 1382196 1457900 0020339 0281666 0022265 0109872 0040845 0001128 0202406 1504308
 0033727 0369286 0441932 0564385 0009458 0162867 1254021 1185625 1382196 1516695 1516698 1880165 1524063
 0009458 0162867 1254021 0033684 1273517 1709793 1524063 0025663 0449851 0871511
 2736123 0370003 2347026 0085201 0003592 0021966 0221138 0005507 0243073 1510438 1524063 0812225 1150635 1705212 1705213 3273202
 0681814 1706386 0205163 0205341 0439185 1274040 1546471
 0008569 0008550 0205168 0934502 1522408 1561599
 0005507 0243073 1510438 2246761 0884358 1552738
 0007634 3282337 0332293 0005388 0205195 1522326 1947911 3161035 0332256 2700400 0008377 0000661 0001455 0086706 0268226 0021966 0221138 0205195 1947911 0020339 0281666 0022265 0109872 0040845 0001128 0202406 1504308
 1621296 0023688 1524062 0033727 0369286 0441932 0564385 0679845 0005388 0039798 0040223 0087111 1522326 1533734 1705169 3161035 3538994 3541383 0009458 0040223 0162867 1254021 1883712 3541383
 0009458 0162867 1254021 1516695 1516698 1552738 0205174 0205170 3146287 0183884 0336635 0017596 0022885 0037179 0039593 0087136 0175730 0205171 0392366 1547937 1561954 1704730 1709595 1947936 2349200
 1709595 0370003 2347026 0001963 0008238 0205430 3160715 0740116 2827735 2981700 2827734 2981698 0040822 1883023
 0175730 1547937 1704474 0179834 1412113 1516077 0439267 0934502 1522408 1561599 0185115 3541890 0183884 0022885 0039593 0175730 0348011 0392366 1547937 1561954 1704730 1947930 1512080
 1709915 1882936 0008238 0370003 2347026 0185125 0439799 0005971 1139930 3537155 0000983 0000985 0001128 0014994 0014996 0202406 0981805 1161324 2827734 2981698 0205094 0450310 0450307 0439204 2346481 2348614
 0439799 1706095 0205454 0332849 0205155 1293097 1522472 1552923 1705191
 0205155 1293097 1522472 1552923 1705191 0184301 0184933 0439526 0444082 0678573 1533199 1706497
 0005889 0302908 0444611 1704353 0439526 0235665 3540513 1524062 0205430 3160715 0205170 3146287
 0370003 2347026 0750480 1705566 1524063 1709697 2728259 3484370 0348000
 0008377 0038137 0175675 0005971 0035953 0600140 1139930 1704688 2346414 3537155
 0005507 0243073 1510438
 0441729 0085201 0003592 0021966 0221138 0596988 1552738 1521827
 0005507 0243073 1510438 2246761 0884358 1552738 0332300 0085201 0003592 0021966 0221138 1524062 0205111 1185625 2986730
 0243148 1550141 1882979 2587213 3274648 0441729 0085201 0003592 0021966 0221138 0085201 0003592 0021966 0221138 1524062 0205111 1185625 1382196
 2246761 0444706 1552738 3541902
 0332220
 0872351 0020746 0442504 1704765 1882509 3496241 0683585 0040223 1632851
 0628062 0439267 0085414 0947272 0009458 0162867 0229671 0332296 0439526 1254021 1524062 1546774 1550100 1880497 1996904 0007634 3282337 0702093 1439852 0004178 0678214 2347816
 0007634 3282337 0020746 1548792 1548982 0085414 1948050 0683585 0808270 0009458 0040223 0162867 0205448 0229671 0332296 0439526 1254021 1546774 1550100 1632851 1880497 1996904 0808270 0040223 1632851
 0043047 0599638 1300203 1550678 1749467 1948047 2828360 3245470 0046905 0020898 0021764 0022271 1549535 0205548 0042153 0457083 1720830 1823521 1947944 0086045 1446561 0369637 0441923 0439526 0205170 1524062 3146287
 0007634 3282337 0702093 1439852 2348236 0005903 0039476 1547703 0007634 3282337 0020746 1548792 0009458 0439536 1705217 3244283 0849355
 0007634 3282337 1548982 1720830 1823521 0017890 0522461
 0025255 0000925 0439787 0849355 1883724 0007634 3282337 0074757 0024348 0031603 0031701 0037473 0369637 0441923 0597484 1601799 2678549 1882074 0020283 0450407 0450408 0450409 0024472 0068941 0068940 0439509 0003641 0064858 0070329 0016327 0017890 0522461 0456692 0702093 0179834 0439267 0450376
 0370003 2347026 1883708 0021069 1273517
 0021069
 1881488 0060916 0702093 0991566 2346972 0450376
 0991566 0024483 1706318 1882443 0597535 0027976 1879958 1550101 1883708 1413218 3537338 3540050 0003242 0003241 0021027 1439852 0700308 0033727 0369286 0441932 0564385 0450376
 0991566 0439269 1960952 2346927 1524062 0700308 0033727 0369286 0441932 0564385 1439852 0450376 1883708 0991566 2346972 1882443
 0991566 1548982 0146951 0133689 1948050 0040223 0205448 0242759 0439526 1632851 0000983 0000985 0001128 0202406 0981805 1524062 0439648 0724378 0456692 0702093 1439852
 0991566 1882443 1550101 0600209 0006353 0175730 0332256 0348011 1547937 1561954 1704730 1704732 1708715 2700400
 0600209 1704732 0035953 0600140 1704688 2346414 0017243 1382104
 0949466 0005863 0002778 0936012 1524024 1705493 1883708 0085201 0221138 0370188 0003241 0003592 0021027 0021966 0884358
 0871424 0002778 0936012 1524024
 2825142 1274040 1546471 0010453 0205173 1704970 3539942 1274040 1546471 2825142 1552738 1882932 0681814
 1710574 0036669 0022885 0038492 0039593 0392366 1551041 1552573 1273517 0369773 2603361 0750591 0237881 0750502 1546944
 1274040 1546471 2825142 1704970 2825142 1274040 1546471 1709595 2349200
 0022885 0039593 0392366 0014441 1273517
 0520510 0012625 1514811 1706462 0039798 0087111 1522326 1533734 1705169 3538994 0008377 0023175 0181586 1442948 1522538 1708715 2348269 3275067 0014597 1273342 0007634 0221908 3282337
 1273517 0005507 0243073 1510438 0079809 0242485 2246761 0039798 0087111 1522326 1533734 1705169 3538994 0005388 0033727 0369286 0441932 0564385
 1708715 1273517 0079809 0242485 0007634 3282337 1524063 0025663 0449851 0871511 1518422 1999230
 0010453 0220814 0430400 2242979 0014597 1273342 0007634 0221908 3282337 0205280 2246761 0005507 0008377 0243073 1273517 1510438 0008562 0079809 0242485 0201950 0428466 0008377 0441889 0033727 0039798 0087111 0205111 0369286 0441932 0564385 1515981 1522326 1533734 1705169 3538994 0005388
 1274040 1546471 2825142 1547282 0442805 0007634 3282337 0349966 1337208
 0449911 0333052 2607870 0557702 1272706 1704674 0557702 1272706 1704674 0349966 1337208
 2827734 2981698
 0679845 0039798 0087111 1522326 1533734 1705169 3538994 1180254 0014597 1273342 0007634 0008377 0016976 0023175 0181586 0221908 1269001 1442948 1522538 1708715 2348269 3275067 3282337 0014597 1273342 0007634 0221908 3282337
 0872351 0085414 0332293 0009458 0162867 0229671 0332296 1254021 1522326 1546774 1550100 1880497 1996904 0085414 0009458 0162867 0229671 0332296 1254021 1546774 1550100 1880497 1996904 0005388
 0007634 3282337 1512335 0423896 0456205 0008562 0936012
 0423896 0456205 0439177 0555903 1261360 0007634 0033684 0178539 0439175 0439810 1882115
 1547282 2825142 1274040 1546471
 0369773 2603361
 0003595 0523511 1412481 0000901
 0085201 0003592 0021966 0221138 0598102 0014597 1273342 0007634 0221908 3282337
 2246761 0086597 0127400 1412058 0851827 1701901 3244310 0014597 1273342 0007634 0221908 3282337 1516240
 0750591 0220781 1883254 0679845 0005388 0039798 0087111 1522326 1533734 1705169 1948023 3161035 3538994 0039798 0087111 1522326 1533734 1705169 3538994
 0441712 1706376 0024432 0684224 0700287 1546706 1550652 3496591 0085201 0003592 0021966 0221138 0449265 0036536 0036537
 0599161 0032520 0677874 1524063 0206415 1547282 0035696 3276464 0007634 0008377 0205217 0442805 1708715 3282337 0005388 0185125 1947919 2347934 3539080 1708639 0679845 0005388 0039798 0087111 0439092 0547044 1522326 1533734 1705169 3161035 3538994 0205171 0439044 0679994 1708639
 1710082 0332282 0039798 0087111 1522326 1533734 1705169 3538994 1708639
 0449911 0333052 2607870 0557702 1272706 1704674 0557702 1272706 1704674 0349966 1337208
 0740116 2827735 2981700
 0001473 1706373 1708715 0003591 1622984 0220781 1883254
 0599161 0032520 0677874 0884358 1524063 0206415 0205369 1552740 1414968
 0456389 0456389
 1708639 0005388
 1708639 0005388
 1708639 0039798 0087111 1522326 1533734 1705169 3538994
 1708639 0243148 1550141 1882979 2587213 3274648
 1708639 0085201 0003592 0021966 0221138
 1708639 0005516
 0681814 1706386 0884358 0040223 1632851
 2347469 1515670 0185117 0205217 0442805 0332282 1292856 1948023
 0599161 0032520 0677874 0014597 1273342 0007634 0016976 0221908 0884358 1269001 3282337
 1708639 0005516
 1708639 0205111 0205111 0039798 0087111 1522326 1533734 1705169 3538994 0085201
 1708639 0039798 0087111 1522326 1533734 1705169 3538994
 1708639 0039798 0087111 1522326 1533734 1705169 3538994
 1708639 0039798 0087111 1522326 1533734 1705169 3538994 0000661
 1708639 0039798 0087111 1522326 1533734 1705169 3538994
 0681814 1706386 0884358 0040223 1632851
 0038323 0332257 1552866 2700399 1519628 0230625 1879547 0887829
 1879547 0140283 0035339 3536891 0003595 0040649 0041904 0162493 0523511 1412481 1517892 1704666 0332120 0449913 1553451 1704459 0233426
 0599161 0032520 0677874 1547282 0442805 0332282 0039798 0087111 1522326 1533734 1705169 3538994 0020339 0281666 0022265 0109872 0040845 0001128 0202406 1504308 0450354 1706096
 0442805 0205397 0007634 3282337 0008377 1708715 0332282 0039798 0087111 1522326 1533734 1705169 3538994
 0332120 0003595 0185117 0523511 1412481 0233426 0007600 0007635 3282338 0014597 1273342 0007634 0221908 3282337
 0020985 1547282 0185117 0349966 1337208
 0599161 0032520 0677874 1274040 1546471 2825142 1708715 0205217 0442805 0185117 0369773 2603361
 0442805 0679845 0005388 0039798 0087111 0205195 0205397 1522326 1533734 1705169 1947911 3161035 3538994 0039798 0087111 1522326 1533734 1705169 3538994 0369773 2603361 0039798 0087111 1522326 1533734 1705169 3538994 0205171 0439044 0679994 1547282 0442805 1273937 0237881
 0449911 0333052 2607870 0557702 1272706 1704674 0557702 1272706 1704674 0349966 1337208
 0439086 2827736 2981702
 1708715 0185117
 0949466 0005863 0002778 0936012 1524024 1705493 0884358 1524063 0003242 0003241 0021027
 1708639 0039798 0087111 1522326 1533734 1705169 3538994
 1708639 0039798 0087111 1522326 1533734 1705169 3538994
 1708639 0039798 0087111 1522326 1533734 1705169 3538994
 1708639 0039798 0087111 1522326 1533734 1705169 3538994
 0681814 1706386 0205341 0040223 1632851 0011321 0884358 1274040 1546471 2825142 1709595 2349200 0681493 2698021 1547282
 0441849 1959644 0039798 0087111 0369773 0441833 0687744 1257890 1522326 1533734 1552516 1705169 1705428 1705429 2603361 3538994 0441833 0687744 1257890 1552516 1705428 1705429 1959640 0441833 0687744 1257890 1552516 1705428 1705429
 0475264 1744691 0014597 1273342 0007634 0221908 3282337 0332128 1524063 0242842 0079604 0016318 0026018 0079603
 0947630 0598102 0007634 0884358 3282337 0012634 0348080 1705253
 1710082 0175996 0178719 0349966 1337208
 0001479 0525416 0001473 1706373 1518422 1547282
 0449911 0333052 2607870 0557702 1272706 1704674 0557702 1272706 1704674 0349966 1337208

 0185117 2347469 0001479 0525416 0001473 1706373 0016318 0079603 0947630
 0947630 0168634 0884358 1442488 0007634 0012634 0348080 1705253 3282337 0813036 0010453 0220814 0430400
 1881786
 0332120 0003595 0036536 0036537 0523511 1412481 0233426 0205111 0009458 0162867 1254021 0009458 0162867 1254021 0332282 0005388 0085201 1706528 0003592 0021966 0039798 0087111 0205111 0221138 1515981 1522326 1533734 1705169 3538994
 0003595 0523511 1412481 0332265
 0009458 0162867 1254021 0230715 0175723 0439645 1521913 0003595 0523511 1412481 0442726 1511790 0349966 1337208
 0085201 0003592 0021966 0221138 0205111 1185625 1524062 2986730 0442805 1708698 0522510 1710082 0009458 0162867 1254021 1705535 0085201 0003592 0021966 0221138 1710082 0007634 1269647 1704653 1948049 1327616 0003595 0523511 1412481
 0442805 0205397 0007634 3282337 0332293 0005388 1522326 3161035 0039798 0087111 1522326 1533734 1705169 3538994
 0392747 0443172 1710238 0441889 0009458 0162867 0442726 1254021 1511790 1518422 0683607 1261322 1516048
 0449911 0333052 2607870 0557702 1272706 1704674 0557702 1272706 1704674 0349966 1337208
 0439084 0728893
 0003595 0523511 1412481 1327616 0014597 1273342 0007634 0016976 0221908 1269001 3282337 0007634 3282337 0010453 0220814 0430400 2242979 0332293 1522326 0009458 0162867 1254021 0007634 3282337 1512335
 1547282 0009458 0162867 1254021 1880165 1883708 0600209 1704732 0681850 1550501 1706203 2349001 2697811 0949466 0005863 0332283 0002778 0936012 1524024 1705493 0312586 0003241 0021027
 0039798 0087111 1522326 1533734 1705169 3538994
 0332268 0185125 2246761 0008377
 0205435 1279901 1261552 1704379 1705117 2825408 1883351 0085201 0003592 0021966 0221138 0035820 0037083 1705810 3537152 0449265 2246761 0332128 0596988 1280519 1704419
 0596988 1547282 1883351 1511545
 0085201 0003592 0021966 0221138 1180254 2327105 0736279 0699040 0014597 1273342 0007634 0016976 0185125 0205111 0205148 0221908 1269001 3282337 1518422 0449265 2246761
 0871208 1521828 2246761 0205280 0243148 1550141 1882979 2587213 3274648 0205170 3146287 0369718 0441922 1553036
 1883712 2246761 0085201 0003592 0018882 0021966 0185125 0221138 0229304 0449265 0596988 1704821 1705682 1706395 1947919 2347934 3539080 0332290 1513528 0007600 0007634 0205132 1269647 1550648 1552960 1704653 1948049
 0441729 0085201 0003592 0021966 0221138 0449265 2246761 0185125 0205111 1185625 2986730 0684224 0700287 3496591
 1274040 1546471 2825142 1705535 0085201 0003592 0018882 0021966 0205088 0221138 0229304 1704821 1705314 1705315 1705682 1511545 2246761 0008377 0086597 0127400 0205171 1412058 1518422 1704259 1705987 1720467 0035820 1705810
 0597360 0185117 1518422 0005388 0392747 3161035 0039798 0087111 1522326 1533734 1705169 3538994
 0441885 2698967 0074129 0441729 0017108 0021966 0221138 0332307 0456387 0597357 1003377 1547052 1705943 1413218 3537338 3540050 0062151 2611277 0597357 1547282 1883351 0205145 0439064 1145667 1167622 0085201 0003592 0021966 0221138 0003591 0150312
 0085201 0003592 0021966 0221138 0150312 0449450 0085201 0003592 0021966 0221138 1413218 3537338 3540050 1145667 1167622 0596119 0025255 0596901 1706182 0014597 1273342 0007634 0221908 3282337 0037083 3537152 1548602 1704686
 0332120 1413218 3537338 3540050 0185117 0233426 0007600 0007635 3282338 0014597 1273342 0007634 0221908 3282337
 0185117 1413218 3537338 3540050 1167182 0007603 0596119 0025255 0032105 0205111 0521093 0596901 0750484 1550098 1706182 0242842 0079604 0016318 0026018 0079603
 0001479 0525416 0001473 1706373 1547282 1710082 1710082 1413218 3537338 3540050 0205111 1710693 1547282 1704254 1704922 3542466 0349966 1337208
 0037088 0243095 2825141 0332290 0025914 0025929 0026809 0684224 0700287 3496591 1180206 0014609
 0597360 0185117 1167182 0596119 0007603 0025255 0032105 0205111 0596901 1550098 1706182 0441712 1706376 3244092 0185117 0441889 0008377 0392747 1708715 0012634 0348080 1705253 0039798 0087111 1522326 1533734 1705169 3538994 0005388
 0349966 1337208 1547282
 1571602 0442739 1548568 0392747 0443172 1705241 0332282 0039798 0087111 1522326 1533734 1705169 3538994
 0442739 1548568 0392747 0443172 1705241 0020985 0332282 0039798 0087111 1522326 1533734 1705169 3538994 0085201 0003592 0021966 0221138 1621296 0023688 0000661
 0449911 0333052 2607870 0557702 1272706 1704674 0557702 1272706 1704674 0349966 1337208

 0441885 2698967 0074129 0441729 0017108 0021966 0221138 0332307 0456387 0597357 1003377 1547052 1705943 1413218 1167182 0007603 0596119 0025255 0032105 0205111 0392752 0596901 1550098 1706182 0598102 0014597 1273342 0007634 0221908 3282337 1710693
 0242842 0079604 0016318 0026018 0079603 1524063 0312586 0003241 0021027 1547282 0475264 1744691 0475264 1744691 0001479 0525416 0001473 1706373
 0449911 0333052 2607870 0557702 1272706 1704674 0557702 1272706 1704674 0349966 1337208

 0185117 1413218 3537338 3540050 1518422 0039798 0087111 0392747 1522326 1533734 1705169 3538994 0005388 0140283 0035339 3536891 0085201 0003592 0021966 0221138 0000661 0001455
 0001473 1706373 0020985 1547282 0185117 0012634 0348080 1705253 0740116 2827735 2981700 0332282 0039798 0087111 1522326 1533734 1705169 3538994
 2347469 0020985 1547282 2827734 2981698 0185117 0332282 0039798 0087111 1522326 1533734 1705169 3538994 0021966 0221138 0439086 2827736 2981702 1621296 0023688 0000661 0001455
 0021069 0332283 0020985 0221138 0370188 0003241 0021027 0085201 0443289 0175723
 0007634 3282337 0205435 1279901 0085201 0332293 0003592 0021966 0221138 1522326 1185625 2986730 0332283 0220806 3272558 0332220
 1883351 1624592 1523141 2247768 0243122 1145667 1167622 1704675 0332293 1522326 0872351 0046905
 1881488 1883708 1413218 3537338 3540050 0003241 0021027 0301871 0301871 1524063 0600209 1704732
 0949466 0005863 0002778 0936012 1524024 1705493 1883708 0085201 0221138 0370188 0003241 0003592 0021027 0021966 0884358
 0175723 1532717 1316572 1317574 1369612
 0424215 2003939 0175723 0439645 1521913 0332290 1413218 3537338 3540050 2700400 1532717 0085201 0003592 0021966 0221138 1532717
 3152252 0577559 1306372 2825407 0456389 1709908 0684224 0700287 3496591
 2348205 0332220 0681814 1413218 3537338 3540050
 1621296 0023688 0442805 0185117
 0039798 0087111 1522326 1533734 1705169 3538994 0140283 0035339 3536891 0205111 1708698 2246761
 2246761 0449719 1709471 1412058 1612060 1421546 0023884 0597357 0736268 0851285 1278929 2346688
 0332120 0041904 0162493 0185117 1412058 0233426 0007634 3282337 0140283 1612060 0332293 1421546 0140278 1621296 0023688 0023884 0035339 0597357 0736268 1278929 1522326 2346688 3536891
 0020985 0007634 0884358 3282337 0140283 1612060 0332293 1421546 0140278 1621296 0023688 0023884 0035339 0597357 0736268 1278929 1522326 2346688 3536891 1547282 0185117 0007634 0332155 1707455 3282337 1571602
 0681814 0008377 0332197 0884358 1689985 1708715 0005388
 0007634 3282337 0008377 0005388 1708715 3161035 0185117 0205217 0439792 0442805 0445247 1292856 1948023 1999230
 0016318 0079603 0947630 1516048 0185117 0140283 1612060 1421546 0140278 1621296 0023688 0023884 0035339 0597357 0736268 1278929 1292856 1948023 2346688 3536891
 1511726 3245479 1274040 1546471 2825142 1547282 0185117 0332282 0039798 0087111 1522326 1533734 1705169 3538994 0039798 0087111 1522326 1533734 1705169 1707455 3538994 1424736
 0185117 0441889 3244092 0681850 0851285 1327622 1550501 1706203 2349001 2697811 0441712 0332257 1514758 1879547 1292856 1948023
 0449911 0333052 2607870 0557702 1272706 1704674 0557702 1272706 1704674 0349966 1337208

 0185117 0205217 0442805 0332282 0039798 0087111 1522326 1533734 1705169 3538994
 0001473 1706373 0020985
 0020985 0007634 0332155 0884358 3282337 0007634 1515981 3282337 0332293 0023688 1522326 0140283 0035339 3536891
 0681814 1706386 0884358 0040223 1632851
 0011321 0884358 1274040 1546471 2825142 0681493 2698021 1547282
 0441849 1959644 0039798 0087111 0369773 0441833 0687744 1257890 1522326 1533734 1552516 1705169 1705428 1705429 2603361 3538994 0039798 0087111 0441833 0687744 1257890 1522326 1533734 1552516 1705169 1705428 1705429 3538994
 2347469 0079604 0016318 0026018 0079603
 1547282 1704254 1704922 3542466 2347469 0007634 3282337 0332293 0023688 1522326 0140283 0035339 3536891 1553033
 1274040 1546471 2825142 0332282 0039798 0087111 1522326 1533734 1705169 3538994
 0681814 1706386 0884358 0040223 1632851
 0039798 0087111 1522326 1533734 1705169 3538994 0449265 0185117 0085201
 0085201 0003592 0021966 0221138 0150312 0449450
 0085201 0003592 0021966 0205227 0220781 0221138 1883254 0233426 0036536 0036537 0085201 0003592 0021966 0221138
 0947630 0884358 1524063 1167624 1947902 2827499 0012634 0348080 1705253 1707689 2983265 1883351 0449265 2246761 0332283 0021069 0221138 0370188 0003241 0021027 0085201
 0947630 0205160 1513916 2825415 2825491 1511726 3245479 1518422 1547282
 0018563 1281583 1552914 0016318 0079603 0947630 1547282 1710082 0332290
 1621296 0023688
 0280606 0412467 0947630 0281666 0022265 0040845 0332293 0109872 0001128 0202406 1504308 1522326 0020339 0185117 1553641
 0678573 0439157 0441436 0750480 0993610 1705566 1998480 0021069 1301820 0221138 0370188 0003241 0021027 0085201 0001924 1547282 0439157 0001924 0243148 1550141 1707455 1882979 2587213 3274648
 0085201 0003592 0021966 0221138 0000901 0079613 1412058 0086597 2246761 0037088 0243095 2825141 1514758 1879547 0085201 0449212 0003592 0021966 0023175 0181586 0185117 0221138 1442948 1522538 2348269 3275067 1705535 0201950 0428466 0441889 0456079 1547707 2946261 1704970 0243148 1550141 1882979 2587213 3274648 1879547
 0449911 0333052 2607870 0557702 1272706 1704674 0557702 1272706 1704674 0349966 1337208

 0039798 0087111 1522326 1533734 1705169 3538994 0449265 0185117 0085201
 0001473 1706373 0021069 1167624 1947902 2827499 0884358 0332283 0021069 0221138 0370188 0003241 0021027 0085201
 1708639 0039798 0087111 1522326 1533734 1705169 3538994
 1708639 0039798 0087111 1522326 1533734 1705169 3538994
 1547282 1274040 1546471 2825142 0332282 0021069
 0681814 1706386 0205341 2348205 1274040 1546471
 2347469 1709793 0441436 0993610 1998480
 1547282 1274040 1546471 2825142 0439157 0750480 0993610 1705566 1882443 0221138 0370188 0003241 0021027 0085201 0001924 0007634 3282337 0007634 1515981 3282337 0332293 0023688 1522326 0140283 0035339 3536891
 0369773 2603361 0140283 0035339 3536891 0332293 1522326 0221138 0370188 0003241 0021027 0085201 0301871 0441833 0687744 1257890 1552516 1705428 1705429 0746919 3275118 0039798 0087111 0441833 0687744 1257890 1522326 1533734 1552516 1705169 1705428 1705429 3538994 0140283 0035339 3536891 0332293 1522326 0001924 0301871 0441833 0687744 1257890 1552516 1705428 1705429
 0439157 0750480 1705566 0702093
 0039798 0087111 1522326 1533734 1705169 3538994 0449265 0036536 0036537
 0085201 0003592 0021966 0221138 0234402 0086597 0127400 1412058
 0004083 0439849 0596306 0699792 1441672 0012634 0348080 1705253 2246761
 0036536 0036537 0442726 1511790 0332282 1292856 1948023
 0042153 0457083 1947944 0014441 0205217 0442805 0036536 0036537 1441672 0332282 0039798 0087111 1522326 1533734 1705169 3538994 0349966 1337208
 0085201 0003592 0021966 0221138
 1274040 1546471 2825142 1547282 2246761 0140283 1612060 1421546 0140278 0023884 0035339 0597357 0736268 0851285 1278929 2346688 3536891 0085201 0003592 0021966 0036536 0036537 0221138 1948027 1184743 1522240 1999230 0000901
 0449911 0333052 2607870 0557702 1272706 1704674 0557702 1272706 1704674 0349966 1337208

 0039798 0087111 1522326 1533734 1705169 3538994 0449265 0036536 0036537
 0085201 0003592 0021966 0221138 0444706 3541902 1524063 0014441
 1547282 1274040 1546471 2825142 1185625 2986730 0012634 0348080 1705253 0039798 0087111 1522326 1533734 1705169 3538994 1707455 0039798 0087111 0441833 0687744 1257890 1522326 1533734 1552516 1705169 1705428 1705429 3538994
 0085201 0003592 0021966 0221138
 0681814 1706386 0205341 0040223 1632851
 0369773 2603361 0746919 3275118 0039798 0087111 0441833 0687744 1257890 1522326 1533734 1552516 1705169 1705428 1705429 3538994
 0039798 0087111 1522326 1533734 1705169 3538994 0392756 0547047 0008387 0201950 0428466 0008377 0441889
 1273517 2246761 0005507 0243073 1510438 1883351 0079809 0242485 0007613 0232767 0031843 0542341 0700205 1705273
 1883351 1705920 0444706 3541902 0005507 0243073 1510438 0008569 0008550 0205168 0934502 1522408 1561599 0007592 0007634 0884358 1269647 1704653 1948049 2828366 0205111 1515981 0009458 0162867 1254021
 0947630 0442711 1507394 1522729 2348563 0332283
 1274040 1546471 2825142 1547282 0597354 0150312 0449450 0368909 0008377 0348078 0376315 1522492 0150312 1185625 2986730 0007634 3282337 0332293 0005388 1522326 3161035 0050063 0085201 0003592 0021966 0221138 1185625 1999230 2986730
 0007634 3282337 0597354 0150312 0368909 0008377 0008387 0008377
 2607943 2926606 3539655 0332290 0007634 3282337 0332293 0050063 0243071 1522326 0205111 1515981 0085201 0003592 0021966 0221138
 0039798 0087111 1522326 1533734 1705169 3538994 0439165 1549488 1561533 0007634 3282337 0205217 0442805 0369773 2603361 0243148 1522609 1550141 1707455 1882979 2587213 3274648 0439165 1549488 1561533 0007634 3282337 0205216 0392756 0442797 0369773 2603361 0243148 1522609 1550141 1707455 1882979 2587213 3274648
 0039798 0087111 1522326 1533734 1705169 3538994 0008377 0439165 0443228 0683607 1527121 1549488 1561533 1704243 0005388 1999230 3161035 0728887 0470187 0007634 1269647 1704653 1948049
 0520510 1514811 1706462 0205166 1706317 0005388 0332256 2700400 0003591 0085201 0003592 0021966 0221138 1422042 2347469 1180206 0014609 0016976 0150312 1269001 0079946 0439659 1550512 0237881 0750502 0016976 1269001 0005388 1515981 1518422
 0085201 0003592 0021966 0221138 0850310 3154893 0871161 1292721 0441712 0018790 0237477 0392351 0521111 0010423 0220781 0439634 1522492 1518423 0442825 0205170 1704788 3146287 3539106
 0085201 0003592 0021966 0221138 0205111 0005528 1317949 3495449 0441987 0086418 0014597 1273342 0007634 0221908 3282337 1518422 0014597 1273342 0007634 0016976 0221908 0449913 0521093 0750484 1269001 1553451 1704459 3282337
 0684224 0700287 3273238 1999230 0332120 0205171 0205227 0220781 1518422 1720467 1883254 0036536 0036537 1883351 0442504 1704765 1882509 3496241 0003592 0003591 2611279 0243144 0347980 0175996 0178719 0599896
 0035696 0428479 0033684 0441889 0205217 0442805 0332282 1708715 0039798 0087111 1522326 1533734 1705169 3538994 0005388 1555603 0439792 0332282 0005388 0039798 0087111 1522326 1533734 1705169 3538994
 0039798 0087111 1522326 1533734 1705169 3538994 0449265 1280500 0220781 1883254 0085201 0036536 0036537 0041904 0162493 0185117
 1274040 1546471 2825142 1705535 0014597 0007634 0221908 1269647 1704653 1948049 0681850 1550501 1706203 1710082 2349001 2697811 0005388 2611279 0243144 0347980 0175996 0178719 0599896
 1710082 0008377 0887829 1612060 1753269 0019929 1367453 0206588 1421546 0019932 0023884 0521447 0597357 0736268 1278929 2346688 0079613 0085201 0003592 0021966 0221138
 1708715 0039798 0087111 1522326 1533734 1705169 3538994 0005388 0442805 0185117 0596156 0025255 0150312 0596901 1706182
 0008377 1708715 0442805 0035696 0442805 1171362 0185117
 1274040 1546471 2825142 2945742 0000854 0220777 2347023 2347080 2698776 2825050 0871157 1602245 0441712 0683607 0007634 1269647 1704653 1948049 0005528 1317949 3495449 0008377 1707797 1979886 0003595 0523511 1412481 0032214 0600138 0035820 1705810
 0150312 2246761 0085201 0449265 0003592 0021966 0221138 1883712 1185625 2986730
 0332197 1689985 0597601 0085201 0003592 0021966 0221138 0026339 3161035 0449913 1553451 1704459 0037088 0243095 2825141 1514873 0441712 1706376 0683607 1412058 1185625 2986730 0332197 1689985 0000901
 0037088 0243095 2825141 0220781 1883254 3276464 0008377 0205217 0442805 1708715 2349975 1517331 0332282 1708715 0039798 0087111 1522326 1533734 1705169 3538994 1185625 1327616 2986730 1705535 0441712 1706376
 0003595 0523511 1412481 2246761
 0681841 0036536 0036537 1185625 2986730 0003591 0000901 0008377 0079613
 0439849 1705630 1706279 3540605 1412058 0439855 1704241 0439855 1704241 0014597 1273342 0007634 0016976 0221908 1269001 1314677 3282337
 1707959 2246761 0003595 0086597 0127400 0205227 0523511 1412481 0332291 0085862 1299583 1412058 1412058 0443264 0036536 0036537
 2987476 0003595 0523511 1412481 0086597 2246761 1412058
 0441712 1706376 1180254 0014597 0596156 1273342 0007603 0227525 1441414 1553874 1578820
 0441712 1706376 0441889 1185625 1327616 2986730 0080103 0205345 1547039 0007634 0150312 1269647 1704653 1948049
 0037088 0243095 2825141 0085201 0003592 0021966 0221138 0449265 2246761 0442818 0085201 0003592 0021966 0221138 0031843 0035820 0037083 0542341 0700205 1705273 1705810 3537152 1167182 0596119 0007603 0025255 0032105 0205111 0596901 1550098 1706182 0014597 1273342 0007634 0221908 3282337
 1413218 3537338 3540050 1183423 1180254 1167182 0007603 0014597 1273342 0032112 0596119 0332290 0026809 0591833 1180206 0014609 0085201 0003592 0021966 0221138 1413218 3537338 3540050 1548602 1704686 0037083 3537152 1707310 2246761 0008377 0023175 0181586 1442948 1522538 2348269 3275067
 1704259 1705987 0220781 1883254 0036536 0036537 0441987 0007634 1269647 1704653 1948049
 1413218 3537338 3540050 0085201 0003592 0021966 0221138 1883351 1413218 3537338 3540050 0227525 0669372
 1882365 0085201 0003592 0021966 0221138 0521378 1515981 1708533 1709305 2698172 2745955 0005388 0014597 1273342 0007634 0221908 3282337
 1883351 0022885 0039593 0392366 3161035 0681814 0884358
 0205435 1279901 0150312 0596988 0085201 0003592 0021966 0205245 0221138 0542341 1412058 1704675 2700217 1518422 0449265 2246761 0185125 0205111 2327105 0736279 0699040 0205148
 1705535 0017446 0205147 1704675 0205148 0035820 0037083 0243122 1145667 1167622 1515981 1705810 3537152 0205111 0205148
 0947630 0027552 0686904 1883351 0035820 1705810 0085201 0003592 0021966 0221138 0032214 0600138
 0205436 0457385 0565930 1561503 1705190 1704675 0233426 0085201 0003592 0021966 0221138 1413218 3537338 3540050
 0332220 0681814 0332282 0185125 1947919 2347934 3539080 0021069 0949466 0005863 0002778 0936012 1524024 1705493 0443289 0175723 0205447 1532717 0085201 1413218 3537338 3540050 2245017 0003592 0021966 0221138 0439855 1704241 2825407 0456389 0684224 0700287 3496591
 0221193 0577559 1306372 3152252 1551359 2741673 2981730 0085201 0003592 0021966 0221138 0332220 1999230 1532717 3152252 0577559 1306372 1532717 1979934 1413218 3537338 3540050
 0033684 0079613 0337112 1524075 3152252 0577559 1306372 1532717
 0033684 1292711 0449719 1709471
 0947630 0027552 0686904 1883351 0424215 2003939 0205396 1550043 1551388 0332220 0681814
 1704970 2611279 0243144 0347980 0175996 0178719 0599896
 1705920 0005388 0150312 0205392 3540770 1515877 1879547 1612060 1421546 0023884 0597357 0736268 1278929 2346688 0011008 2348077 0424215 2003939 1516050 1552601 1705920 0205447 1630409 0205447
 1518422 0205309 1883351 0392148 0205394 1705920 0242724 0175566 1621296 0023688 0887829 1753269 0206588 0005388
 3146294 0201950 0428466 0441889 0023688 1612060 1421546 0023884 0597357 0736268 1278929 2346688
 1514758 1879547 1612060 0185117 0332290 0332529 0449475
 1883712 1514758 1879547 0003595 0023175 0035696 0041904 0162493 0181586 0523511 1412481 1442948 1522538 2348269 3275067 0220781 1883254 0085201 0036536 0036537
 2246761 0140283 1612060 1421546 0140278 0023688 0023884 0035339 0332148 0597357 0736268 0750492 1278929 1879547 2346688 3536891 1621296 0086597 0127400 1412058 1704259 1705987 0037088 0243095 2825141 0014597 1273342 0007634 0221908 3282337 1327616 0085201 0003592 0021966 0221138 0332282 1292856 1948023 1705535 0441712 1706376 0683607 0392148 2246761
 1518422 0036536 0036537 0332282 0039798 0087111 1522326 1533734 1705169 3538994 0041904 0162493 0140283 0035339 3536891 1704970 2246761
 0005388 0007634 1269647 1704653 1948049 0140283 1612060 1421546 0140278 1514758 0023884 0035339 0597357 0736268 1278929 1879547 2346688 3536891 0079613 0182953 0014597 1273342 0007634 0221908 3282337 0227525 0669372 1547282 0682610
 0037088 0243095 2825141 0039798 0087111 1522326 1533734 1705169 3538994 0392756 0547047 0337051 1509144 2349200 0332290 1514758 1879547 1704259 1705987 0441712 0227525 1441414 1553874 1578820 0682610
 0022877 3244292 1547282 2246761 0140283 1612060 1421546 0140278 0023884 0035339 0597357 0736268 1278929 1879547 2346688 3536891 1524063 0441712 1706376
 0441712 1706376 0014597 1273342 0007634 0221908 3282337 1518422 1947931 1292732 2987476
 0205435 1279901 0140283 0035339 3536891 1515877 1879547 1422256 0008377 0036536 0036537 0521378 2756032 0021826 2945742 0000854 0220777 2347023 2347080 2698776 2825050
 1422256 0596119 0025255 0205111 0227525 0392752 0596901 1706182 0682610
 0205437 1519595 0033684 0150312 0449450 0599161 0032520 0677874 0020985 0302523 0700325 3244290
 1883351 1422256 0150312 0449450 0086597 2246761
 0037088 0243095 2825141 1705241 1705242 0008377 0016976 0086418 0205397 1269001
 0947630 2698671 0140283 1612060 1421546 0140278 1621296 0023688 0023884 0035339 0597357 0736268 0851285 1278929 2346688 3536891 0014597 1273342 0007634 0221908 3282337
 1265611 1554108 1561573 0009458 0162867 1254021 1327616 0205251 1299352 1550472
 0441889 2246761 0014597 1273342 0007634 0016976 0221908 1269001 1301725 1609436 3282337 0026339 3161035 0449913 1553451 1704459 0243144 0347980 0599896 1704259 1705987 1518422 1265611
 1518422 0023175 0392747 0443172 1442948 1513040 1522538 2348269 3275067 0587184 1287371 0201950 0428466 0008377 0229671 0441889 1546774 1550100
 0856966 0201950 0428466 0441889 0542559 1318139 0005388 0016976 1269001 0332256 2700400 1522133 0201950 0428466 0441889 0332148 0750492 0040223 3541383 1883351 0008377 0023175 1442948 1522538 2348269 3275067 0441712 2987476
 1180206 0014609 0205166 0332157 1706317 0439531 1948053 0086045 0008377 0150312 1515655 0014597 1273342 0007634 0221908 3282337 0441712 0680227 0008377 0442802 1265611
 0185117 0185117 1412058 1413218 3537338 3540050 1883351 0031843 0542341 0700205 1705273 0008377 1979886 1707797 1522196 0014597 1273342 0007634 0221908 3282337
 0237881 0750502 0008377 1265611 1518422 1554108 1561573 0005528 1317949 3495449 0233535 0441712 2987476 0014597 1273342 0007634 0221908 3282337
 0441712 1515655 1883351
 0549255 0441712 0039796 0302350 0814225 0947647 0031330 0205464 1704970
 1274040 1546471 2825142 0043227 1552738 1515654 0021135 0026339 1533691 2827718 3161035 0449913 1272695 1553451 1704459 2746065
 1515655 2348693 0439787 0521378 0849355 1515981 1185625 1382196 0441889 2611279 0243144 0347980 0175996 0178719 0599896 0040223 3541383 1882365 1883712 2347946
 0589120 1522577 1704685 3274571 0332283 1719822 2607943 2926606 3539655
 0085201 0003592 0021966 0221138 0220781 1883254 0036536 0036537 0205170 3146287 0557651 2603343 0439086 2827736 2981702
 1707959 0227525 2717940 0007634 1515981 3282337 0680220 1883254 1327616 0450355
 1547707 0439855 1704241 0035820 0023820 0332257 1519269 0243144 0347980 0023820 0449297 1382187 2825073 1976850 0542341 0523560 0243148 1550141 1882979 2587213 3274648
 1882365 0337051 1509144 2349200 0227525 0282114 0669372 0003595 0523511 1412481 1883351 0035820 0036536 0036537 0079613 1705810 1158917 0025519 0025520 1976850
 0014597 1273342 0007634 0221908 3282337 0227525 0669372 0035820 0003591 2987476 0016976 1269001 1518422 0205309
 1412058 1999230 0679213 0227525 0014597 1273342 0007634 0221908 3282337 1412058 0237881 0750502 1705242 1412058 0032214 0600138 0035820 1705810 0441889 1412058 1518422
 0557651 2603343 0205435 1279901 1301746 1547673 0014597 1273342 0007634 0221908 3282337 2698977 0085201 0003592 0021966 0221138
 0449416 1705919 1883351 0227525 0669372 0682625 0005423 0040811 0699032 2362913 0035696 0085201 0033684 0439509
 1442162 1550718 3244317 0947630 0027552 0686904 1883351 0035820 0016976 1269001
 0947630 0027552 0686904 1517331 1883351 2347946 1883351 0014597 0007634 0221908 1269647 1704653 1948049 1708320 0201950 0428466 0008377 0441889 0205111 0205148 0545082 1512346 1947978
 0947630 0014597 1273342 0007600 0007635 3282338 0007634 0012984 0016976 0221908 0884358 1269001 1280551 3282337 0026339 3161035 0449913 1553451 1704459 0233820
 1261322 0014597 1273342 0007634 0016976 0026809 0221908 0591833 0884358 1269001 3282337 1449619 0025664 0449851 0007634 3282337 0470187
 0014597 1273342 0007634 0016976 0221908 0557651 0947630 1269001 2603343 3282337 0025914 0025929 0026809 1301820 0560617 1522225 1514559 0684224 0700287 3273238 1999230 0233820
 0162340 0211067 0178659 0185111 0947647 0039798 0087111 1522326 1533734 1705169 3538994
 0520510 0012625 1514811 1706462
 0000872 0565990 1552471 0041740 0205099 0205476 1521721 0022771
 0043227 0011847 0011849 0021622 1272753 1521721 3245503 0012238 0012240 0022658 0011318 0012634 0018173 0022646 0227665 1278978 1514845 0011318
 2986676 2603362
 0369773 2603361



 0369637 0441923
 0439267


 0205090 0684010 2603358
 0332583 0242842 0026018
 0039796 0723712
 2986676
 2603362
 0596988 0441729 0085201 0003592 0021966 0221138
 0376649 1442065 0282413 0205090 0684010 2603358
 0179400 1533124 1293097 2919030 2919031 0041740 0043038 0043038 0013849 1705961 0024492 1538057 1547565 0059804
 0010186 0220812 0449719 1709471 0220808 0680264 0007961
 1706852 0522501 1706089 0949214
 0205155 1293097 1522472 1552923 1705191
 1514811 1706462 0520510 0012625 1514811 1706462 0001473 1706373 0597277 1708601 0033727 0369286 0441932 0564385 0369637 0441923
 0020792 0205396 0062151 0065059 0597357 0023821
 0036397 0000857 0600678 1552863 0022558 0033727 0369286 0441932 0564385 0027951 3540591 0205090 0684010 2603358 0062941 1384665 1414862
 0342907 0026882 0015127 1524003 0242738
 0036397 0369637 0441923 0439267 0205090 0684010 2603358
 0220781 1883254 0036536 0036537 0227525 0010453 0220814 0430400 2242979
 0021135 1533691 2827718 0007634 1269647 1704653 1948049 0439083 0439087 0025141 0001473 1706373 0205090 0684010 2603358 0012836
 0206588 0521447 0597357 0031842 0031843 0175566 1882151 0016094 0180853 1522646
 0036397
 0008377 0392747 0026820 0025245 0596579
 0017163 0025141 0001473 1706373 0021966 0221138 1539791 0001473 1706373
 0018882 0229304 1017315 1704821 1705682 0033414 0242738 1148932 1148923 0243122 0450240 0596902 1145667 1167622 1706210 1412058
 0201682 0001473 1706373 0001473 1706373 0205090 0684010 2603358
 2945742 0000854 0220777 2347023 2347080 2698776 2825050 1280500 2348382 0005388
 0017163 0025141 0001473 1706373 0439267 0001473 1706373
 0016976 1269001 0442805 0037628 0000854 0220777 2347023 2347080 2698776 2825050 0557651 2603343 1524063 1515654 3161035
 0086403 1555763 0025141 0001473 1706373
 0040624 0140283 0035339 3536891
 0201682
 0010819 0005532 2347946
 0040833 1521798 0450348 0025141 0439267 0205090 0684010 2603358
 0015252 0728940 0031676 0039292 1412058 0012634
 1315013 0025141 0021966 0221138 0001473 1706373 0062941 1384665 1414862
 1422256 0023636 0329040 1550030 0005528 1317949 3495449
 1315013 0369637 0441923
 0281666 0022265 0109872 0040845 0001128 0202406 1504308 0442805 0036536 0036537 1515670 0185117
 0004153 0025141 0043092
 0020792 0205396 0005388 3278865 0008350 0242216 0947622
 0017163 0025141 1419337 3539667 1552154
 0475264 1744691 1167624 1947902 2827499 0205155 1293097 1522472 1552923 1705191
 0023779 0450355 2347379 0000857 0600678 1552863 0021966 0221138
 0523476 0242485 0856727 0008350 0242216 0947622 0005388 0016976 1269001 0008350 0242216 0947622
 0025141 0010622 0332298
 0003595 0024432 0086597 0127400 0185117 0205227 0523511 1412481 0332291 0085862 1299583 1412058
 0369637 0441923 0369637 0441923 0021966 0221138
 0220777 1521970 0016976 1269001 2347946
 0439509 1315013 0000857 0600678 1552863 0043459 0035978 2700310
 0035820 1705810 1158917 0025519 0025520 1976850 1314939 0062503
 0201682 0039676 2349943 3539704 3541314 0033727 0369286 0441932 0564385 1261082 1551056 2981682
 0597360 0185117 1413218 1180206 0225337 0014609 1182672
 0025141 0001473 1706373 0205090 0684010 2603358
 0021467 0021469 1628982 3463820 0003591 0005388
 0036397 0025141 0001473 1706373 1412573 2350443 3539770
 1521761 2827422 0392760 1314939 0232771 0040223 3541383
 0023779 2347379 0000857 0600678 1552863 0268060 1415529 0205090 0684010 2603358 2827664 0033727 0369286 0441932 0564385 0018381 0001905 1412243
 0005388 0005404 0523530 0005388 0036140 0521110 1327616 0036536 0036537
 0017163 0025141 0016327 0439133 1553038
 0010423
 0016976 1269001 0005424 0016977 0005423 1278928 0868955
 0027976 0205314
 0205090 0684010 2603358 0268060 1415529
 0015283 0185117
 1512223 0205090 0684010 2603358 2827664
 0033559 0050063 0521110 1327616 0036536 0036537
 0023884 0736268 1278929 2346688 0205090 0684010 2603358
 0036536 0036537 0056889 0185117 1413365 1517892 1704666
 2347379 0025141 0205090 0684010 2603358
 0204727 0205409 0220862 0443252 0007585 0010453 0205166 0220814 0430400 1515273 1705313 1706317 2242979 2826302 1883559 0332307 0445392 1547052 0025914 0025929 0026809
 0021135 1533691 2827718 0007634 1269647 1704653 1948049 0033727 0369286 0441932 0564385
 0243148 1550141 1882979 2587213 3274648 0017262 0185117 0024432 1546706 1550652
 0041703 0268596 1418943 2700624 3642273 0450381 2951520 2347167 0597277 1708601
 1412058 2239513 0243148 1550141 1882979 2587213 3274648 1704259 1705987
 1315013 1549840 0025141 1415842 0016080 0005910 0006041 2986891
 0013682 0022702 0220865 2825046 0205054 0227525 0007634 3282337
 0004153 0025141 0205090 0684010 2603358
 0008377 2247163 0332120
 0025141
 0678594 0185117 0035696 1547546 0443288 2986806
 0023779 2347379 0000857 0600678 1552863 3541314 0038088 2681928 0012836 3541314
 0185117 0017258 1555715 1704332 1412481 1445865 0052198 0052190 1412477 0052209 0026809 0591833 0024432 1546706 1550652
 0035820 1705810 0201682 0454673 1550752 0016327 0439133 1553038 0205090 0684010 2603358
 0337112 1524075 0062151 1416912 2611277 0597357
 0349590 1262865 0025141 0001473 1706373 0369637 0441923 0021966 0221138
 0185117 0851285 1327622 0086418 0014597 1273342 0007634 0221908 3282337 0000857 0600678 1552863
 0017163
 0033727 0369286 0441932 0564385
 2945742 0000854 0220777 2347023 2347080 2698776 2825050 0016976 1269001
 0023779 2347379 0000857 0600678 1552863 1515101 2986905 0019046
 0596902 0031843 0205148 0227525 0542341 0700205 1705273
 2347379 0025141 0001473 1706373
 0443252 0010453 0205166 0220814 0430400 1515273 1705313 1706317 2242979 2826302 1880022
 0022877 0025141 0369637 0441923 0597277 1708601 0369637 0441923 0597277 1708601 0021966 0221138
 0220825 1261322 0006736 0332257 0487602 1441616 1704680
 0086403 1555763 0025141 0369637 0441923 0369637 0441923 0369637 0441923 0021966 0221138
 1515670 0185117 0682625 0005423 0040811 0699032 2362913
 0023884 0736268 1278929 2346688 0025141
 0039292 1412058 0012634 1412058
 0025141 2951520 2347167
 1412058 0034796 1416912 0597357 0086597 0036536 0036537
 0201682 2826182 1428813
 0035820 1705810 2246761 1412058 0242738 1148932
 0201682 0027496
 0475264 1744691 0016976 1269001
 0030664 0205469 0677042 0450382 0025141 0205090 0684010 2603358
 0021966 0221138 0036536 0036537 0016390 0024432 1546706 1550652
 0201682 0022558 0033727 0369286 0441932 0564385 0012836
 1523122 0851285 1327622 1422256 0201682 0012836
 0035820 1705810 0851285 1327622 1326960 0019868
 0007634 1269647 1704653 1948049 2347961 0025141 0597277 1708601 2951520
 0017262 0017337 0185117 2246761 1612060 1421546 0023884 0597357 0736268 0851285 1278929 2346688
 2347379 0025141 0205090 0684010 2603358 0033993 3539616 0001473 1706373
 0021966 0221138 0018790 0237477 0392351 0521111 0010423 0392747 0040671 1705822
 0025141 1515101 2986905
 0003591 0023825 0023823 0442811 0023820 0178587 0205251 0442824 1299352 1550472
 0023779 2347379 0000857 0600678 1552863 0001473 1706373 0021966 0221138 0001473 1706373 0439267
 1412058 0443264 0036536 0036537 0024432 0026473 0086418 1441547 1546706 1550652 3245521
 0033727 0369286 0441932 0564385
 0232767 0031843 0542341 0700205 1705273
 0025141 3642216 0369637 0441923 3272372 0546866
 0243122 1145667 1167622 0332220 0947630 1547282 0074129 0205145 0439064 0021966 0221138 0018882 0229304 1704821 1705682
 0201682 0033727 0369286 0441932 0564385
 0036536 0036537 1422256
 1315013 2986904 0022558 1549972 0062941 1384665 1414862
 1514559 1422256 0033414 0036536 0036537 2945742 0000854 0220777 2347023 2347080 2698776 2825050
 1315013