 0205419 0332281 0020557 1522137 0740116 2827735 2981700 1413217 0021622 1272753 0557806 0039260 0041740 3245503 0039260 0020028 0019994 0039260 0041740 1510665 3245503 0039260 0021621 0021622 1272753 0557806 0039260 0041740 3245503 0039260 0557806 0039260 0041740 3245503 0039260 1514756 0450348
 1272684 1548435 0520510 0025663 0025664 0449851 1514811 1706462 1445865 0017337 3539000 1547282 1883351 0032214 0600138 0035820 1705810 0086418
 0205419 2603360 1445865 0017337 3539000 0332281 0020557 1522137
 0032529 0009219 0017337 1518422 1709305 2745955 0079941 0017446 0205147 0205419 0079941 0009219 0017446 0205147 1709305 2745955 0015127 1314792 1524003 1953353 0025320 0392747 0443172 1705241 1555721 1706204 1709915 1882936
 0017270 0439603 0369773 2603361 0243148 1550141 1882979 2587213 3274648 0030705
 0428475 0542495 0041004 0229671 0441889 0456079 1546774 1547707 1550100 2946261 1705242 0439267 3642216 0439267 3642216 3642216 0450302 0369773 2603361 0243148 1550141 1882979 2587213 3274648 0681850 1550501 1706203 2349001 2697811
 0027361 0237401 0206243 0002085 0001779 0079399 0804628 1522384 0005893 1305855 0518010 0242821 0460148 0577559 0918012 1268086 1306372 1552854 1637833 3152252 0005893 1305855 0518010 0242821 0460148 0577559 0918012 1268086 1306372 1552854 1637833 3152252 0028873 0456081 0456603 1547037 0009667 0237529 1272706 1552654 1552713 1704725 1704726 0369773 2603361 0020557 1522137 0027361 0237401 0002085
 2607943 2926606 3539655 1705535 1524063 0042153 0457083 1947944 0032529 0012655 0220898 1264642 1547045 0008120 0152035
 0520510 0025663 0025664 0449851 1514811 1706462 0035820 1705810 0035648 0035647 1521761 2827422 0010054 0010068 0018799 0012634 0018787 1281570 0680243
 0332120 0004083 0439849 0596306 0699792 1552961 2347617 0020557 0041004 0010054 0010068 0018799 0012634 0018787 1281570
 0020557 1522137 0025517 0012634
 0015127 1521761 1524003 2827422 0237753 0449788 0017337 1273518 0428475 0041004 0441889 1518422
 0023816 1416902 0023764 0023820 0205419 0600600 1883633 0600680 0017446 0205147 0052191 1412478 0003594 0003591 0439070 1705160 1547282 0004083 0439849 0596306 0699792 0041004
 0678951 0032529 1882417 2603360 0086860 0041014 2603360 0332281 0583329 0428475 0032105 0041004 0441889 1550098
 0025936 0003069 0025914 0025929 0026809 1514559 1310227 3539000 0205216 0392756 0442797 0683150 0086045
 0206745 0025914 0025929 0026809 0332268 0040223 1632851 0243148 1550141 1882979 2587213 3274648
 0018591 3539000 0583329 0332281 0428475 0032105 0041004 0205250 0441889 1299351 1550098 2700149 0019576 0086409 0085756 0007457 0043157 1556094 0684224 0700287 3496591
 0684224 0700287 3273238 1282910 1552828 0332299 0020557 1522137
 0557651 2603343 1883351 0004083 0439849 0596306 0699792 0020557 1522137 0086418
 0162326 0917792 1553778 1561491 1273517 1883351 0220908 1305399 1705053 0015295 0079941 0009219 0017446 0205147 0027361 0237401 0032529 0205396 1550043 1551388 0392366 0439603 0441833 0687744 1257890 1552516 1552839 1705428 1705429
 1511726 3245479 0027361 0237401 0206243 0002085 0028873 0456603 1547037 0020557 1522137 0027361 0237401 0002085
 2607943 2926606 3539655 1705535 1524063 0042153 0457083 1947944 0032529 0012655 0220898 1264642 1547045
 0520510 0025663 0025664 0449851 1514811 1706462 0012854 1553778 1561491 1521970 0243148 1550141 1882979 2587213 3274648 0681850 1550501 1706203 2349001 2697811 0039224 1706073 1706074
 1705241 1705242 0079399 0150312 0804628 1522384 0023823 0023820 0178587 0205251 1299352 1550472 0023824 0201950 0202117 0428466 0008377 0441889
 0681850 1550501 1706203 2349001 2697811 0001779 0205217 0442805 1880022 0005893 1305855 0518010 0242821 0460148 0577559 0918012 1268086 1306372 1552854 1637833 3152252 0542495 0041004 0229671 1546774 1550100 0201950 0428466 0543421 0008377 0439175 0439810 0441889 1707455 0243148 1550141 1882979 2587213 3274648 0681850 1550501 1706203 2349001 2697811 0086045 0441994 1548802 2003888
 0449911 0039224 1706073 1706074 0557702 1272706 1704674 0557702 1272706 1704674 0039224 1706073 1706074
 1568011 1521970 0681850 1550501 1706203 2349001 2697811 0004793 0162326 0162327 1519249 0015295 0439086 2827736 2981702 3539000 0003591 0443289 0752046 0028630 0032529 0037179 0087136 0205171 0205314 0679622
 0205447 1547282 0599156 2700061 0025646 1555721 1706204 1274040 1546471 2825142 0042285 0002520 2917660 0001128 0202406 1709915 1882936
 0205447 0443289 0026882 1705285 2603360 0010654 1555721 1706204 1274040 1546471 2825142 1709915 1882936 1415027 0002520 2917660 0001128 0202406 1709915 1882936
 0205419 0001721 1882940 0205145 0443288 1515974 2825164 2603360 0392747 0205145 1515974 2825164
 0205145 1515974 2825164 0028630 0600600 1883633 0600680 0017446 0205147 0015295 0443289 0599156 2700061 2603360
 0936012 0205448 0205419 0021920 1552738 1555721 1706204 1553033 1420282 1555721 1706204
 1883351 1285573 0206415 1707689 2983265 1883351 1706214 3244320 1709929 0205145 0443288 1882940
 0439603 0014653 0444868 1547026 3539085
 0017270 0376249 0439603 0871396 1561548 1705502 0023746 0023745 0281825 0394006 0002778 0018591 0039224 0936012 1524024 1706073 1706074 1547282 1274040 1546471 2825142
 0439603 1518422 0009932 0243148 0441833 0687744 1257890 1550141 1552516 1552839 1705428 1705429 1882979 2587213 3274648 1705241 1705242 2603360 1553033 0439603 0237881 0369773 2603361
 0017270 0439603 2603360 1553033 0017337 1301820 0750480 1705566 1547282 1705241 1705242 0369773 2603361 0017270 0439603 2603360 2348205 0039224 1706073 1706074
 0449911 0039224 1706073 1706074 0557702 1272706 1704674 0557702 1272706 1704674 0039224 1706073 1706074
 1707455 1445865 0017337 3539000 0243148 1550141 1882979 2587213 3274648 0441833 0687744 1257890 1552516 1705428 1705429 0449911 0039224 1706073 1706074 0557702 1272706 1704674 0557702 1272706 1704674 0039224 1706073 1706074
 1707455 1445865 0017337 3539000 0243148 1550141 1882979 2587213 3274648 0441833 0687744 1257890 1552516 1705428 1705429 0079809 0242485 0752046 0028630 0032529 0037179 0087136 0205171 0444686 0453882 1441506 1443182 1552738
 0023746 0023745 0281825 0394006 0205307 0439166 2347086 0681850 1550501 1706203 2349001 2697811 0039224 0450373 1553636 1706073 1706074 1547282
 0023746 0023745 0281825 0394006 0150312 2603360 2603360 0205419
 1553033 1883351 0023746 0023745 0281825 0394006 0003455
 1882365 0750489 0450375
 0449911 0039224 1706073 1706074 0557702 1272706 1704674 0557702 1272706 1704674 0039224 1706073 1706074
 0023746 0023745 0281825 0394006 0205419
 0449719 1709471 0205091 1552822 0449719 1709471 0023746 0023745 0281825 0394006
 0023746 0023745 0281825 0394006
 0023746 0023745 0281825 0394006 0681850 1550501 1706203 2349001 2697811 0018591 0205145 1441547 1882417 3245521 0030705 0243148 1550141 1882979 2587213 3274648
 0018591 0439603 0039224 1706073 1706074 1547282
 0018591 0018591 0205214 1522138 3245511 1555721 1706204 1553033 1547282 1883351 0332281 0683150 0032105 0041004 0086045 0205217 0442805 1550098
 0018591 0018591 0205214 1522138 3245511 1555721 1706204 2603360 0439267 0028630
 0376249 0439603 0871396 1561548 1705502 0205250 1299351 2700149 0243148 1550141 1882979 2587213 3274648 0681850 1550501 1706203 2349001 2697811 0369773 2603361
 1881534 1512571 0004083 0439849 0596306 0699792 0004083 0919509 1419394 0004083
 0008041 1552646 0022885 0039593 0205120 0392366 1552595 1720589 0039224 1706073 1706074 1547282 0456984
 1522609 1552646 1299395 0237881 0750502 1546944 1708726 0281825 0394006 1551058
 0039593 0392366 0005516 1511978 0004083 0439849 0596306 0699792 1522609 1299395 0237881 0750502 1546944 0369773 2603361
 1274040 1546471 2825142 0332120 0012634 0205145
 0449911 0039224 1706073 1706074 0557702 1272706 1704674 0557702 1272706 1704674 0039224 1706073 1706074
 0018591 0205145 0205451 1441547 1882417 3245521 1524063 1511726 3245479
 0018591 0018591 1551359 2741673 2981730 0456148 0549184 0018591 0376249 0439603 0871396 1561548 1705502 2827734 2981698
 0002085 0018591 0449911 0039224 1706073 1706074 0557702 1272706 1704674 0557702 1272706 1704674 0039224 1706073 1706074
 0680844 0681916 0750572
 1512571 0004083 0439849 0596306 0699792 0004083 0919509 1419394 0004083 0004083 0439849 0596306 0699792 0557651 0947630 2603343 0150312 0004083 0032529 2603360 1553033 1518422 0205145 0039224 1706073 1706074
 0002085 0542495 1287372 0332281 0428475 0041004 0229671 0441889 1546774 1550100 0205250
 0542495 1287372 0428475 0041004 0229671 0441889 1546774 1550100 0205250 1299351 2700149 0019904 1707455 0027361 0237401 0019904
 0004083 0439849 0596306 0699792 0441889 1441672 1511726 3245479 1518422 1547282
 0376209 0456081 0683269 0001779 0079399 0804628 1522384 0005893 1305855 0518010 0242821 0460148 0577559 0918012 1268086 1306372 1552854 1637833 3152252 1441672 0027361 0237401 0002085 2603360 1553033 0332167 3272283 0035647 0205250 1299351 2700149 2603360 2698872 0039224 1706073 1706074
 0002085 0005516 0205393 0020557 0035647 0439849 0445223 1522137 0028873 0456603 1547037 0009667 0237529 1272706 1552654 1552713 1704725 1704726 0369773 2603361
 0206031 0023965 0681923 0242415 0684320 0684321 0017431 0001779 0079399 0804628 1522384 0005893 1305855 0518010 0242821 0460148 0577559 0918012 1268086 1306372 1552854 1637833 3152252 0039224 1706073 1706074 1547282
 0002085 0005516 0205393 0020557 0035647 0439849 0445223 1522137 0028873 0456603 1547037 0009667 0237529 1272706 1552654 1552713 1704725 1704726 0369773 2603361 1553033 2698872
 1883351 0332281 0683150 0032105 0041004 0086045 0205250 1299351 1550098 2700149 0027361 0237401 0206243 0699809 0018591 1554077 2828389
 0002085 0005516 0020557 0035647 0439849 0445223 1522137 0028873 0456603 1547037 0439187 1881839 0009667 0237529 1272706 1552654 1552713 1704725 1704726 0369773 2603361
 0027361 0237401 0002085 1554077 2828389 0004083 0439849 0596306 0699792 0205419 0542495 1287372 0428475 0041004 0229671 0441889 1546774 1550100 0332291 0018591 0085862 1299583 1547282 1883351 0332281 0032105 0041004 0205217 0442805 1550098
 0449911 0039224 1706073 1706074 0557702 1272706 1704674 0557702 1272706 1704674 0039224 1706073 1706074
 0428475 0041004 0441889 0439269 1960952 2346927 3642216 0009932 0243148 0441833 0687744 1257890 1550141 1552516 1705428 1705429 1882979 2587213 3274648 0449911 0039224 1706073 1706074 0557702 1272706 1704674 0557702 1272706 1704674 0039224 1706073 1706074
 0028873 0456603 1610540 0009667 0237529 1272706 1704725 1704726 1445865 0017337 3539000 0001779 0079399 0804628 1522384 1881192 0042295 0449911 0039224 1706073 1706074 0557702 1272706 1704674 0557702 1272706 1704674 0039224 1706073 1706074
 0206031 0237461 0681923 0242415 0684320 0684321 0079399 0804628 1522384 1531611 0520510 0025663 0025664 0449851 1514811 1706462 0020557 1522137 0678226 2987476 3146286 0023825 0023823 0442811 0023820 0178587 0205251 0442824 1299352 1550472
 1274040 1546471 2825142 0023825 0686907 0015252 0728940
 0008731 0023825 0023823 0442811 0023820 0178587 0205251 0442824 1299352 1550472 1976850 0023820 3272697 0014257 0205148 0441472 3266814 0023816 1416902 0023764 0023820 0596690 1416867 2262011 0023764 0205054
 1883351 0025519 0025520 0237753 0449788 0051300 0597357 0033684 0034821 0014442 0014445 1282910 1552828 1158323 0025519 0025520 0041004 1184743 1314939 1522240
 0020557 1522137 0025517 0012634 0015127 1314792 0205170 3146287 0162340
 0237753 0449788 1547282 1516998 0032214 0600138 0035820 1705810 0020557 1522137
 0342886 0020557 1522137 0023817 0023816 0332281 1291447 1416902 0020623 0011155 0023764 0023820 0162429 1623416 1720779 0011155 0162429 1623416 3151466 1291447 0011155 0162429 1623416
 0205419 0052191 1445865 0003591 0017337 1515981 1547548 0684224 0700287 3496591 1883351 0332281 0428460 0023779 0205250 0441889 3163633 0007222 0007226 0012634
 0032529 1882417 1445865 0017337 0052191 0332281 0020557 1522137
 0032529 0332281 0020557 1522137 0205393 0007457 0043157 0557651 0947630 2603343
 0947630 0150312 1274040 1546471 2825142

 0439084 0728893 0684224 0700287 3496591 0004083 0439849 0596306 0699792 0052191 1412478 1609817 2825881 0428475 0041004 0441889
 0557651 2603343 0002085 0332281 0428475 0041004 0441889 0442818 1280500 2348382 0439267 0205145 0700364 1883351 1519386 0037369 0449438 0453996 0725813 1881674

 0684224 0700287 3496591 0018591 0332281 0428475 0041004 0205250 0441889 1299351 2700149 0206243 0699809 0002085 0205195 1947911 0205214 1522138 3245511
 0684224 0700287 3496591 0025266 0428475 0041004 0441889 0002085 0019904 0205214 1522138 1707455 3245511 1280500 0085862 1299583 0442796 1550602

 0684224 0700287 3496591 0018591 0332281 0439775 0702240 0583329 0428475 0032105 0041004 0441889 1550098 0025266 0043210
 0205396 1550043 1551388 3539000 0583329 0332281 0428475 0032105 0041004 0205250 0441889 1299351 1550098 2700149 0019576 0086409 0085756 0007457 0043157
 0678951 0032529 1882417 1553033 0085862 1280500 1299583 2348382 1556094 0004083 0439849 0596306 0699792 1273937 0237881 0750502 1546944
 1274040 1546471 2825142 0428475 0542495 0041004 0229671 0441889 0456079 1546774 1547707 1550100 2946261
 0557651 2603343 1880022 1328885 0004083 0439849 0596306 0699792 0020557 1522137
 1707455 0004793 0162326 0162327 1519249 2705716 0205307 0439166 2347086 0243148 1550141 1882979 2587213 3274648 0032529 0684224 0700287 3496591 0205145 1441672
 0017270 0376249 0439603 0871396 1561548 1705502 1553033
 0439603 0205250 1299351 2700149 0007457 0043157
 0015031 0243103 0032529 1882417
 0032529 1705242 0243148 1550141 1882979 2587213 3274648 0002085 2603360 0750572 1883351 0332462 1880834 0442748 0205214 1522138 3245511 2705716 0205307 0439166 2347086 0243148 1550141 1882979 2587213 3274648
 0376249 0439603 0871396 1561548 1705502 0206243 0699809 0002085 2603360 0205250 1299351 2700149 0243148 1550141 1882979 2587213 3274648 0681850 1550501 1706203 2349001 2697811 0369773 2603361
 0205419 2603360 1518422 0684224 0700287 3496591 0332152 1705850
 0004083 0439849 0596306 0699792 2603360 0332291 0085862 1299583 1553033
 1511726 3245479 0332281 1708726 0086418 1280500 2348382 2603360 0052191 0003591 0086597 0127400 1547548
 0004083 0439849 0596306 0699792 0032529 1882417 0150312 0557651 2603343 1705535 0441712 1706376
 0002085 0032529 1882417 2698872 0015127 1524003 0004083 0439849 0596306 0699792 0439673
 0205145 1515974 2825164 0017446 0040710 0205147 1424878 3539000 0392760 1314939 0002520 2917660 0001128 0202406 1709915 1882936 0678227 1555721 1706204 0332256 2700400 0567415 1706222 0332219 0205431 1522492 1511997 0012771 1953353 0392747 0443172 1705241 0002520 2917660 0392747 0031843 0542341 0700205 1705273 0851285 1327622 0020557 1522137
 1316572 1317574 1369612 3539000 0150312 0449450 0332256 2700400 2612461 0597177 0023821 0450355
 1310227 3539000 0034693 0034721 1883708 0031843 0542341 0700205 1705273 0052191 0003591 1547548 0449432 1705248
 1511726 3245479 0035820 1705810 0032529 1882417
 1511726 3245479 0332281 1708726 0086418 0557651 2603343 1272706 1552654 1552713 1882932 0086418
 1274040 1546471 2825142 1705535 1524063 0042153 0457083 1947944 0021212 0012655 0220898 1264642 1547045 0205234 1285542 0679199 0850624 0850664 0679238 0007222 0035648 1281905 0007226 0012634 0035647 1521761 2827422
 0520510 0520510 0025663 0025664 0449851 1514811 1706462 0557651 2603343 0681850 1550501 1706203 2349001 2697811 0030705 0557651 2603343 1707391
 0020557 1522137 0428460 0011900 0023779 0441889 0456079 1527178 1547707 1874451 2946261 0542495 0041004 0229671 1546774 1550100 3642216 0020028 0019994 0039260 0041740 1510665 3245503
 0030705 0020538 1963138 0011847 0011849 1515187 0003367 0013227 0023779 0441994 2003888 0014136 0521425 0025517 0012634 1554077 2828389
 0009932 0243148 0441833 0687744 1257890 1550141 1552516 1705428 1705429 1882979 2587213 3274648 0027361 0237401 0332529 0018684 1283174 1555524 0019994 0445247 0884358 1510665
 0681850 1550501 1706203 2349001 2697811 0008120 0152035 1947971 0021430 1511481 1522154 1554192
 0086021 0085546 2699414 0205540 0442711
 0243148 1550141 1882979 2587213 3274648 0681850 1550501 1706203 2349001 2697811 0185115 3541890 0032520 0449851 0677874 0449913 1553451 1704459 1293097 2919030 2919031
 0206415 1709450 0015295 0439086 2827736 2981702 3539000 1953382 0003591 0439780 0206415 0439084 0728893 0439084 0728893 0439084 0728893 1953384 1555029 0206415 0439084 0728893 0439084 0728893
 1514468 1704444 0205409 1548221 1706746 0017243 0036681 1382104 0032520 0369637 0441923 0449913 0677874 1553451 1704459 1947930 1998793 0041703 0004793 0162326 0162327 1519249 1524063 1332005 1706634 0039554 0333052 0443286 0814195 0851166 1114821 1328319 1511572 1553778 1561491 1690540 1705818 2607870 3205287 0683758
 1511726 3245479 1516695 1516698 1524063 0037585 1293097 2919030 2919031 0162801 0002778 0037585 0333052 0936012 1524024 1553778 1561491 2607870 0683758
 0796451 1511790 2603360 1709305 2745955 1882940 2945843 0205145
 1883351 0005516 0015295 1524063 0206415 0439084 0728893
 0012906 0014442 0014445 0443288 0015295 0032520 0677874 1514468 1524062 1706746 0017243 0036681 1514893 2699488
 1883351 1706214 3244320 2945843 0205145 1515974 2825164 0205419 0012238 2349986 0002055 0037179 0087136 0178499 0205171 0392747 0443172 1705241 1880279 1553033 0206415 0522505
 1883351 0442726 0205419 1953382 0206415 0439780 1953384 0206415 1555029 1881865 1273517 1883351 1706214 3244320 1882940 0205145 0443288 1515974 2825164
 1511790 0205419 0206415 0522506 1881865 0206415 0522505 1273517 1883351 1706214 3244320 1882940 0205145 0443288 1515974 2825164
 0002778 0936012 1524024 0443602 0587184 0201950 0543421 1441420 0008377 0229671 0439175 0439810 1546774 1550100 0023824 0202117 0008377 0023822 0392885 0008377 0428475 0041004 0441889 0444706 3541902 0179038 1706246 0022341 1524063 0034760
 0017270 1705502 0439603 0017337 0750572 0750480 1705566
 0680240 0679138 0392366 1524063 0870608 0022885 0036572 0039593 0392366 0424576 2349186 0205170 0332272 1522427
 0038215 0600673 1273517 1883351 0022885 0039593 0392366 1705241 1705242 0441833 0687744 1257890 1552516 1552839 1705428 1705429
 0683325 1568011 0681884 1519021 1706465 1521970 1710574 0022885 0038492 0039593 0392366 1551041 1552573 1707455 2700112
 1705241 1705242 0392366 0814908
 0028873 0456603 1610540 0444686 1441506 1443182 1524063 0681925 0034980 0026777 0002778 0936012 1524024
 0444686 1441506 1443182 0023746 0023745 0281825 0394006 0042295 1707429 0281825 0332849 0394006 0806909 1552615 2826546 0814896 0237881 0441889 0750502
 0002778 0936012 1524024 0018591 1511983 0005516
 0750572 0376249 0439603 0871396 1561548 1705502 1882348 0002778 0936012 1524024 0018591 0376691 3484370
 0554244 1707455 1511978 1512571 0004083 0439849 0596306 0699792 0004083 0919509 1419394 0004083 0392366
 0237913 0022885 0039593 0392366 0008040 1552646 0205120 0520511 1552595 1704711 1720589 0441889 0449286 0542560 1561545 2348088 0237753 0449788 0449381
 0043227 0449719 1521721 1709471 0018173 1551807 0039260 0213052 1421231 3538793 2346601 0597277 1708601 0035172 0021622 0035168 0242481 1272753 3245503 0033727 0369286 0441932 0564385
 2825232 0282413 0376649 1442065 0036375 0021622 1272753

 0039260
 0254343 0796520 3272379

 0085205 1549619 1880669
 0013849 1705961 0039260 0332293 1514811 1706462 0520510 0025663 0025664 0449851 1514811 1706462 0439267 0033727 0369286 0441932 0564385
 0020557 1522137 0441889 0035648 1553898 0035647 1521761 2827422 0025266


 0025141 0605411 0369637 0441923
 0583329 0428475 0032105 0041004 0441889 0456079 1547707 1550098 2946261 0850624 0850664 0035648 0050325 0679238 0960756 1281905 0035647 1521761 2827422 0392885 1522133 0201950 0428466 0441889 0456079 1547707 2946261 0023822 0023821 0282458 0920317 1514228 0002778 0936012 1042496 1524024


 0035647 0439086 2827736 2981702 0025141 0455483 0369773 2603361 0016327 0439133 1553038
 0086045 1446561 0010054 0151744 1313980 0018799 0012634 0018787 0475224 1281570 0439234 0439508 0016441 0589120 1522577 1704685 3274571 0332283 1719822
 0005775 1516559 0439073 0439082 0369773 2603361
 0205419 1412478 0443264 0871261 1704632 1706817 2911692 0430156 0201777 0013220 0020963 0022885 0220929 0231197 0392366 0424612 1704410
 0005775 1516559 0205090 0684010 2603358 2603362 0325045 0205090 0684010 2603358 0402830
 1880177 1148554 0428475 0041004 0441889 1704675 0025266



 0444312 2937302 0369773 2603361 0439267 0369773 2603361 0439267 0335326 1306756 0439267 0016327 0439133 1553038
 1280500 0021641 1533581 1579433 0017725 0428475 0041004 0441889 1704675
 0025141 0369773 2603361
 0004083 0052181 0052191 0003593 0003591 1708726 0445604 0023821
 1315013
 0325074 0025141 0016327 0439133 1553038 1708595 3280986 1551776 0033727 0369286 0441932 0564385 2603360 0369637 0369773 0441923 2603361
 0035268 0032529 0332255 0443288 1444754 1706316 1708096 1547548 0439070 1705160 1708726 0079429
 0439849 0003591 1867743 0010054 0010068 1956346 0205042 0852949 1269008 0003842 0012634 0018787 0226004
 0004153
 0073187 0205090 0684010 2603358 0694746 0369637 0441923 0252873 0369637 0441923
 0041004 0025914 0025929 0026809 0443289 1553778 1561491
 0036397 0402830 0252873 0369637 0441923
 1880177 0017258 1555715 1704332 1412478 0041004

 0027960 0324740 0439189 1456781 1824986
 0325074 0205090 0684010 2603358 0252873 0369637 0441923
 0018591 0583329 0428475 0041004 0441889

 0027960 0324740 0439189 1456781 1824986
 0325074 2603360 2603362
 1280500 2348382 0428475 0542495 0041004 0229671 0441889 0456079 1546774 1547707 1550100 2946261 1556094
 0004153 0025141 0439394 1706495 3642217 0369637 0441923 0439394 1706495 3642217
 1445865 0017337 0020557 0032105 0041004 0205250 1299351 1550098 2700149 0020474 0694546 2712907 0015576 0020473 0205195 0241888
 1315013
 0201682 0722969
 0079809 1879489 0281825 0394006
 0017398 0017399
 0023817 0268197 0020623 0023816 1291447 1416902 0011155 0015576 0023764 0023820 0162429 0241888 1623416 0015127 1314792
 0722969 0205090 0684010 2603358 1423878
 0311400 1524026 2707259 1853126 0178499 1626935
 0442532 0027976 0205314

 0023882 0700321 2700395 0439267 0324335 0369637 0441923
 0020557 1522137 1720779 0052190 1412477 0003594 0332281 0052209 0444967 0003591 0011155 0162429 1623416
 1414400

 0000857 0600678 1552863 0439394 1706495 3642217 0369773 2603361
 1291447 3151466 0011155 0162429 1623416 0019134 0032105 0687676 0770546 1550098 1704687

 1553033 0369773 2603361
 0443264 0003591 1280500 2348382

 1315013

 0205090 0684010 2603358 0033727 0369286 0441932 0564385 1553033 0205090 0684010 2603358
 0032529 0085201 0017337 1515981 1547548 0020473



 0325074 0439509 0025141 0016327 0439133 1553038 1708595 3280986 1551776 0033727 0369286 0441932 0564385 2603360 0369637 0369773 0441923 2603361
 0035268 0032529 0332255 0443288 1444754 1706316 1708096 1708726 1445865
 0004153 0025141 1555622 1710198 0037004 1553033 0073187
 0032529 1882417 0205117 0080103 0869014
 0777169 2827734 2981698 0025141 1511325
 0018591 0052191 0086860 0205369 0032529
 1418943
 0268596 2700624
 3642273
 0041703 0439083 0439087 0000857 0600678 1552863 3495095 1709500 2919747 0554249 1511325 2603360
 0042333 0205419 0851285 1327622 0020557 1522137 1880177

 1315013
 0025141 0205090 0684010 2603358 1510707 0038817 0376223 0016327 0439133 1553038 2347469 2347469
 0205419 0332281 0205419 0023820



 0024554 0025266 0086418 0016327 0033727 0369286 0439133 0441932 0564385 1553038 0369637 0439394 0441923 1706495 3642217 0998863 0033727 0369286 0441932 0564385
 0035647 0205217 0442805 0052191 0332281 1412478 0003591 0018591 0032529 0205369 1882417


 1315013
 0025141 0369773 2603361 0369718 0441922 1553036
 0079399 0804628 1522384 0439849 0445223 1328885 0004083 0439849 0596306 0699792 0023779 0439828
 0004153 0025141 1704732 0554249 0439394 1706495 3642217
 0005516 0020557 1522137



 0037004 1553033 2603360 1709269 0016327 0439133 1553038 0016327 0439133 1553038 0369773 2603361
 0020557 1522137 1708726 1445865 0332268 0600508 0013879 0871261 1704632 1705248 1706817 2911692 0260267 0008059 0036375 0680063

 0325074 0025141 0108263 0205090 0684010 2603358 0033727 0369286 0369718 0441922 0441932 0564385 1553036 0021966 0221138 0456715 0369637 0441923
 0004083 0439849 0596306 0699792 0003591 0033413 0017446 0086860 0205147 0020474 0694546 2712907 0015576 0020473 0205195 0241888

 2347379 0439509 1415618 0369718 0441922 1553036 1511325
 1522137 0020557 0025936 0003069 0025914 0025929 0026809
 0036397 0025141 0557775 1511780 0439267 0441889 0033727 0369286 0441932 0564385 0033727 0369286 0441932 0564385 0205090 0684010 2603358
 0003592 0003591 0023907 0332281 1318485 3272626 0023884 0034963 0205390 0736268 1278929 1279919 2346688


 0201682 0033727 0369286 0441932 0564385 2603360 2603360 2603360 0597277 1708601 0033727 0369286 0441932 0564385
 0005507 0243073 1510438 0229671 1546774 1550100 0596383 0038720 0475337 3536965
 1315013
 0201682 0033727 0369286 0441932 0564385 0033727 0369286 0441932 0564385 2603360 0597277 1708601 0369718 0441922 1553036 0597277 1708601
 0439851 1947931 0392885 0201950 0242485 0023822 0229671 1546774 1550100 0014442 0014445 0010558
 1315013
 0201682 0439394 1706495 3642217 0439267
 0015219

 0750490 1706221

 1423088 3273338
 0023746 0023745 0281825 0394006 1708726



 0325074 0025141 0033727 0369286 0441932 0564385 0068899 0073980 0369773 2603361
 0002778 0936012 1524024 1882348 0017381 0004083 0022885 0039593 0392366

 0025141