 0030956 0205166 1706317 0439509 0002716 0011560 0611285 0205418
 0002716 0011560 0611285
 1520135
 0205099 0017398 0017399 0035172 0018684 0021622 0035168 0242481 1272753 0008848 0038817 0376223 3262831 0003787 1704729 0041740 0003787 1704729 0005477 0003787 0041740 1301808 1442792 3148680 0453232 2718085 0003787 1704729 0002808 0700276 1384516 0041740 3245503 0039260 0205099 0021206 0034036 0034037 1514756 1704324 0348078 0376315 1515981 1522492 1527075
 0520510 0557061 2584313 1514811 1706462 0205447 2700640
 0026882 1705285 2347946 1883351 0025936 0003069 0025914 0025929 0026809 3161035 1883351 0557651 2603343 0030664 0205469 0677042 0087111 0808232 0886296 1273869 2979881 3542921
 3484390 0002716 0011560 0330390 0439096 0611285 2004068 0002716 0011560 0030956 0611285 0015576 0040300 0205449 0241888 1301820 1547928 0681850 1550501 1706203 0206243 0026882 1705285 0085151 3538722
 0205195 1947911 0456389 0680251 2828389 2717789 0597410 0008562 0687276 1579831 0008565 0008550 0205250 0205390 0302908 0597198 1299351 1304698 1546699 1555029 1561501 1882330 2700149 0020291 0010511 0002520 2917660 0001128 0002778 0202406 0936012 1524024 0282597 0023089 0458142 0596801 1023865 1269765 1704640 1706315 1706515 1327806 0596822 0037813 0436196 0577559 1306372 3152252 1537055 1273517 1883351 0002716 0011560 0030956 0611285
 0026882 1705285 0085151 3538722 1709915 1882936 0205145 1515974 2825164 0071642 0002716 0011560 0030956 0611285 1709915 1882936
 0007776 1176472 2700441 0030956 0043047 0205168 0332621 0599638 1550678 0002716 0011560 0611285 0332501 0333463 1155631
 0003842 0226004 0002716 0011560 0611285 0205081 0333562 1265611 1881878 1282927 1806781 2350002 0444930 2746065
 0026882 1705285 1274040 1546471 2825142 0392747 0443172 0597196 0205372 0678594 0700364 1883351 1273518 0011065 1306577
 0520510 0557061 2584313 1514811 1706462 0002395 1521724 0012634 0011560 1705760 0002716 0225328 0333562 0611285 1880022 1948066 0333463 0225992 2827734 2981698
 0002716 0011560 0030956 0611285 0332529 0002520 2917660 0001128 0202406 0332251 0439509 1709915 1882936 0085151 3538722 0033665 1456454 0002716 0011560 0033684 0611285 1441547 1709634 3245521 0085151 3538722 1456454 0033665 0002716 0011560 0033684 0611285 1709634 0597304
 0026882 0002716 0009219 0011560 0238767 0611285 1706086 1880389 1883221 3541951 1707271 0205088 1705314 1705315 0017446 0205147 1552738 1274040 1546471 2825142 0011265 0497327 0553692 0038454 0333275 0868928 1515981 1533148 0740116 2827735 2981700 0439086 2827736 2981702
 1883712 0026882 0017337 0221198 0185117 0439086 2827736 2981702
 0030705 0439064 0445247 0747726 1521970 1706388 2346469 2348519 0205402 0680220 1518422 0850310 3154893 1527178 1874451
 0205447 0026882 1705285 0449788 0026882 1705285 0015576 0037179 0087136 0205171 1704727 0439084 0728893
 0027765 0012634 0205319 0332239 1280444 0027361 0237401 0205087 0860630 1510829 0001779 0439234
 0026882 1705285 0005532 0205460 0549177 1704243 1883351 2827421 0025936 1334805 0003069 0025914 0025929 0026809 0086860 0032200 2349975 0033268 0011560 1705760 0333562
 0025936 0003069 0025914 0025929 0026809 0205309 3161035 0557351 1510747 1550724 3242376 0542559 1318139 0557651 2603343 0007996 0079107 0201682 0031847 0277785
 0025936 0003069 0025914 0025929 0026809 0030664 0205392 1521733 3540770 1521970 1706388 2346469 2348519 1441672 0333463 0392079 0444669 1167518 1706352 1882467 3274653 2674684 0085103 1517945 0017639 0332268 0030664 0205469 0677042
 1521970 1706388 2346469 2348519 0027361 0237401 2827734 2981698 0079411 3146294 0740116 2827735 2981700 0205197 0332197 1689985 0439086 2827736 2981702 0033268
 1707455 0015576 0241888 0333562 0868928 1533148 0150312 0449450
 0025936 0003069 0025914 0025929 0026809 3161035 0457083 0557351 0026882 1705285 0033268 0333562 1511545 0443211 0349590 1262865 0086418 0025936 0003069 0025914 0025929 0026809 0085151 3538722
 1880022 0002716 0011560 0611285 0030956 0015576 0205449 0241888 1441547 3245521 0027361 0237401 0206243 0026882 1705285 0085151 3538722 1707455 0002716 0011560 0030956 0611285 1521970
 0681814 0443289 0205474 0449234 1704772 1882133 0205422 1521970
 0392148 0449788 0002520 0071642 0445393 1707271 1883559 0002716 0011560 0030956 0205088 0205307 0332307 0439166 0445392 0611285 1547052 1705314 1705315 2347086 0702172 1709915 1882936 0079411 1274040 1546471 2825142 3146294 0205166 1706317 0002716 0011560 0030956 0611285 0030705 0205422 2987476
 0002716 0011560 0030956 0611285 0332281 0205210 0205319 1280464 1705242
 0520510 0520510 0557061 2584313 1514811 1706462 0178693 0681850 1550501 1706203 2349001 2697811 0150312 0449450 0684224 0700287 1292732 3273238 0860630 0015576 0445247 1704727 0019425 0733755
 0678257 1442162 1550718 3244317

 0002716 0011560 0611285 0015780 0043210 0086287 1705497 1705498 0011900 0001779 0001779 0011065 1546956
 0024554 0086582 1706180 1706428 1706429 0011900 0001779 0001779 0011065 1546956
 0015780 0043210 0086287 1705497 1705498 0011900 0001779 0439509 0001779 0011065 1546956
 1273723 0006104 1269537 0017446 0205147 0869040 0557651 1273517 2603343 0205123 0030560 0007776 0442030 1176472 2700441 0002716 0011560 0611285 1282910 0152297 0228126 0030705 1553033
 0205421 0041119 0033727 0369286 0441932 0564385 2347469
 0030705 0019904
 0204727 0205409 0220862 0002716 0011560 0611285 0439267 0682708 0007457 0043157 0205239 0220938
 0228126 0007776 1176472 2700441 0849355 0018220 0556636 1269776 0205163 0205448 0332849 1549782 0449719 0681850 1550501 1706203 2349001 2697811 0442711
 0018220 0556636 1269776 0006353 0265246 0449468 1532188 0013618 1882074 0020283 0450407 0450408 0450409 0011900 0348026 0439526 0006353 1524062
 0449468 1690016 1705102 2700258 0006353 0445247 1521827 1524062 1883351 0086045 1446561
 0033727 0369286 0441932 0564385 0441210 0028736 0181805 0369637 0441923 0740034 1135584 1552983 0180860 0581406 1522664 1704449 1704684 1875155 0005847 0225990 0179834 0011744 0228505 0560020 0033727 0369286 0441932 0564385
 0993610 0006353 0265246 0439526 1532188 1553389 1553403 1705537 0441210 0028736 0181805 0369637 0441923 0740034 1135584 1552983 2828386 0439267 0179834 0456692 0702093
 0441436 0993610 1998480 0332256 2700400 1265611 0085400
 1550101 0011744 0033727 0369286 0441932 0564385 0179834 1550101 0441210 0028736 0181805 0369637 0441923 0740034 1135584 1552983 0180860 0581406 1522664 1704449 1704684 1875155
 0993610 1553389 1553403 1705537 2698229 0790233 0043047 0439526 0599638 0681549 1548982 1550678 0439267 0179834 0456693 1442458 0702093
 0993610 0016576 0885348 0001128 0017596 0202406 0439083 0439087 0439526 0681549 1947936 1549535 0332849 0370003 2347026 0439267 0179834
 1550101 1698986 2348236 0005903 0039476 1547703 0302647 1185738 1706132 0392148 0016576 0885348 0001128 0202406 2826285 0806140 0871208 1521828 0439391 0033727 0369286 0441932 0564385 0312860 0030695 0150369 0181904 0596972 1521743 1704646
 1264633 0577559 1306372 1514721 1532717 2348147 3152252 3542016 1516695 1516698 1709595 2349200 0332283 0005304 0599956 1883712 1719918
 1185738 1706132 1524063 0002518 0002520 2917660 0001128 0004793 0162326 0162327 0202406 1519249 0002716 0011560 0439509 0611285 1709915 1882936
 0439267 0016576 0885348 0001128 0017596 0202406 0439083 0439087 0439526 0681549 1947936 1549535 1549535 1524063 0181200
 0040300 1547928 0175730 1547937 1704474 1708715 0439267 1420193 1832169 3538902 0179834 0700308 0033727 0369286 0441932 0564385
 1708071 1550101 0220787 0349707 0700198 0849355 2827071 0441436 0993610 1998480
 1550101 0332849 1510844 0599209 1515023 1524063 0012634 0348080 1705253 0002716 0011560 0442711 0611285 1507394 1522729 1552738 2348563
 1264633 1514721 2348147 3542016 1516695 1516698 0449468 0007703 0042221 0392756 1698986
 0204727 0205409 0220862 1638411 1283379 0006104 0030705 0086972 0205148 0443299 0687118 1269537 1548982 0790233 0009264 0009443 0043047 0234192 0599638 0681549 1550678 0442822 1524031 1883002
 0005847 0443228 0549177 1704243 1301886 0205239 0849355 0237607 0596545 1711239 1518422 0332256 2700400 0487602 1704680 2936349 0333562
 0005847 0016576 0885348 0001128 0017596 0185115 0202406 0439083 0439087 0681549 0684295 1515023 1947936 0332453 0332283 0441210 0181805 1135584 1552983
 0439267 0179834 0700308 0033727 0369286 0441932 0564385 1550101 0599209 0681850 1550501 1706203 2349001 2697811 0332282 0442711 1507394 1522729 2348563 1552738 1282910 1552828
 0008562 0687276 1579831 0008565 0008550 0205250 0302908 0597198 1299351 1304698 1546699 1561501 1882330 2700149 1264633 0332256 2700400 0002716 0011560 0030956 0611285 1517331 0008562 0687276 1579831 0008565 0008550 0036679 0086972 0205250 0237868 0302908 0443299 0597198 0687118 1299351 1304698 1514468 1546699 1561501 1881713 1882330 2700149 0020898 0021764 0022271 1524063 1185738 1706132 1325742 0030608 0456389 0597177 0011860 3541314 0557351 0449913 1553451 1704459 0043047 0599638 1550678 0040982 0001128 0202406
 2347469 0050456 0040982 0001128 0202406
 1185738 1706132 0037638
 0681814 1706386 0008562 0687276 1579831 0600140 0392756 0449468 1690016 1705102 2700258 1709595 2349200 1883351 2349975 0037628 1524062 1708715 0805456 0439175 0439810
 0008550 0205132 0439182 0812409 0332283 1719822 0702093
 0702093
 0702093
 0184661 1948041 2700391 3274430 3538935 3539779 1185738 1706132 0005903 0039476 1314677 1547014 1948059 1524063 0336755 1706357
 0237868 0332283 0041625 0150369 1268822 1516647 1961129 2825050 0312860
 0025255 0596901 1706182 0001963 0204774 1883708 0041175 0077281 0265246 0814229 1532188 1882074 0020283 0450407 0450408 0450409 0037494 1959973 0041415 0042221 0205132 1550648 1552960 2986575
 0599209 1264633 0008562 0687276 0333562 0005889 0302908 0444611 1704353 0042221 0849355
 0025255 0596901 1706182 0026131 0028778 0332206 0349374 0444318 2825079 2983591 0041175 0077281 0814229 1882074 0020283 0450407 0450408 0450409 0037494 1959973 1883708 2348236 0005903 0039476 1439852 1547703 0079240 1948037 0612672 1701810 1882955 0040223 1632851 0808270 0040223 1632851
 0025255 0596901 1706182 1883708 1439852 0079240 1948037
 0205341 0441648 0033684 0205332 0034760 0162524 0234621 1450278 2349975 0442726 0332282 1261552 0947322 1444656 1705426
 0012238 2349986 1264633 0332256 2700400 0002716 0011560 0030956 0611285 0008562 0687276 1579831 0008565 0015967 0563594 0005903 0008550 0039476 0086972 0205250 0302908 0443299 0597198 0687118 1299351 1304698 1546699 1561501 1882330 2700149 0600140 1709595 2349200 0007703 0042221 1880165 0449468 1690016 1705102 2700258
 0370003 1442160 0043047 0599638 1550678 0700308 0033727 0369286 0441932 0564385 0051706 0332283 0002611 0005367 0369637 0392747 0441923 0443172 0973231 2722820
 0370003 0041236 0868946 0439267 0439391 0439526
 1883351 1517945 0030956 1516695 1516698 0032582 0175730 1547937 1704474
 1883351 0036679 0237868 1881713 0598629 0002716 0011560 0030956 0611285 1517331 0205242 0333853 1709915 1882936 0010511 0006222 0056658 0392148 0016576 0885348 0001128 0202406 0033727 0369286 0441932 0564385 2348236 0005903 0039476 1547703
 0449468 0030956 0180765 0392756 1705655
 0030956 0008562 0687276 1579831 0008565 0008550 0086972 0205250 0302908 0443299 0597198 0687118 1299351 1304698 1546699 1561501 1882330 2700149 1524063 0014672 0220824 1523994 2827396 1325742 0030608 0456389 0597177 1185738 1706132 1524063 0449913 1553451 1704459 0043047 0599638 1550678 0040982 0001128 0202406
 2347469 0050456 0022237 2827734 2981698 0332256 2700400 0040982 0001128 0202406
 0002716 0011560 0611285 0302647 0205132 0439182 0812409 0702093 0702093 0702093 0312860 0030695 0150369 0181904 0596972 1521743 1704646
 0030956 0002520 2917660 0001128 0002778 0202406 0205554 0936012 1515023 1524024
 0030956 0017596 0369637 0392148 0441923 0681549 1947936 0031428 0070570 0439148 1519795 1704753 1880519 0702093
 0015252 0728940 0001128 0202406 0007703 0370003 0205554 0348011 0370003 0403151 0439148 1519795 1704753 1880519 2347026 0008562 0687276 1579831 0008565 0008550 0036679 0205250 0231441 0237868 0302908 0597198 1299351 1304698 1514468 1546699 1561501 1881713 1882330 2700149 0020898 0021764 0022271 0002520 0597484 0007447 0037473 0086972 0443299 0678640 0687118 1185738 1706132
 0002520 0442726 1511790 1524063 0022877 1619828 0449911 0034869 0312860 0002520 2917660 0001128 0038137 0175675 0202406
 0039421 0557351 1883351 2347167
 0008562 0687276 1579831 0008565 1264633 0008550 0086972 0205250 0205392 0302908 0443299 0597198 0687118 1299351 1304698 1546699 1561501 1882330 2700149 3540770 0183396 0183395 0577559 1306372 1710143 3152252 0681850 1550501 1706203 2349001 2697811 1955850 0023089 0028158 0458142 1023865 1550581 1706315 0312860 0163702 0034107 0232117 0391850 0449238 1947910 2926735 0871208 1521828 0439482
 0037813 0577559 1306372 3152252 1883073 2827424 0022023 0439178 0439661 1446409 1513371 1514241 1700702 1705738 2347637 2348146 2825490 3245488
 0370003 2347026 0008562 0687276 1579831 0205163 0205430 0449468 1549782 1690016 1705102 2700258 3160715 0037633 0525069 1549535 0439962 0043047 0599638 1550678 0050456 0038126 0038239 0175718 0370003 1512080 1704584 2347026 2827485
 0037813 0577559 1306372 1883073 2827424 3152252 1510992 2825518
 0006751 0884358 1524063 0597551 0030956 1883254 0577559 1306372 3152252 0038137 0175675
 0577559 1306372 3152252 0184661 1301820 1948041 2700391 3274430 3538935 3539779 0443131 1514721 2348147 3542016 0030956 0043227 0332128
 0444505 0008562 0687276 1579831 1327806 1537055 2348791 0037813 0596822 0023089 0040223 0205148 0436196 0458142 0577559 0596801 0936012 1023865 1306372 1555977 1706315 2349975 2610507 3152252 3541383
 1624602 0869040 0557651 1273517 2603343 0002716 0011560 0442818 0611285 1709915 1882936 0022877 1619828
 0312586 0003241 1707271 0017446 0205088 0205147 1705314 1705315 0002716 0011560 0439509 0442818 0611285 1709915 1882936 0002716 0011560 0611285 1709915 1882936 0035172 0021622 1272753 0278061 1306341 0231170 0027976 1879958
 1883712 1639518 1947986 0205160 0243148 1273517 1513916 1550141 1882979 2587213 2825415 2825491 3274648
 0003241 2984062 0439294 0444499 0439269 0439526 0456081 1960952 2346927 1720830 1823521 1708715 1510844 1510941 0020167 0869465 0935616 1439852 0011744 0033727 0369286 0441932 0564385 2348236 0005903 0039476 1547703
 0205148 0017890 0028778 0332206 0522461 2983591 0369637 0441923 0020283 0450407 0450408 0450409 0702093
 0037633 0849355 0015230 0329155 0848332 1427618 1705203 0041175 0077281 0814229 1548982 0444499 0020283 0450407 0450408 0450409 0702093
 0349380 1510451 1548982 0808270 0040223 1632851 0146951 0133689 0242759 0439526 1720725 1720830 1823521 1883708 1948050 0456692 0702093
 0370003 2347026 1708715 0600596 0020167 0869465 0935616 1439852
 0009458 0439536 1705217 3244283 0849355 0349380 1510451 1548982 0808270 0040223 1632851 0456692 0702093 1720725 1720830 1823521 1948050 0456692 0702093 1548982 0808270 0040223 1632851 0001861 1512080 2827485 3536832
 0002716 0011560 0611285 0001128 0202406 0439269 1960952 2346927 0439526 0040982 0001128 0202406 0439962 1549535 0043047 0599638 1550678 0050456 2827734 2981698 0456603 1547037 1524062 0040223 1632851 1516050 1456647 0449913 1553451 1704459
 0006751 0205101 1881534 1442989 2828392
 0520510 0557061 2584313 1514811 1706462 0950261 0205155 1293097 1522472 1552923 1705191 0443289 0392148 1449651 0002716 0011560 0205418 0225328 0611285 0085400 0450344 1553633
 0205197 0332197 1689985 0678594 0205422 1441672 0027361 0237401 0206243 0699809 0751455 0017337 0450345
 0026882 1705285 0085151 3538722 0011560 1705760 0333562 0349966
 2936349 0333562 0085151 3538722 0033665 1456454 1564139 0002716 0011560 0033684 0596988 0611285 1706214 1709634 0027361 0237401 0332325 2827757 0205197 0332453 0332256 2700400 0013618 1521970 1883559 0002716 0011560 0150312 0237876 0332307 0445392 0449450 0611285 1333134 1522138 1547052 0444669 1167518 1706352 1882467 3274653 0030705
 0006353 0332624 0002716 0011560 0611285 0205232 0205418 0687757 0007703 0205250 0521108 0678536 1299351 2700149 0205379 0487602 1704680
 1552961 2347617 0449911 0686907 0237753 0449788 1265611 0205397 0205422 0868928 1533148
 0349966 1337208
 1264633 1554103 0007703 0205251 0521108 0678536 1299352 1550472
 0449911 0333052 2607870 0557702 1272706 1704674 0557702 1272706 1704674 0349966 1337208
 2827734 2981698
 0030664 0205469 0677042 0950261 2986582
 0205155 1293097 1522472 1552923 1705191 0030705 0206243 0026882 1705285 0085151 3538722
 0439064 0333463 1449651 0002716 0011560 0205232 0225328 0332621 0611285 0687757 0228081 1881786 0332256 2700400 0237753 0449788 0085400
 2347469 0205155 1293097 1522472 1552923 1705191 0030705
 0237753 0449788 0333463 2936349
 1449651 0225328 0439794 1333134 0002716 0011560 0205397 0611285
 0552389 0205155 1293097 1522472 1552923 1705191 2828360 1547282 1265611
 0073187 0455052 1521827 0002716 0011560 0611285 0333562 1295725 3272860 0029266 1704322 1704972 3539923 1135918 0596981 1267092 0007634 0026845 0205357 3282337
 0205418 0007703 0439267 0521108
 1449651 0225328 2247561 0008550 1515023 0359583 0002716 0011560 0030956 0611285 0220806 1880022 1527021 1552738 1554111 1705606 3541382
 0016327 0439133 1553038 0085400 0011740 0439267 0441436 0521108 0993610 1998480
 1264633 1554103 1882932 0085400 0521175 1710394 1882475
 0002716 0011560 0611285

 1883351 1707455 1705241 1705242 0205422 0333562 0027361 0237401 0444669 1167518 1706352 1882467 3274653 0333463 0150312 0205156 0392079 0449450 0750523 1998793 0038636 0359583 0439182 0812409 1161331 0007703
 0444669 1167518 1706352 1882467 3274653 0016576 0885348 0001128 0017596 0202406 0681549 1947936 0008559 1148476 0008550 0456389 0599209 0680251 2828389 0681850 1550501 1706203 2349001 2697811 0012634 0348080 1705253
 0205393 0002716 0011560 0030956 0611285 0178576 0332220 2828360 1517892 1704666 0030011 0348078 0376315 0205266 1554187 0002716 0011560 0611285 0439509 0444930 2746065 1709915 1882936
 0439165 1549488 1561533 0687676 1704687 0392747 1515926 2349975 0332325 0237834 1514892
 0449911 0333052 2607870 0557702 1272706 1704674 0557702 1272706 1704674 0349966 1337208
 0740116 2827735 2981700
 1979963 2003903
 0036679 0237868 1881713
 1264633 0439084 0728893 0332256 2700400 0596448 0002716 0011560 0030956 0611285
 1264633 0740116 2827735 2981700 1882932 2346866 0017968
 2347469 1979963 2003903 0206243 0026882 1705285
 0002716 0011560 0030956 0611285 0444505 1880165
 1527021 1554111 1705606 3541382 0444505 0332256 2700400 0439962
 0442822 1524031 1883002 0016576 0885348 0001128 0017596 0024348 0202406 0681549 1947936
 0039798 0087111 1522326 1533734 1705169 3538994 0041609 1185738 1706132 0023636 0329040 0221102 0440737 0520510 0178576 0332220 2828360 1517892 1704666 0009325 1167364 0230820 0010837 0993609
 0033684 0205393 0007004 0567416 1265611 0007776 1176472 2700441 0005847 0702093
 0439183 0439148 1264693 1519795 0175659 0349674 0443225 1947916 3536777
 0002716 0011560 0611285 0333463 0392079 1441547 3245521 0027361 0237401 0205250 0205549 0359583 0678536 1299351 2348044 2700149 0007703
 0008559 1148476 0008550 0442810 0444505 0450354 1706096
 0013064 0872145 1444656 0444505 0332257 3538986 0030956 0002716 0011560 0030956 0611285 0450354 1706096
 0348078 0376315 1518422 1514893 2699488 1705535 1264633 1554103 0332256 2700400 0439962
 1523987 0442711 1507394 1522729 2348563 0007776 1176472 2700441 1947931 0016576 0885348 0001128 0017596 0024348 0202406 0681549 1947936 1550101 0008559 1148476 0008550 0456389 0599209 0680251 1979893 2828389
 0025663 0449851 0871511 1979963 2003903 2348205 0205393 0443286 1114821 0392752 1264633 1532717
 0947630 0392148 0030956 0010511 0006222 0020291 0056658 1880022
 0205418 1882443 0002716 0011560 0030956 0611285 0030956 0205166 1706317 0008562 0687276 1579831 0008565 0008550 0025664 0184661 0205250 0302908 0597198 0745777 1299351 1304698 1442989 1546699 1561501 1882330 2700149 2700391 2828392
 1264633 0008562 0687276 1579831 2717789 0597410 0008565 0008550 0086972 0205250 0205390 0302908 0443299 0597198 0687118 1299351 1304698 1305854 1546699 1555029 1561501 1882330 2700149 0015967 0563594 0005903 0039476 0205250 1299351 2700149 0013064 0872145 0002778 0681850 0936012 1524024 1550501 1706203 2349001 2697811 1524063 0003241
 0681814 1706386 0443289 0002716 0011560 0030956 0611285 0205155 0332261 1293097 1514893 1522472 1552923 1705191 1947932 2699488 1264633 1264633
 1264633 0037813 0002778 0436196 0577559 0936012 1306372 1515023 1524024 3152252 0443289 0439962 0021966 0221138
 0010546 0061472 0205088 0220839 0733755 1705314 1705315 1274040 1546471 1709915 1882936 2825142 0392747 1554963 1883559 0002716 0011560 0030956 0332307 0445392 0611285 1441672 1547052
 0369718 0441922 1553036 1707271 0205088 1705314 1705315 0017446 0205147 0019409 0003993 0206293 3541260 0439659 1709915 1882936 0206293 3541260 0061472 0220839 0031453 0206293 3541260 0017890 0041484 0041485 1421250 0061472 0220839 0444930 2746065 0017890 0017890 0042285 0042285 0439509 0022192 0523728 0702172 0042285 0031453 0042285 0040005 0023401 0042285 0021966 0221138
 0449911 0333052 2607870 0557702 1272706 1704674 0557702 1272706 1704674 0349966 1337208
 0439086 2827736 2981702
 1979963 2003903
 0036679 0237868 1881713 0002716 0011560 0030705 0611285 1441547 3245521 0026882 1705285 0085151 3538722
 1264633 0205164 0205450 0441833 0687744 1257890 1552516 1552839 1705428 1705429 1709595 2349200 0205126 1444656 1707156 3274014 3541345 1518101 0037813 0039685 0282597 0436196 0577559 1306372 1515023 1825291 2348791 3152252 0020792 0205396
 0205132 1550648 1552960 0086045 1446561 0445247
 2347469 0449774 0002716 0011560 0030956 0611285 3146294 0030705 0596988 1441547 3245521
 0520511 1704711 0332479 0348078 0522512 1705242 0678226 0027361 0205419 0237401 0750492 3146286 0871208 1521828 0220781 1883254 0243126 1705241 1705242
 1979963 2003903 0008562 0687276 1579831 1142652 0085151 3538722 1456454 0033665 1883559 0002716 0011560 0033684 0086418 0332285 0332307 0445392 0611285 1547052 1709634 0030956
 0008550 0445247 0012634 0348080 1705253 0002716 0011560 0611285 2347469
 0002778 0936012 1524024 1547282 0439962 0034037 1704324
 0205393 0678226 0002716 0011560 0030956 0205088 0611285 1705314 1705315 3146286 1523817 0243125 0699900
 0073187 0442822 1524031 1883002 0085151 3538722 0033665 1456454 0002716 0005847 0011560 0026882 0033684 0185115 0228126 0521401 0611285 1705285 1709634 3541890
 1979963 2003903 0486616 1555710 0012727 0011389 0332461 0333463 0333562 1441672
 0439183 0439148 1264693 1519795 0175659 0349674 0443225 1947916 3536777
 0449911 0039224 1706073 1706074 0557702 1272706 1704674 0557702 1272706 1704674 0002716 0011560 0021966 0039224 0221138 0611285 1706073 1706074 0030956 1266240 1518101
 0016327 0439133 1553038 2347167
 2347167 0439114 0030054 2347167
 1883351 0521093 0750484 1456348 1707271 0017446 0205088 0205147 1705314 1705315 0030956 1883559 0231448 0231449 0332307 0439792 0445392 1547052 0444505 0008562 0687276 1579831 3642197 0008565 0008550 0086972 0205250 0302908 0443299 0597198 0687118 1264633 1299351 1304698 1305854 1546699 1561501 1882330 2700149 2827734 2981698 1264633 0020291 0681850 1550501 1706203 2349001 2697811 0010511 0332283 0006222 0056658 0010511 0006222 0010813 0056658 0596311 1330957
 0030956 0008562 0687276 1579831 2717789 0597410 0008565 0008550 0086972 0205250 0205390 0302908 0443299 0597198 0687118 1299351 1304698 1546699 1555029 1561501 1882330 2700149 0392148 0439182 0812409 0022237 0043047 0050456 0205431 0599638 1550678
 1880165 0008562 0687276 1579831 0008565 0008550 0205250 0205265 0302908 0597198 1264633 1279901 1299351 1304698 1305854 1546699 1555582 1561501 1705685 1882330 2700149 0015264 0947630 0035280 0040223 0333117 1753315 3541383 0002716 0011560 0439509 0611285 1441565 0030956
 0349966 1337208
 0008550 2698977 0002716 0011560 0030956 0611285 1709915 1882936 0349966 1337208
 0150312 0449450 1264633 0002723 0002716 0011560 0332464 0443228 0443342 0549177 0598629 0611285 1554103 1704243 0030956 0002778 0936012 1524024 1518101 0443289 1709915 1882936 0439659 0011065 0231800 1704631 0002520 2917660 0001128 0202406
 1883708 0332128 0030956 0008562 0687276 1579831 0008565 0008550 0086972 0205250 0302908 0443299 0597198 0687118 1264633 1299351 1304698 1546699 1561501 1882330 2700149 1264633 1518101 0037813 0436196 0577559 1306372 3152252
 0002716 0011560 0205549 0611285 2348044 0030956 0205396 1550043 1551388 0061472 0220839 1272689 0023401 0017890 0023401 0444930 2746065 1517001 1709915 1882936 0024337 0024337 0019892 0042285 0439509 0702172
 1883712 1518101 0037813 0436196 0577559 1306372 3152252 0442726 1511790 0030956 0257136 0019892 0022947 0444930 2746065 1709915 1882936 0019892 0022192 0523728 0040005 0042285 0022192 0523728 0031453 0042285 0022192 0523728 0040005 0023401 0042285 0023401
 0449911 0333052 2607870 0557702 1272706 1704674 0557702 1272706 1704674 0349966 1337208

 1979963 2003903
 1264633 1441547 3245521 0349966 1337208 1547282
 0450365 1706097
 0002520 2917660 0001128 0002778 0202406 0936012 1524024 0443289 1517001 0002716 0011560 0030956 0611285 0444930 2746065 0024337 0024337
 1264633 1554103 0332256 2700400 0002716 0011560 0030956 0611285 1709915 1882936 0205173 0444505 1705764 1705765 0700364
 0444505 0678550 0577559 1306372 3152252 0567415 1706222 1705535 0597339 0002716 0011560 0030956 0086418 0611285 1709305 2745955 0450355
 0035280 0040223 0333117 1753315 3541383 0444505 0205126 1444656 0332256 2700400 0439962 0002716 0011560 0332621 0611285 0030956 0023401 0439659 1709915 1882936 0017890 0023401 0750492 0444930 2746065 1709915 1882936 0702172 1518422 0002520 2917660 0001128 0002778 0202406 0936012 1514893 1524024 2699488
 0008550 1705535 1265611 0444930 2746065 2346714 0042285 0439509 0444930 1709915 1882936 2746065
 0439183 0439148 1264693 1519795 0175659 0349674 0443225 1947916 3536777
 0449911 0039224 1706073 1706074 0557702 1272706 1704674 0557702 1272706 1704674 0030956 0010511 1518101 0039685 1825291 2348791 2347167
 2347469 2347167
 0030054 2347167
 0073187 1305844 0030054 2347167
 0019892
 0016327 0439133 1553038 0257136 0022947
 1266240
 1880022 0002716 0011560 0030956 0611285 0030705 0205409 1548221 0439562 0439559 2717789 0597410 0008562 0687276 1579831 0008565 0008550 0205250 0205390 0302908 0597198 1264633 1299351 1304698 1305854 1546699 1555029 1561501 1882330 2700149 0450365 1706097 1327806 1537055 2348791 0037813 0596822 0023089 0040223 0205148 0436196 0458142 0577559 0596801 0936012 1023865 1306372 1555977 1706315 2349975 2610507 3152252 3541383
 1624602 1273517 0002716 0011560 0611285 0030956 0003264 0520510 1552738 0025663 0025664 0449851
 0002716 0011560 0611285 0070338 0030956 1882932 1548602 1704686 0206293 3541260 0061472 0220839 1527240 0031453 0023401 0444930 2746065 0017890 0042285 0439509 0022192 0523728 0702172 0040005 0042285 0022192 0523728 0040005 0042285 0024337 0439070 1705160
 0030956 0392752 1264633
 0030956 0205412 0231180 0023636 0329040 1516050
 0003241 0332257 1707271 0205088 0442818 1705314 1705315 0017446 0205147 0030956 0042285 0439509 0444930 2746065 1709915 1882936 0702172 0002716 0011560 0030956 0611285 0017890 0444930 2746065 1709915 1882936 0017890 0022192 0523728 0040005 0042285 0022192 0523728 0040005 0042285 0439070 1705160
 0002716 0011560 0030956 0205393 0611285 1709915 1882936 0042285 0439509 0444930 2746065 0702172 1264633 1554103 0450365 1706097 0030956 0150312 0449450 1264633
 0332261 0332464 1947932 0445247 0162326 1710052 0002716 0011560 0085732 0611285 1515273 1705313 2826302 0596448 0750490 1706221 0035280 0040223 0333117 1753315 3541383
 0449911 0039224 1706073 1706074 0557702 1272706 1704674 0557702 1272706 1704674 0030956 2348791 0040223 3541383 1537055 1266240
 0439114 0030054 2347167
 0016327 0439133 1553038 2347167
 2347167
 1707455 1979963 2003903 0349966 1337208 1547282
 0450366
 0037813 0436196 0577559 1306372 3152252 0034037 1704324
 2936349 0333562 0205422 1301820 0030956 0205166 1706317 0002520 0521108
 0678226 0205231 0243125 0699900 3146286 0030956 0033666 0687676 1519614 1704687 0392747 1554963
 1883351 0002716 0011560 0030956 0611285 0002716 0005847 0011560 0150312 0449450 0611285 1558950 1801960 0085151 3538722 0033665 1456454 2936349 0002716 0011560 0026882 0033684 0333562 0611285 1705285 1709634 0005847 0003707 0025255 0030705 0205239 1510935 0016576 0332293 0885348 0001128 0017596 0202406 0681549 1522326 1947936 1550101 0599209 1515023 2717789 0597410 0008562 0687276 1579831 0008565 0008550 0205250 0205390 0302908 0597198 1299351 1304698 1546699 1555029 1561501 1882330 2700149 0450363 2986797
 1327806 0596822 1537055 2348791 0037813 0023089 0040223 0205148 0436196 0458142 0577559 0596801 1023865 1306372 1555977 1706315 2349975 2610507 3152252 3541383 1524063 0003241 0021027 0002716 0011560 0611285 1709915 1882936 0443289 0441833 0687744 1257890 1552516 1705428 1705429 0035280 0040223 0333117 1753315 3541383 0332256 2700400 0162326
 0030956 0003993 0206293 1272689 1709915 1882936 3541260 0061472 0220839 1272693 2746065 0206293 0450348 3541260 0042285 0017890 0205170 3146287 1709915 1882936 0022192 0450355 0523728
 1883712 0205166 1706317 0071642 0002716 0011560 0030956 0611285 0017890 1709915 1882936 0042285 0042285 0439509 0702172 0042285 0039224 1706073 1706074 0700364 1883351 0449432 0085430 0450129 0596988
 1518422 0442726 0002716 0011560 0030956 0611285 0205166 1706317 0012222 1696141 0333463 1449651 2936349 0002716 0011560 0225328 0392079 0611285 0007776 1176472 2700441
 0449911 0039224 1706073 1706074 0557702 1272706 1704674 0557702 1272706 1704674 0002716 0011560 0039224 0611285 1706073 1706074 0030956 2348791 0040223 3541383 1537055 0030054 2347167
 2347167
 0520510 0557061 2584313 1514811 1706462 1880022 0002716 0011560 0030956 0611285 0006104 0150312 0449450 0933845 1269537 0005847 0206243 0026882 1705285 1707455 0002716 0011560 0030956 0611285 1521970
 0681814 0443289 1705241 1705242 0002716 0011560 0611285 2987476 0015576 0241888 0333562 0521114 0522498 1514917 0027361 0237401 1521970
 0205166 1706317 0002716 0011560 0030956 0611285 0026882 1705285 1449651 0002716 0011560 0011740 0205232 0225328 0611285 0687757 0205418 0332501 1300196 0030664 0205469 0677042
 0392360 0002716 0011560 0030956 0611285 0439092 0547044 0002716 0011560 0611285 1333134 0444669 1167518 1706352 1882467 3274653 0205422 1441672
 1265611 0228126 0333562 0521401 0003842 0226004 0205081 1881878 1518422 0700364 1883351 0205422 0868928 1441672 1533148 0850310 3154893 0017431 0052199
 0439792 0004793 0162326 0162327 1519249 0002716 0011560 0030956 0598629 0611285 1274040 1546471 2825142 0004793 0162326 0162327 1519249 1292711 0449719 1709471 0002520
 1705535 1883351 1449651 0225328 1880389 1883221 3541951 1709915 1882936 0439643 0598629 1300196
 0439643 1295725 3272860 0020276 0020275 0184512 0523702 0885426 0004457 0010851 0205225 0999597 1522496 1542147 2348042 2826345 0043047 0599638 1282914 1550678 0183251 1705198 0004793 0162326 0162327 1519249 1709915 1882936
 0205360 1274040 1546471 1547311 2825142 0444669 1167518 1706352 1882467 3274653 0567416 0033422 0002716 0011560 0611285 0010851
 0392148 0010813 0171484 0521102 0596311 1330957 0042285 0439509 0702172 0023636 0329040 0079411 3146294 0444930 2746065 1709915 1882936 0040005 0024337
 0007075 1881707 0002716 0011560 0611285 0205166 1706317 0002716 0011560 0030956 0611285
 0183683 1521721 1512571 0332120 1547282 0030940 0030946 1947941 1150210 0205177 0439167 0441655 1561536 0332281 2936349 0002716 0011560 0333562 0611285
 2267219 0441655 1518422 0440746 0459385 0596948 0006104 0040300 0243148 1269537 1441672 1547928 1550141 1882979 2587213 3274648 0333463 2936349 0332197 2699517 0183683 1521721 0006104 1269537
 1883712 0007427 1332805 0007428 0150312 1883351 0085151 3538722 0033665 0034861 1456454 0599286 0002716 0011560 0030956 0033684 0611285 0733755 1514798 1709634 0205166 1706317 0023401 0042285 0007585 0010453 0332120 1265611 0023401 0444930 1709915 1882936 2746065
 0805874 0870077 1446409 0439787 0849355 0391845 0014442 0014445 0868928 1706255 1706256 0006104 1269537 2003901 0205422 1441672
 0027361 0237401 0206243 0026882 1705285 0085151 3538722 2936349 0333562 0011265 0497327 1279919 0004897 0085151 3538722 1456454 0033665 0002716 0011560 0033684 0611285 1709634
 0030705 1510992 2825518 3154893 3539897 0242656 0750729
 2267219 0205177 0439167 0441655 1561536 0002716 0011560 0030956 0079411 0611285 1314939 3146294 0678226 0171484 3146286 0205177 0439167 0441655 1561536 0392148 0027361 0237401 0206243 0596988 0205252 0332162 1880177 0011065 1306577
 1705535 0439849 1705630 1706279 3540605 0033268 0085400
 0392148 0085400 1836407 0011065 0015576 0030705 0241888 1306577 1880177 0425043 1279919
 0002716 0011560 0030956 0611285 0444930 2746065 0002716 0011560 0030956 0611285 0023401 0733755 0439659 0205145 1515974 2825164 0024337 1709915 1882936 0023401 0085151 3538722 0033665 1115804 1456454 0002716 0006104 0011560 0015576 0030705 0033684 0241888 0521108 0611285 1709634
 0030956 0205219 0333463 0521108 0750541 1518422 0332281 0030664 0205469 0677042 1879547
 0030956 0205219 0205418 0333562 1979848 1705535 0017446 0205088 0205147 1705314 1705315 1709915 1882936 0205224
 0332149 1705910 2362652 0085151 3538722 0033665 1456454 0002716 0011560 0030956 0033684 0611285 1709634 0027361 0237401 1709915 1882936 0439659 0439792 0205166 1706317 0030664 0205469 0677042 1880177
 0947630 2986669 0205177 0439167 0441655 1561536
 0030956 0750591 0439659 0444930 2746065
 1880022 0171484 0150312 0014442 0085151 3538722 0033665 1456454 0002716 0011560 0033684 0611285 1709634 1550543 0449788 0678595 0030956 0061472 0220839 0450348
 1524063 0042153 0457083 1947944 0450442 1254351 1521826 1960477 0001128
 1550608 0002716 0011560 0030956 0611285 0030011 0038761 3536897 0038770 0038771 0851343 0021966 0221138 0439070 1705160
 1705535 0030011 0205392 3540770 1709305 1515655 0002716 0011560 0030956 0611285 1880177 0010511 0006222 0010813 0056658 0596311 1330957
 0002716 0011560 0030956 0611285 0150312 0205422 0449450 0868928 1533148 0392747 0687676 1704687 1709915 1882936 1709915 1882936 0206293 0392747 1668248 3541260 0332294 0220781 0333051 0439634 0678226 1522492
 1550608 0678595 0030956 0007009 0205431 0206293 3541260 0596072 0002520 2917660 0441833 0687744 1257890 1552516 1705428 1705429 1515926 2347167
 1265611 0040300 1547928 1299582 1552603 1706202 3242379 0022203 0205392 3540770 0085151 3538722 0033665 1456454 1564139 2936349 0002716 0011560 0033684 0333562 0596988 0611285 1709634 2987476
 1522427 0162340 1882443 0441712 0700364 1883351 1947931 0026882 0439849 0445223 0442805 0220781 1883254 0449788
 0026882 1511253 1874596 0010813 0596311 1330957 0441471 0750541 0033414 0020291 0442805 0033268
 0026882 0392760 1314939 0162808 1880389 1883221 3541951 0449788 0392747 0026377 1517945 0017973 0011560 0332294 1705760 0002716 0005847 0333562 0611285 0678226 1265611 1558950 1801960
 0243175 1880022 0085151 3538722 0033665 1456454 0002716 0011560 0015576 0026882 0033684 0241888 0611285 1709634 1335532 0205108 1709915 1882936 0449788 0740116 2827735 2981700 1261322 1552578
 0033268 1441672
 0022877 1619828 0684224 0700287 3273238 1265611 0023401 1709915 1882936 0449788 2752250 1334889 2945843 0010813 0205145 0596311 1179706 1235660 1330957 1335643 1419033 1515974 2825164
 0242692 1280260 0026845 0037253 0521324 1265611 0042285 0444930 2746065 1709915 1882936 0022192 0523728 0042285
 1552616 1706244 0525038 1555721 1706204 1833334 0033268 0332162 1274040 1279919 1546471 2825142 0011265 0497327
 0443289 1710548 1510941 0027361 0237401
 0681814 0443289 0019409 0002716 0011560 0030956 0611285 2987476 0205449 0027361 0237401 0598429
 1883712 2936349 0333562 0015576 0241888 0598429 1706214 0205422 1521970
 0025936 0003069 0025914 0025929 0026809 2827421 1883351 1514559 0002716 0011560 0596988 0611285 1547011 1879746 0681814 0443289 0750591 0003062 1518422 1521970 1706388 2346469 2348519 0332281 0243083 0012634 0086418 0205422 0348078 0376315 1522492
 0681814 0206243 0026882 0013126 0033164 0086860 0443289 0002716 0011560 0611285 2348205 0205163 0439185 0030705 0205422 0333562
 0750492 1522427 0439064 0439660 1274040 1546471 2825142 1516998 0079613 0205136 0231448 0231449 0439792 0439531 1948053 1518422 0015576 0030705 0241888 0332597 0025936 0003069 0025914 0025929 0026809
 2825232 0557651 2603343 0449719 1521721 1709471 1301808 1442792 3148680 0002395 0683939 1521724 0012634 0035168 0205099 0242481 0027468 0018173 0018684 0021622 1515981 3245503
 0010186 0220812 0449719 1709471 0220808 0680264 0007961
 1706852 0522501 1706089 0949214
 0205155 1293097 1522472 1552923 1705191
 0282413 0376649 1442065 0035172 0018684 0021622 0035168 0242481 1272753
 0008848 0038817 0376223 3262831
 0254343 0796520 3272379

 0085205 1549619 1880669
 0013849 1705961 0024492 1538057 1547565 1522486 1841729 0000723 1273517 0002395 1521724 0012634
 0002716 0011560 0611285
 0085151 3538722 1456454 0033665 0002716 0011560 0033684 0611285 1709634 0085151 3538722 1456454 0033665 0002716 0011560 0033684 0611285 1709634
 0276496 0277558 0002395 1521724
 0599209 0008565 0008550 0302908 1304698 1546699 1561501
 0016576 0885348 0001128 0202406 0016576 0885348 0001128 0202406
 0008562 0687276 1579831 0008565 0008550 0205250 0302908 0597198 1299351 1304698 1546699 1561501 1882330 2700149 0008562 0687276 1579831 0008565 0008550 0205250 0302908 0597198 1299351 1304698 1546699 1561501 1882330 2700149
 1518101 0039685 1825291 2348791 2348791 1555977 2610507 0282597
 0085400 0085400
 2348791 0040223 3541383 1537055 2348791 1555977 2610507 1537055
 0265246 1532188 0041175 0006353 0036082 0077281 0814229


 0265246 1532188
 1720830 1823521 0991865 0006353 0031603 0031701 0036082 1601799
 1514811 1706462 0520510 0557061 2584313 1514811 1706462 2603362
 2347469
 2603360
 0876934 1540677 1555824 0021966 0221138 0449468 0560268 1690016

 0027976 0439394 1706495 3642217 2603360 0205090 0684010 2603358 0439267 0439114 0016327 0439133 1553038 2347469


 0201682



 2347961


 0036397 2347469 0369637 0441923

 3642273
 0439073 0439082 0025141 2347469 0016327 0439133 1553038 0369637 0441923
 0027855 0000857 0600678 1552863 2347469 0369637 0441923
 0369637 0441923
 2347379
 0025141 0150593 0331762 0205090 0684010 2603358 0205090 0684010 2603358 0369773 2603361 1553033 2603360 2603360 0016327 0439133 1553038 2603360 0043217 0597277 1708601 0597277 1708601 0369773 2603361 0021966 0221138 0023882 0700321 2700395 0439394 1706495 3642217 0439394 1706495 3642217 0032863 0369773 2603361 2347469 0016327 0439133 1553038 0302595 1537110 3275241 0033727 0369286 0441932 0564385 2347469
 0349590 1262865 0025141 0205090 0684010 2603358 0439267 0033727 0369286 0441932 0564385 2603360 0597277 1708601 0043217 0597277 1708601 0597277 1708601 0021966 0221138 0205090 0684010 2603358 0439394 1706495 3642217 0016327 0439133 1553038 0439267 0369718 0441922 1553036 1553033 0043016 2603360 0150593 0369773 2603361
 0349590 1262865 0025141 0439394 1706495 3642217 0150593


 0205090 0684010 2603358
 0439114 2603360








 1553033 0205090 0684010 2603358 0205090 0684010 2603358
 0021966 0221138
 0033727 0369286 0441932 0564385
 0205090 0684010 2603358
 1706910 0369637 0441923
 2347469



 0201682

 0369637 0441923
 0205090 0684010 2603358 0043217 0442548
 0205090 0684010 2603358
 0002716 0011560 0611285



 2347379

 0025141 3476816 0369637 0441923
 2603360

 0369718 0441922 1553036
 2603362



 0025141 0369773 2603361
 2603360 1708595 3280986 0035561 0369773 2603361
 0205090 0684010 2603358
 0443058
 0597277 1708601


 2603360
 2603360 0205090 0684010 2603358
 0439267 2347469 0205090 0684010 2603358
 0439267



 0740116 2827735 2981700 0025141 0369637 0441923
 0439114 2603362




 0025141
 0205090 0684010 2603358

 1418943

 0268596 2700624
 3642273

 2603362

 0000857 0600678 1552863
 0369773 2603361
 0205090 0684010 2603358

 1418943

 0268596 2700624
 3642273

 2603362

 0000857 0600678 1552863 0205090 0684010 2603358

 0016327 0439133 1553038 3342437 1553033 0033727 0369286 0441932 0564385 2347469


 0201682
 0016327 0439133 1553038
 2347469 3284170 0597277 1708601 0439267 0444649
 0597277 1708601 0439267
 0005477 0025141

 0036397 0002716 0011560 0611285
 0043217 0442548
 0205090 0684010 2603358
 0023882 0700321 2700395 2603362
 0369773 2603361 1706910 0369637 0441923



 0201682
 0205090 0684010 2603358 2347469

 0332319 0369773 2603361
 2347469 0331968 2699100 0369773 2603361 0205090 0684010 2603358 0337841 0325045 1688274 0369637 0441923

 2603360
 0016327 0439133 1553038 3463939 0439267 0759909 1135895 0369637 0441923
 0036397 0021966 0221138
 1418943

 0268596 2700624
 3642273

 2603362

 3476816





 0201682
 0439267
 2603360
 0369718 0441922 1553036 0037386 1611690



 0025141 0033727 0369286 0441932 0564385 0597277 1708601 0439267 0369637 0441923

 2347469
 1744664
 0740116 2827735 2981700 0033727 0369286 0441932 0564385 2603360 0369718 0441922 1553036 0597277 1708601


 0201682

 2603360
 3476816 0369637 0441923
 0043217 0442548
 0205090 0684010 2603358
 0439394 1706495 3642217
 0021966 0221138
 0369637 0441923
 0205090 0684010 2603358
 0439267 0002716 0011560 0611285





 0331781 2603360
 0439267 0439394 1706495 3642217
 0021966 0221138 0597277 1708601
 2603360


 2603360
 1553033 0205090 0684010 2603358
 0439114

 0027960 0324740 0439189 1456781 1824986

 0025141 2603360 0033727 0369286 0441932 0564385 2603360
 0230467 0741204


 0025141