 0851285 1327622 0019868 0668894 0069115 0003320 0332281 0521447 0376526 0036220 0019369 0206558 0332281 1261473 0033727 0369286 0441932 0564385


 0475309 1512352 0018684 0028914 0036397 0041740 0205099 1704729 0152036 1522005 0008848 0028914 3262831 0041740 0868928 1705493 1706255 1706256 2347957 0454845 0028905 0028407 0041740 1709269 0442532 0028407 1709269 0034036 0034037 1514756 1704324 0348078 0376315 1515981 1522492 1527075
 0520510 0557061 2584313 1514811 1706462 0376526 0036220 0019369 0206558 0332281 1261473 0376526 0376526 0206558 1440696 0019369 0086418 0036220 0443211 0450442 1254351 1261473 1272684 1521826 1254373 0085090 0024299
 0376526 0443211 0872054 0009450 0205275 0430420 0428479 0441889
 0668894 0069115 0003320 0332281 0521447 0205410 0024501 0014587
 0443264 0521026 2755756 0040649 0007621 0596263 1947931 0085732 0079419 1145667 1167622 1705526 0597611 0260034 0033684
 0205396 1550043 1551388 0086860 0668894 1547282 0668894 0069115 0003320 0332281 0521447 0851285
 0150312 0449450 0796357 0002778 0936012 1524024 0599780 0013879 0040627 2826298 0079613 1521761 2827422
 0150312 0013879 1705248 0080206 0179400 1533124 0179400 0205145 1515974 1533124 2825164 3537453 0205177 0439167 0441655 1514873 1561536
 0003737 0442504 1704765 1882509 3496241 0441833 0687744 1257890 1552516 1705428 1705429 0332256 2700400 0013879 1705248 0013879 1705248 0332268 0205145 0589507 1158830 1515974 1704686 2825164
 0668894 0069115 0003320 0332281 0521447 0086860 0205145 1145667 1167622 1515974 1704788 2825164 3539106 0086860
 0520510 0557061 2584313 0019369 0206558 1514811 1706462 0012854 0036220 0004793 0162326 0162327 1261473 1519249 0677862 0370003 2347026 1518422 0040300 1547928 2827734 2981698 0162801 0002778 0004793 0162326 0162327 0936012 1519249 1524024 0376526 0036220 0019369 0206558 0332281 1261473 0376526 0376526 0206558 1440696 0019369 0086418 0439845 0450442 1254351 1521826 3541894 1254373
 0024314 0012634 1292753 0013687 0024299 0205225 0439631 2317432 0012634 2827734 2981698 1547282 1883351 0332256 2700400 0376526
 1711239 1883708 0002783 0014507 0947630 0521093 0750484 0035820 1705810 0006826 0998265 1306459
 0376526 0019369 0206558 0206564 1883351 0439663 0439084 0728893
 0019369 0206558 0332257 1552866 2700399 0206562 0439663 0024264
 0332290 0376526 0443211 0872054 0009450 0205275 0024299 1272688 1280477 0085393 0030705
 0019369 0206558 0376526 1522196 0023675 0376558 1511572 0598312 1883725 0205275
 0598312 1883725 0042736 0033684 0521026 0042760 1883540 0521026 0597177 1819995 0007634 0391871 1167395 1269647 1283071 1704653 1948049 0332294 1819995 0007634 0678226 1167395 1261381 1269647 1704653 1948029 1948049
 0872054 0009450 0205275 0205171 1720467 0017376 0017337 1514873 0024501
 3541894 0376526 0431085 0007634 0027651 0680220 1578706 3273930 3282337 0205388 0439084 0728893 0007634 3282337 0598312 1883725
 0205390 1300072 1306673 3541894 1334815 0017531 0012634 1292753 0013687 0024299 0205225 0439631 2317432 0441889 0428479 0668894 0069115 0003320 0332281 0521447 0668894 0069115 0003320 0332281 0521447 0450348
 0668894 0069115 0003320 0332281 0521447 0079941 0080089 0034754 0175566 0180979 1705179 1705858 0033684 1521840 2986546 0027361 0237401
 0376526 1518422 2700640 0079941 0080089 0034754 0175566 0180979 1705179 1705858 0971226 3641847 0668894 0069115 0003320 0332281 0521447 0815043 0542341
 0668894 0069115 0003320 0332281 0521447 1547282 0162775 1334043 2697616 0031437 1285572 1521970 1706388 2346469 2348519 0454907 0017446 0205147 0205341 1705914
 0971226 0668894 0069115 0003320 0332281 0521447 0007610 0392752 0332281 0008546 1325550
 0525021 0475264 0521447 1744691 1710082 0205447 1707271 0017446 0205088 0205147 1457900 1705314 1705315 0017446 0205088 0205147 1705314 1705315
 0376525 1514873 1148673 0012854 0243122 1145667 1167622
 0668894 0069115 0003320 0332281 0521447 1145667 1167622 1514562
 1704675 0205410
 1148677 0243122 1145667 1167622 0086597 0127400 0033684 0577538 0014587 0218063 0007616 0080141 0450355
 0035820 1705810 0024501 0668894 0069115 0003320 0332281 0521447 0443264 0004927 2707008 1706214 3244320 0014406
 0668894 0069115 0003320 0332281 0521447 0034678 1879547 0005507 0243073 1510438 1515877 1879547 0086860
 0205474 0947630 1547282 0668894 0069115 0003320 0332281 0521447 0079419 1145667 1167622 1705526 0439509 0237753 0449788 1366556 1705513 1337051 0256079 1337090 1530423 0056695 0242210 1149372 0033684 0243122 1145667 1167622
 1955473 0205396 1550043 1551388 1555715 1704332 1413357 3272498 0072108 0079183 1150565 0668894 0069115 0003320 0332281 0521447 1547282 0033684 0035696
 0470166 0034987 0017446 0205147 0220905 0445247 0851285 1504308 1704735 0679006 1947967 0086860 0668894
 0034987 0017446 0205147 0220905 1704735 0205410 0014609 1441547 3245521
 0012854 0668894 0079941 0069115 0080089 0003320 0034754 0175566 0180979 0332255 0332281 0486805 0521447 0522505 1705179 1705858 1708096 0015272 0205177 0439167 0441655 1561536
 0349966 1337208
 0450344 1553633 0450429 1515974 0684224 0700287 3496591 0557651 2603343 3146294 0205177 0439167 0441655 1561536
 1274040 1546471 2825142 0812303 1420246 1441672 1442788 1708031 0007600 0225336 0007634 0014257 0205132 1269647 1550648 1552960 1704653 1948049 0007600 0205132
 0036849 1442518 1705195 1854336 3273620 2827421
 1999230 0221193
 2827421 0205177 0439167 0441655 1561536 1537044
 0947630 1547282 0851285 0668894 0069115 0003320 0332281 0521447 0080055 0079419 0597611 0079427 1325410 0260034 0027651 0033684 1578706 1705526 1710252 2954564 3273930
 0205108 0205448 0040627 2826298 0079613 1521761 2827422
 0002778 0936012 1524024 0086860 0668894 0443289 0332197 1689985 1292753 0013687 0024299 0205225 0439631 2317432 0009450
 0031437 1285572 0332290 0036849 1442518 1705195 1637379 0746574 0009450 0858952
 0025936 0003069 0025914 0025929 0026809 0205177 0039194 0882828 0007634 1518422 3282337 3542405 0599780 0013879 0205410 0332197 1689985 0017376 0017337 0205410 0013126 0017262 0017337 0185117
 0449911 0333052 2607870 0557702 1272706 1704674 0557702 1272706 1704674 0349966 1337208
 2827734 2981698
 0796357 0002778 0936012 1524024
 1552616 1706244 0596988
 0205177 0439167 0441655 1561536 0205250 1299351 2700149 0439092 0332462 0547044 1880834 0031249 0086022 0086860 0205112 0205177 0243148 0439167 0441655 0442335 1550141 1561536 1705099 1707455 1882979 2587213 3274648 1706449 1854336 3273620 1527178
 2347469 0681494 0005507 0040669 0040704 0205374 0243073 1273517 1510438 1292732 1880177 0949639 1158830 0040649 0205145 0589507 1515974 1704686 2825164 0205177 0439167 0441655 1561536
 1705686 0205145 1515974 2825164
 0205177 0439167 0441655 1561536 0001721 2945843 0004793 0162326 0162327 0205145 0439659 0522506 1515974 1519249 2825164
 2936239 0007634 3282337 0032136 1444656
 1511726 3245479 1882932 1151115 0205177 0439167 0441655 1561536 1150051 0016955 0205177 0439167 0441655 1561536 1882115
 2603362 0743559 1444656 1608199 1707156 3274014 3541345
 0073187 0002778 0936012 1524024
 2936239 0007634 3282337 0032136 1444656 1882932 0596988
 0449682 1705686 0021107 0205145 0441587 1512796 1515974 1883719 2825164 1444656 0080103 0205345 1547039
 1707156 3274014 3541345 1882932 1151115 0205177 0439167 0441655 1561536
 0013682 0040669 1882115 1150051 0205177 0439167 0441655 1561536
 2603362 0743559 1444656 1608199 1707156 3274014 3541345
 0150312 0449450 0002778 0936012 1524024 0796357 0599780 0013879 1521761 2827422
 0205177 0439167 0441655 1561536 0668894 0013879 0086860 0522506 0725813 1705248 0080206 0179400 1533124 0086282
 0086860 0680022 2698041 0332256 2700400 0013879 1705248 0332268 0205145 0589507 1158830 1515974 1704686 2825164
 0520510 0520510 0557061 2584313 1514811 1706462 0733755 0370215 0376526 1527178 1705938 1875400 2984916 0004793 0162326 0162327 1519249

 1552738
 0032136 1854336 3273620 1854336 3273620 1854336 3273620 1854336 3273620 1854336 3273620 0041740 0220853
 0032520 0677874 0370215 0376526 1441547 1875400 2984916 3245521 0032136 0009013 0023621 0376526 0751608 0872147 1441547 3245521 3541894
 0032136 0004793 0162326 0162327 1519249 1883351 0521093 0750484 1456348 0004793 0162326 0162327 1519249 0029266 1704322 1704972 3539923 1547282 0012727 0205419 1705236 0333562

 0017446 0205147 0028630 0032520 0677874 0370215 0376526 1875400
 0332255 1708096 0392747 0444930 1524063 0012888 2257057 0012892 0012854 0021966 0221138 1335439 0549177 0012888 2257063 0332255 1708096 0027965
 0332255 1708096 1705686 0205145 0441587 1515974 2825164 1555265
 3146294 0441587 1743766 1883719 0332255 1708096 0205145 1854336 3273620 1527178 0072149 0043193 0441587 1743766 1883719 0332255 1708096 0205145 1527178 1854336 3273620
 0032136 0596988 0668894 0022771 0205179 0021622 1272753 0039421 0022771 1552738
 0032136 0668894 0668894 0668894 0668894 1552738

 0441513 0032136 0079866 3146302 1882940 0205145 0443288 1515974 2825164 0012238 2349986 0681205 3273494 1708059

 1947971 1274040 1546471 2825142 0205280 0521093 0750484 0015252 0728940 0086022 0442335 1705099 0004793 0162326 0162327 1519249 0205108 1301751 1280500 2348382
 0079866 3146302 0884358 1524063 0039421
 0025663 0449851 0871511 0600205 0013879 0085732 0392747 1257902 1705248 0076934 1948027 0441587 1743766 1883719 0012854 1521840 2986546 0021135 1533691 2827718
 0441471 3541888 0022490 0022487 0205396 0237834 1514892 1550043 1551388
 0012854 0868946 0030685 0391871 0439180 0680255 1283071 1963578 0005516 1883351 0334213 0205145 1515974 2825164 0021107 0441587 1512796 1883719
 0596988 0032136 0243114 1998793 1707391 0002778 0936012 1524024
 0456389 0079946 0086022 0439659 0442335 1527178 1550512 1705099 1707455 1854336 3273620 0017397 0017446 0205147 1517001 0205447 0009013 1522642 1883351 0332256 2700400 0021107 0441587 1512796 1883719
 0596988 0205409 1548221 0596988 0004793 0162326 0162327 1519249
 0439092 0456603 0547044 1517001 1547037 1705535 0242568 1504315
 0441587 0521093 0750484 1553778 1561491
 1705175 1705176 1705177 1705178 1882348 0220908 1305399 1705053 0596988 0849355 0205145 1515974 2825164
 0027965 2945843 0205145
 0024779 1706473 0349966 1337208 1547282
 2827734 2981698
 0079866 3146302 1883559 0332307 0445392 0728990 1514575 1547052 1705542
 0596988 0332256 2700400 1555721 1706204 3146294 1524063 0449913 1553451 1704459
 1555721 1706204 0349966 1337208 1547282
 0521093 0750484 1553778 1561491
 1883351 0026882 0205145 0205436 0457385 0565930 1515974 1561503 1705190 2825164 1273518 0017446 0205147 0332256 2700400 1555721 1706204 0031843 0542341 0700205 1274040 1517945 1546471 1705273 2825142 1854336 3273620 1527178
 0032136 1547282 0205177 0439167 0441655 1561536 0030551 0032136 1707455 2699423 1517945 0678226 0026882 0043194 0205102 0258432 1421478 1553872 1619620 1705285 3146286 1511726 3245479 1518422 1547282
 0449911 0333052 2607870 0557702 1272706 1704674 0557702 1272706 1704674 0349966 1337208
 0740116 2827735 2981700
 0002778 0936012 1524024
 0079870 2945843 0079866 0205145 1515974 2825164 3146302 0439851 1947931
 0026882 0080206 0179400 1533124 1292748 0005456
 1512796 0026882 1512796 0026882 1705285 1292748 0034987 0017446 0205147 0220905 1704735
 2347469 1151115 0205177 0439167 0441655 1561536 0040669 0032136
 1151115 0205177 0439167 0441655 1561536 0040669 0032136
 0073187 1151115 0205177 0439167 0441655 1561536 0040669 0032136
 1151115 0205177 0439167 0441655 1561536 0040669 0032136
 0016327 0439133 1553038 1151115 0205177 0439167 0441655 1561536 0040669 0032136
 1511726 3245479 1882932 0205263 0857127
 2827734 2981698 0949639 2945843 1158830 0040649 0205145 0589507 1515974 1704686 2825164
 0949639 1158830 0040649 0205145 0589507 1515974 1704686 2825164 0024779 1706473

 0743559 1444656 1608199 1707156 3274014 3541345
 0040284 0010453 0040300 0220814 0430400 1547928 2242979 0007634 3282337 0010454 0009458 0325564 0392747 0439536 1551720 1705217 3244283 0010453 0220814 0430400 2242979 0007452 0015965 0229671 0521457 1140701 1546774 1550100 0242295 1947943 2348609 0017797 0030842 0220892 1300565 0439526 0038425 2945590 0439526 0444868 3539085 2347816
 0332173 0439228 0439505 0007634 3282337 2699156 2347578 0007634 0205170 0439526 3146287 3282337 0036563 0005971 1139930 3537155 1883351 2584321
 0332173 0439228 0439505 0009458 0325564 0392747 0439536 1551720 1553389 1553403 1705217 1705537 3244283 0229671 1546774 1550100 0003232 1217267
 0439962 0456693 1442458 0702093 1439852 2348236 0005903 0039476 1547703 0449468 0439175 0439810 1690016 1705102 2700258 0439526 0456081 0009458 0439536 1705217 3244283
 0007634 3282337 1548982 0009458 0325564 0392747 0439536 1551720 1705217 1720092 1948045 3244283 0439526 1524062 0205174 0205170 3146287
 0007634 3282337 1439852 0439583 2347816 0009458 0439536 1705217 3244283 0009458 0205197 0439536 0725685 1705217 3244283 0678640
 0040669 0040223 0205341 0205449 1632851 0205174 1457900
 1151115 0205177 0439167 0441655 1561536 0444706 3541902 0033727 0369286 0441932 0564385 1524063 0449913 1553451 1704459 0072149 0302828 1442085 3263700
 1150051 0205177 0439167 0441655 1561536 1524063 0016945
 2828366 0007634 3282337 0006353 0079240 1948037 1720119 0456603 1547037 0019215 1882074 0020283 0450407 0450408 0450409 0024472 0012789 0068941 0068940 0439509 0017861
 0028953 0444930 2746065 1708632 1553631 1524063 0032545 1418707 0031727
 0443286 1114821 2348236 0005903 0039476 0884358 1547703 0456693 1442458 0702093 0439962 0332256 2700400 0439267 0032411 0720544 0439267 0024472 0013618 0012789 0037494 1959973 1882074 0020283 0041175 0077281 0450407 0450408 0450409 0814229 0017861
 0681814 0028953 1524062 1979886 0439962
 0002778 0936012 1524024 0312586 1979003 0003241 0021027 0668894 0069115 0003320 0332281 0521447 0041740 0005574 0243122 0439962 0443286 1114821 1145667 1167622 1524062
 2246376 1180347 1523872 0033684 1704241 0013855 0936012 0071500 0017243 0071499 1382104 0011744 0033727 0369286 0441932 0564385
 0007634 3282337 0012854 0439175 0439267 0439810 1524063 1217267
 0033727 0369286 0441932 0564385 0007592 2828366 0006353 0370003 2347026 1521827 0041175 0077281 0814229 0020283 0450407 0450408 0450409 0012789 0038636 1161331 0006247 1260957 0242301 1546559 0702093
 1881488 0017243 0086972 0439182 0443299 0687118 0812409
 0033684 0025255 0348011 0006353 0601906 0020283 0450407 0450408 0450409 0017890 0522461 0001963 0025255 0026131 0028778 0332206 0349374 0439583 0444318 2825079 2983591
 0025255 1548982 0040223 1632851 0041415 0456692 0702093 0040223 3541383
 0025255 1979003 0312586 0003241 0021027 0034493 1439852 2827734 2981698 0079240 1948037 0668894 0069115 0003320 0332281 0521447 0041175 0002055 0178499 1880279 0037494 1959973 0068941 0068940 0439509 0332256 2700400 0036774 0036773 0728877 1883708 1548982 0808270 0040223 1632851
 0019941 0003241 0021027 0027021 0027627 0031179 0175668 0205436 0330510 0522529 0939835 1110641 1318719 1439852 0034493 2827734 2981698 0079240 1948037
 0005574 0036774 0036773 0728877 0001924 0007452 0229671 1140701 1546774 1550100 0702093 1548982 0040223 1632851
 0441648 0991865 0006353 0031603 0031701 0036082 1601799 0456692 0702093 0005863
 0520510 1514811 1706462 0949639 2945843 0004793 0040649 0162326 0162327 0205145 0439659 0522506 1515974 1519249 2825164 0516750 0086860 0441987 0444669 1167518 1442161 1511760 1706352 1707455 1880177 1880274 1882467 3274653 0009013 1522642

 0683607 1517331 1883351
 0521093 0750484 0302523 0700325 3244290 0009013 0036849 1442518 1705195 0015272 0205177 0439167 0441655 1561536 0004793 0162326 0162327 1519249 0332257 3538986
 0009013 0439659 1516077 1547282 0683317 0441889 0456079 1547707 2946261 0009013 1707455 0439659 1516077
 0596988 0231448 0231449 0439792 1883351 0449638 0205107 0205145 0205171 1515974 1720467 2825164 0009013 1522642 0439659 0015272 0205177 0439167 0441655 1561536 0009013 1522642 0439659 0015272 0205177 0439167 0441655 1561536 1706449 0450344 1553633
 1705241 1705242 2827421 1854336 3273620 0033413 0017446 0086860 0205147 1705686 2945843 0009013 0009015 0205145 0439064 1515974 2825164 0072149 0242610 0009221 0024075 0439659 1095825 1550539 1553396 1554078 0600493 0600680 1420099 1540171 1519613 0589507 1158830 1704686 0004793 0162326 0162327 1519249 0150312 0449450 1854336 3273620 1527178 0450345
 1883351 1292732 0009013 0009015 0017446 0205145 0205147 0439064 1705686 1854336 2945843 3273620 1527178 0349966 1337208 1547282
 0450345
 0333118 0600680 1420099 1540171 1854336 3273620 0028630 0205145 0439659 1515974 2825164 0668894
 0349966 1337208 1547282
 0005507 0243073 1510438 1854336 3273620 1547282 1705241 1705242 0162326 0205177 0439167 0441655 1561536 1880177
 1274040 1546471 2825142 0812303 1301820 1420246 1441547 1442788 1708031 3245521 3541894 0007600 0007634 0205132 1269647 1704653 1948049 1511726 3245479 1518422 1547282
 0599780 0013879 0681850 1550501 1706203 2349001 2697811 0079866 3146302 1524063 0039421
 0349966 1337208
 1416886 1442449 1547282 0205177 0439167 0441655 1561536 2936239 0007634 3282337
 1547282 0086439 0441655 1883559 1707504 1879930 0243148 0332307 0445392 1547052 1550141 1707455 1882979 2587213 3274648
 1979874 1547282 0441655 0205250 1299351 2700149 1705535 1257902 1518422 0332454 0205145 1515974 2825164
 1292732 0021107 0441587 0596988 1512796 1552551 1883719 3272371 0745777 0085732 0668894 0069115 0003320 0332281 0521447 1511726 3245479 1518422 1547282
 0456148 0549184 1705535 0040624 0042153 0457083 1947944 0205145
 0002778 0936012 1442161 1511760 1524024 1527178 1705938 1880274 0917903 0013879 0080103 0205345 1547039
 0031843 0542341 0596988 0700205 1257902 1517945 1705273 0871157 1883351 1292732 0086860
 0031843 0542341 0700205 1705273 0080206 0179400 0725813 1533124 0013879 1705248 1292732 0040648 0040649 1521761 2827422 1292748 0079870 0026882
 0349966 1337208
 1547282 0162801 0002778 0004793 0162326 0162327 0936012 1519249 1524024 0079868 0079866 3146302
 0086860 0750591 0332256 2700400
 0086860 0080206 0179400 1533124 0028630
 0086860 0668894 1518422 0332256 2700400 0205145 0439659 1515974 2825164 1444656
 0086860 0332256 2700400 0013879 1705248 0028630 0949639 1158830 0040649 0205145 0589507 1515974 1704686 2825164
 0079160 0004793 0162326 0162327 0376298 1519249 0439084 0728893
 0205396 1550043 1551388 0004793 0162326 0162327 1519249 0733755 0683454 0021966 0221138 0012751 0205145 0439659 1515974 2825164 0668894

 0205396 1550043 1551388 0449639 0040649 0205108 0205145 1444748 1524062 1444656 0995242 1426084 2986872 0450388 0080103 0205345 1547039
 0949639 1158830 0040649 0205145 0589507 1515974 1704686 2825164
 1292732 1512571
 0013879 1705248 0205177 0439167 0441655 1514873 1561536 2347469 0013879 1705248 0205177 0439167 0441655 1514873 1561536
 0205177 0439167 0441655 1561536 0205216 0392756 0442797 1710137 0949639 1158830 0040649 0205145 0589507 1515974 1704686 2825164 0392747
 1883351 0851827 1701901 3244310 1292748 0600204 0021107 0441587 1512796 1883719 0949639 1158830 0040649 0205145 0589507 1515974 1704686 2825164
 0349966 1337208 1547282
 0740116 2827735 2981700 0205177 0439167 0441655 1561536 0392366
 1883351 1292748 0079870 0026882 1705285 0054868 3540479
 0205177 0439167 0441655 1561536 0349966 1337208 0205177 0439167 0441655 1561536 0851827 1701901 3244310
 1883351 0205177 0439167 0441655 1561536 0851827 1701901 3244310 0884358 0079866 3146302
 0026882 1705285 1506978 1705538 0205177 0439167 0441655 1561536
 0021107 0441587 1512796 1883719 2827734 2981698 0205177 0439167 0441655 1561536
 0021107 0441587 1512796 1883719 0205145 0439659 1515974 2825164 0205177 0439167 0441655 1561536 1705535 0080206 0179400 1533124 0205177 0439167 0441655 1514873 1561536
 1511726 3245479 1705535 0205177 0439167 0441655 1561536 0851827 1701901 3244310 0013879 1705248
 0162801 0002778 0004793 0162326 0162327 0936012 1519249 1524024 0443289 0005456 0205145 0243122 1145667 1167622
 1883351 1880177 0205177 0439167 0441655 1561536 1292748 0599155 0026882
 0349966 1337208 1547282
 0740116 2827735 2981700 0026882 1705285 0005456 0682969 0179400 0205145 0205435 0243122 1145667 1167622 1279901 1515974 1533124 2825164 3537453 1292748 0205177 0439167 0441655 1561536 0026882 1516077 0392756 0205177 0439167 0441655 1561536
 1511726 3245479 0179400 0205145 1515974 1533124 2825164 3537453 0205224 0205145 1515974 2825164 0205681
 1552616 1706244 0205396 1550043 1551388 0599780 0013879 0013879 1705248 0205177 0439167 0441655 1514873 1561536
 0019868 0668894 0684224 0700287 3496591 0668894 0069115 0003320 0332281 0521447 0086860 1299582 1148575 0243122 1145667 1167622 0668894 0332255 1708096
 0678226 0449851 1299586 3146286 0430420 0949632 0005507 0243073 0333051 0425245 0449580 1510438 2347509 0013855 0205091 1552822 0175566 0332149 1705910 2362652 0668894 0069115 0003320 0332281 0521447 1709313 0014644 3641847 0042776 0319157 1396851 0040649 1518422 0332158 0337611 1705415 0012854 0450382
 1883351 0024779 1706473 1880389 1883221 3541951 1514873 1883351 1515877 1879547 1564139 0596988 0032136 0332256 2700400
 0349966 1337208
 0450365 1706097 0596988 0332256 2700400 1880274 0745777 0085732
 1979874 0596988 0332256 2700400 1880274 0333118 1880389 1883221 3541951
 1511726 3245479 1705535 1880389 1883221 3541951
 1301820 1511726 3245479 1524063 0205436 0457385 0565930 1561503 1705190 0036849 0596988 1442518 1705195 1880274 1880389 1883221 3541951 1511726 3245479 1518422 1547282
 0449911 0333052 2607870 0557702 1272706 1704674 0557702 1272706 1704674 0349966 1337208
 0439086 2827736 2981702
 1283195
 0681494 0332256 2700400 0596988 0668894 0449205 1538613 1552738

 2347469 1151115 0205177 0439167 0441655 1561536 0040669 0599566 0086022 0442335 0599566 0086022 0185117 0442335 1705099 1880497
 0949466 1882495 0005863 1514534 0002778 0936012 1524024 1705493
 2936239 0007634 3282337 0012854 0020498 0439175 0439267 0439810
 0007592 2828366 1521827 0033727 0369286 0441932 0564385 0600209 1538569 0017243 0086972 0439182 0443299 0687118 0812409 1382104 1704732
 0185117 0442726 1511790 1524063 0312586 1979003 0003241 0021027 2827734 2981698 0079240 1948037 0668894 0069115 0003320 0332281 0521447
 0668894 0069115 0449568 0003320 0332281 0521447 0332256 2700400 0001128 0202406 0205099 0205341 1547730 1705914 1879652 1880389 1883221 3541951 0439175 0439810 1444754 1706316 1235746 1882141 0596988 0668894 0069115 1883559 0449568 0003320 0332281 0332307 0445392 0521447 1547052 0332256 2700400 0205166 1706317 0205341 0439175 0439810 1235746 1444754 1547730 1705914 1706316 1882141
 0073187 1151115 0205177 0439167 0441655 1561536 0040669 0599566 0086022 0442335 0599566 0086022 0185117 0442335 1705099 1880497 0032136 0332256 2700400 0205453 0039551 0205088 0205341 0376526 0439751 0444667 1705314 1705315 1705914 1948062 0004793 0086860 0162326 0162327 1519249 1854336 3273620
 1707156 3274014 3541345 1882932 1151115 0205177 0439167 0441655 1561536 0013682 0040669 1882115 1150051 0205177 0439167 0441655 1561536
 2603362 0743559 1444656 1608199 1707156 3274014 3541345
 1883351 0521093 0750484 1456348 0185117 0884358 0949466 0005863 0002778 0936012 1524024 1705493 1524063 0020960 0450366
 0596988 0040669 0040704 0205374 0232902 0456389 1517001
 0668894 0069115 0449568 0003320 0332281 0521447 0332256 2700400 0205341 1705914 0439175 0439810 1444754 1706316 1235746 1882141 0596988 0668894 0069115 1883559 0449568 0003320 0332281 0332307 0445392 0521447 1547052 0332256 2700400 0205166 1706317 0205341 0439175 0439810 1235746 1444754 1547730 1705914 1706316 1882141
 1883351 0521093 0750484 1456348 1292719 1148673 0012854 0243122 1145667 1167622 0032136 0332256 2700400 0205453 0668894 0221114 0005456 0069115 0682969 1148575 2945843 0003320 0205145 0243122 0332281 0521447 1145667 1167622 1515974 1948062 2825164 0017446 0205147 0086860

 1547282 0028589 0949374 0033684 0668894 0332297 1145667 1167622 1689898 2349209 0039551 0013879 0205088 0205341 1705248 1705314 1705315 1705914 1947931 0335038 0449255 0542559 1522485 1705915 1709908 2827421 1148575 0243122 1145667 1167622 0668894 0038975 0040649 0086860 0205117 0221103 0301625 0439181 0439860 0442821 0728721 1274040 1546471 2825142
 0349966 1337208 1547282
 0032136 1707271 0312905 0312907 0017446 0205088 0205147 1705314 1705315 1547282 0221103 0301625 0439181 0728721 0596988 1518422
 0596988 0668894 2698977 0221114 0005456 0682969 1148575 0205145 0243122 1145667 1167622 1515974 2825164 1880389 1883221 3541951
 0028589 0949374 0033684 0668894 0179400 0205224 1145667 1167622 1514562 1533124 3537453 1292732 1149367 0243122 1145667 1167622 0005456 0682969 0179400 0205145 0205224 0243122 1145667 1167622 1515974 1533124 2825164 3537453 0884358 0949632 0005507 0243073 0333051 0425245 0449580 1510438 2347509 0013855
 2246376 0058610 1180347 1523872 0012854 0033684 1704241 1704241 2347469 0073187 0016327 0439133 1553038 0007634 1441672 3282337 1524063 0028953 0332256 2700400 0005456 0682969 0205145 0243122 1145667 1167622 1515974 2825164 0349966 1337208
 1265611 0205216 1704241
 1711239 0439855 1704241 2347469 0392747 0443172 0456389 0750492 1882932 1704241 0349966 1337208 1708639
 1979886 1518422 0243122 1145667 1167622 0349966 1337208 1708639
 0681814 1518422 1704241 0349966 1337208 1708639
 1883712 0175723 0439645 1521913 0349966 1337208 1708639 0205392 1704241 3540770 0332256 2700400 0668894 0069115 0003320 0332281 0521447
 1883676 0243148 0439178 1446409 1514241 1550141 1882979 2587213 2825490 3274648 0028953 1439852 2828366 0349966 1337208 1708639
 0442808 1265611 0205216 1704241 0349966 1337208 1708639
 1265611 0232902 0441994 1548802 1704241 2003888 1518422 0439855 1704241 0349966 1337208 1708639 0332290
 1979886 1518422 0439855 1704241 0349966 1337208 1708639
 1883712 1518422 0392747 0443172 1705241 1442158 0449774 0349966 1337208 1708639 1883712 0349966 1337208 1708639
 0449911 0333052 2607870 0557702 1272706 1704674 0557702 1272706 1704674 0349966 1337208

 2266866 0441655 0205681
 1518434 0521447 2828366 0007634 3282337
 0949632 0005507 0017243 0243073 0333051 1382104 1510438 2347509 0332256 2700400 0005456 0682969 0205145 0243122 1145667 1167622 1515974 2825164 0439084 0728893
 0681814 1550369 0012854 0028953 0086045 0442808 0884358 1883712 0017243 1382104 1444656 0949632 0005507 0017243 0243073 0333051 1382104 1510438 2347509 0332256 2700400 0005456 0682969 0205145 0243122 1145667 1167622 1515974 2825164 0439084 0728893
 2246376 1180347 1523872 0033684 1704241 0282413 0439267 1708632 0205090
 0369773 2603361 0182400 1704681 2347609 3536729
 1708639 0182400 1704681 2347609 3536729 0205171 1720467
 1514562 0036572 0424576 2349186 0439267
 0392366 0312905 0312907 1707271 0205088 0332255 1705314 1705315 1708096 0205309 1883351 0039551 0205088 0205341 1145667 1167622 1705314 1705315 1705914 0085732 1299581 1145667 1167622 0013879 1705248
 0349966 1337208 1547282
 0439084 0728893 0949632 0005507 0243073 0333051 0425245 0449580 1510438 2347509 0013855 0182400 1524063 1704681 2347609 3536729 0013879 1705248 0013879 1705248
 1704241 0349966 1337208
 0205379 0349966 1337208 0441833 1708639 1999270 3537156
 0182400 0332462 1704681 1880834 1979886 2347609 3536729 0349966 1337208 0441833 1708639 1999270 3537156 1518422 1979886 0349966 1337208 0441833 1708639 1999270 3537156
 0668894 0333051 2347509 1553637 1708639 0182400 1704681 2347609 3536729 1708639
 1979874 0333051 0182400 1704681 2347609 3536729 1708639 1518422 0182400 1704681 2347609 3536729 1553637 1708639
 0028589 0949374 0033684 0668894 0005456 0682969 0179400 0205145 0205224 0243122 1145667 1167622 1515974 1533124 2825164 3537453 0086860 1518422 0205145 1515974 2825164 1518422 1145667 1167622
 0205145 1515974 2825164 1145667 1167622 0086282 0521116 1261322 1552578
 0449911 0333052 2607870 0557702 1272706 1704674 0557702 1272706 1704674 0349966 1337208
 0439084 0728893
 0668894 1145667 1167622
 1518434 0521447 2828366 0007634 3282337
 0949632 0005507 0017243 0243073 0333051 1382104 1510438 2347509 0439084 0728893
 1708639 0182400 1704681 2347609 3536729 0205171 1720467
 1708639 0182400 1704681 2347609 3536729
 1708639 0182400 1704681 2347609 3536729 0182400 1704681 2347609 3536729
 1708639 0182400 1704681 2347609 3536729 0182400 1704681 2347609 3536729
 1708639 0182400 1704681 2347609 3536729
 1708639 0182400 1704681 2347609 3536729
 2347469 0949632 0005507 0017243 0243073 0333051 1382104 1510438 2347509 0439084 0728893
 1708639 0182400 1704681 2347609 3536729 0205171 1720467
 1708639 0182400 1704681 2347609 3536729
 1708639 0182400 1704681 2347609 3536729 0182400 1704681 2347609 3536729
 1708639 0182400 1704681 2347609 3536729 0182400 1704681 2347609 3536729
 1708639 0182400 1704681 2347609 3536729
 1708639 0182400 1704681 2347609 3536729
 1883351 0022885 0039593 0392366 1510827 0039551 0205088 0205341 1705314 1705315 1705914 1947931 0884358 0681814
 1265611 0039551 0205088 0205341 1705314 1705315 1705914 0182400 1704681 2347609 3536729 1273517 1883351 0182400 1704681 2347609 3536729 1553638 0039551 0205088 0205341 1705314 1705315 1705914 0182400 1704681 2347609 3536729 0182400 1704681 2347609 3536729
 0205145 1515974 2825164 1518422 0039551 0205088 0205145 0205341 1515974 1705314 1705315 1705914 2825164 0205145 1515974 2825164 0039551 0205145 1515974 1515981 2825164 1553638 1705535 0205145 1515974 2825164 0039551 1510827 0205145
 0182400 1704681 2347609 3536729 1518422 0182400 0205449
 0028953 1518422 0205145 0007634 3282337 0012634 0348080 1705253 1273517 0205145 1705242
 0449911 0333052 2607870 0557702 1272706 1704674 0557702 1272706 1704674 0349966 1337208

 0312564 0679932 0039551 0205088 0205341 1705314 1705315 1705914 1515981
 1518434 0521447 2828366 0007634 3282337
 0949632 0005507 0017243 0243073 0333051 1382104 1510438 2347509
 1708639 0182400 1704681 2347609 3536729 0205171 1720467
 1708639 0182400 1704681 2347609 3536729
 1708639 0182400 1704681 2347609 3536729 1265611
 1708639 0182400 1704681 2347609 3536729 1265611
 1708639 0182400 1704681 2347609 3536729 1265611 0182400 1704681 2347609 3536729
 1708639 0182400 1704681 2347609 3536729 1265611
 2347469 0949632 0005507 0017243 0243073 0333051 1382104 1510438 2347509
 1708639 0182400 1704681 2347609 3536729 0205171 1720467
 1708639 0182400 1704681 2347609 3536729
 1708639 0182400 1704681 2347609 3536729 1265611
 1708639 0182400 1704681 2347609 3536729 1265611
 1708639 0182400 1704681 2347609 3536729 1265611 0182400 1704681 2347609 3536729
 1708639 0182400 1704681 2347609 3536729 1265611
 0949632 0005507 0017243 0243073 0333051 1382104 1510438 2347509 1708639 0182400 1704681 2347609 3536729 0205171 1720467
 1708639 0182400 1704681 2347609 3536729
 1708639 0182400 1704681 2347609 3536729 1265611
 1708639 0182400 1704681 2347609 3536729 1265611
 1708639 0182400 1704681 2347609 3536729 1265611 0182400 1704681 2347609 3536729
 1708639 0182400 1704681 2347609 3536729 1265611
 0907680 0001126 1419304 1428415 0018790 0237477 0392351 0521111 0206256 0033684 1704222 0017337 1514468 1704444 0907680 0001126 1419304 1428415 0032214 0600138 0035820 1705810
 0001126 1419304 1428415 0086860 0185027 1948020 0668894 0069115 0003320 0332281 0521447 0600680 1420099 1540171
 1514583 1705535 1512571 0079941 0080089 0034754 0175566 0180979 1705179 1705858 1314939
 0668894 0069115 0003320 0332281 0521447 0668894 0069115 0003320 0332281 0521447 0035696 1518422 0205263 0871261 1704632 1706817 2911692 0032143 0079941 0080089 0001126 0034754 0175566 0180979 1419304 1428415 1705179 1705858 0740116 2827735 2981700 0001126 1419304 1428415 0311403
 1883351 0022885 0039593 0392366 1512571 0599566 0086022 0442335 1705099 0599566 1514152 0086022 0442335 1705099 0332256 2700400 0596988 2936239 0007634 3282337
 0349966 1337208 1547282
 1571602 0185117 0392756 0205177 0439167 0441655 1561536 0023882 0700321 2700395
 0035143 1518422 0034987 0033413 0017446 0024779 0086860 0205147 0220905 1504308 1704735 1706473 1705535 0001126 1419304 1428415 0079941 0086860 1521761 2827422
 0349966 1337208
 0521093 0750484 1171362 0185117 0205245 0542341 2700217 0586739 0085732 1704788 3539106
 0449911 0333052 2607870 0557702 1272706 1704674 0557702 1272706 1704674 0349966 1337208

 0021467 0021469 1628982 3463820 0079941 0080089 0034754 0175566 0180979 1705179 1705858
 1151115 0205177 0439167 0441655 1561536 0599566 0086022 0442335 1705099 0599566 1514152 0086022 0442335 1705099 0332256 2700400 0017446 0205147
 3539879 0032136 0017446 0205147
 2347469 1151115 0205177 0439167 0441655 1561536 0599566 0086022 0442335 1705099 0599566 1514152 0086022 0442335 1705099
 0682972 0034848 0042736 0597357 0086376 0033684 0439267 1948027
 1707156 3274014 3541345 1882932 1151115 0205177 0439167 0441655 1561536
 0034754 0205177 0439167 0441655 1561536 0080103 0205345 1547039 0185117 0079941 1444656 2347469
 0520510 0557061 2584313 1514811 1706462 0683954 1274040 1546471 2825142 1707455 1442161 1511760 1880274 0009013 1522642

 0034987 0013879 0220905 1704735 0150312 0449450 0450344 1553633
 1707455 0205171 0392148 1720467 0332197 1689985 0600680 1420099 1540171 0668894 0443289 1705241 1705242
 0162326 0205177 0439167 0441655 1561536 1880177 1416886 1442449
 0013879 0086860 0150312 0205224 0205447 1705248 0013879 1705248 1883351 0017446 0205147
 0086860 0012854 0004793 0162326 0162327 1519249 0589507 1158830 1704686
 0205447 0004793 0162326 0162327 0444868 1519249 3539085 1514562 0086860 0080206 0179400 1533124 0013879 1705248 0525032 1704538 0013879 1705248
 0086860 0080206 0179400 1533124 0949639 1158830 0040649 0205145 0589507 1515974 1704686 2825164 0144555 0242210 0599220 0525032 1704538 1273517 0733755 0337076 0035696 0037179 0087136 0205145 0205171 0332152 0589507 1158830 1515974 1522538 1704686 1704788 2825164 3539106 0450385
 0086860 0013879 1705248 0445247 1273517 1285529 0450385
 0013879 1705248 1710137 0525032 1704538 1511545 0086860
 0332290 1547282 0013879 0086860 0522506 1705248 0184512 0439855 1704241 1158830
 0205108 0086860 0086860 0013879 0086860 0522506 1705248 1511726 3245479 0013138 0086860 1028876 1441547 1504613 3245521
 0525032 1704538 0949639 1158830 0040649 0205145 0589507 1515974 1704686 2825164 0150312 0851827 1701901 3244310 0086860 0076919 1337106 0150312 1883351 0332158 0337611 1705415 0525032 1704538 1711351
 1705242
 1518422 0332256 2700400 0525032 1704538 0332290 1955473 1552738
 0150312 0796357 0002778 0936012 1524024 0013879 1705248 0013879 0031843 0542341 0700205 1514873 1705273 0349966 1337208
 0449830 0522498 0086860 0150312 0014644 1517745 0042776 0086860 0205275 0319157 1396851 1979874 0450387 0085862 1299583
 0162801 0002778 0004793 0162326 0162327 0936012 1519249 1524024 0086860 0205171 1720467 0332256 2700400 0013879 1705248 0080206 0179400 1533124 0450355 0332256 2700400 0450382 0332256 2700400 0205447 0450385
 0162340 0205275 0233820 0237881 0750502 0086272 3161035 2987476
 0449830 0349966 1337208 1547282
 1274040 1546471 2825142
 0596988 0013879 1705248 0205177 0439167 0441655 1561536
 0868928 1706255 1706256 0080206 0179400 1533124 0013879 1705248 0205171 0439044 0679994 2699427 0205410 1518422 0184512 0337076
 0012751 0080206 0179400 1533124 0012751 0525032 1704538 0013879 1705248 0525032 1704538 0086860
 0309872 1704675 1148673 0012854 0243122 1145667 1167622 1711351 0332158 0337611 1705415 0868928 1706255 1706256 0205145 1515974 2825164 1514873 1883351 0218063 1710137 1158830 0589507 1704686
 1299582 0243122 1145667 1167622 0349966 1337208 0348086 1442756 1511726 3245479 1518422 1547282 0086282 0243163 0699914 1314650 1561604 1875802 1999230 0031843 0542341 0700205 1705273 0007634 3282337 0668894 0069115 0003320 0332281 0521447 1292711 0449719 1709471 0349966 1337208
 0449911 0333052 2607870 0557702 1272706 1704674 0557702 1272706 1704674 0349966 1337208

 0814675 3161035 1527178 1705938
 0450385
 0012889 0035679 0017360 0032356 1335439
 0144555 0242210 0033684 0243122 1145667 1167622
 0150312 0332256 2700400 0079686 0023401 0453984 1148673 0012854 0017446 0205147 0243122 1145667 1167622
 1979874 0454907 0017446 0205147 0332256 2700400 0205341 1705914 1518422 0040624 1514873 0349966 1337208
 1514873 1514873 1879547 0086860
 0450388 1547282 0596988 0668894 0332256 2700400 0002520 0332268 1707271 0017446 0205088 0205147 1705314 1705315 0085732 1299581 1515877 1879547 0086860 0450388
 1552961 2347617 1518422 1880389 1883221 3541951 0040624 1514873
 0332196 2828389 0668894 0069115 0003320 0205447 0332281 0521447 1880389 1883221 3541951 0027552 0040624 0686904 1711239 1550608
 1706793 0002520 1149341 1148673 1707271 0012854 0017446 0086597 0127400 0205088 0205147 0243122 1145667 1167622 1514873 1705314 1705315 1292719 0031843 0542341 0700205 1705273
 1883712 0002520 1547282 1883351 0014644 0040624 0042776 0319157 1396851 1514873 0668894 0069115 0003320 0332281 0521447 0450389
 1292727 0441712 0086860 1514562 0017446 0205147
 0546816 0851827 1701901 3244310 0028589 0949374 0033684 0668894 0185117 0015744 0557651 0947630 2603343 2911691 0449450 0085104 1521840 2986546 3245505 2963144 0872054 0009450 0205275
 0185027 1948020 0079941 0080089 0034754 0175566 0180979 1705179 1705858 0086860 0206256 0033684 1704222 0017337 0024348 0205253 0205548 0439680 1279919 1514468 1704444 0001126 1419304 1428415 0079941
 0040627 2755756 0007634 0040649 0178539 0182953 1167395 0108685 0597716 0242210 2752241 0033684 0086222 0243122 1145667 1167622 0242210 0033684 0243122 1145667 1167622 1442824 0253050 1367307 0256079 1337090 1530423 0056695 0242210 1149372 0033684 0243122 1145667 1167622 1335840 1548534 1336668 1363844 2931876 0079419 1705526
 0036849 1442518 1705195 0439787 0849355 0022885 0039593 0392366 1512571 0001126 1419304 1428415 0079941
 1704675 1518422 0205263 0376526
 0349966 1337208 1547282
 0034754 0205177 0439167 0441655 1561536 0332462 1880834
 1518422 0392752 0205145 1515974 2825164 0035143 0086597 0127400 1705535 0034754 0205177 0439167 0441655 1561536 0872079 0033684 1704675
 2825232 0010186 0220812 0449719 1709471 0220808 0680264 0007961
 1706852 0522501 1706089 0949214
 0205155 1293097 1522472 1552923 1705191
 0376649 1442065 1511716 0021622 1272753 0041740 0006037
 0282413 0376649 1442065 0475309 1512352 0018684 0028914 0036397 0041740 0205099 0025952 0025953 0085672 0152036 1522005
 0008848 0028914 3262831
 0254343 0796520 3272379

 0085205 1549619 1880669
 0013849 1705961 0024492 1538057 1547565 0059804 0522655 0000723 1273517 3541894 0036220 1261473
 0376526 0376526 0036220 0019369 0206558 0332281 1261473
 1292753 0013687 0024299 0205225 0439631 2317432 1292753 0013687 0024299 0205225 0439631 2317432
 0014644 0042776 0319157 1396851 0014644 0042776 0319157 1396851
 0668894 0069115 0003320 0332281 0521447 0668894 0069115 0003320 0332281 0521447
 0079941 0080089 0034754 0175566 0180979 1705179 1705858 0079941 0080089 0034754 0175566 0180979 1705179 1705858
 0039551 0205088 0205341 1705314 1705315 1705914 0039551 0205088 0205341 1547730 1705314 1705315 1705914
 0056695 3158668 1511573 1148918 0242210 0600508 0013879 0033684 0050063 0243122 0871261 1145667 1167622 1704632 1705248 1706817 2911692
 0086860 0668894
 0013879 1705248 0013879 1705248
 0600680 1420099 1540171 0600680 0017446 0205147
 1235746 1882141 0002520 2917660 0001128 0202406
 0525032 1704538 0013879 1705248
 2347469
 0033727 0369286 0441932 0564385 2347469
 2603362
 0369637 0441923
 0205090 0684010 2603358
 0369773 2603361

 0965991
 2986676 0680022 2347469

 1514811 1706462 0520510 0557061 2584313 1514811 1706462 0369637 0441923
 0016327 0439133 1553038
 0443030 0369773 2603361
 2603362
 0036397 0025141 0443030 0369773 2603361
 0080151

 0369637 0441923
 0369718 0441922 1553036
 1414400


 0439394 1706495 3642217 0369773 2603361 0369773 2603361 1150799 0369637 0441923
 0016327 0439133 1553038
 0369773 2603361 0439394 1706495 3642217 0016327 0439133 1553038
 0005767 0005768 0229664 0369718 0441922 1553036 0369637 0441923
 0445581 2347469 0039725 0039738 1420718 0439267
 0005767 0005768 0229664 0439267
 2603362


 0025141 0443030 0369773 2603361
 2603362
 0439267 0439114
 0205090 0684010 2603358 0369773 2603361



 0965991
 0000857 0600678 1552863 0016327 0439133 1553038
 1553033 2347469




 0450348 0025141 1553033 0205090 0684010 2603358

 0001483
 2347379
 0025141 2347469 0205090 0684010 2603358


 2826298
 0205090 0684010 2603358



 3642273
 0025141 0439394 1706495 3642217
 0369773 2603361 0439267 0205090 0684010 2603358
 2347469 2347469



 1417055

 0000857 0600678 1552863 1828470

 0965991

 0439394 1706495 3642217 0443030 0369637 0441923


 1510966
 2603362

 1417055

 0000857 0600678 1552863 0033727 0369286 0441932 0564385 2347469
 1418943

 0268596 2700624
 3642273

 2603362

 0205090 0684010 2603358 0439114 0205090 0684010 2603358
 0443030 0369773 2603361
 2603362

 0965991
 0016327 0439133 1553038

 0369773 2603361

 0965991
 0369718 0441922 1553036
 0597277 1708601 1553033 0999213 0439394 1706495 3642217 0205090 0684010 2603358 0369773 2603361 2603362

 0965991
 0033727 0369286 0441932 0564385 0024171 0024176 2697939 2603362
 0439394 1706495 3642217


 0965991
 0205090 0684010 2603358
 0439267 1412275 0369637 0441923
 1553033 0369773 2603361

 0965991
 0205090 0684010 2603358 0597277 1708601

 0965991
 0205090 0684010 2603358
 0042762 0205466 0450333 0025141 0597277 1708601
 0597277 1708601 2347469 0033727 0369286 0441932 0564385 0205090 0684010 2603358

 2603360

 0965991
 0450389 0000857 0600678 1552863 1553033 2603360
 0016327 0439133 1553038 0369637 0441923

 0597277 1708601 0325045 1553033
 0439114 0205090 0684010 2603358
 0439114



 2827734 2981698 0025141 1553033 2347469 0443030 0369773 2603361




 0033727 0369286 0441932 0564385 2603360 0207919 2603360
 0042762 0205466 0025141 0369718 0441922 1553036 0325045 1553033 0369773 2603361 0369718 0441922 1553036 0036110 0327949 0459210 0021966 0221138
 0369773 2603361 0205090 0684010 2603358
 0597277 1708601
 1418943

 0268596 2700624
 3642273

 2603362


 0205090 0684010 2603358 0205090 0684010 2603358
 2603362
 0439394 1706495 3642217


 0965991
 2603360
 1553033

 0965991

 0205090 0684010 2603358


 0201682

 0369637 0441923
 0205090 0684010 2603358

 0965991

 1553033 0205090 0684010 2603358

 0965991

 0033727 0369286 0441932 0564385 0205090 0684010 2603358

 1315013

 0369773 2603361 1553033 0331929 0205090 0684010 2603358
 2603362



 0965991
 2827734 2981698 0025141 0439394 1706495 3642217 0439267
 0439267
 0205090 0684010 2603358 0205090 0684010 2603358 2603362
 0033727 0369286 0441932 0564385
 0443030 0369773 2603361
 2603360
 0016327 0439133 1553038

 0965991
 0450389 0000857 0600678 1552863 0443030 0369773 2603361





 0450348 0450385 0450389 0025141 0369637 0441923
 0369773 2603361
 0597277 1708601
 0369637 0441923
 0036397 0369637 0441923
 0205436
 2603362
 0042762 0205466 0025141 0439394 1706495 3642217 0233926 1553033 0597277 1708601 0597277 1708601 0369773 2603361 0439267

 1704351 2239486
 0965991
 2603362
 0369773 2603361


 0025141
 0369637 0441923

 2603362


 0201682
 1708595 3280986 0369637 0441923
 0439114 0439267

 0349590 1262865 0025141 0449205 1538613 1553033


 0201682
 0449205 1538613 1553033 0033727 0369286 0441932 0564385

 1704351 2239486
 0965991
 0332239
 2347469 0439267 2603362


 0965991
 0439267
 0439267
 0205090 0684010 2603358 2603360
 0016327 0439133 1553038

 0965991
 2603362
 0205090 0684010 2603358
 0369773 2603361
 0042762 0205466 0025141 0205090 0684010 2603358
 0443030 0369773 2603361


 0965991
 0961433 1826563

 0965991
 0999213 0597277 1708601 2603360 1553033 0597277 1708601
 1418943

 0268596 2700624
 3642273

 2603362


 0033727 0369286 0441932 0564385 0205090 0684010 2603358 0994524 0994955

 0369773 2603361

 0965991
 2603360

 2603360

 2603360

 2603360

 0000857 0600678 1552863 2603362
 2603360
 2603360

 2347961

 0025141 0205090 0684010 2603358 1553033 0369718 0441922 1553036 0678579 0369773 2603361

 0965991

 0205090 0684010 2603358 0205090 0684010 2603358
 0369773 2603361 0369637 0441923
 0369637 0441923
 0439394 1706495 3642217 0205090 0684010 2603358
 0033727 0369286 0441932 0564385
 0349590 1262865 0025141 0439267

 0025141

 0205090 0684010 2603358

 0965991
 0439394 1706495 3642217 1553033 0402830 0439267

 0965991
 0016327 0439133 1553038
 2603360

 0965991
 0402830 0439267 0439394 1706495 3642217 0439394 1706495 3642217 0038817 0376223 0205090 0684010 2603358


 0965991
 0450389 0000857 0600678 1552863 0038817 0376223 0205090 0684010 2603358 0861352 2603362
 0016327 0439133 1553038 0439394 1706495 3642217 0016327 0439133 1553038 0402830 0439267
 1418943

 0268596 2700624
 3642273

 2603362


 1418943

 0268596 2700624
 3642273

 2603362

 0033727 0369286 0441932 0564385
 0439267 0369773 2603361 0439267

 0205090 0684010 2603358
 1553033 0369637 0441923
 1708595 3280986
 0042762 0205466 0025141 0402644

 2603360


 2603360



 0740116 2827735 2981700 0025141
 0597277 1708601
 2603360
 0027960 0324740 0439189 1456781 1824986
 0007634 1269647 1704653 1948049

 0439394 1706495 3642217

 1553033 0021966 0221138
 0597277 1708601 0370003 2347026

 0965991
 0450389 0000857 0600678 1552863 1553033 1706917 0370003 2347026

 0965991
 0000857 0600678 1552863
 0597277 1708601 0369637 0441923
 1553033
 2603362

 0965991
 0449205 1538613 1553033 0033727 0369286 0441932 0564385

 0965991
 1413165
 0597277 1708601 0597277 1708601 0439394 1706495 3642217 2603360
 0016327 0439133 1553038

 0965991
 1431628 0016327 0439133 1553038

 0999213 0033727 0369286 0441932 0564385 1553033 1553033 0999213 1708639 0369637 0441923
 0439267
 2603362
 1418943

 0268596 2700624
 3642273

 2603362

 2603362
 1431628 0016327 0439133 1553038
 2603362
 0439267
 2603362

 0965991
 0025141 0439394 1706495 3642217 0861352


 0025141 0597277 1708601 0999213 2603360 0597277 1708601

 0965991
 0449205 1538613 1553033 1555430

 0033727 0369286 0441932 0564385


 0201682
 0033727 0369286 0441932 0564385 0449205 1538613 1553033

 0965991
 0033727 0369286 0441932 0564385
 0033727 0369286 0441932 0564385 2603362
 0033727 0369286 0441932 0564385 0205090 0684010 2603358
 0439267

 0027960 0324740 0439189 1456781 1824986
 0007634 1269647 1704653 1948049

 0450348 1431628 0369637 0441923
 0033727 0369286 0441932 0564385 0043217

 0965991
 0033727 0369286 0441932 0564385 0449205 1538613 1553033



 0965991
 0021966 0221138
 0402830



 2603362
 1418943

 0268596 2700624
 3642273

 2603362


 0205090 0684010 2603358
 0369637 0441923
 0999213
 0369773 2603361 0021966 0221138
 0443030 0369773 2603361
 2603362
 1418943

 0268596 2700624
 3642273

 2603362

 0449205 1538613 1553033 2603360 1553033


 0201682
 0021966 0221138

 2603362


 0201682
