 0032529 0015502 1333523 0005789 0005778 0441509 0445385 1328723 1521761 2827422 0015259 0040607 0220931 0392747 0443172 1522704 1705241 2673163


 2827734 2981698 0369637 0441923
 0024858 0041740 0557806 0562547 3160718 0024858
 0036382 0870614 0036370 0557800 0036375 0588053 1547183 0030853 1515023 0000857 0025663 0025664 0205088 0348078 0376315 0449851 0557061 0600678 1272684 1522492 1546485 1548435 1552863 1704458 2584313 1514811 1706462 1516048 1280500 0032529 1278073 0023779 0427593 0015502 1333523 0392747 0441889 0443172 0445385 0456079 1521761 1547707 1705241 2827422 2946261 0015259 0040607 0220931 0392747 0443172 1522704 1705241 2673163 0444598 0549183 1552826 0025266 0043210
 0025266 0043210 0242970 0301585 1550569 0012155 0184512 0205251 0424612 1299352 1442959 1519433 1550472 2983588 1883708 0039593 0392366 3538743 0039593 0392366
 0427593 0441889 0015259 0040607 0205216 0220931 0392756 0442797 1522704 2673163 0369773 2603361
 1705241 1705242 0015259 0040607 0220931 0392747 0443172 1522704 1705241 2673163 0018591 0439267 0441833 0687744 1257890 1552516 1552839 1705428 1705429
 0015502 1333523 0040607 0220931 0392747 0443172 1705241 2673163 1518422 0392747 0443172 1707520 1278073 0023779
 0034980 0002778 0936012 1524024 0023733 2346679 0015502 1333523 0040607 0220931 0237881 0392747 0443172 0750502 1546944 1705241 2673163 0392747 0443172 0369773 2603361
 0015502 1333523 0445385 1521761 2827422 0040607 0220931 0392747 0443172 1705241 2673163 0003595 0332281 0003591 0017431 0450301 0369773 2603361
 0439849 1705630 1706279 3540605 0392747 0443172 0369773 2603361
 0015502 1333523 0445385 1521761 2827422 0040607 0220931 0392747 0443172 1705241 2673163 0332281 1523141 0001473 0017431 0086418 0243122 0450240 1145667 1167622 1706210 1706373 0450304 0369773 2603361
 0439849 1705630 1706279 3540605 0000938 1280500 2348382 0392747 0443172 0369773 2603361
 0917903 0015259 0040607 0220931 0392747 0443172 1522704 1705241 2673163 0205172 0017431 0023779 0439849 0445223 1278073 0023779
 0018591
 1521761 2827422 0221198 0333482 0589507 1158830 1279919 1314939 1704686
 1521761 2827422 0011389 0018270 0220844 0242656 0332461 0333463 0449258 1621966 1880177 2911660 2827664 0023175 0205210 0441471 1442948 1522538 2348269 3275067 3541888 0398623 1301808 1442792 3148680 0150312 0449450 1881712 3203359
 0015502 1333523 0445385 1521761 2827422 0015502 1333523 0445385 1521761 2827422 0032214 0600138 0035820 1705810 1704241 0597357 0040048 1333522 0040300 1521761 1547928 2827422 0332234 0391871 1283071 0264956 0011389 0332461 0333463
 1707310 1160611 0005778 0005767 0005768 0205101 0205309 0229664 0441509 0595947 1328723 1704259 1705987 1883351 1880177 0040018 0079411 0205178 3146294
 1518422 0947630 0150312 0004083 0439849 0596306 0699792 1320716 0441471 3541888 0007222 0450348 0439509
 0015259 0040607 0220931 1522704 2673163 0332281 0301630 0392756 0441610 0026565 0026566 0026538 0220880 1825598 1518422 0205197 2986669
 0010362 0552389 0205155 0947630 2828360 2963144 0026606 0683317 0031809 0205177 0205485 0439167 0441655 0441889 1509143 1561536 0427593 0015502 0332281 1333523 0032105 0441889 0441994 0445385 1521761 1548802 1550098 2003888 2827422
 0683954 1274040 1546471 2825142 0332241
 1707689 2983265 1705241 1705242 0023981 0205127 0947630 0332268 0332529 1547017 1880177 1274040 1546471 2825142
 0205437 0205447 0332232 1711260 2348152 0427593 0441889 0678226 0017296 0314603 3146286 1521761 2827422
 0032529 1708726 0439267 0750591 0443264 0040649 0032120 0036825 0427593 0428479 0033684 0441889
 0205309 0205419 0001721 0427593 0441889
 0332149 1705910 2362652 0205419 0001721 1154577 0424540 0542478 0871261
 0205419 0001721 2265833 1547597 0871261 1704632 1706817 2911692 0009647 0034936
 0332120 1301725 0439849 0583325 1278073 0428460 0023779 0023820 0441889
 1979963 2003903 1278073 0419120 3242272 0015259 0040607 0184511 0220931 0332272 0518031 1522704 1561611 2598169 2673163 1883351 1516048 1280500 2348382 0392747 0443172 0392747 0443172 0427593 0441889 0015259 0040607 0220931 1522704 2673163
 0025320 0392747 0443172 0332281 0017431 0023779 0205214 0439849 0445223 1522138 1882417 3245511 0004083 1518422 0332120 1280500 2986411 1979963 2003903 1278073
 1514811 1706462 0027361 0237401 0021823 0021822 0039457 0935630 1515258 1705541 1516048 0013893
 1512693 0243161 0332257 3538986 0332282 0439234 0337672 0425293 0205254 0702093 0332174 0439230 0005893 1305855 0518010 0242821 0460148 0577559 0918012 1268086 1306372 1552854 1637833 3152252 0456689 0457242 0015780 0043210 0086287 1705497 1705498 0206159 0439234
 0043210 0549178 0444917 0039798 0087111 1363945
 0282402 0279033 0279025 0019932 0035139 0039798 0087111 0559956 1363945 1518422 1555302 0449238 2926735 0557651 2603343
 0043210 0282402 0279033 0279025 0019932 0035139 0039798 0087111 0559956 1363945 1518422 1555302 0043210 0282402 0279033 0279025 0019932 0035139 0039798 0087111 0559956 1363945 1555302 0444868 3539085 0453882 0014939 2936882 0033308 2757070
 1883712 1524063 0240320 0042153 0457083 1947944 0392760 1314939 0023779 0596620 0025519 0025520 0243161
 0681850 1550501 1706203 2349001 2697811 0556656 0243161 0086960 0205539 0220908 0220909 1571999 1698960 1710031 1710477 0545082 1512346 2826704 1883351 0013893
 0086911 0282443 0972401 1552617 1948070 0205540 0557651 2603343
 0545082 1512346 2826704 0455458 0019664 0019665 0262512 0262926 1705255 2004062 0034394 1706422 0026606 0205197 0681850 1550501 1706203 2349001 2697811 0282443 1709940 1883351 1711411 1533716 0039457 0220908 0220909 1301820 1515258 1698960 1705541 1710031 1710477
 1522634 2699424 0557651 2603343 0376649 1442065 0681850 1550501 1706203 2349001 2697811 1999230 0021430 1511481 1522154 1554192 0557651 2603343
 0489786 0005910 0043100 1305866 1705104 0444706 3541902 1883351 1711411 0005893 1305855 0518010 0242821 0460148 0577559 0918012 1268086 1306372 1552854 1637833 3152252 0456689 0457242
 0005767 0005768 0229664 0370003 2347026 1516695 1516698 1883351 0370215 1875400 0012854
 0545082 1512346 2826704 0005834 0190979 1261322 1516048
 0205171 1720467 0015663 0017725 0681850 1550501 1550565 1706203 2349001 2697811 0439269 3642216 0017725 0376674 0439269 3642216 0018684 0031206 0005774 1254572 0005767 0005768 0007996 0079107 0201682 0229664 0441833 1527178 1705938 1999270 3537156 1282513 0201950 0428466 0543421 0008377 0439175 0439810 0441889 0456079 1547707 2946261 0439269 3642216 0023822 0392885 0008377 0439269 3642216 0549178 1883351 0679823 0557651 2603343
 0545082 1512346 2826704 1883351 0218063 0681850 1550501 1706203 2349001 2697811 0332296 1880497 1996904 0024115 0012634 0024109 2707265 2709248 0012634 0348080 1705253 0138547 1545449 0679823
 0681850 1550501 1706203 2349001 2697811 0015260 0018941 0087110 0449876 0994779 1706969 0015259 0022885 0039593 0184069 0392366 1522704 2712999 0018810 0018787 0871208 1281570 1521828 0180580 0150369 1516647
 0022885 0039593 0392366 0392674 0439655 1553404 2348570 2979880 0220912 0220913 0311392 0476270 0683368 1457887
 0681850 1550501 1706203 2349001 2697811 0015272 0220912 0220913 0311392 0476270 0683368 1457887 0557651 1554077 2603343 2828389
 0220908 0220909 1698960 1710031 1710477 0681850 1550501 1706203 2349001 2697811 1709697 2728259 3484370 0002458 1301776 0225810 0004083 0012155 0018787 0439849 0596070 0596306 0699792 1261552 1281570 1442959 1519433 1527178 1704379 1705117 1705938 2825408 2983588 0439084 0728893
 0681850 1550501 1706203 2349001 2697811 1314677 0012155 1442959 1519433 2983588
 1883351 0030695 0150369 0181904 0596972 1521743 1704646 0012155 1442959 1519433 2983588 0034869 1548330 1553414 1521801 1831738 0015259 0886296 1273869 1515981 1522704 1948041 1301746 1547673 0525059 1510802
 0205197 1293130 0681850 1550501 1706203 2349001 2697811 0168634 1442488 0022885 0039593 0392366 0178913 0444263 0370003 2347026 0427593 0441889 1979963 2003903 1278073 1305742 0523806 0242485
 0178913 0370003 2347026 0332170 1516695 1516698 0015663 0033727 0369286 0439583 0441932 0456962 0564385
 1883351 1280500 2348382 0427593 0441889 0178913 0370003 2347026 0013113
 1883351 0005767 0005768 0229664 0013113 0681850 1550501 1706203 2349001 2697811 1883351 0332296 1880497 1996904 0332174 0439230
 0005767 0005768 0229664 0190979 0600406 1516695 1516698 1548758 1524063 0179479 0006496 0027551 1704318 1882041
 0179479 0006496 0027551 1704318 1882041 0003280 0008857 0175730 0332256 0376259 0848112 1547937 1561954 1704730 1883522 2700400 3536711 2986575
 0439526
 1516698 1704814 0175730 1547937 1561954 1704730 0040223 1632851 0218063 0205430 0003280 0848112 3536711
 0005767 0005768 0229664 0336633 0032167 0175730 0348011 1547937 1561954 1704730 0702093 1516698 1704814 0582523 0179834 0702093 0450376
 0007703 0032105 1550098 0086972 0443299 0687118 1510844 1698986
 0444706 3541902 0683150 0086045 1301808 1442792 3148680 0449913 1553451 1704459 0427593 0441889 0237284 0205342 1518422 0079809 1879489 0441471 3541888 0005778 0441509 1328723
 0427593 0441889 0936012 1524063 0445385 0016674
 0370003 2347026 0040607 0220931 1515981 2673163 0681850 1550501 1706203 2349001 2697811 0035953 0600140 1704688 2346414 0005971 1139930 3537155 0005971 1139930 3537155 0869040 0557651 1273517 2603343 0033268 0445247 1115660 1518000 1710198
 0347985 0681921 0205419 1707429 2827734 2981698 0740116 2827735 2981700
 1285573 0439267 0032529 0884358 0557775 1552738
 0441704 0872404 0884358 1552738

 0332307 1547052 0032529 1882417 0009219 0017797 0805701 0919279 1555721 1706204 0003765 0733755 0600499 1880389 1883221 3541951 0015295
 1517001 0444868 3539085 0681850 1550501 1706203 2349001 2697811 0019904 0205419 1518422 0750591 0871424 0038215 1517331 0002778
 0032529 0332307 1547052 1524063 0025664 0449851 0003595 0003591 0535163 0439070 1705160 0740116 2827735 2981700 0439086 2827736 2981702 0596690 1416867 2262011 0023764 0205054 1416870 0023764 0302523 0700325 3244290 1523141 0001473 0086418 0243122 0450240 1145667 1167622 1706210 1706373 1173118 1333525 0060095 0684153 1148641 0015684 0242210 0001128 0033684 0202406 0243122 1145667 1167622 2827734 2981698 0055538 1144465 0008387 0014898 0033684 0040671 1705822 0021760 1334122 2983957 0020898 0021764 0022271
 0205419 0332307 1547052 1821461 0439849 1705630 1706279 3540605 0427593 0441889 0237753 0449788 0150312 1883351 0332281 0598783 1517898 0023779 0025519 0025520 0205419 0439849 0445223
 1285573 0020124 0587466 0017398 0017399 0086418 0884358 1704729 0041740 3541314 1293097 2919030 2919031 0011847 0011849 0028707 0392209 1442959 0036375 0004716
 0583325 1278073 0428460 0023779 0023820 0441889 0178913 2348149 0005767 0005768 0229664 0444706 3541902 0429854 0015663 0439583 0456962 0013113
 0936012 1524063 1552406 3242770 0151339 0022877 3244292
 0583325 1278073 0428460 0023779 0023820 0441889 1882932 1510992 2825518 0439228 1705242 0013113
 0184069 0392747 0442711 0444706 1507394 1522729 2348563 2712999 3541902
 0687712 1273517 1883351 0184069 2712999 0678536 0449265 0018810 0018787 0444505 0871208 1281570 1521828 0871311 0087110 0015260 0015259 0022885 0039593 0184069 0392366 1522704 2712999
 0678536 0022885 0039593 0392366 0439751 0444667 1273517
 0702093 0015259 1522704 0441800 0919553 3244287 0205217 0442805
 0441800 0919553 3244287 1883708 0205217 0442805 0740116 2827735 2981700 0702093 1299582 0678226 0392674 0549178 3146286 0022885 0039593 0392366 0031831 0804815 1553404 2348570
 0009830 0030054 1947907 0022885 0039593 0392366 0444706 3541902
 0750591 1883351 0243161
 0040607 1709697 2728259 3484370 0518031 2598169 0332529 0015259 1522704 0456698 0040223 1632851 3538743 0038842 1273870 2985653 0024752 0700103 1527117
 0332174 0439230 0681850 1550501 1706203 2349001 2697811 0702093 0015259 1522704
 0522510 0449238 2926735 0205217 0442805 0037640 0681850 1550501 1706203 2349001 2697811 0439509 0702093 0015259 1522704 3538743 0040607 0220931 2673163
 0522510 0199637 0018810 0336646 0013850 0018787 0181904 0871208 1281570 1521828 1547561 0030695 0150369 0596972 1521743 1704646
 0332174 0439230 0015259 1522704 0681850 1550501 1706203 2349001 2697811 1524062 0741605 0680190 0557651 2603343
 0205197 3538743 0681850 1550501 1706203 2349001 2697811 0205341 2825856 0242485 1979963 2003903 1278073
 1883351 1280500 0178913 0370003 2347026 0013113 0033727 0369286 0441932 0564385
 1511726 3245479 0449450 1704970
 0392747 0443172 0025320 0428460 0023779 0023820 0441889 1707455 1524063 1709451 0022885 0392366
 0681884 1519021 1706465 1521970 0427593 0441889 0017431 1707455 0015502 1333523 0205449 0441833 0445385 0687744 1257890 1521761 1552516 1552839 1705428 1705429 2827422 1708726 1524063
 0392747 0443172 0015259 0040607 0220931 1522704 2673163 0086860 0015502 1333523 0017431 0441833 0687744 1257890 1552516 1552839 1705428 1705429 0007294 1707455 2986416 1524063
 0023732 3161035 1273517 1883351 1516048 2827734 2981698 1280500 2348382 0427593 0441889 0392747 0443172 0583325 1278073 0428460 0023779 0023820 0441889 0740116 2827735 2981700 1280500 2348382 0427593 0441889 0456079 1547707 2946261 0015259 0040607 0220931 0392747 0443172 1522704 1705241 2673163 1515981 0392747 0443172 1278073 0023779
 0004083 0583325 1278073 0428460 0023779 0023820 0441889 0005893 1305855 0518010 0242821 0460148 0577559 0918012 1268086 1306372 1552854 1637833 3152252 0444706 3541902
 0750591 0237881
 0025664 0184661 2700391 0037585 0936012 0008044 0020898 0021764 0022271
 1514811 1706462 0681850 1550501 1706203 2349001 2697811 0205197 1831738 0886296 1273869 1948041
 0699810 1705241 1705242 0005910 1305866 0043100 0242821 0460148 1268086 1705104 0005893 1305855 0518010 0242821 0460148 0577559 0918012 1268086 1306372 1552854 1637833 3152252 0043210 0039224 1706073 1706074
 1517001 0025266 0043210
 1705241 1705242 0079399 0804628 1522384
 0449911 0039224 1706073 1706074 0557702 1272706 1704674 0557702 1272706 1704674 0039224 1706073 1706074
 1521970 0681850 1550501 1706203 2349001 2697811 1831738 0886296 1273869 1948041 0442805 1274040 1546471 2825142 0030054 0450355 0369773 2603361 1301725 0234402 0040607 0015259 0220931 1522704 1709697 1999230 2673163 2728259 3484370
 1883712 0005910 1305866 0043100 0242821 0460148 1268086 1705104 0005893 1305855 0518010 0242821 0460148 0577559 0918012 1268086 1306372 1552854 1637833 3152252 0205216 0392756 0442797 0015259 0040607 0220931 1522704 2673163 3258257 0032659 1257890 0022718 0439209 0456689 0457242 0369773 2603361
 0427593 0441889 0205216 0392756 0442797 0369773 2603361 3538743 0419120 0015259 0040607 0220931 1522704 2673163
 0025320 0392747 0443172 0040607 0220931 2673163 1518422 0079399 0392760 0804628 1314939 1522384
 0043210 0427593 0441889 1705242 0282402 0279033 0279025 0019932 0035139 0039798 0087111 0559956 1363945 1518422 1555302 0369718 0441922 1553036 0369773 2603361
 0015259 0040607 0220931 1522704 2673163 1521798 2984079 0442821 1705241 1705242 0427593 0441889 0043210 0282402 0279033 0279025 0019932 0035139 0039798 0087111 0559956 1363945 1518422 1555302 0369773 2603361
 1280500 2348382
 0017270 0439603 0014653 1547026 1518422 0079399 0804628 1522384 0039224 1706073 1706074
 0684224 0700287 3496591 0023746 1880153 0023745 0281825 0394006 0032529
 0441833 0687744 1257890 1552516 1552839 1705428 1705429 1555599 1691010 0018591 0205543 0441833 0687744 1257890 1552516 1552839 1705428 1705429
 1705241 1705242 0441833 0687744 1257890 1552516 1552839 1705428 1705429 0039224 1706073 1706074
 0015502 1333523 0015259 0040607 0220931 0392747 0443172 1522704 1705241 2673163 1518422 0018591 0392760 1314939 1708726
 0079399 0804628 1522384 1518422 0001721 0015502 1333523 0015259 0040607 0220931 0392747 0443172 1522704 1705241 2673163 0441833 0687744 1257890 1552516 1552839 1705428 1705429
 0043210 1705241 1705242 0282402 0279033 0279025 0019932 0035139 0039798 0087111 0392747 0443172 0559956 1363945 1555302 1705241 1706077 1134488
 0449911 0039224 1706073 1706074 0557702 1272706 1704674 0557702 1272706 1704674 0039224 1706073 1706074
 0017431 0017270 0439603 0449911 0039224 1706073 1706074 0557702 1272706 1704674 0557702 1272706 1704674 0039224 1706073 1706074
 0427593 0935587 0441889 0018591 0015259 0040607 0220931 1522704 2673163 0439267 0017270 0439603 1518422 0079399 0441833 0687744 0804628 1257890 1522384 1552516 1552839 1705428 1705429 0039224 1706073 1706074
 0427593 0441889 0205250 1299351 2700149 0007294 0369773 2603361 0039224 1706073 1706074
 1705241 1705242 0015259 0040607 0220931 0392747 0443172 1522704 1705241 2673163 0441833 0687744 1257890 1552516 1552839 1705428 1705429 0039224 1706073 1706074
 0392747 0443172 0015259 0040607 0220931 1522704 2673163 0025266 0043210 1705242
 0043210 1705241 1705242 0017431 0392747 0443172 1705241 0441833 0687744 1257890 1552516 1552839 1705428 1705429 0282402 0279033 0279025 0019932 0035139 0039798 0087111 0559956 1363945 1518422 1555302
 0449911 0039224 1706073 1706074 0557702 1272706 1704674 0557702 1272706 1704674 0039224 1706073 1706074
 0427593 0935587 0441889 0017431 1280500 2348382 0017431
 0168634 1442488 0427593 0441889 0201950 0543421 0023824 0202117 0008377 0428475 0041004 0441889 0005893 1305855 0518010 0242821 0460148 0577559 0918012 1268086 1306372 1552854 1637833 3152252 0039224 1706073 1706074
 1707520 0201950 0543421 0008377 0439175 0439810 0023824 0202117 0008377 0005893 1305855 0518010 0242821 0460148 0577559 0918012 1268086 1306372 1552854 1637833 3152252 0025266 1707520 0428475 0041004 0441889
 1707520 0015259 0040607 0220931 1441672 1522704 2673163 3538743
 0004093 1762617 1511726 3245479 1518422 1547282
 1707520 0201950 0428466 0441889 0015259 0040607 0220931 1522704 2673163
 0449911 0039224 1706073 1706074 0557702 1272706 1704674 0557702 1272706 1704674 0039224 1706073 1706074
 1707520 0449381 0168634 1442488 0040607 0220931 2673163 0301630 0392756 0441610 0439269 3642216 0369773 2603361 0442805 0439269 3642216 0369773 2603361
 0439175 0439810 0023824 0201950 0202117 0428466 0008377 0441889 1518422 0392747 0443172 1705241 0015259 0040607 0220931 1522704 2673163
 0015502 1333523 0015259 0040607 0220931 0392747 0443172 1522704 1705241 2673163 1518422 0392747 0443172 1707520 0583325 1278073 0428460 0023779 0023820 0441889 0040607 0220931 2673163 1511726 3245479 1518422 1547282
 0023732 3161035 0681923 0025320 0392747 0443172 0015259 0040607 0220931 1522704 2673163 0237881 0750502 1546944 0392747 0443172 0858034 0201950 0543421 0008377 0439175 0439810 0041004 0201950 0428466 0441889 0369773 2603361
 0392747 0443172 0015259 0040607 0220931 1522704 2673163 0003595 0332281 0003591 0017431 0450301 0369773 2603361 0027361 0237401 0392756 0427593 0441889 0040607 0220931 2673163 0052198 0027361 0237401 1518422 0392747 0443172 0427593 0013658 0441889 0039224 1706073 1706074
 0015259 0040607 0220931 0392747 0443172 1522704 1705241 2673163 0003595 0332281 0003591 0017431 0392747 0443172 0858034 0201950 0543421 0008377 0439175 0439810 0023822 0392885 0008377 0428475 0041004 0441889 0369773 2603361
 0449911 0039224 1706073 1706074 0557702 1272706 1704674 0557702 1272706 1704674 0039224 1706073 1706074
 0427593 0935587 0441889 0015259 0040607 0220931 0392747 0443172 1522704 1705241 2673163 0332281 1523141 0001473 0017431 0086418 0243122 0450240 1145667 1167622 1706210 1706373 0450304 0369773 2603361 0007294 0205216 0392756 0442797 0427593 0441889 0015259 0040607 0220931 1522704 2673163 0019904 1518422 0392747 0443172 1705241 0427593 0013658 0441889 0039224 1706073 1706074
 0004083 0439849 0596306 0699792 0427593 0441889 0017431 0237881 0750502 1546944 0000938 0023822 0392885 0008377 0392747 0443172 0369773 2603361
 0015259 0040607 0220931 0392747 0443172 1522704 1705241 2673163 1518422 0332281 1278073 0023779 0015259 0040607 0220931 0392747 0443172 1522704 1705241 2673163 0017431 0535163 0439070 1705160 0596690 1416867 2262011 0023764 0205054 1416870 0023764 0021760 1334122 2983957 0020898 0021764 0022271 1173118 1333525 0060095 0684153 1148641 0015684 0242210 0001128 0033684 0202406 0243122 1145667 1167622 0055538 1144465 0008387 0014898 0033684 0040671 1705822
 0449911 0039224 1706073 1706074 0557702 1272706 1704674 0557702 1272706 1704674 0039224 1706073 1706074
 0427593 0935587 0441889 0017431 1514811 1706462 0026606 0031809 0205177 0205485 0439167 0441655 1509143 1561536 0332281 0237881 0301630 0392756 0441610 0750502 1546944 1301700 0026538 0220880 0026565 0026566 0027361 0237401 0231337 1999167 0814225 0678226 0392756 3146286 3245505
 0150312 0015502 1333523 0015259 0040607 0220931 0392747 0443172 1522704 1705241 2673163 0332281 0017431 0023779 0205448 0439849 0445223 0003595 0003591 1523141 0001473 0086418 0243122 0450240 1145667 1167622 1706210 1706373 0238767 0439849 1706086 0000938 1280500 0015259 0040607 0220931 1522704 2673163 1278073 0023779
 0018563 1281583 1552914 0015502 1333523 0015259 0040607 0220931 0392747 0443172 1522704 1705241 2673163 1518422 0015502 1333523 0017337 0205214 0205419 0205449 0392760 0445385 1314939 1521761 1522138 1882417 2827422 3245511
 0557651 2603343 1518422 1707689 2983265 1883351 1999230 0332120 0009932 0243148 0441833 0687744 1257890 1550141 1552516 1705428 1705429 1882979 2587213 3274648 0332257 3538986
 1261322 1516048 0040607 0220931 0392747 0443172 1705241 2673163 2827734 2981698 1524063 0449370 0815259 0025663 0025664 0449851 1707689 2983265 1883351 2259033 1879547 0740116 2827735 2981700 1524063 0040223 0441621 0870078 1632851 0008810 0205419 0439086 2827736 2981702 1524063 0681850 1550501 1706203 2349001 2697811 0332174 0439230 0009450 0013113 0681850 1550501 1706203 2349001 2697811 0392760 1314939 0005778 0441509 1328723 0439084 0728893 0012155 1442959 1519433 2983588 0178913 0370003 2347026 0040607 0220931 2673163 0033727 0369286 0441932 0564385
 1511726 3245479 0427593 0441889 0443196 1880177 1707689 2983265 1521970 1706388 2346469 2348519 0080103 0205345 1547039
 0419120 0015259 0040607 0220931 1522704 2673163 0444598 0549183 1552826 0025266 0043210 0150312 0301630 0392756 0441610 0427593 0441889
 1274040 1546471 2825142 2348205
 0205171 1720467 0557651 2603343 0376554 1516048 0023983 0332291 0085862 1280500 1299583 2348382 0427593 0441889 0027361
 0301630 0441610 0439093 0443228 1704243 0450346 0740116 2827735 2981700 0427593 0015502 1333523 0678226 0205265 0441889 0445385 0750492 1521761 2827422 3146286 0205250
 0442805 0684224 0700287 3496591 0681850 1550501 1706203 2349001 2697811 0439234 0580836
 0683954 1274040 1546471 2825142 0332241
 1705241 1705242 0947630 1261322 1552578 0678226 0683951 0243148 0439064 1550141 1882979 2587213 3146286 3274648 1521761 2827422 0205309 1883351 1515877 1879547 0449913 1553451 1704459 0557351
 0018563 1281583 1552914 0010362 0552389 0205155 0947630 2828360 0332257 3538986 0242618 0456389 0392756 1825598 0684224 0700287 3496591 0027361 0237401 0427593 0441889
 0681832 1285529 1883351 0205419 2265833 0015259 0040607 0220931 1522704 2673163
 0947630 0678951 0032529 1711260 2348152 0427593 0441889

 0684224 0700287 3496591 0007294 0427593 0441889 0521114 0522498 1514917 0007294 0427593 0441889
 0947630 1547282 0007294 0427593 0441889 0392756 0205177 0439167 0441655 1561536 0002085 0205214 1522138 1707455 3245511
 0557651 2603343 0242618 0748864 0370003 0456389 0700321 1274040 1546471 2347026 2825142 0150312 0018591 0205171 1720467 1521798 0427593 0441889
 0557651 2603343 0205435 1279901 0376554 1883351 1292732 1280500 2348382 0392747 0443172 0427593 0441889
 0150312 1705241 1705242 0018591 0439267 0441833 0687744 1257890 1552516 1552839 1705428 1705429 0441833 0687744 1257890 1552516 1552839 1705428 1705429 0205419 0443264 1280500 2348382 0427593 0441889
 0242618 0456389 1274040 1546471 2825142 1518422 0205419 1518422 0001721 0392747 0443172 1999230 0332120 0017431 0427593 0015502 0332281 1333523 0013658 0040607 0205263 0220931 0392747 0441889 0443172 0445385 0456079 1521761 1547707 2673163 2827422 2946261
 1285529 0439849 1278073 0023779 0427593 0441889 0450355 1883351 1516048 0439849 0015259 0040607 0220931 0392747 0443172 1522704 1705241 2673163 0040607 0220931 2673163 0392747 0443172 0017431
 0150312 0427593 0441889 0201950 0332281 0543421 1522133 0428466 0023824 0202117 0008377 0041004 0005893 1305855 0518010 0242821 0460148 0577559 0918012 1268086 1306372 1552854 1637833 3152252 1955473 1547282
 1707520 0036866 1705242 0684224 0700287 3496591
 0004083 0150312 0449450 0004093 1762617 0040607 0220931 2673163
 1707520 0023779 0040607 0220931 0392747 0443172 1705241 2673163
 0023733 0040607 0220931 2673163 0392747 0443172 0332291 0443602 1278073 0023779 0023820 0032105 0040607 0085862 0205263 0220931 0392747 0443172 1299583 1550098 2673163
 2607943 2926606 3539655 0947630 0684224 0700287 3496591 0015502 1333523 0040607 0220931 0392747 0443172 1705241 2673163 1274040 1546471 2825142
 1274040 1546471 2825142 1705535 1280500 2348382 0427593 0441889
 1705241 1705242 1274040 1546471 2825142 0557651 2603343 1707689 2983265 1883351 1516048 1280500 2348382 0392747 0443172 0005911 0392747 0443172
 0917903 0392747 0443172 0678226 0015259 0040607 0220931 1522704 2673163 3146286 0005910 1305866 0043100 0242821 0460148 1268086 1705104 0005893 1305855 0518010 0242821 0460148 0577559 0918012 1268086 1306372 1552854 1637833 3152252 0012155 2699635 1515926 1278073
 0444706 3541902 0033684 0005516 0439092 0547044 0392747 0443172 0583325 1278073 0428460 0023779 0023820 0441889
 1883712 0684224 0700287 3496591 0025663 0449851 0871511 0439828 0025663 0025664 0449851 1707455
 1274040 1546471 2825142 1999230 0332120 0392747 0443172 0017431
 1274040 1546471 2825142 0027361 0237401 0052201 2984964 0007294 0392756 0427593 0013658 0441889 1510992 2825518 0439086 2827736 2981702 0301630 0441610
 0018563 1281583 1552914 0052198 0683626 0441833 0687744 1257890 1552516 1552839 1705428 1705429 0683454 0021966 0221138 0441833 0687744 1257890 1552516 1552839 1705428 1705429 0205217 0442805 0427593 0441889 0040607 0220931 2673163
 1705241 1705242 0441833 0687744 1257890 1552516 1552839 1705428 1705429 1265611
 0439849 1280500 2348382 0392747 0443172
 1285553 1280500 0040607 0220931 0392747 0443172 1705241 2673163 0332218
 0005516 0023746 0023745 0281825 0394006 2987476 0205419 1953345 0008633 0017446 0205147 1825598
 0017337 0015502 1333523 0008655 0008633 0003595 0003591 0314604 1706675 0017337 0008661 0008633 1551058
 0017337 0005778 0439849 0441509 0445223 1328723 0003595 0003591 1517892 1704666 0314604 1706675 0017337 0017337 0015502 1333523 0314613 0017337 0445385 1521761 2827422 1517892 1704666 0205309 1883351 0031843 0542341 0700205 1705273 0314604 1706675 0017337
 1707478 0150312 1280500 2348382 0427593 0441889 0444598 0549183 1552826 1518563 0032659 1257890
 0015502 1333523 0445385 1521761 2827422 0850624 0850664 0679238 0007222 0035648 1281905 0007226 0012634 0035647 1521761 2827422 1274040 1546471 2825142 0183683 1521721 0035647 0947333 2347181 0449438 0026606
 0678951 0032529 0427593 0015502 0332281 1333523 0032105 0441889 0445385 1521761 1550098 2827422
 1274040 1546471 2825142 0392747 0443172 1518422 0332281 0005516
 0018563 1281583 1552914 0040607 0220931 2673163 0392747 0443172 0332281 0017431 0023779 0205448 0439849 0445223 0003595 0003591 1523141 0001473 0086418 0243122 0450240 1145667 1167622 1706210 1706373 0004083 1280500 2348382 0392747 0443172
 1514811 1706462 0221193 0018896
 0035168 0242481 0013621 0013622 0013658 0039401 2347782 0205099 0565990 1549054 1552471 0004716 0042610 0205099 0205476 1293097 2919030 2919031 0036375 0004716 0242485 0583325 1278073 0428460 0023779 0023820 0441889 0031831 1707664 2348314 3540849
 1293097 2919030 2919031 0011847 0011849 0028707 0392209 1442959 0036375 0004716 1261322 1516048 0017431

 0369637 0441923
 0027468 0018173 0018684 0021622 1521721 3245503
 0205090 0684010 2603358

 0027468 0011318 0018173 0018684 0021622 1521721 1548284 3245503
 0376649 1442065 0282413
 0369637 0441923
 0041740 0024858 0557806 0562547 3160718 0013849 1705961 0024492 1538057 1547565 0059804
 0010186 0220812 0449719 1709471 0220808 0680264 0007961
 1706852 0522501 1706089 0949214
 0205155 1293097 1522472 1552923 1705191
 1514811 1706462 1514811 1706462 0205090 0684010 2603358 0033727 0369286 0441932 0564385 0369637 0441923 0369637 0441923
 0871261 1704632 1706817 2911692 0205349 0032529 0392747 1882417 0009221 1095825 0751455 0017337 1173118 1333525 0060095 0684153
 0035448 0201660 0748398 0036243 1539696 1825840 3539736 2986904
 0678951 0032529 0004083 0007222 0007226 0012634 0439849 0445223
 0023779 2347379 0000857 0600678 1552863 0035448 0201660 0748398 2986904
 0004083 0439849 0596306 0699792 0449432 0021655 0524620 0039082 2700570 0032659 1257890 0563004 0009399
 0011847 0011849 1947933 0000857 0600678 1552863 0681647 0038040 0013227 0025118 0038039 0557806 0596070 1552306
 0162791 0220845 0282423 0033080 1521941 3538926
 0031525 3541314
 0002458 0004083 0018787 0439849 0596070 0596306 0699792 1281570
 3658297 0162791 0220845 0282423 1710187 0018724 1704312 0679924
 0005775 1516559 0025141 0036243 1539696 1825840 3539736 0021966 0221138 0021966 0221138
 0004083 0007004 0019116 0019120 0600653 0918012 1552854 1637833 0598783 1517898 0023779 0025519 0025520
 1274040 1546471 2825142 0012155 1442959 1519433 2983588 0557651 2603343
 0038039 1552306 3642273 0025141 0016327 0439133 1553038 0439267 0369637 0441923 0369637 0441923 0016327 0439133 1553038 0439267
 0678951 0032529 0427593 0015502 1333523 0205419 0205437 0205447 0441889 0445385 0456079 1521761 1547707 1880177 2827422 2946261 0032105 1550098
 0025141
 0004083 0439849 0596306 0699792 1521761 2827422
 0022877 0025141 0012836
 2711895 1704829 1334205 1553033 0032529 2698872 0010055 0190188 0205042 1269008 1536078 0003842 0018787 0038894 0038895 0226004 0543467 0741847
 0036154 1836672 1832110 0597277 1708601 0369637 0441923 0369637 0441923 0039247 2347167
 0042333 0205419 0332281 0023820 0392747 0441889 3640263 1281905 0035647
 0005775 1516559 1550751 0039260 0332293
 1514989 0015259 1522704 0016006 1167394 2587184 3641244 0205177 0439167 0441655 1561536 0015502 1333523
 0018787 1281570 1704648 0000857 0600678 1552863 0439267 0205090 0684010 2603358
 1555715 1704332 0314604 1333075 0017337 2826077 0015502 1333523 1511790 0376249 0439603 0871396 1561548 1705502 0023746 0023745 0281825 0394006
 2347379 0025141 0016327 0439133 1553038
 0015502 1333523 0005789 0005778 0441509 0445385 1328723 1521761 2827422 0041004
 0543484 0699900 1516314
 0019116 0740166 0025141
 0021107 0032529 0441587 1442161 1511760 1512796 1880274 1882417 1883719 1333075 0017337 0015502 1333523 0035647
 2347379 0025141 1506978 1705538 2986463 0022718 0439209
 0681867 0557651 2603343 0016163 2349190 2700184 1521761 2827422
 2347379
 0033993 3539616 0439269 1960952 2346927 0021966 0221138 3541314 0454673 1550752 0597277 1708601
 0678951 0032529 1882417 0427593 0441889 0007222 0007226 0012634 0489835 0557651 2603343

 2986463 2827664 0439269 1960952 2346927 0369637 0441923
 0032659 1257890 0016006 0032105 1167394 1550098 2587184 0015502 1333523 0445385 1521761 2827422 0850624 0035648 1553898 1521761 2827422
 0004153 0025141 0369637 0441923 0369637 0441923 0439267
 1521761 0010054 0010068 0018799 0012634 0018787 1281570 0008059 0680063 0205653
 0063789 3272375 0025141 0369637 0441923 0016327 0439133 1553038 0016327 0439133 1553038 0205090 0684010 2603358
 0678951 0032529 0035647 0030705 0010054 0010068 1956346 0205042 0852949 1269008 0003842 0012634 0018787 0226004
 0369718 0441922 1414400 1553036 0439255 2986463 0597277 1708601
 0015502 1333523 0445385 1521761 2827422 0008377 0041004
 0557651 2603343
 0870107 2753068 0243107 0678723 1527148 0557651 2603343
 0450382 0022337 2986904 3495095 0031831 1707664 2348314 3540849 1549972
 0017431 0003595 0442805 0018667 0201950 0428466 0008377 0441889
 0025519 0025520 0025141 0033727 0369286 0441932 0564385 0439267
 0016006 1167394 2587184 0015502 1333523 0035648 0445385 1521761 2827422
 0683954 1274040 1546471 2825142 0025266
 0000857 0600678 1552863 0230613 0022337
 0678951 0032529 0427593 0441889 0026565 0026566
 0038454 0035493 2699077 2699078
 1707520 0003320 0041004
 0000857 0600678 1552863 0016327 0439133 1553038 0439267
 0032105 0441889 1550098 0003320 0205172 0332281 0600436 0002055 0086860 0178499 1709450 1880279 0021107 0441587 1512796 1883719
 0025141 2348513 3538902
 0681826 0557651 2603343 0040053 0016017 1305868
 0042333 0205419 0015502 1333523 0445385 1521761 2827422 0030190 1418252 0032145 1419349 0032144 1418824 0032140 1367553 1999216
 0022877 0230467 0741204 0025141
 1149586 1305723 1149584 3641244 0205177 0439167 0441655 1561536 0015502 0005789 1333523 3536721 0035647 0020792 0205396 0013227 0580836 1254351
 0439267 0025141
 0015259 1522704 0040053
 0003842 0226004 0451119 1444662 0025141 3495095 0439267 0011198 0017480 3541240 0016080 0013715 1705651
 0871261 1704632 1706817 2911692 0524338 0043210 0032529 0725813 1882417
 1315013 3495095 0013715 1705651 0011198 0017480 3541240
 0015502 1333523 0005789 0005778 0441509 0445385 1328723 1521761 2827422 0542495 0041004 0229671 1546774 1550100 0032529 1882417 1705241 1705242 0043210
 0025141 3495095 0013715 1705651 0011198 0017480 3541240
 1280500 0017431 0032529 0205090 0684010 1882417 2603358 0027361
 0012836 2348513 3538902
 0425440 1286104 0489488 1512806 0012171 1527016 0683150 0086045 1446561
 0025141 0033727 0369286 0441932 0564385
 0184661 1948041 2700391 3274430 3538935 3539779 0427861 1180059 0007634 1979936 3282337
 0028606 0001128 0007610 2347379 0025141 0016327 0439133 1553038 0369637 0441923
 0577559 1306372 3152252 0015502 1333523 0205177 0439167 0441655 1561536 0027051 0428953 2926063 0021308 0027061 1522564 0001779
 0035820 1705810 0017431 0015502 1333523
 0006797 1550751 0033727 0369286 0441932 0564385
 0439849 1705630 1706279 3540605 0020473 0439828 0020473
 0451119 1444662 0450348 0025141 0597277 1708601 0012836 0043127
 0004793 0028630 0162326 0162327 1519249 1708726 1416902 2932881 0314604
 0028606 0001128 0007610 2347379 0025141 0544691 1823998 0596690 1416867 2262011 0023764 0205054 3537453
 1880022
 0201682 1418867 1518860 1552158 1552154
 0004083 0439849 0596306 0699792 3641244 0205177 0439167 0441655 1561536 0430420 0003320 0441889 0018759 1704675
 0000857 0600678 1552863 0016327 0439133 1553038 0016327 0439133 1553038 0369637 0441923
 0427593 0683317 0441889 1301808 1442792 3148680 1280500 2348382
 0025141 0369637 0441923
 0205419 0010054 0151744 1313980 0018799 0012634 0018787 0475224 1281570
 0003842 0226004 0451119 1444662 0025141 0439267 0439269 1960952 2346927 0439267 0369637 0441923 0369637 0441923 0016327 0439133 1553038
 0220825 1261322 0015503 0333006 0011155 0162429 1623416 0014441 0005507 0243073 1510438
 0025141 3540627
 0032529 1305723 3641244 0205177 0439167 0441655 1561536 0560150 0086045 0577559 1306372 1446561 3152252
 0005767 0005768 0229664 0016327 0439133 1553038
 0015259 0031809 0205485 1509143 1522704 0035647
 0452253 0475311 1706409 1880253 2347961 0025141 0369637 0441923 0369637 0441923 0597277 1708601 0597277 1708601
 0086996 0449438 0748878 1521761 0043210
 0022773 2986904 0022337
 0541594 0392747 0443172 0015259 0040607 0220931 1522704 2673163 0851827 1701901 3244310
 0025519 0025520 0025141
 0021399 0001701 0015259 0040607 0220931 1510824 1522704 2673163 0190188 0038894 0038895 0543467 0205042 1269008
 0018787 0450387 1281570 1704648 0000857 0600678 1552863 0454673 1550752 1549972
 0205419 2262011 0332281 0596690 1149836 1416867 0683317 0023764 0205054 0205177 0439167 0441655 0441889 0441994 1548802 1561536 2003888 0018667 1522133 0008377
 0205090 0684010 2603358 0439267 0205090 0684010 2603358
 0015259 0040607 0220931 1522704 2673163 1280500 0455825 0750190 0225897 1269892 0018827 0205091 0577559 1306372 1522565 1552822 3152252 0015502 1333523 0005789 0005778 0441509 0445385 1328723 1521761 2827422 0016006 1167394 2587184
 0007189 1555719 0025141 1527021 1554111 1705606 3541382 0239110 1706852 0239110 1705565 1947976 0687676 1704687 0557854 0013849 1705961 1706852 0282420 1706852 0282111 1706852 1138432 0239110 0162443 0205314 0033213 1706387 1706852 0021966 0221138

 1706852
 0369637 0441923
 1706852 0021966 0221138

 1706852
 0369637 0441923
 0039224 1706073 1706074 0545082 1512346 2826704 0009993 0037455 0162443 0205394 0205463 0596070 1552856