 1413498 1866282 0001721 0243125 0699900
 0020017 0019994 1510665 0041740 0017480 0003062 1293097 2919030 2919031 0920526 0041740 0027978 0205314 0034036 0034037 1514756 1704324 0348078 0376315 1515981 1522492 1527075
 0557061 2584313 1514811 1706462 1866282 0022340 0268281 0027877 0007831 0231330 0268279 0521390 2939166 0085078 0012634 0234985 0205329 0229992 0868945 1880022 0456909 0026882 0015127 1524003 0025252 0025255 0033684 0596901 1706182 1413498 1866282 1660749 0475264 1744691 0031843 0542341 0700205 1705273
 0557651 2603343 0040669 0006556 0020985 0002778 0936012 1524024 1524063 0443640 0003241 1171362 0185117 1518422 1514570 1709694
 0332220 0681814 0443289 0392148
 1524063 0079604 0016318 0026018 0079603 1413498 1866282 1547282 1883351 0014239 0035295 0333118 0018042 0005516
 0040715 2987521 0185026 0521093 0017982 0376322 0596988 0750484 1305923 1413498 1866282
 1167624 1947902 2827499 0030705 0036945 1123019 1515981 0025914 0025929 0026809 1413498 0683033 0684309 0012634 3161035 0007427 0332283 1332805 0007428 0021069 1444656 0220781 1883254 0237886 0700314 1947906 1514570 1709694 0007634 0332452 0392760 1314939 1413498 1866282 3282337
 0597297 0597304 1623036 0243125 0699900 0007600 0007634 0205132 0392756 0596988 1269647 1413498 1704653 1866282 1948049 1707455 0243148 1550141 1882979 2587213 3274648
 1511726 3245479 1705535 0243067 0023175 0521450 1442948 1522538 2348269 3275067 0031847 0277785 0337174 0520510 0521450 1274040 1546471 1698986 1753314 2825142
 0557061 2584313 1514811 1706462 0027877 0007831 0521390 0268279 0751383 0012634 0441835 0441833 0687744 1257890 1552516 1705428 1705429 0439660 0524851 0012634 0001721 0008059 0680063 0001675
 1521970 1706388 2346469 2348519 0332257 1552866 2700399 0456909 1517945 0036572 0229992 1866284 0868945
 0017337 0392760 1314939 0725813 3540840 0220912 0220913 0311392 0205379 2827734 2981698
 0521116 0348078 0376315 0007589 0017337 0205452 0205615 0205396 1550043 1551388 0740116 2827735 2981700
 1418854 1850451 1540042 1876161 0391845 0014442 0014445 0521450 1749467 1948047 2700640 0917464 1418854 0380804 0030238 0033684
 0751383 1413495 1413497 1850442 1413498 1866282 1413500 1838570 1882932 0815043
 0349590 1262865 0243067 0023175 0337174 0520510 0522501 1442948 1522538 1698986 1753314 2348269 3275067 0024369 0534232 0949692 0026237 0132555 0205396 0521451 1550043 1551388 1711351 0740116 2827735 2981700
 0917464 1418854 0380804 0030238 0033684 0750546 1883254 1550030 0024369 2984253 1156063 0005528 1317949 3495449 0439086 2827736 2981702 0439084 0728893
 0597358 0243122 1145667 1167622 0683607 0080141 0005528 1317949 3495449 1185625 2986730
 0728725 0020283 0205251 0450407 0450408 0450409 1299352 1550472 1621296 1523873 0023688 0597357 1704241 0014442 0014445 0024369 1705822 2984253
 0014442 0014445 0870509 1880554 0243122 1145667 1167622 0887838 1179875 1513822 1705739 1882071 1327616 0243122 1145667 1167622 0014139 2986784 0699040 0007634 0205148 0392752 1269647 1704653 1948049 1550030 0024369 2984253 1156063 0005528 1317949 3495449
 0751383 1413495 1413497 1850442 1413500 1838570 0024369 0392752 0014239 0035295 0598268 0014239 0035295 0598268 2611786 0014239 0018042 0035295 0205103 1185625 1550465 2827755 2986730 0598268
 0475264 1744691 1518422 0205309
 0596902 0443513 0041485 1710082
 0332185 1514562 0033684 0205396 0751383 1413495 1550043 1551388 0475264 1744691 0014239 0035295 0598268 0014239 0035295 0086597 0127400 1514918 1710082
 1413498 0017337 2700640 0205250 1874187 0033684 0025255 0596901 1706182 1711300 1880389 1883221 2700613 3541951
 0002518 0002520 2917660 0001128 0004793 0162326 0162327 0202406 1519249 0332256 2700400 0017982 0205145 0376322 1710082
 0162777 0162775 1552738
 0596611 0026882 0205396 1550043 1551388 0027964 0205087 0205419 0231330 0332152 0348078 0376315 1417613 1522492 1522538 2939166
 1709305 2745955 0027877 0007831 0521390 0268279 1265459 0036945 1123019 0025914 0025929 0026809 0392752 1413498 1866282
 0205082 1845518 0027746 0751171 1171362 0185117
 1705241 1705242 0036945 0392760 1123019 1314939 1441672
 0557651 2603343 1413498 1866282 1292732 0475264 1744691
 1156063 1750080 0005528 1317949 3495449 0220781 1704259 1705987 0016030 0332128 0030705 0025914 0025929 0026809
 1511726 3245479 1413498 1866282 0014239 0033684 0035295 1320928 1549439 2347958 0598268
 0557061 2584313 1514811 1706462 0021966 0021968 0885449 2348268 0025646 0439190 0005516 1301820
 0003232 0038425 0869011
 0439962 0033607 3536890 0369773 2603361 0040679 1442762 0036681 0038164 0001128 0202406 1301820 1719918
 0034760 0025255 0596901 1706182 0205286 0869011 0556985 2247301 3540495 0947344 0058479 0033474 0392214 0283030 1704351 2239486 1301820
 0012906 0014230 0443288 0039213 0208356 0012854 0023689 0034760 0026376 0027965 1555265
 0007804 1412553 0003940 0038717 1516828 0007804 1412553 1522260 0003940 0013935 0016030 0025914 0025929 0026809 0038717 1998793 1514559 0011155 1636779 0031831 1707664 1999230 2348314 3540849
 2603360
 0041740 0017480
 0006556 1524063 1953382 0206415 0439780 1953384 0206415 1555029 0728990 1514575 1705542
 1514468 1704444 0080089 0180979 1705858 1413560 0037293 0181496 1710492 1882940 0205145 0443288
 2827421 1953384 0206415 1555029
 0185117 0162768 0033684 0332466 1293131 0006556 0009219 1235746 1882141 0206415
 0032520 0677874 1292748 1524063 0206415
 0009013 0444868 3539085 0004793 0162326 0162327 1519249 1883351 0805874 0870077 1446409 0026882 1883351 1711411 0080089 0034754 0180979 1705179
 0003241 0007427 1332805 1517914 0023884 0025914 0025929 0026809 0736268 1278929 1998793 2346688 0032043 1278988 1550656 0086418 1515981 0034493 0442818
 0312586 0003242 0003241 0021027 0005574 1301820 0069590
 0003250 0003242 0003241 0021027
 0017480 0007600 0020204 0007634 0205132 1269647 1704653 1948049 0869011 0041700 1708611 0166872 0003250 0443737 0700271 1317659 1445860 0003241 0021027 0746619 0005574 0683758 0869011
 0042645 0997115 0006193 1551442 3245499 0006823
 0312586 0003242 0003241 0021027 0034493 0442818 0030956 0004793 0162326 0162327 1519249 0004950 0008551 0008550 1510827 1548958 1705294 1998793 0017837 0017817 0040676 1413498 1866282 0017837 1704640 1706515 0162768
 0051979 0301869 1301820 1719918 0051979 0034493 0022877 0043194 0258432 1421478 1619828 3541314
 0204727 0205409 0220862 0010453 0220814 0430400 2242979 1413498 0022877 1301820 3244292 0475311
 1521751 0025921 0025914 0025929 0026809 0243148 1550141 1882979 2587213 3274648
 0003062 1314677 0162388 0162791 0220845 0282423 0680240 0872329 1547538 0020028 0019994 0041740 1510665
 0016030 0189485 1518039 0005558 0024109 0025914 0025929 0026809 0439231 0439507 0580836 0819757 1278908 1552738 0450355
 0007585 0007634 0010453 1269647 1704653 1948049 0016030 0036945 1123019 0030705 1413498 1866282 1278655 0445247
 0007634 3282337 0010454 0009458 0325564 0392747 0439536 1551720 1705217 3244283 0010453 0220814 0430400 2242979 0332256 2700400 0015965 0229671 0230445 0521457 1305418 1546774 1550100 0022877 1619828 0004348 0038425 0332256 2700400 2347816 0030054
 0007634 3282337 0445247 0010453 0012634 0220814 0348080 0430400 1705253 2242979 0015965 0229671 0230445 0521457 1305418 1546774 1550100 1552738
 0007634 0243148 1550141 1882979 2587213 3274648 3282337 0086022 0442335 1705099 0205171 0439044 0679994
 1167624 1947902 2827499 1708632 0025646 0439391 0439526 0332283 0040223 3541383
 0007427 1332805 0007592 0007634 1269647 1704653 1948049 0301871 2828366 0009458 0162867 1254021 1552738 0600209 0936012 1704732 0031746
 0525026 0699040 0025252 0033684 0205148 0300063 0084682 1143577 0053654 0005575 0796085 1417725 2700256 1552738
 0441648 0007634 3282337 0392148 1439852 0332197 1689985 0041175 0006353 0077281 0814229 0020283 0450407 0450408 0450409 0332256 2700400 0037494 1959973 0024472 0332283 0021069 0007592 2828366 1552738
 0007804 1412553 0003940 0038717 0332128 1552738
 0040679 1442762 0041119 0033727 0369286 0441932 0564385
 0007634 3282337 1548982 0699040 0007634 0205148 0332297 1145667 1167622 1269647 1689898 1704653 1948049 2349209 0040679 1442762 0001128 0012727 0441648
 0007634 3282337 0600209 0936012 1704732 0004400
 0600209 1704732 0033684 0007634 3282337 0600209 0086972 0443299 0687118 1704732 0348011 0025255 0596901 1706182 0332128 1413498 1866282 0597879 1552738
 0007634 3282337 0520481 0885750 0006353 0020283 0450407 0450408 0450409 0332256 2700400 0037494 1959973 0036774 0036773 0728877 1883708 0178576 0332220 2828360 1517892 1704666 0058479
 0033684 0005863
 0086045 1524063 0005507 0243073 1510438 1442989 2828392
 0033684 0439267 0283030 1704351 2239486 1552738
 0681814 2828366 0392148 1439852 0332197 1689985 1306898 0681834 0036397 0185125 0442711 1507394 1522729 2348563
 0370003 2347026 0600209 0086972 0443299 0687118 1704732 0949466 0005863 0332283 0002778 0936012 1524024 1705493
 0079604 0016318 0026018 0079603 0007634 0884358 3282337 1552738 1524063 0072354 1150347 1418224 0012771 0022202 2827734 2981698 1624602 2827734 2981698 1444656
 0005270 0019484 1149971 1149970 0441655 1552738 0439509
 0557061 2584313 1514811 1706462 0185117 1413498 1866282 1883559 0332307 0445392 1547052 1413498 1866282 0007634 3282337
 1518422 0007634 3282337 1273517
 0949466 0005863 0002778 0936012 1524024 1705493 1524063 0443640 0003242 0003241 0021027 0443289 0230715 0175723 0439645 1521913 0007634 0150312 0332285 1269647 1704653 1948049 0449475 1883559 0007592 0349966 1337208
 0520510 2828360 0007634 0150312 3282337 0086022 0205171 0442335 1705099 1720467
 0175723 0439645 1521913 0007634 1441672 3282337 2827421
 0185047 0025255 0596901 1706182 0205171 1720467 1413498 1866282
 0449911 0333052 2607870 0557702 1272706 1704674 0557702 1272706 1704674 0349966 1337208
 2827734 2981698
 1514559 0007634 3282337
 0007634 1269647 1704653 1948049 1883559 0086022 0332307 0442335 0445392 1413498 1547052 1705099 1866282 2828366 1883559 0007634 3282337 0600209 0086972 0443299 0687118 1704732 0348011 0025255 0596901 1706182 0443640 0003241 0021027 0030956 0205369 0936012 1413498 1552740 1866282
 2347469 0949466 0005863 0002778 0936012 1524024 1705493 0206243 0699809 0439787 0445247 0600190 0849355 1524063 0003241
 0733755 1532717 1444656
 1413498 1866282 0002518 0002520 2917660 0001128 0004793 0162326 0162327 0202406 1519249 0175168 1510464 0678594 0443289 0162326 0445085 2603360 0002520 2917660 0001128 0202406 1514562
 0018563 1281583 1552914 0004793 0162326 0162327 1519249 0002520 0230770 0014239 0025252 0061422 0441730 1832467 0048607 0087044 0103404 0441729 0017764 0021966 0025255 0033684 0035295 0221138 0332307 0442726 0596901 1511790 1547052 1706182 0441635 0015295 0679058 2700640 0002520 1705535 1883351 0031843 0542341 0700205 1521840 1705273 1710082 0026237
 1883351 1292732 0475264 1744691 1513806 0017982 0205145 0376322 1515974 2825164 0205436 0419518 0445022 0457385 0524462 0565930 0681842 1561503 1705190 1882327 1292748
 0022192 0523728 1709915 1882936 1709634 0079870 0079866 0205145 1515974 2825164 3146302 0439851 1947931 0006556 0392747 0443172 0022192 0523728
 0007634 3282337 0949466 0005863 0002778 0936012 1524024 1705493 0443289 0175723 0439645 1521913 0014158 0070345 0016327 0439133 1553038 0061642
 1511726 3245479 1305923 2338598 1166837 0014239 0035295 0524461 1282864 1301906 1551056
 0079604 0521093 0016318 0026018 0079603 0205173 0750484 1705764 1705765
 0033684 0072354 1150347 0014239 1418224 0005516 0012771 0022202 0033684 0035295 0007427 1332805 0391845 0005516 0007428 0014442 0521450 1518422 0450354 1706096 0007427 1332805
 0449911 0333052 2607870 0557702 1272706 1704674 0557702 1272706 1704674 0349966 1337208
 0740116 2827735 2981700
 1659461 0475264 1744691
 0007592 0007634 2828366 3282337 1514559 1883559 0332307 0445392 1547052 0007634 0086022 0442335 1515981 1705099 3282337 0392148 1439852 0332197 1689985 0014158 0070345 0016327 0439133 1553038 0061642
 0370003 2347026 0600209 0086972 0443299 0687118 1704732 0005863 0949466 0936012 1705493 1524063 1624602
 0733755 1532717 1444656
 2347469 0007634 3282337 1413498 1866282 1883559 0332307 0445392 1547052 0231441 0443218 2827483 0033727 0369286 0441932 0564385
 0007634 3282337 0205173 1705764 1705765 2986582 0332583 0072354 1150347 1418224 0012771 0022202 0033684 2347469 0332575 1260956 0332575 1260956 0007427 1332805 0332583
 0332575 1260956 0439799 1706095 0016315 0376209 0456081 0683269 1881786 0441889 1710082 2348205 0016327 0439133 1553038
 1413498 1866282 0348078 0376315 1522492 2698977 0348078 0376315 1522492 0596901 0678594 0332220 0023745 0332128 0681814 2828360
 0682538 0007634 3282337 1514559 1413498 1866282 0178576 0332220 0034760 1518422 2828360 1517892 1704666 0058479
 0020985 0002778 0936012 1524024 1547282 1265611 0332220 0023745 0205217 0442805 2828360 0522510 0205216 0392756 0442797 0349966 1337208
 1274040 1546471 2825142 1413498 1866282 0596448 2987476 1515655
 0449911 0333052 2607870 0557702 1272706 1704674 0557702 1272706 1704674 0349966 1337208
 0439086 2827736 2981702
 0332220 0596306 0023745 2828360 0058479
 0007634 3282337 0332293 0086045 1444656 1522326 2828360 0058479
 0007592 2828366 0600209 0086972 0443299 0687118 1704732 0949466 0005863 0332283 0002778 0936012 1524024 1705493 1524063 0596973
 0073187 0596448
 0025914 0025929 0026809 1518422 0237886 0700314 1947906 1709694 1413498 1866282 1511545 1709694 0332256 2700400 0065400 0033684 0036536 0036537 0392747 1554963 0016030 0030705 0036945 1123019 0025914 0025929 0026809 0007634 0243148 1550141 1882979 2587213 3274648 3282337
 0016030 0007427 1332805 0348078 0376315 1522492 1532717 1709634 1883254
 1264633 1554103 0557651 2603343 0439175 0439810 1327616 0450373 1553636
 0680220 1145667 1167622 2986784 0887838 1179875 1513822 1705739 1882071 1550030 3549360 1185625 1382196 0205103 0348078 0376315 1522240 1522492 1532717 1550465 2827755 0011744 0033727 0369286 0441932 0564385 0220781 1883254
 0348078 0376315 0024369 1705822 0205286 0450355 1522240 1532717 0444953 0033727 0348078 0369286 0376315 0441932 0564385 1522492 0220781 1883254 0450373 1553636
 0016030 0700308 0033727 0369286 0441932 0564385 1708632 0025646 1305923 0003242 0003241 0007427 0021027 0086418 1332805 0301871 0450375
 0439531 1948053 0033727 0369286 0441932 0564385 0205171 1720467 0007427 0439175 0439810 1332805 0205286 0348078 0376315 0521108 1522492 1532717 0007634 3282337 0348078 0376315 1515981 1522492 1532717 0009458 0162867 1254021 0450375
 1167624 1947902 2827499 1522260 0016030 0332283 0021069 0003242 0003241 0021027 1305923 1441672
 1265611 0007427 0439175 0439810 1332805 1883254 0175723 0439645 0442726 1511790 1521913 1532717 0009458 0162867 1254021 0450376 1705535 0439792
 1274040 1546471 2825142 1547282 0237886 0700314 1947906 1709694 1518422 0016030 0392760 1314939 0030705 0036945 1123019 0025914 0025929 0026809 1413498
 0205369 0441655 1552740 0391845 0014442 0014445 0005270 0019484 0007804 1412553 0003940 0038717 0086418 0036945 1123019 0007634 3282337
 0449911 0333052 2607870 0557702 1272706 1704674 0557702 1272706 1704674 0349966 1337208

 0021069 0016030
 0016030 0030705 0243148 1550141 1882979 2587213 3274648 0016030 2347469 0243148 1550141 1882979 2587213 3274648 1522260 0016030 1553033 0700308 0033727 0369286 0441932 0564385 1708632 0025646
 0007427 1332805 0007592 0007634 1269647 1704653 1948049 0301871 2828366 0009458 0439536 1705217 3244283
 0370003 2347026 0600209 0086972 0443299 0687118 1704732 0234621 0031746
 0733755 1532717 1709634 0205103 1550465 2827755 0348078 0376315 1444656
 1413498 1866282 0001721 1704259 1705987 0016030 0036945 1123019 0025914 0025929 0026809 0243148 1550141 1882979 2587213 3274648 1439852 0007804 1412553 1825083 0003940 0038717
 1518422 0391845 0014139 0014442 0014445 0031843 0521450 0542341 0700205 1705273 2984285 0243144 0347980 0086597 0127400
 0243144 0347980 0007804 1412553 0205369 1552740 0021467 0021469 0205197 0725685 1628982 3463820 1547282 0392148 1979886 0024554 0025266 0086418 0349966 1337208
 0220825 1261322 0369718 0441922 1553036 1547282 0007804 1412553 0003940 0038717 0007634 3282337 0740116 2827735 2981700 0332462 0740116 1880834 2827735 2981700 0205250 1299351 2700149 0007634 0243148 1550141 1882979 2587213 3274648 3282337
 1280500 2348382 0205369 1552740 1265611 0040679 1442762 0007634 3282337
 0449911 0333052 2607870 0557702 1272706 1704674 0557702 1272706 1704674 0349966 1337208
 0439084 0728893
 1326471 0243144 0347980
 0016030 1413498 1866282 0025914 0025929 0026809 1413498 0036945 1123019 0016030 0243148 1550141 1882979 2587213 3274648 1439852 0007804 1412553 0003940 0038717 0005971 1139930 3537155 0033727 0369286 0441932 0564385 0392148 0332197 1689985 0439187 1881839
 0015252 0728940 0009458 0439536 1705217 3244283 0012725 0012727 0456080 2347509 0007634 3282337 0600209 0086972 0443299 0687118 1704732
 0007804 1412553 0003940 0038717 0004400 0234621
 0220825 1261322 0443289 0086418 0740116 2827735 2981700 0025914 0025929 0026809 1123019 0007804 1412553 0003940 0038717
 2347469 0007634 3282337 0243148 1550141 1882979 2587213 3274648 0040679 1439852 1442762 1708632 0041119 0033727 0369286 0441932 0564385 0392148 0332197 1689985 1979886 0040679 1442762
 0520510 0699040 0001128 0441648 0849355 0332283 0007634 3282337 0600209 1704732 0004400
 0007804 1412553 0003940 0038717 1372294 0014139 0205217 0442805 0871208 1274040 1521828 1546471 2825142 2984285 0007804 1412553 0003940 0038717 0086045 0205250 3163633 0015127 0699040 0205148 0022702 0220865 2825046 0243125 0699900 0007804 1412553 0003940 0038717
 0086045 1446561 0699040 0205148 0243148 1550141 1882979 2587213 3274648 0016030 1547282 1883351 0445247
 0243148 1550141 1882979 2587213 3274648 0016030 1547282 1705241 1705242 0423896 0456205 0525026 0699040 0332283 0021069 0949466 0005863 0002778 0936012 1524024 1705493 0349966 1337208
 0007634 3282337 1265611 0699040 0205148 0243148 1550141 1882979 2587213 3274648 0016030 2348205 1265611 0007804 1412553 0003940 0038717 1518422 1274040 1546471 2825142 0699040 0205148
 0037791 1511884 0001128 0202406 1280500 2348382 1547282 0205242 0333853 0023745
 0449911 0333052 2607870 0557702 1272706 1704674 0557702 1272706 1704674 0349966 1337208

 0525026
 0243148 1550141 1882979 2587213 3274648 0243148 1550141 1882979 2587213 3274648 0016030 0085593 0699040 0205148 0332283 0392148 0332197 1689985 0001128 0202406
 0007592 0007634 1269647 1704653 1948049 0301871 2828366 0600209 1538570 0050587 0086972 0443299 0687118 1704732 0348011 0025255 0596901 1706182 0019941 0075278 0234621 0162524 1450278 2349975
 1883351 0243125 0699900 0007804 1412553 0003940 0038717 0016030 0311403 0332452 1413498 1866282 0007634 3282337 1439852 0052456 1420490
 0015252 0728940 0009458 0162867 1254021 0007634 3282337 1512335 0033727 0369286 0441932 0564385 1517331
 0007634 3282337 0600209 0936012 1704732 0004400 0349966 1337208
 0011321 0443289 1265611 0007804 1412553 0003940 0038717 0007634 0442726 1511790 3282337 0030705 0332462 1880834 0007634 0243148 1550141 1882979 2587213 3274648 3282337 0041119 0033727 0369286 0441932 0564385 0014139 2984285
 0439531 1948053 0033727 0369286 0441932 0564385 0175996 0178719 1527428 0392756 0016030 0030705
 1511726 3245479 0243125 0699900 0007804 1412553 0003940 0038717 0007634 0311403 0332452 1413498 1866282 3282337
 0449911 0333052 2607870 0557702 1272706 1704674 0557702 1272706 1704674 0349966 1337208

 0243125 0699900 0007804 1412553 0003940 0038717 0016030 0332452 0392756 1413498 1866282
 0016030 0243148 1550141 1882979 2587213 3274648 0392760 1314939 1413498 1866282 0030705 1439852 0007804 1412553 0003940 0038717 0439391 0439526
 0015252 0728940 0009458 0162867 1254021 0007634 3282337 1512335 0033727 0369286 0441932 0564385 1524062
 0007634 3282337 0600209 0086972 0443299 0687118 1704732 0007804 1412553 0003940 0038717 0004400 0234621
 2986957 0011321 0034606 0441633 1709793 0439165 0439175 0439810 1549488 1561533 0007804 1412553 0003940 0038717
 0681814 1706386 0205341 1720725 1948050 2348205 1274040 1546471 2825142
 2985663 0150312 0449450 0557651 1514811 1706462 2603343 0332128 0597704 1159772 0475264 1744691
 0596611 0026882 0015127 1524003 0024369 1280464 0205319
 0684224 0700287 3273238 1413498 1866282 0014239 0033684 0035295 1320928 1549439 2347958 0598268
 0220781 1883254 0237886 0700314 1947906 0005528 1317949 3495449 0030946 1947941 0007634 0221099 0332452 0684336 1413498 1866282 3282337 0597297 0597304 1623036 0243125 0699900 0007804 1412553 0003940 0038717 0392756
 0205132 0040715 2987521 0597704 1159772 0475264 1744691 0014239 0035295 0598268
 0205435 1279901 0205145 0150312 1883351 0072354 1150347 1418224 0012771 0022202 0033684 0005516 0005516 0018042 1415174 1504308 1518422 0024369 0007427 1332805 2986582
 0205436 0033684 1518422 1261552
 0205437 0332256 2700400 0017982 0205145 0376322 0035139 0559956 1555302 0036720 0205436 0419518 0445022 0457385 0524462 0565930 1441414 1553874 1561503 1578820 1705190 0002520 2917660 0001128 0202406 1709915 1882936 0028959 1883712 1274040 1546471 2825142 0337112 1524075 0014158 0061642 0070345 0117151 0016327 0017976 0030956 0039798 0087111 0439133 0849355 1522326 1533734 1553038 1705169 3538994
 1413498 1866282 0332324 1550474 0849355 1883720 3244314 0337112 1524075 0028959
 1511726 3245479 0183683 1521721 0178566 0014239 0035295 0598268
 0035182 0035280 0333117 1753315 0441712 0678594 0752190
 0014239 0035295 1320928 1549439 2347958 0598268 0087044 0021699 0033684 1167322 2752508 0332256 2700400 1514562 0542341 0025252 0025255 0033684 0596901 1706182
 0947630 0449975 0014239 0035280 0035295 0333117 1753315 0598268 0003765 0140283 0205090 0684010 1148772 1710082 2603358 1882074 2825492 1709915 1882936
 1523273 0086597 0127400 1167322 2752508 1880389 1883221 3541951 0205431 1522492 1180347 1523872 0033684 1704241 0309872 0013194 2700580 0699789
 1710082 0678594 1273518 0014239 0035295 0598268 1518422 0205309
 0369718 0441922 1553036 1514562
 0035139 0559956 1555302 0024337 1709915 1882936 1518422 0392747 1659461 0475264 1744691 0332149 1705910 2362652 0376525 1317750 1831145 0557651 0684224 0700287 2603343 3496591 1706853 1879748 1704241 0309872 1292733 0699789
 0031843 0542341 0700205 1705273 1518422 1704788 3539106
 0871208 1521828 0237886 0700314 1947906 1514570 1709694 0332452 0007634 0243148 1550141 1882979 2587213 3274648 3282337 0205369 0441655 1552740 0243102 0005270 0019484 0007804 1412553 0003940 0038717 1705535 1413498 1866282 1518422 0439801 1549649 2349209 0005528 1317949 3495449 0014442 0014445 0024369 2984253
 0018563 1281583 1552914 0557651 2603343 1547282 2698977 0007804 1412553 0003940 0038717 0007634 0221099 0332452 0684336 1413498 1866282 3282337
 0018517 0376558 2825407 0684224 0700287 3496591 1883351 0439228 0007804 1412553 0003940 0038717 1637379 1881707 1425988 0150312 0449450 0557651 2603343
 0033204 0332148 0007804 1412553 0003940 0038717 0205197 0014139 0332294 0678226
 1515187 0007804 1412553 0003940 0038717 0243125 0699900 0007634 3282337 1274040 1546471 2825142 0030940 0030946 1947941 0332197 2699517 0205254 0449381 0392148 0392760 1314939
 0543488 1335533 0332255 0486805 1363844 0861064 0001044 0185117 0205217 0442805 1708698 0243125 0699900
 1511726 3245479 1705535 1522821 2987513 0221099 0684336
 0031847 0277785 0230770 0014239 0025252 0038164 0025255 0033684 0035295 0332452 0596901 1320928 1549439 1706182 2347958 0449234 1704772 1882133 1518422 1882265
 1413500 1838570 0230770 0025252 0025255 0033684 0596901 1706182 0332452 0025362 0441833 0687744 1257890 1552516 1705428 1705429 0012634
 1883351 1292732 2698977 0557651 2603343 0205369 1552740 0205214 1522138 3245511 0007634 3282337
 2825232 0043227 1440177 0018173 1521721 1548284 1704648 0016617 0017480 0027468 1512024
 0010186 0220812 0449719 1709471 0220808 0680264 0007961
 1706852 0522501 1706089 0949214
 0205155 1293097 1522472 1552923 1705191
 0282413 0376649 1442065 0005477 0020017 0020028 0019994 0041740 1510665

 0017480
 0254343 0796520 3272379
 0439509
 0085205 1549619 1880669 0439509
 0013849 1705961 0024492 1538057 1547565 0011198 0017480 3541240 0000723 1273517 0027964 1417613 0027877 0007831 0268279 0521390
 2986784 1334189 0065684 0597357 0065688
 0014239 0035295 0598268 0014239 0035295 0598268
 0027964 1417613
 0001128 0202406 0001128 0202406
 0556985 2247301 3540495 0947344
 0058479 0058479
 0007804 1412553 0003940 0038717 0007804 1412553 0003940 0038717
 0007427 1332805 0007427 1332805 0007428
 0072354 1150347 1418224 0012771 0022202 0033684 0072354 1150347 1418224 0012771 0022202 0033684
 0033727 0369286 0441932 0564385 0033727 0369286 0441932 0564385
 0265215 1417092 0001128 0202406
 0014158 0070345 0016327 0439133 1553038 0061642 0014158 0070345 0016327 0439133 1553038 0061642

 2603362
 1274040 1546471 2825142
 1514811 1706462 0557061 2584313 1514811 1706462 0033727 0369286 0441932 0564385
 0033727 0369286 0441932 0564385 2603362
 0016327 0439133 1553038
 0027960 0324740 0439189 1456781 1824986
 0325074

 0025141 0369637 0441923


 1417055

 2827734 2981698 0025141
 0439394 1706495 3642217

 0000857 0600678 1552863 0330100 1256200 0369637 0441923


 0025141 0861352 0439394 1706495 3642217 0021966 0221138 0033727 0369286 0441932 0564385 0369773 2603361


 0201682
 0205090 0684010 2603358
 0369773 2603361
 2347469 0033727 0369286 0441932 0564385
 0205090 0684010 2603358
 0027960 0324740 0439189 1456781 1824986 2603362
 0331925 2347469


 0025141 2603360 0369773 2603361
 0439394 1706495 3642217
 0036397 0331968 2699100 2347469 0439394 1706495 3642217 1444775 1539835 0205090 0684010 2603358 0597277 1708601 0027960 0324740 0439189 1456781 1824986 0369637 0441923
 2347469 0369637 0441923
 0016327 0439133 1553038 0011198 0017480 0023031 3541240 2603360
 1553033


 0325074
 0450348 0025141 0205090 0684010 2603358
 2347469 1444775 1539835
 0205090 0684010 2603358

 0205090 0684010 2603358
 0027960 0324740 0439189 1456781 1824986 2603362




 0325074
 0025141 0033727 0369286 0441932 0564385 0205090 0684010 2603358

 2603362
 0439394 1706495 3642217 0597277 1708601
 2603360 0812297 1705148 0439394 1706495 3642217
 0205090 0684010 2603358 0205090 0684010 2603358
 2603360
 0205090 0684010 2603358 0452470
 2603360
 0369637 0441923




 0325074
 0025141
 0021966 0221138
 0043016
 0369718 0441922 1553036
 0337049 1036400 2347469
 0439394 1706495 3642217
 0205090 0684010 2603358
 0205090 0684010 2603358




 0325074
 0025141
 0205090 0684010 2603358
 1552926 2348615 0033727 0369286 0441932 0564385


 0025141 2603360
 0005477 0005532 0331857 0449468 0560268 1690016

 0027976 0021966 0221138 0205090 0684010 2603358

 0027960 0324740 0439189 1456781 1824986
 0325074
 0439394 1706495 3642217

 0027960 0324740 0439189 1456781 1824986
 0325074
 0439394 1706495 3642217

 0027960 0324740 0439189 1456781 1824986
 0325074

 0771998 0936217 1161429



 0439267 0369637 0441923

 0369773 2603361
 0027960 0324740 0439189 1456781 1824986

 0007634 1269647 1704653 1948049
 0205090 0684010 2603358
 2347469 0597277 1708601
 0205090 0684010 2603358
 0205090 0684010 2603358
 0027960 0324740 0439189 1456781 1824986 2603362



 0025141 1553033 2268974 1553033 0369637 0441923
 0439394 1706495 3642217 0324179 2700050 0324179 2700050 0205090 0684010 2603358 0205090 0684010 2603358
 0369637 0441923
 1553033 0369637 0441923
 0439267


 0025141
 0439394 1706495 3642217
 2347469 2268974

 0369637 0441923
 0369637 0441923
 0369637 0441923
 0439267 0205090 0684010 2603358
 0369637 0441923


 0025141 0205090 0684010 2603358
 2603362

 0027960 0324740 0439189 1456781 1824986
 0325074

 0025141 0205090 0684010 2603358
 2603360 0439394 1706495 3642217
 0205090 0684010 2603358 0597277 1708601
 0205090 0684010 2603358 0335730 1708639 0369773 2603361

 0205090 0684010 2603358



 0325074
 0025141 0335326 1306756 0205090 0684010 2603358
 0205090 0684010 2603358

 0021966 0221138 0885752 0950054 0369637 0441923
 0016327 0439133 1553038 0205090 0684010 2603358

 0242856

 0025141 1553033 0335912

 2603360


 0025141
 0242664
 0205090 0684010 2603358 0205090 0684010 2603358



 0025141 2603360 2347469 0597277 1708601
 1418943

 0268596 2700624
 3642273

 2603362


 0016327 0439133 1553038


 0201682
 1553033 2347469 2603360


 0201682
 2347469 0597277 1708601 2347469 2603360
 0014137 0439114 2347469
 0439267 0369773 2603361 1553033 2603360

 0025141 0560020 0439267 2603360


 0450382 0025141 0369718 0441922 1553036 0597277 1708601 2603360


 0025141 1553033
 0369637 0441923
 0205090 0684010 2603358 0597277 1708601 0369773 2603361

 3642273
 0025141 0033727 0369286 0441932 0564385 0597277 1708601 2603360


 0025141 0439114 0439114
 0439267 2603360


 0201682
 0369773 2603361 1553033 1553033 0205090 0684010 2603358 2603360
 0027960 0324740 0439189 1456781 1824986

 0007634 1269647 1704653 1948049 0000857 0600678 1552863 0597277 1708601
 1553033
 0439394 1706495 3642217
 0005477 0025141 0402671 2244327 0369637 0441923
 2603360
 0439394 1706495 3642217 0033727 0369286 0441932 0564385
 1418943

 0268596 2700624
 3642273

 2603362

 0000857 0600678 1552863 0597277 1708601
 1417055
 2347379
 0025141 2347469 2347469 0205090 0684010 2603358 1553033
 1512223 0205090 0684010 2603358 0597277 1708601


 0439073 0439082 0450316 2827734 2981698 0000857 0600678 1552863
 0033727 0369286 0441932 0564385 0597277 1708601

 0000857 0600678 1552863 0369637 0441923
 0369773 2603361 0369773 2603361
 0369637 0441923
 0205090 0684010 2603358

 0000857 0600678 1552863 0369773 2603361 0016327 0439133 1553038



 0025141
 0369718 0441922 1553036 0439394 1706495 3642217

 0027882 0439073 0439082 0025141 0022646 1419338 1427479 0369718 0441922 1553036
 0442999 1621797
 0369773 2603361 1504648
 0439267
 2603360 1551881


 0450348
 2347469 2603360
 0439267
 2603360 1553033 0369637 0441923




 0369637 0441923
 0007634 1269647 1704653 1948049
 0001511 0175633 0025141 0022646 1419338 1427479 0369718 0441922 1553036
 0439394 1706495 3642217
 1504648
 0439267
 2603360 1551881


 0201682
 0016327 0439133 1553038 0597277 1708601



 0000857 0600678 1552863 0016327 0439133 1553038 0597277 1708601



 0000857 0600678 1552863 0009170 0413399 0205090 0684010 2603358 2347469 2603360 0369718 0441922 1553036 0597277 1708601 0582525 0021966 0221138 0597277 1708601


 0201682
 0556636 1269776 0369718 0441922 1553036
 2603362


 0025141