 0449432 0086597 0004083 0439849 0596306 0699792 0332197 1689985
 0205090 0684010 2603358
 1551641 1366622
 0332197 1689985


 0007457 0043157 0220938
 0036375 0005477 0026376 0005532 1521991 0005889 0302908 1521806 1709694 0205099 1704729 0014279 0041740 0042645 0997115 0004340 0920650 0683933 0683939 0021267 0029237 0029246 0035168 0036397 0220885 0242481 1300196 1522486 0042645 0997115 0004340 0034036 0034037 1514756 1704324 0348078 0376315 1515981 1522492 1527075
 0520510 0557061 2584313 1514811 1706462 2936349 0333562 0205418 0332281 0243083 0012634 1301808 1514721 1880371 2348147 3542016
 0333562 1449651 0002716 0011560 0225328 0611285 0678594 1274040 1546471 2825142 0332621 0439168
 1883712 2936349 0333562 0332256 2700400 0237753 0449788 1449651 0002716 0011560 0225328 0611285 0333562 1301808 1442792 3148680
 0002726 0012634 0205170 0443211 1272684 3146287
 0441712 1280500 0205169 0162340
 1280500 2348382 0002721 1456795 0443856 0607063 0002723 0002716 0011560 0229671 0449432 0611285 1546774 1550100 1705248 0003595 0003591 0004927 2707008 1449651 0225328 0026339 3161035 0449913 1553451 1704459 1515654
 1524063 0596085 0041609 0936012 0026019 2984656 0013852 0026018 3463986 0242485 0449432 0015127 1524003 0225328 0205418 0392752 2349975 0178587
 1274040 1546471 2825142 1705535 0441712 1706376 0127400 0011560 1705760 0333562 0205360 2347098
 0520510 0557061 2584313 1514811 1706462 1819957 0004083 0439849 0596306 0699792 1449651 0225328 0332621 0439168 0333562 0012634 1514721 1880371 2348147 3542016 0332257 0524851 0012634 2827734 2981698 0011860 1320657 0441730 0011847 0011849 0332307 1547052 0740116 2827735 2981700 0237753 0449788 0439086 2827736 2981702
 0033684 0205309 1883351 0348078 0376315 1522492 1449651 0225328 1515655 0333562 0033684 0205431 0332281 0243083 0012634 1301808 1442792 3148680
 0332268 2348205 0004793 0162326 0162327 1519249 0678594 0678594 0871161 1292721 2348205
 0012173 1337615 1449651 0225328 1706853 1879748 0678594 0439084 0728893
 0333562 0332256 2700400 0237753 0449788 0424215 2003939 0033665 0332291 0033684 0085862 1299583 1709634 1449651 0225328
 0449432 0332257 1552866 2700399 0002721 1456795 1179435 0607063 0443856 0002723 0036825 1304893 0002716 0011560 0229671 0449432 0611285 1546774 1550100 1705248 0003595 0003591 0033684 0017973 0033692
 0037791 1511884 0205370 1420017 1456795 2699241 2700633 1273517 2936349 0002723 0002716 0011560 0333562 0392762 0611285 1522485 0439086 2827736 2981702
 2607943 2926606 3539655 1420017 1456795 2699241 2700633 0184512 0002716 0011560 0611285 0021135 1533691 2827718 0333562 0243125 0699900 0871157 1707689 2983265
 0205447 0567416 0008976 1096775 0205210 0268380 0268381 0281479 0002726
 0543488 1280500 0449432 2936349 0333562 1522508 1449651 0225328 0333562 0332268 1522508 0002716 0011560 0611285 0243125 0333562 0699900
 0681828 0947630 2698671 0237753 0449788 0033684 1547282 1883351 1184743 1522240 0332183 1314939 0237753 0449788 0521114
 0439849 1705630 1706279 3540605 0441712 0680243 0871161 1292721 1449651 0002716 0011560 0225328 0611285 1301808 1442792 3148680 0332148 0750492 0237881 0750502 1546944
 1707959 0033684 0332257 1518422 0205309 1883351 0348078 0376315 1522492 0002716 0011560 0611285 1515655 0677881 1511636 0205418 0205286 0225328 1518422
 2607943 2926606 3539655 0332120 1883727 1449651 0225328 0237876 0441712 1706376 0035168 0242481 0205234 0441712 1285542 1706376 1521761 2827422
 0868928 1706255 1706256 0268380 0268381 0281479 0002726 0015127 0205164 1524003 1883351 0684336 1265611 0520510 0333562
 0969625 3266812 0582205 0182400 1704681 2347609 3536729 0004083 0439849 0596306 0699792 0225328
 0231448 0439792 0043227 1883351 0750591 1280500 2348382 1449651 2936349 0002716 0004083 0011560 0225328 0333562 0439849 0596306 0611285 0699792 1301808 1442792 3148680
 0026339 3161035 0449913 1553451 1704459 1261322 1552578 1707391 0225328 0052190 1412477 0003594 0052209 0444967 0003591 0086418 0205431
 0003591 0033684 0205136 1882932 0205309 1883351 0348078 0376315 1522492 0002716 0011560 0611285 1515655 0052190 1412477 0052209 0003594 0003591 0205170 1441414 1553874 1578820 3161035 0004927 2707008
 0332120 1449651 0225328 0243107 0678723 1527148 0004153
 0225328 1705417 0205352 0332437 0543482 0700329 0700619 1522508 1561567 1880022 1518422 0205418 0231242 0392148 1265611 1518422
 0683607 0871161 1292721 0004083 0439849 0596306 0699792 1285553 1301808 1442792 3148680 1515273 1705313 2826302
 0871161 1882134 2347695 0442805 0003595 0003591 0086597 0127400 0449432 1518422 1420017 1456795 2699241 2700633
 1516240 0443264 1301808 1442792 3148680 1999230 0233820 1515655
 0520510 0520510 0557061 2584313 1514811 1706462 1998793 1552738
 0139916 0600209 1704732
 1710198 0439294 0086045 0439269 0439509 0439526 1446561 1960952 2346927 1698986 0120447 0018320 0120446 1512523 0041175 0077281 0814229 2678549 0020283 0450407 0450408 0450409
 1420017 1456795 2699241 2700633 0544357 0032105 0086418 1550098 1998793 0034907 0005767 0005768 0229664 0238711 0332575 0557854 1260956 1999230 2825316 2828360 3245478 0008551 0008550 1510827 0036681 0012935
 0439526 1548982 0041175 0077281 0814229 0037494 1959973 0596235 2678549 1882074 0020283 0450407 0450408 0450409 0006353 1883708 0041175 0077281 0814229 0037494 1959973 0596235 2678549 1882074 0020283 0450407 0450408 0450409
 0035191 0006353 0439526 1883708 0205430 0229671 0439526 1546774 1550100 3160715 2348236 0005903 0039476 1547703 1883171 0700308 0033727 0369286 0441932 0564385
 0035191 0016107 0849355 0684296 0008550 0017596 1185738 1706132 1947936 0006353 1548982 0312860
 1420017 1456795 2699241 2700633 0035191 0041175 0077281 0814229 0037494 1959973 0013618 2678549 1882074 0020283 0450407 0450408 0450409 1883708 0006353 0439294 0439269 0439526 1880165 1960952 2346927 0041612 1619829 1883417
 1882508 0521093 0600209 0750484 1704732
 0052199 0597298 1998793 1552738
 0079240 0439851 1947931 1948037 1521827 1710198 0006353 0041175 0077281 0814229 0037494 1959973 2678549 1882074 0020283 0450407 0450408 0450409 0013618 0596235 1548787 0086045 1446561 0020725 0052190 0066972 1412477 0052209 0003594 0003591
 0052190 0003594 1521827 0596973
 1449651 0225328 0683607 1883351 0052190 1412477 0003594 0052209 0444967 0003591 0348078 0376315 1522492 2348236 0005903 0039476 1547703 0439228 0052190 1412477 0003594 0052209 0444967 0003591 0086045 1446561 0725813
 0597430 0936012 1524063
 0370003 2347026 1524062 1883351 0205173 1705764 1705765 0006353 1185625 2986730
 1511726 3245479 0439661 0449819 3245488 0312860 1705117 1513371 1705738 2347637 2348146 0678536 0582523
 0034606 0441633 2826292 1883727 1272706
 0036572 0424576 2349186 3161035 0012222 1696141 0086903 2827790 0439267 1524063
 1511726 3245479 0036572 0424576 2349186 1524063 0549193 1704769 2350001 1705117 0370003 2347026 0725813
 0920727 0597428 1384604 1707429 0086903 2827790 0037775 0439267 0444686 0678226 1441506 1443182 1524063 0002045 1553907 0332257 1285529 3538986
 2349182 0052190 1412477 0052209 0003594 0003591 0449432 1550099 1273517 0036572 0424576 2349186 1880177
 0870071 2827748 1148554 0184661 1948041 2700391 3274430 3538935 3539779 0052190 1412477 0003594 1449651 0052209 0444967 0002716 0003591 0011560 0225328 0611285 3161035 1522508 1552738 1561567
 0225328 0018889 0018893 0205132 0332293 0337112 1522326 1524075 0441635 1444754 1457900 1706316 0577559 1306372 3152252
 0991566 0369637 0441923 0337112 1524075 0230003 0733755 2697524 0369637 0441923 1707391 0439240 0449468 1690016 1705102 2700258 0178587 0150103 1708943 0052190 1412477 0003594 0052209 0444967 0003591 0225328 0720930
 0029266 1704322 1704972 3539923 0205447 0028377 0332617 0205307 0439166 0520511 1704711 2347086 1444754 1706316 0312860 0150103 1708943 0052190 1412477 0003594 0052209 0444967 0003591 0225328 0444706 3541902
 0033684 0052190 1412477 0003594 0052209 0444967 0003591 0225328 0332297 1145667 1167622 1689898 2349209 0332293 1522326 0332283 0991566 1524062 3161035 0012751 0225328 1948066 0004457 0012727 0225328 0999597 1522496 1948066
 0392360 0991566 0034627 1279083 1306504 0577559 1306372 3152252 0740116 2827735 2981700 0439175 0439810 0577559 1306372 1532717 3152252 0577559 1306372 1420017 1456795 2699241 2700633 3152252
 1444754 0312860 0312860 0312860 0312860 0312860 0369637 0441923 3541329 0439084 0728893 0991566 1882932 0033684 0205272 1272706 1524062 1947971 1264633 1264663 0444499 2827734 2981698 0740116 2827735 2981700
 1264663 1264633 1554103 0439175 0439810 0577559 0991566 1306372 1442162 1524062 1550718 3152252 3244317 0225328 0332849 0577559 1306372 1948066 3152252 1883712 0991566
 0439175 0439810 0205195 0577559 1306372 1444754 1524062 1706316 1947911 3152252 0920727 0597428 1384604 1707429 0444686 1441506 1443182 1524063
 0025663 0205156 0449851 0871511 1552607 0242808 0332293 1522326 0920727 0597428 1384604 1707429 0026377
 1415284 2348395 2825313 0181805 1135584 1552983 1441759 0007009 0086296 0205168 1522408 1561571 1561572 0028158 1550581 0012621 0030685 2926602
 0370003 2347026 0449432 1518422 0185125 1415284 2348395 2825313 0683607 1883351
 0370003 2347026 1548982 0006353 1720725 1948050 0332283 0487602 1704680 0991568 1321095 2347093 0020283 0450407 0450408 0450409
 1415284 2348395 2825313 0001861 1512080 2827485 3536832 0332128 1524063 0262880 0181845 0013852 0040722 0181839 0242781 1521797 1706379 3463986 0004340 0556639 3242339
 0240341 0596928 0034869
 2348236 0005903 0039476 1439852 1547703 1420017 1456795 2699241 2700633 0596235 0033727 0369286 0441932 0564385 0242485
 1883351 1301820 1706701 1979963 2003903 0042784 0332152 0242485 0442818 2826257 1883712 0439509 0017861 1709500 2919747
 1883712 0015127 1524003 0542299 0442739 1548568 0392747 0443172 1705241 1705565 1947976 0392747 0443172 1705241 0042784 0391802 1547055 0521093 0750484 0017861 1518422 0001721 0678594 1704675
 0370003 2347026 1883708 0021943 0021945 0040223 0205430 0720654 1632851 1705687 2349984 3160715 0439834 0442504 1704765 1882509 3496241 0005899 1710360 0683607 1883351 0596013 0702093 1704644
 0184661 1948041 2700391 3274430 3538935 3539779 0425382 1883351 0085631 1441672 1883351 0332454 0017243 1382104 0678594 0037633 0525069
 0242485 1881534 1524063 1551491 0027971 1524063 0206428 0330095 2350017 0449829
 2348625 0884358 1883351 0017446 0205147 0022885 0392366 0017446 0205147 1272695 2746065 0740116 2827735 2981700 0080194 0456178 1518614 2987481
 0205361 0022885 0392366 0205421 0242485 0884358 0040223 3541383 0218063 0678587 0205361 1301808 1442792 3148680
 0520510 0557061 2584313 1514811 1706462 1261322 0004927 0205234 0597428 1285542 1384604 2707008 0225328 0392148 0086045 0449432 2936349 0333562 0349966 0740116 2827735 2981700
 0868928 1533148 0225328 1441672 1550099 0015663 0456962 0086045 0439294 0439526
 1280500 2348382 0439294 1415127 0205397 0392148 0439269 0439526 1420017 1456795 1960952 2346927 2699241 2700633 0680220 2584321 1511276 1552825 0007703 1511726 3245479 1518422 1547282
 0332149 1518422 1705910 2362652 0520511 1704711 1550099 0520510
 0004927 2707008 0920727 0597428 1384604 1707429 0439093 0443228 1704243
 1979874 0143466 1419116 1420017 1456795 2699241 2700633 0015127 1314792 1524003 0442805 0043094 0225328 0205171 0439044 0679994 0392148 1420017 1456795 2699241 2700633
 0052199 0225328 1524062 0086045 1446561 0439294 0439526 0442805 1441672
 1280500 2348382 0205397 1883351 0442805 0003595 0003591 0086045 1446561 2346927 0439294 0349966 0439269 0439526 1337208 1514721 1960952 2348147 3542016 0920727 0597428 1384604 1707429 0003595 0003591
 1280500 2348382 0920727 0597428 1384604 1707429 0225328
 0449911 0333052 2607870 0557702 1272706 1704674 0557702 1272706 1704674 0349966 1337208
 2827734 2981698
 0597430 0439830 0597428 1384604 1547053 0439269 1960952 2346927 0439526 0392148 2347469
 0678536 0582523 0034606 0441633 2826292 0456692 0702093 1272706 1516695 1516698
 0486588 3272888 0034606 0441633 2826292 0750563
 0520511 1704711 0225328 0205171 0439044 0679994 0205132 1550648 1552960 0392148 1420017 1456795 2699241 2700633 0205132 1550648 1552960 0439294 0143466 1419116 0392148 0439269 0439526 1420017 1456795 1515981 1960952 2346927 2699241 2700633 0596235 0205132 1550648 1552960
 0449911 0333052 2607870 0557702 1272706 1704674 0557702 1272706 1704674 0349966 1337208
 0740116 2827735 2981700
 0597430 0439830 0597428 1384604 1547053 0439269 1960952 2346927 0439526 0392148 2347469
 0678536 0582523 0034606 0441633 2826292 0456692 0702093 1272706 1516695 1516698
 0486588 3272888 0034606 0441633 2826292 0750563
 0920727 0597428 1384604 1707429 0225328 0332197 1689985 0205132 1550648 1552960 0392148 0205132 1550648 1552960 0205132 1550648 1552960 0205132 1550648 1552960
 0205132 0037791 1511884 1280500 1420017 1456795 2699241 2700633 1301751 1280500 2348382 0332197 1689985 0006675 0006726 2936886 1280500 2348382 0205343
 0036773 0728877 0001924 0229671 1546774 1550100 0033684 0086045 0150312 0205250 1299351 2700149 0229671 1546774 1550100 2936349 0002716 0011560 0333562 0611285 1518422 1518422 0449265 1280500 2348382 0012634 0348080 1705253 0086045 1515981 0439294 0439269 0439526 1960952 2346927 0678536 0681814 0052190 1412477 0052209 0003594 0003591 1550099
 0018563 1281583 1552914 0449432 0052190 1412477 0003594 0052209 0444967 0003591 0225328 0332297 1145667 1167622 1689898 2349209 1550099
 1265611 1550099 0520510 0392148 0332197 1689985 1705241 1705242 0750572 0370003 2347026
 0750572 1265611 0225328 0332297 1145667 1167622 1689898 2349209
 0086045 1446561 0439294 0439526 0439267 0225328 0332297 0439208 1145667 1167622 1689898 1948066 2349209 0205447 0332232 0597526 1420017 1456795 2699241 2700633 0596973 0052190 1412477
 0003595 0523511 1412481 0003595 0003592 0628062 0003591 0178587 0439267 1145667 1167622 0439267 0052190 1412477 0052209 0003594 0003591 0003595 0003592 0003591 0205447 0596973 0597526 0567416
 1883351 0442805 1551359 2741673 2981730 0577559 1306372 3152252 0225328 0243122 1145667 1167622 0449432 0392747 0969625 3266812
 2346972 0052190 1412477 0003594 0052209 0444967 0003591 0225328 3161035 2827421 1883712 0577559 1306372 3152252 0449468 1690016 1705102 2700258 0332297 0449432 1145667 1167622 1518422 1689898 1705248 2349209
 0577559 1306372 3152252 0225328 1524062 1948066 3161035 0439148 1519795 0733755 0225328 1948066
 0520511 1704711 1517001 3161035 1280500 0733755 0225328 1948066
 0681842 1882327 0025320 0392747 0443172 1705241 0332281 0442805 0577559 1306372 3152252 1524063 0037633 0525069
 3161035 1292734 1522326 0577559 1306372 3152252 1707801 0442808 1704711 0034627 1279083 1306504 1947971 0025320 0392747 0443172 1705241 0442805 1710545 0520511 1704711 1880177
 1274040 1546471 2825142 1947971 0441469 0920727 0597428 1384604 1707429 0243122 1145667 1167622 0577559 1306372 3152252 0225328
 0868928 1706255 1706256 0025320 0392747 0443172 1705241 0920727 0225328 0456603 0597428 1384604 1547037 1707429 1948066 0577559 1306372 3152252 0920727 0332297 0597428 1145667 1167622 1384604 1689898 1707429 2349209 0332197 1689985 0577559 1306372 3152252 0150312 1883351 0205132 0225328 0231441 0332297 0443218 1145667 1167622 1444754 1689898 1706316 2349209 2827483
 0225328 1265611 0577559 1306372 3152252 1264633 1554103 0577559 1306372 3152252 0225328 0205166 1706317
 1274040 1546471 2825142 1511726 1517586 1707455 3245479 0349966 1337208
 0439086 2827736 2981702
 2825142 1517586 1274040 1546471 1264633 1264663 1554103 0225328 0332297 1145667 1167622 1689898 2349209 2603362 0042295 0005910 0043100 0444686 1305866 1441506 1443182 1705104 1510992 2825518 0037775 0349966
 0577559 1306372 3152252 1518422 1550099 0439164 1268822 0178587 0042789 2707266
 0033684 0577559 1306372 1524062 3152252 0225328 0332297 1145667 1167622 1689898 2349209 3161035 0225328 0312860 0449445 1292724 1444754 1706316 1948066
 2963144
 0439086 2827736 2981702 0025320 0392747 0443172 0332290 0205352 0442805 1527178 1705938 0577559 1306372 3152252 0449468 1690016 1705102 2700258
 0332120 0205171 1518422 1720467 0392747 0443172 0443228 0549177 1704243 0681842 1882327 3161035
 0011546 0086045 0439857 1446561 2698668 1705535 0205263 1280500 1420017 1441672 1456795 2348382 2699241 2700633 1420017 1456795 2699241 2700633 0439294 0439526 0205263 0442805 3244315 0449286 1704240
 0004927 2707008 1979874 2963144 0681842 3161035 0439849 1705630 1706279 3540605 0577559 1306372 3152252 0332297 1145667 1167622 1689898 2349209 0205132 0439182 0812409
 0004927 2707008 1705535 1280500 2348382 0004927 2707008 0225328 0678226 1705175 1705176 1705177 1705178 1882348 3146286 0205250 1299351 1704675 2700149 1420017 1456795 2699241 2700633 0225328 0243122 1145667 1167622
 1280500 2348382 0086045 0557651 2603343 0439294 0439526 0025320 0392747 0443172 0681842 1882327 1521761 2827422 0205451
 0332148 0750492 1420017 1456795 2699241 2700633 0003595 0003591 0033414 1704675
 0449911 0333052 2607870 0557702 1272706 1704674 0557702 1272706 1704674 0349966 1337208
 0439086 2827736 2981702
 0392747 0443172 0243122 0449432 1145667 1167622 1518422 0015127 1524003 1449651 0225328
 0025320 0392747 0443172 1705241 0037640 1264633 1264663 0332297 0449432 0577559 1145667 1167622 1306372 1518422 1554103 1689898 1705248 2349209 3152252 0052199 0679214 0679214 1698987 3161035 0205132 1550648 1552960 3161035 0205132 1550648 1552960
 1883351 1527178 1874451 0920727 0597428 1384604 1707429 0023693 1306462 1881376 0332128 0225328 0332197 1689985 0003595 0003591 0349966 1337208 0026019 2984656 0013852 0026018 3463986
 0332197 1689985 0449432 0225328 0205166 0205397 1706317 0231467 1709956 3541837 1522508 1561567 1880022 0205375 1608508 1704711
 0392148 1420017 1456795 2699241 2700633 0006675 0006726 2936886 0332437 0543482 0700329 0700619 0442739 2346711 0678594 0205397 0225328 0332297 1145667 1167622 1689898 2349209
 0678594 0205397 0037633 0205171 0439044 0679994 0205280 0012634 0348080 1704254 1704922 1705253 3542466 0332479 0348078 0522512 0456389 0332290 0450348
 0520511 1704711 0392148 1420017 1456795 2699241 2700633 0006675 0006726 2936886 1705242 0332197 1689985 1420017 1456795 2699241 2700633 0225328 0870432 0205375 0439092 0547044 1608508 0205387 0520511 1704711
 0392148 1301751 1280500 2348382 0205387 0750489 1274040 1546471 1880112 2825142
 0449911 0333052 2607870 0557702 1272706 1704674 0557702 1272706 1704674 0349966 1337208

 0013852 3463986 0439294 0205431 0439269 0439526 1960952 2346927 0439294 0143466 1419116 0439269 0439526 1420017 1456795 1515981 1883712 1960952 2346927 2699241 2700633
 2347469 0449911 0205099
 0567416 0225328 0332297 1145667 1167622 1689898 1948066 2349209
 0687760 1551065 0312860
 0449911 0333052 2607870 0557702 1272706 1704674 0557702 1272706 1704674 0349966 1337208
 0439084 0728893
 0013852 3463986 0439294 0205431 0439269 0439526 1960952 2346927 0439294 0052199 0439269 0439526 1515981 1883712 1960952 2346927 2347469
 0687760 1551065 0312860
 0302523 0700325 1964257 1420017 1456795 2699241 2700633 0003595 0003591 0392747 0443172 1705241 0026377 0242808 0392747 0443172 1825598
 1883351 0376649 1442065 1522634 0444686 1441506 1443182 0597428 1384604 0920727 1707429 0225328 1444754 1706316
 0443289 0392747 0443172 1521761 2827422 0392747 0443172 0920727 0597428 1384604 1707429 0439092 0547044
 0392747 0443172 0700321 1705241 1420017 1456795 2699241 2700633 0015127 1524003 0332148 0750492 1518422 1880177 0392747 0443172 1441672 1705241 0920727 0597428 1384604 1707429
 1883351 0163712 0302523 0700325 1964257 1704675 0884358 0523510 0523476 0242485 0332197 1689985 0392148
 0242485 1883073 2827424 0349966 1337208 1547282

 0332197 1689985 1420017 1456795 2699241 2700633 0225328 0004093 0017243 0031809 0205485 0442824 1382104 1509143 1762617 1031041 0439267 1031041 0439267 1547282 0205171 1720467 0011546 0439857 2698668 1514721 2348147 3542016 0444706 3541902 0439267 1515981 1522609 0439267 1514721 2348147 3542016 0439603
 0004927 2707008 0332290 1513822 1705739 1882071 0225328 1711300 2700613 0449468 1690016 1705102 2700258
 0439267 0549177 1444656 1522609 1513822 1705739 1882071 0085732 1299581 1698986 0038435 0035028 0542193
 0376249 0439603 0871396 1561548 1705502 0439267 0205163 1549782 0079809 0242485 0370003 2347026
 0868928 1706255 1706256 0225328 0205171 0439044 0679994 1522609 0205101 0376249 0439603 0871396 1514721 1561548 1705502 2348147 3542016 1705535 0035028 0040223 1632851 0457385
 0871261 1704632 1706817 2911692 0392148 1420017 1456795 2699241 2700633 1705242 0205171 0439044 0679994 0439267 0439267 1547282 0392756 0547047 1705175 1705176 1705177 1705178 1882348 0449286 1704240 0011546 0439857 2698668
 0010366 0150097 0205134 0205212 0333051 0439603 0205250 0035028 0040223 1632851
 0871208 1521828 0392360 3146298 0017243 0205231 1382104 1707455 1513822 1705739 1882071 0205431 0332197 1420017 1456795 1689985 2699241 2700633
 1522609 0439267 1948052 0376249 0439267 0439603 0871396 1514721 1517586 1561548 1705502 2348147 3542016 0038442 0038435 1518422 1698986 1704675 0037638
 0449911 0333052 2607870 0557702 1272706 1704674 0557702 1272706 1704674 0349966 1337208

 1883073 2827424 0041175 0077281 0814229 0037494 1959973 0596235 0439509 0017861 1709500 2919747 1882074 2678549 0020283 0392148 0450407 0450408 0450409 1282913 1551714 0332197 1689985 0205120 1552595 1420017 1456795 2699241 2700633
 1031041 0439267 0005680 0027567 0085756 0439541 0679214 1547282 1031041 0439267 0007457 0043157 0220938 0679214 1547282
 1517331 1883351 0182400 1704681 2347609 3536729 1280500 2348382 0444706 3541902 0042784 0391802 1547055 1514721 2348147 3542016 0080194 0456178 1518614 2987481 0871208 1521828 0392148 0332197 1689985
 0441889 0449286 0542560 1561545 2348088 0042784 0391802 1547055 0080194 0392756 0442808 0456178 0547047 0871208 1518614 1521828 2987481 0441889 0449286 0542560 1561545 2348088 0079809 0242485 0175735 0205013
 0332197 1689985 1420017 1456795 2699241 2700633 0225328 0332528 1705648 1705175 1705176 1705177 1705178 1882348 2981279 0080194 0456178 0871208 1518614 1521828 2987481 0205250 1299351 2700149 0037638
 1513822 1705739 1882071 0332197 1689985 1420017 1456795 2699241 2700633 0004093 1762617 0443161 1881704
 0042784 0391802 1547055 0392148 1420017 1456795 2699241 2700633 0080194 0456178 1518614 2987481 0871208 1521828 0960756 0080103 0205345 0205449 0392756 1521761 1547039 2827422 0225328 0205171 0439044 0679994
 0439792 0392756 0449913 1553451 1704459 0231204 2827758
 0449911 0333052 2607870 0557702 1272706 1704674 0557702 1272706 1704674 0349966 1337208

 0205361 0042784 0391802 1547055 0439269 1960952 2346927 0439526 1282913 1551714 0332197 1689985 0205120 1552595 1420017 1456795 2699241 2700633
 0042784 0391802 1547055 0205171 0439044 0679994 0041175 0077281 0814229 0037494 1959973 0596235 0439509 0017861 1709500 2919747 2678549 1882074 0020283 0450407 0450408 0450409 1547282 0205120 1552595
 0392747 0443172 0025320 0086597 0127400 1420017 1456795 2699241 2700633 0332290 1704675 0205397 0332197 1420017 1456795 1689985 2699241 2700633
 0042789 1947903 0333051 2347509 0004927 2707008 0225328 0392752 1880022 1882071 1948066 2348205 1880389 1883221 3541951
 0678594 0162340 0332283 1719822 0332197 1689985 0449432 0225328 1704711 0037633 0525069 0178576 0332220 0040704 0205374 2828360 1517892 1704666 1704675 0004083 0086597 0127400 1511539 1518422 0225328
 0037633 0525069 0017243 1382104 0871161 1292721 0178576 0332220 2828360 1517892 1704666 1513822 1705739 1882071 1711300 2700613 0449468 1690016 1705102 2700258
 1883712 0037633 0525069 0442805 1274040 1546471 2825142 0237753 0449788 1704675 0442805 0442805 1274040 1546471 2825142 0178587 0225328
 1265611 0520510 0231441 0443218 2827483 0442805 0017446 0205147 0037633 0525069 0150103 0392756 0547047 1708943 0178587 0205146
 0042789 1947903 0233656 0598405 1880389 1883221 3541951 0037633 0525069 0392756 0547047 0017446 0205147 0332294 0037633 0225328 0525069 0678226 1513822 1517945 1705739 1882071 1948066 1517945 0871161 1292721 0009361 1527250 0004927 2707008
 0441468 0441469 0052190 1412477 0003594 0521093 0052209 0444967 0003591 0013852 0225328 0750484 3463986 0392148 1420017 1456795 2699241 2700633 1547282 0225328 0348078 0376315 1522492 1155631 0225328 0225328 0439794 1513822 1517927 1705739 1707494 1882071 1948066
 0392747 0443172 1705241 0681841 0004927 2707008 0225328 0225328 0392148 1420017 1456795 2699241 2700633 1550099 0015663 0456962 1513822 1705739 1882071 0150312 0332197 0449450 1420017 1456795 1689985 2699241 2700633 1709643
 0520510 0557061 2584313 1514811 1706462 0302523 0700325 1964257 0205103 1550465 2827755 0677881 1511636 0225328 2936349 0333562 2349179 0444930 2746065 1552961 2347617 1518422
 0162340 0871157 1602245 0002726 0012634 0679199
 1883351 1515187 0733755 1449651 0225328 2936349 0333562 1882932 0441712 1325683 0242821 0460148 1268086 0332621 0439168
 0002716 0011560 0611285 0333562 0205397 0450254 1705920 0015252 0728940 1293139 0543467 0087113 0039798 0087111 1522326 1533734 1705169 3538994
 0023693 1306462 1881376 0680243 0162340 0225328 0348078 0376315 1522492 0205418
 0449432 1521761 2827422 0004927 2707008 0333562 1515655
 1511726 3245479 0449450 0542299 0392747 0443172 1705241 0086597 0127400 0205246 0205369 1552740 1553889 1420017 1456795 2699241 2700633 0003595 0003591 0033684 0205309 1883351 0449432 0333562 1515655
 0033684 0442805 0237897 0808080 1705922 0178587 0678227 0220781 0439634 1522492 1882071 0004093 1762617 1882071 0205431 0225328 0332197 1689985 0449432
 0037088 0243095 2825141 1705535 0449432 0032214 0600138 0035820 1705810 1301808 1442792 3148680 0037628 0392747 0443172 0349590 1262865
 0205171 0521116 1705970 1720467 1947931 2607943 2926606 3539655 0376649 1442065 1704675 0003595 0003591 0052190 1412477 0003594 0052209 0444967 0003591 0205431 0237753 0449788 0205246 1553889 1704675 1420017 1456795 2699241 2700633 1449651 0225328 1420017 1456795 2699241 2700633 0150312 0332281 0002716 0011560 0611285 0333562 1515655 0424215 2003939 0033665 0033684
 1420017 1456795 2699241 2700633 1449651 0002716 0011560 0225328 0611285 1145667 1167622 0205431 0021135 1533691 2827718
 0439070 1705160 1280500 1999216 0449297 1382187 2825073 2936349 0333562 1515655 1441672 1514721 2348147 3542016 0449913 1553451 1704459 0225328 1709634 1948066
 1883351 0237881 0750502 3245505 0332464 1274040 1546471 2825142 1704675 1420017 1456795 2699241 2700633 1449651 0225328
 0035820 1705810 0182953 1704734 1704735 0037628 1449651 0225328 0332290 2936349 0333562 0348078 0376315 1522492 0025914 0025929 0026809 0205172 0439834 0332268 1420017 1456795 2699241 2700633 1520150 1883559 0025914 0025929 0026809 0332307 0445392 1547052 0221014 3536715 0002726 1235746 1882141 0205263 0871261 1704632 1706817 2911692 0021376 0021368 0205191
 0302523 0700325 3244290 0023693 1306462 1881376 0002716 0011560 0611285 0243125 0333562 0699900 0442805 0442805 0333562 0332148 0750492 0439801 1549649 2349209 0814423 0337076 0030940 0030946 1947941
 0543488 1883351 1316572 1317574 1369612 1704675 1449651 0225328 1420017 1456795 2699241 2700633 0033692 0332307 1145667 1167622 1547052 2936349 0002716 0011560 0205397 0333562 0449432 0611285 0450355
 1442162 1550718 3244317 0678594 0332148 0750492 1420017 1456795 2699241 2700633 1705535 1420017 1456795 2699241 2700633 0332220 1449651 0225328 0449432
 0332220 1517331 0442805 0178587 1517331 2349975 0332325 0237834 1514892
 1420017 1456795 2699241 2700633 0003595 0003591 0150312 2936349 0002716 0011560 0333562 0611285
 1554961 1705847 0333562 0002395 0332281 1521724 0243083 0012634 0035820 1705810 0220781 0439634 1522492 0546816 0205169 0442824 0557651 2603343
 0332197 0868928 1689985 1706255 1706256 0205169 0162340
 0332120 1883351 1705535 0003595 0003591 1420017 1456795 2699241 2700633 0079613 0441712 2348205 0220781 0439634 1522492
 0543488 0003595 0003591 1420017 1456795 2699241 2700633 0449265 0392747 0443172 0597430 0002778 0439830 0444706 0597428 0936012 1384604 1524024 1547053 3541902 0026019 2984656 0013852 0026018 3463986
 0018563 1281583 1552914 1883351 1316572 1317574 1369612 1280500 2348382 0750541 0205369 1552740
 0597298 0850664 0035648 0050325 0679238 0960756 1281905 0035647 1521761 2827422 0003595 0003591 0035168 0242481 0332197 1689985 1704675 0205234 1285542 1705241 1705242 0052198 0052199 0597298
 0004927 2707008 0205397 0521116 0557651 1705970 2603343 1705535 1704675 0225328 1705242
 0018563 1281583 1552914 1705535 1280500 0242656 0449258 0002395 1521724 0012634 1518422 0439849 0445223 1704675 1705241 1705242 0004927 2707008 0443526 0597298 0003595
 2825232 0043227 0035176 0035168 0238711 0242481 1521721 1551807 0027472 0079816 1556038 0018684 0035168 0205476 0242481 1551807 3245503
 0010186 0220812 0449719 1709471 0220808 0680264 0007961
 1706852 0522501 1706089 0949214
 0205155 1293097 1522472 1552923 1705191
 0282413 0376649 1442065 0036375 0026376 0005532 1521991 0041740 0042645 0997115 0004340
 0254343 0796520 3272379

 0085205 1549619 1880669
 0013849 1705961 0024492 1538057 1547565 0541146 0059804 0000723 1273517 1420017 1456795 2699241 2700633 0002721 1456795 0443856 0607063 0002723 0002716 0011560 0229671 0449432 0611285 1546774 1550100 1705248
 0003595 0003591 0003595 0003591
 0052199 0052199 0003591 1537525
 0052190 1412477 0052209 0003594 0003591 0052190 1412477 0052209 0003594 0003591

 0086792 0009452

 0439394 1706495 3642217
 0439394 1706495 3642217
 0439267

 1511726 3245479
 2986676
 1514811 1706462 0520510 0557061 2584313 1514811 1706462 0444649
 0439267 0369718 0441922 1553036
 0439267 2347469
 0439394 1706495 3642217 0597277 1708601
 1418943

 0268596 2700624
 3642273

 2603362

 0000857 0600678 1552863
 2347469 0023759

 0369718 0441922 1553036
 1414400


 0369637 0441923
 2347469

 2826298
 0205090 0684010 2603358


 3642273
 0025141 0369773 2603361 0369637 0441923


 2347469 3613423 0444649
 0439267 0369637 0441923


 0002716 0011560 0611285 0025141


 2347961

 0450355 2827734 2981698 0025141 0369637 0441923
 2347469 0331828
 0439267
 0033727 0369286 0441932 0564385

 0205090 0684010 2603358 0439394 1706495 3642217
 2347469 2603360 0001898 1553033 2603360 0205090 0684010 2603358 0205090 0684010 2603358

 0597277 1708601 0998924 0439267
 0043217 2603362
 0369773 2603361 0369773 2603361
 0369718 0441922 1553036
 0349590 1262865 0025141 0016327 0439133 1553038 0016327 0439133 1553038 0439394 1706495 3642217 0369718 0441922 1553036 0439267
 0369637 0441923
 0349590 1262865 0450381 0025141 0597277 1708601
 2603362

 1419419 2603360
 2603360 0205090 0684010 2603358
 0369773 2603361
 2603360 1708595 3280986
 1418943

 0268596 2700624
 3642273

 2603362

 0439073 0439082 0524558 0369637 0441923
 0021966 0221138 0205090 0684010 2603358 0369637 0441923




 1551092 0369637 0441923
 0369773 2603361
 0597277 1708601 2347469
 1553033 0332296 1880497 1996904 0205090 0684010 2603358 0582521 2603360
 0021966 0221138 2347469 0330463 2673181 0597277 1708601
 0369773 2603361 1553033 0326915
 0439267

 0439394 1706495 3642217
 1418943

 0268596 2700624
 3642273

 2603362

 0369637 0441923
 2347469
 0039712 0013227 0025118 0439267 0332197 1689985 3538926
 0041740

 0439394 1706495 3642217
 0439267




 0439267




 0450355 0740116 2827735 2981700 0025141

 0439394 1706495 3642217

 0033727 0369286 0441932 0564385 0439267

 0005477 0025141 0439394 1706495 3642217
 2603360
 2347469

 0439267
 0205090 0684010 2603358 0439114 0597277 1708601
 0443030 0597277 1708601



 0201682
 0025141
 0205104 0597277 1708601



 0025141 0033727 0369286 0441932 0564385 0369773 2603361 0016327 0439133 1553038 0597277 1708601
 0033727 0369286 0441932 0564385 0369637 0441923



 0201682
 0369773 2603361 0369773 2603361
 0005554 0025141 0369773 2603361
 0003461 2939124

 0025141 0369637 0441923
 0016327 0439133 1553038
 0439267



 0000857 0600678 1552863 0033727 0369286 0441932 0564385 0369637 0441923
 0178735

 0331799
 0205090 0684010 2603358
 0369718 0441922 1553036
 0033727 0369286 0441932 0564385 0443013



 0439267



 0007457 0043157 0220938 0033727 0369286 0441932 0564385
 0439114 2758676 2347469
 0369773 2603361 0228539 0228540 0262254 1020282 0439267 0369718 0441922 1553036 0234201 0021966 0221138
 2603360
 0369637 0441923
 2347469 0043217 2603362
 0369773 2603361
 0349590 1262865 0025141 2347469 0369773 2603361
 2603360

 2347961

 0025141 0439114
 0369773 2603361
 0369773 2603361 0043217 0597277 1708601
 0016327 0439133 1553038
 1704648

 3541227
 0025141 0369637 0441923
 2347469 2603360
 0369773 2603361 0439267

 0369773 2603361
 2603362
 0205090 0684010 2603358
 0205090 0684010 2603358 0331828
 1418943

 0268596 2700624
 3642273

 2603362

 0000857 0600678 1552863 2347469 0021966 0221138

 0033727 0369286 0441932 0564385 2347469 2603362



 0025141 0439267
 0439394 1706495 3642217
 2347469 0369637 0441923
 2347469
 1418943

 0268596 2700624
 3642273

 2603362

 0000857 0600678 1552863 0369773 2603361
 0369637 0441923
 0331828

 0439267
 0369637 0441923
 0369637 0441923
 2347469


 0439086 2827736 2981702 0025141 0449205 1538613 2603362
 0597277 1708601 0033727 0369286 0441932 0564385 1415618 2603360 2603360 0597277 1708601 0369637 0441923
 0016327 0439133 1553038 0597277 1708601 2603362
 0022877

 0025141 0033727 0369286 0441932 0564385


 0201682
 2603360 2347469


 0025141 0007961 1706211 2603362
 2347469 0369637 0441923

 2347469
 1553033


 0025141 0439267 2603360 0369718 0441922 1553036
 0033727 0369286 0441932 0564385 2347469



 0000857 0600678 1552863