 0282411 0034656 0439234 0920526 0036397 1293097 2919030 2919031 0014507 0014508 0699910 0041740 0027778
 0013849 1705961 0024492 1538057 1547565 0021966 0221138 1317574 0205091 1552822 0443526 0597298 0587184 0008377 0229671 1546774 1550100 0006826 0998265 1306459 2827734 2981698 0021966 0221138 0039869 0021966 0221138 0039869 0018619
 0021966 0221138 0018619 2828386 0021966 0221138 1442162 1550718 3244317 0037817 0234856 0600118 0860920 0008377 0006826 0998265 1306459
 0040223 3541383 1522168 1555712 0402112 0039869 0860920 0008377 0205217 0442805 0231418 0035647 0006826 0998265 1306459
 0035253 0004083 0238767 1518527 1706086 1964257 0008377 0441994 1279919 1515981 2003888 0008976 1274040
 1512612 1547282 0080103 0869014 0205848 0006826 0998265 1306459 0947630
 0021966 0221138 0004083 0439849 0596306 0699792 2004457 0678226 0015127 1314792 1555029 3146286 0683454 0021966 0221138 0027651 0678227 0441994 2003888 1516213 0030705
 0021966 0221138 0035253 1511726 3245479 0013987
 0008377 0681850 1550501 1706203 2349001 2697811 2981279 0870392 0332183 0543488 0680536 0700135 3272563 1547276 0025017 1561493 2347088 1709696 0024798 1709696
 0402112 0332849 0441987 0680244 1511726 3245479 0441987 0439086 2827736 2981702 0021966 0221138 1516084 1883351 0444598 0549183 1552826 0021966 0221138 2003902 0013987 1511726 3245479 0442821 0021966 0221138 0860662 1522133 0201950 0428466 0008377 0441889 0456079 1547707 2946261 0332272
 1609081 3266822 0332307 1547052 2699488 0033213 1706387
 0017398 0017399 0814109 1704259 1705987 0085732 1299581 0018896 1552861 0439787 0849355
 0037817 0234856 0600118 0021966 0221138 0030705 1518422 0006826 0998265 1306459 0201950 0428466 0858034 0008377 0441889
 0021966 0221138 0039869 0030705 1266099 0033213 1706387
 0021966 0221138 1883351 0039869 0681850 1550501 1706203 2349001 2697811 0856966 0201950 0428466 0860920 0008377 0441889 0032529 1882417 0003595 1883351 0229992
 0021966 0221138 0018767 0556656
 0021966 0221138 0023185 1115660 1518000 1710198
 0032529 1882417 0052201 0332183 0017168 0238767 1706086 0017168 1515981 1279919 3272598 0543488 0017404 0017398 0017399
 0439234 0009676 1963086 2963144 0201950 0428466 0008377 0441889 0052198 0205217 0442805 0052199 0031437 1285572
 0021966 0221138 0334861 0021966 0221138 0205314 1331418 0013987 0017398 0017399
 0027361 0206243 0699809 0205447 1948062 0680220 0856966 0201950 0428466 0860920 0008377 0441889 0679133 1948062 0205419
 0027361 0456148 0549184 1517513 0017296 0314603 0449438 0201950 0428466 0008377 0441889 0332152 1705850
 0681850 1550501 1706203 2349001 2697811 1548795 1634625 2982691 0595998
 0681814 1706386
 0017337 0856966 0201950 0428466 0860920 0008377 0441889 0027552 0686904
 0444706 0449770 0031437 1285572 0150103 1708943 0243148 1550141 1882979 2587213 3274648 0205170 0444706 0449770 0021289 0237753 0449788 0549177 0332282 1883351 0042789 1947903 0012634 1518422
 0332185 0031437 0201719 0013855 0033684 0332152 1705850 0439228 0021966 0221138 0039869 0007328 0872128 0085973 0243148 0557651 0868928 1550141 1706255 1706256 1882979 2587213 2603343 3274648 1516213 0030705 0243148 1550141 1882979 2587213 3274648 1266099 1522634 0006826 0998265 1306459
 0021966 0221138 1518422 1516908 1518422 0444454 1554204 0021966 0221138 1882509 0777169 0392347 1515187
 0021966 0221138 0013987 1947930 0449445
 0021966 0221138 0013987 0021966 0221138 0205314 0681814 1279919 0040223 1632851 1314792 0015127 1524003
 0439228 0035820 1705810 0018799 0012634 0018787 1281570 0680243 0018810 0026538 0205250 1299351 2700149 0871208 1521828 0020445 0745103 1366529 0015576 0020443 0241888 1522133 0680226 1704769
 0021966 0221138 0086345 0017398 0017399 0543488 1521991 0185125 1632850 1879355 0557651 2603343 0012155 1442959 1519433 2983588 0018799 0012634 0018787 1281570 0205393 0947630 0541749 0205160 0439787 0849355 1513916 2825415 2825491 0017296 0314603 1527178 1874451 1314939 0282458 0920317 0796357 0002778 0026882 0030016 0043194 0054666 0258432 0936012 1042496 1421478 1524024 1705285 0557651 2603343 0600138 0026193 0205165 0021966 0221138 0039869 0035820 1705810
 0014442 0178638 0026882 1705285 0015127 1314792 1524003 2267000 0301630 0392756 0441610 0032105 0178638 0392756 1274040 1546471 1550098 2825142 0919676 0019878 0019879 0441889
 0282458 0920317 0002778 0936012 1042496 1524024 0036849 1442518 1705195 0178638 0019878 0019879 1515981 0010054 0010068 0018799 0012634 0018787 1281570 1314939
 0010995 1511726 1516698 1704814 3245479 1272688 2963144 0242492 0035647 0080103 0205345 1547039 0332281 0442805 0019878 0019879 0441994 1548802 2003888 0039869 2360800 1830427 0237753 0449788 1514873 1883351 1266099 1522634
 1880177 0332529 1552089 0680022 0851286 1947908 0333118 0030705 1266099 0030705
 0557651 2603343 1547282 0026882 1705285 1277690 0010054 0010068 1113667 0018799 0332281 0243083 1281905 0012634 0018787 0035647 0205217 0442805 1281570 0277564 0439234 0348054 0947630
 0021966 0221138 1522168 1555712 0080151 0282443 0332272 1548784 1552617 1961136 0554249 0021966 0221138 0038435 1552961 2347617
 0021966 0221138 0023185 0027552 0686904 0031437 1285572
 0868928 1706255 1706256 0003595 0523511 1412481 0205419 0201950 0428466 0008377 0441889 0441712 1706376 0023963 0024195 0205419 0015127 0020473 0332307 0521114 0522498 1514917 1524003 1547052 1880355 1515187 1883351 0443211 0019904 3539520 0681850 1550501 1706203 2349001 2697811 0205251 1299352 1550472 1522133 0858034 0008377
 0021966 0221138 1883351 0184666 0031437 1285572 0021966 0221138 0439234 0442801 0871261 1704632 1706817 2911692 0012155 1442959 1519433 2983588 0541974 0018599 0079809 0242485 1883351 0683607 0679560 0796344 0002778 0936012 1524024
 1551338 0027552 0686904 0237753 0449788 1274040 1546471 2825142 1706582 1706583
 0205171 1720467 0033213 1706387 1551058
 1522634 1883351 0798503 0805586 3274764 1883351 1947971 0205435 1279901 0681850 1550501 1706203 2349001 2697811 0231175 1883351 1947971 1706817 0332183 0868928 1706255 1706256
 0332189 0348054 1707719 1518422 0444504 2347634 2348143 0021966 0221138 0235394 0040223 3541383
 0870123 0021966 0221138 0162340 0597337 0007996 0079107 0201682 1331418 0919386 1705483 0026376 0005532 0348054 0557651 0947630 1521991 2603343 0017398 0017399 0021966 0221138 0027552 0686904 1883351 0162340 0032529 1882417
 0040607 0220931 2673163
 1514811 1706462 1704458 1514811 1706462
 0443526 0597298 0003595 0587184 0008377 0229671 1546774 1550100 0006826 0998265 1306459
 0777169 0021966 0221138
 0369637 0441923
 0282443 1552617 0439849 1705630 1706279 3540605 0020443 1522133 0006826 0998265 1306459
 0006826 0998265 1306459 2347379
 0016327 0439133 1553038
 0242568 1504315
 1315013 0025141 0376406
 0444930 2746065
 0369718 0441922 1414400 1553036 0025141
 1280500 0035647 0006826 0998265 1306459 0007222 0012634
 0268059
 0086047


 0439267
 0034656 0872180 0014507 0014508 0017296 0314603 0699910 0012634 0014406 0162340 1880177 1521761
 0063789 3272375 0025141 0279759 0279766 1418864 3538934 3538935
 0871261 1704632 1706817 2911692 0008395 0008377 0428504 0430038 0031437 1285572 0003595
 0451119 1444662 2827734 2981698
 2951520 0033727 0369286 0441932 0564385
 0032529 1882417 0871261 1704632 1706817 2911692 0008395 0008377 0086418
 0027778 0369773 0450382 2603361
 0369637 0441923 0205090 0684010 2603358 0016080 0013715 1705651
 0032529 1882417 1277690 1113667 1281905 0035647 0282458 0920317 0002778 0936012 1042496 1524024
 1422839
 0011546 0439857 2698668 0260131 0031751 0181637 0262485 0047604
 0025141 1706339
 0041535 1167295 1442767 2610716 0010798 0439855 1325304 1704241 2945843 0205145 1515974 2825164 1515655
 0000857 0600678 1552863