 0282411 0243107 0678723 1527148 0237913 0022885 0039593 0392366 1512571 0041740 1704729 0034019 0699943 3244304 0018684 1705493
 0013849 1705961 0024492 1538057 1547565 0777169 0014507 0014508 0033213 0162443 0699910 1512888 1706387 3273171 1552738 1512612 1524063 0681873 3641102 1511726 3245479 0022885 0039593 0392366 0439849 1705630 1706279 3540605 0031437 1285572 0012634 1518422 0700135 0015127 1314792 1555029 0332282 0185125 1947919 2347934 3539080 0543488 0178566 1518422 0162340
 0025663 0449851 0871511 3245505 0031437 0012634 1292732 0886296 1273869 2979881 3542921 0392747 0441889 0456079 1547707 2946261 1705175 1705176 1705177 1705178 1882348 1281905 0035647 1552738 0332120 0596244 0035647 1273517 1883351 0022885 0039593 0392366 1512571 0598934 0860920 0008377 0018270 0027651 0205251 0220844 1299352 1550472 1578706 1621966 2911660 3273930 3640814 1442162 1550718 3244317 0439182 0812409 0032659 1257890 0332281 0439182 0812409 0003595 0003591 0017431 1512571 1883351 0042789 1947903 0004083 0439849 0596306 0699792 0006826 0998265 1306459
 0332197 1689985 1328885 0004083 0439849 0596306 0699792 1705535 0004083 0439849 0596306 0699792 0006826 0998265 1306459 2004457
 0017431 0003595 0150312 0449450 0005615 1550722 3245487 1518422 0012634 0014503 0014507 0025663 0025664 0037640 0439858 0449851 0679560 0022885 0039593 0392366 1518422 0085978 1524003 1555029
 0034656 1273517 1524063 0035173 0237753 0449788 0185125 1632850 1879355 1512612 1292732 0439084 0728893 1518422 2003902
 1515273 1705313 2826302 0205435 1279901 0205197 0449255 0542559 1273517 1705242 0025663 0449851 0871511 0008976 1096775 0205210 0034656 0042789 1947903 0282411
 1704970 0023150 0220866 0728724 0080141 0085862 0017431 0034656 0439605 0750541 1184743 1522240 0009637
 0034656 0031845 1184743 1522240 1264692 0459471 3173575 0017431 0439849 0445223 1274040
 0457083 0034656 0014503 0014507 0025663 0231441 0449851 0871511 0700364 1883351 0459920 1527178 1705938 0439852 0679201 0031437 1285572 1533716 0004083 0009676 1963086 2346729 0876919 0040722 0242781 1521797 1522609 0449445
 0449911 0332272 1947971 0014503 0025663 0449851 0871511 0027365 1547383 1883351 2347957 0034656
 0185125 1632850 1879355 0178566 1552738 0681918 0039593 0043194 0258432 0392366 1421478 1512571 0521093 0750484 1456348 0332120 1518527 0683954 0150312 0947630 1964257
 0025663 0449851 0871511 1883351 1999230 0750572 0012634 0079809 0242485 0087130
 0282411 0459920 0030351 1547566 1515981 0814225 0814843 0456389 0012634 0681918 0039593 0392366
 0750591 0243107 0678723 1527148 0282458 0920317 0002778 0936012 1042496 1524024
 0185125 0023185 0185125 0439849 1704458
 0178566
 0016884 1514811 1706462 0221193 0042153 0457083 1947944 0034656 1552738 0456949 0337428 1318051 0441889 0017431 0243148 1550141 1882979 2587213 3274648
 0150098 1706233 0004083 1441672
 1547282 0439267 1882932 0017431 0031437 1285572 0016006 1167394 2587184 0073187 0012634 0027051 0428953 2926063 0021308 0027061 1522564
 0004083 0439849 0596306 0699792 0205132 1550648 1552960 1547282 0205263 0205171 0439267 1280500 1720467 1515981 0073187
 3161035 1704259 1705987 0017337 0015264 1280500 2348382
 0034656 0242485 0004083 0004083 0439849 0596306 0699792 0332148 0750492 0681850 1515981 1550501 1706203 2349001 2697811 1555029 0085978 1524003
 0449911 0333052 2607870 0557702 1272706 1704674 0557702 1272706 1704674 1514861 1882932 1273517 1883351 0004083 0022885 0039593 0392366 0439849 0596306 0699792 0012634 0031437 0205103 1285572 1550465 2827755 1883351 0750572 1280500 2348382 0470187 0562342 1533716 1516048 0016006 1167394 2587184 1517892 1704666
 0221193 1301820 0750572 0002085 0450304 1710181 0743559 1442989 1608199 2828392 0369773 2603361 0028873 0456603 1547037 2827734 2981698 2827734 2981698 0004083
 0004083 0439849 0596306 0699792 0443211 1272684 0439849 1705630 1706279 3540605 0004083 0439849 0596306 0699792 1441672 1274040 1546471 2825142
 1517892 1704666 1518422 0205397 0028873 0456603 1547037 2827734 2981698 2827734 2981698 0750492 1274040 1546471 2825142 0085978 1524003
 0237881 0750502 1518422 0023175 1442948 1522538 2348269 3275067 1883351 0870444 1704259 1705987
 1707478 0681850 1514889 1550501 1706203 2349001 2697811 1524063 1709380 0042295
 0459471 3173575 1511726 3245479 0805874 0870077 1446409 0442805 0392747 0443172 1705241
 0039869 0002778 0936012 1524024 0034656 1527178 1705938 1705535 0004083 0439849 0596306 0699792 0549177 1518422 0805874 0870077 1446409 0205197 0439787 0849355
 1524063 0042153 0457083 1947944 0750572 0456389 0332148 0750492 2986490 0237913 0022885 0392366 1512571 0805874 0870077 1446409 0805874 0870077 1446409 0439787 0849355 1517892 1704666
 1883351 0750572 0456389 0332281 0205369 0392747 0443172 1705241 0597277 1708601 0031437 1285572 1705241 1705242 0028873 0456603 1547037 0002085 1441506 0185125
 0178566
 0016884 1514811 1706462 0449445 1273517 1883708 0087130 0558058 0087130 0750572 0002778 0936012 1524024 1554079 0087130 0442824 1516048
 1273517 0557651 2603343 0439849 1705630 1706279 3540605 2697645 3542923 2697645 3539932 0027051 0428953 2926063 0021308 0027061 1522564 1524063 0003595 0003591 0055538 1144465 0008387 0014898 0033684 0040671 1705822 0017431 0333052 0443228 0449911 0549177 1704243 2607870 0557702 1272706 1704674 0557702 1272706 1704674 3161035 1280500 2348382 0012634 3161035 0009566 1171258 0017337 0392760 1314939 0031437 1285572 0678933 1708726 0019409 0015264 1280500 2348382 0031437 1285572 0868928 1706255 1706256
 0243107 0678723 1527148 0750572 0073187 1518422 0814225 2987476 1442162 1550718 3244317 0031437 1515273 1705313 2826302 0034019 0699943 3244304 0012634 0439855 1704241 1707959 0150312 0205231 0282443 1552617 0554249 0178566 0681918 0039593 0392366 0185125
 0178566
 0016884 1514811 1706462 0681799 1522634 1280500 2348382
 1707689 2983265 2827447 0947630 1999230 1516908 0750572 0073187 0079809 0242485 0087130 0035168 0242481 1314939 0178693 0681850 1550501 1706203 2349001 2697811 0681832 1285529 1883351 0449286 1704240 0886296 1273869 1948041 0012634 0309872 1947946 2948600 3540471 3540472 0680844 0681916 0750572 0449286 1704240 0004083 0439849 0596306 0699792 0681918 0039593 0392366 1518527 0002783 0014507 0014508 0699910 0947630 0681850 1550501 1706203 2349001 2697811 0443228 0582205 1704243 2987476
 0023866 0034036 0038435 0681918 0039593 0392366 0537670 0700287 1552002 0679006 1280500 0237881 0750502 1518422 1546944 0242618 0456389 0205412
 0018563 1281583 1552914 1280500 1998882 0237881
 0750572 0301630 0392756 0441610 0456081 0441889 0456079 1547707 2946261 0205447 0034019 0699943 3244304 0018684 0886296 1273869 1948041 0392756 1947946 2948600 3540471 3540472
 0679201 1274040 1546471 2825142 0886296 1273869 1948041 0015264 1280500 2348382 0814109 1704259 1705987
 0868928 1706255 1706256 0027051 0428953 2926063 0021308 0027061 0035647 0392756 1522564 1947946 2948600 3540471 3540472 0016006 1167394 2587184 0700364 1883351 0001721 0035647 1705175 1705176 1705177 1705178 1882348 0027552 0686904 0750572
 1533716 0205171 0332183 1720467 0470187
 0449445 1292724 0376649 1442065 0033213 1706387 0004083 1707520 0750572 0445247 0557651 1301820 2603343 0025663 0025664 0449851 0683607 1707520 0185125
 0178566
 0016884 1514811 1706462 0750572 0027552 0686904 1883351 0750572 1280500 2348382 0073187 0947630
 2827447 0947630 0038215 0442726 1280500 0012634 0282458 0920317 0679560 0796344 0002778 0936012 1042496 1524024
 0205549 2348044 0332120 1555015 0205171 0282443 1720467 0282458 0920317 0002778 0034037 0557351 0936012 1042496 1524024 1704324 0564470 0016884 0301630 0441610 0010186 0220812 0456389 0010186 0220812 0439801 1285572 1314763 3542948 0034656 0332148 0750492 0332120 1527178 1705938 0920317 0016884
 0041666 0920317 0679560 0796344 0750572 0035173 0027552 0686904 1883351 0554249 1552738 0449295 0206086 0034036 0034037 0242568 1504315 1704324 0700287 0206086 0242568 1504315 0205391 0027552 0686904
 0036667 0312418 0427965 1511883 1522640 2346484 2349185 0025663 0025664 0449851 0206086 0034036 0034037 0242568 0392148 1504315 1704324 0392366 0450348 1883712 0449445 1292724 1551359 2741673 2981730 0004083 1514873 0750572 0445247 0947630 1301820 0013126 0162340 1704259 1705987 0012634 0004096 2984299 0010054 0010068 0018799 0012634 0018787 1281570 0287990 1552930 1511726 3245479 0020125 0017429 0017428 0086418 1709701 2338314 1442162 1550718 3244317 0012634 0162340 0750492 0034019 0699943 3244304 0018684
 0012634 0349590 1262865 1837655 1880022 0679227 1550452 1704788 3539107 0678921 0242960 0017296 0019409 0027361 0237401 0314603 1280500 1282927 1806781 2350002 0332218 0442726 0332148 0750492 0014406
 3245505 0205393 0560512 0805586 0034656 0163712 0332148 0750492 0439092 0547044 0012634 0439855 1553387 1704241 1948035
 0332197 1689985 0017337 0015264 1280500 2348382 0868928 1706255 1706256 0001721 2349101 1441547 3245521 2827447 0947630
 2607943 2926606 3539655 0439092 0547044 0023746 0023745 0281825 0394006 1704675 0079429 0017337 0031437 1285572 0012634 1704675
 1442162 1550718 3244317 0750572 0012634 1518527 0947630 0033422 0085978 1524003 0805874 1441547 1524082 2827447 0947630 0750591 1523987 1518527 0947630 0015264 1704536 0025663 0025664 0449851 0439851 3161035 0439855 1704241
 0025663 0025664 0449851 3245505 0376554 1704259 1705987 0032529 1273517 0242483 0681873 1511726 3245479 3641102 0470187 0025663 0025664 0449851 0750572 1947930 1998793
 0079816 1556038 0008972 0681805 1514886 0015770 0016820 0035168 0040607 0205210 0205476 0220931 0242481 1551807 2673163 0018684 0035168 0242481
 1514811 1706462 0185125
 0178566

 0443526 0597298 0003595 0587184 0008377 0229671 1546774 1550100 0006826 0998265 1306459
 0777169 0021966 0221138
 0063789 3272375 3273171

 0016006 1167394 2587184 0017431 1515981 0243148 1550141 1882979 2587213 3274648 0022885 0039593 0392366 0034656
 0005775 1516559

 0392757 0022885 0039593 0392366 0032529 0017337 0027051 0428953 2926063 0021308 0027061 1522564 0243148 1550141 1882979 2587213 3274648
 0005775 1516559 0439267
 0034656 0872180 0014507 0014508 0017296 0314603 0699910 0012634 0014406 0162340 1880177 1521761
 0063789 3272375 0025141 0369637 0441923
 1524063 0042153 0457083 1947944 0015127 1314792
 0439660 0451119 1444662
 0205090 0684010 2603358 0597277 1708601
 0242568 1504315 0005961 0005953 0005976
 0005961 0005976 0005953 0040732 0086590 0262950 0332835 0376152 0391978 1266908 1266909 1546708 0025141 0597277 1708601 0205090 0684010 2603358
 0282411 1519814 0220825 1504389 0280141 1378511 0038250 0206153 0007634 0029216 0040732 0040733 0242767 1186763 1269647 1704653 1948049 1517806
 0063789 3272375
 0023150 0220866 0728724
 0205090 0684010 2603358 0022337
 0017398 0017399 0872180 0014507 0014508 0017296 0314603 0699910


 1708595 3280986
 0443131 0750572 0031437 1285572 0012634 0947630 1441547 3245521
 1825026
 0041740 1555015

 0012634
 0205090 0684010 2603358 0022337
 0017398 0017399 0872180 0014507 0014508 0017296 0314603 0699910


 0439254 1275573
 0009667 0237529 1272706 1704725 1704726 1709380 0042295 0680844 0681916 0750572 0681918 0039593 0392366
 1315013 2347379 3538926 0025141 0439255
 0237529 1547282 1704725 1704726
 0369718 0441922 1414400 1553036 0025141 3539879 3538933
 0871161 1292721
 0282411 0947611 1422839 0205090 0684010 2603358 0205090 0684010 2603358
 0004083 0439849 0596306 0699792 0006560 1879974 0033684 0205332 0001924 0023508 0023516 0750480 1705566 0920317
 1422839
 0337664 0337428 1318051 0441889
 1315013 3642273 0025141 1708595 3280986
 0178476 0025663 0025664 0449851 1524063 0034656

 0041740 1555015
 0023617 2986899
 0035171 2983265 2986888 0557651 2603343 1707689
 0325074 2347961 0740116 2827735 2981700 0025141 0439254
 0282443 0439659
 0450348 0025141 0439254
 0020125 0017429 0017428 0086418 1709701 2338314 0205197 0725685
 1562931 1708320
 2945617
 0439084 0728893 0205419 0919427 0000768 0000769 0009678 1744681 0282443 1552617
 0000857 0600678 1552863
 0002778 0936012 1524024 0282458 0920317 0002778 0936012 1042496 1524024 0005684 0699885 2984270 0005682 0006826 0998265 1281573 1306459 1511200 0282443 1552617
 0369637 0441923 0439267
 1292732 0242568
 0369637 0441923 0439267
 0262501 1955832 0220922 0282443 0282458 0920317 0002778 0936012 1042496 1524024
 1419408
 0023973 0006002

 0230613 0022773 0031831 1707664 2348314 3540849
 0220781 1883254 0749385
 1707959
 1315013 0450382 0025141
 0014507 0014508 0699910 0872180 0014507 0014508 0017296 0314603 0699910
 0012836 0369637 0441923
 0596654
 1419408
