 0213238 1412492 0599635 0205111 0337174 1185625 1698986 1753314 2986730 0887883 0034850 0998924 1704729 0010819 0005532 0369637 0441923 2603360 2603360 0193959 2603360 0870614 0036375 0588053 1547183 0022341
 1704729 0027712 0597277 1708601 2603362 0040371 0041740 0205476 0226984 0040371 0022341 0376649 1442065 0282413 0686900 1272683 1522634 3273171 1512022 0020283 0450407 0450408 0450409 1704729 0010819 0005532 0870614 0036375 0588053 1547183 0022341
 0013849 1705961 0024492 1538057 1547565 0520510 0557061 2584313 1514811 1706462 0213238 1412492 0599635 0205447 0022675 0222607 0553257 1516696 0007634 0022646 0205225 0227665 0401925 0687028 1278978 1514845 1516698 3282337 0175996 0178719 1185625 2986730 1698986
 0947630 0333262 1185625 2986730 0887883 0034850 0185027 1279919 1948020
 0684224 0700287 3273238 0884358 0021135 1533691 2827718 0681814 1524063 0007600 0205132 1550648 1552960 0806036 0553257 0598829 0553257 0007634 0012984 0022646 0227665 1278978 1280551 1514845 3282337 0213238 1412492 0599635
 0007634 3282337 0333262 0010834 0439742 1518422 0018042 1423496
 0449719 0439178 1446409 1514241 2825490
 0003320 0887883 0213238 1412492 0333262 0392752 0599635 1514583 1705535 1314939 0213238 1412492 0599635 0599896
 0333262 1420175 0017742 0017725 0596902 0040679 1442762
 0598829 0598102 0553257 0007634 3282337 0333262 0282114 0392752 1185625 2986730 0887838 1179875 1513822 1705739 1882071 0024369 2984253 0887883 0034850
 0007634 3282337 0332293 0917964 1522326 0040715 2987521 0596119 0025255 0596901 1706182 1441672
 1710661 2986829 0205263 1514918 0010834 0213238 1412492 0599635 0887883 0003320 0034850 0439178 1279919 1446409 1514241 2825490
 1883708 0213238 1412492 0599635 0887883 1269909 0003320 0034850 0439178 1279919 1299988 1446409 1514241 2699029 2825490 1185625 2986730 0332324 1550474 0251991
 1274040 1546471 2825142 1705535 0213238 1412492 0599635 0282114 1185625 2982691 2986730 0441987 0598829 0598102 0553257 0007634 3282337 1514918 0042153 0457083 1947944 0449913 1553451 1704459 1704259 1705987 0044602
 0520510 1514811 1706462 0040671 0043047 0599638 1550678 1705822 0007603 3161472 0025255 0596901 1706182 0599635 0033684 0043047 0086597 0127400 0439799 0599638 1550678 1706095 0027365 0599635
 1423922 1996849 0205172 0597298 0599635 0805527 1512977 0007634 0024660 0205396 1550043 1551388 3282337 0205108 2827734 2981698
 0213238 1412492 0599635 0740116 2827735 2981700 0439086 2827736 2981702 0222607 1516696 0007634 0205225 0401925 0687028 1516698 3282337 0022646 0227665 1278978 1514845 0032214 0600138 0035820 1705810
 1521970 1706388 2346469 2348519 0175996 0178719 1185625 2986730 1698986 0042413 0019932 0596110 1292856 1515981 1948023 0003779 0042413 1705480 0213238 1412492 0599635 1167182 0007603 0596119 0025255 0032105 0205111 0596901 1550098 1706182 0043047 0243144 0347980 0599638 1550678 0524461 1282864 1301906 1551056 0222607 1516697 0687028 1267211 1516698 1550227 1705650 0439084 0728893
 0026882 1705285 0162283 1332124 0011848 0687720 0011847 0011849 0023175 0181586 1442948 1522538 2348269 3275067 1880310 2003864 0042036 0042037 2963137
 0162283 1332124 0011848 0687720 0011847 0011849 0213238 1412492 0599635 1705285 0014239 0035295 0333118 0441734 0332307 1527180 0018042 0392752 0439855 1704241 0024369 2984253 1167208 0596156 0007603 0025255 0032105 0596901 1550098 1706182
 2607943 2926606 3539655 1547282 0213238 1412492 0599635 0599896 0031843 0542341 0700205 1705273
 0349590 1262865 1518422 0162340
 1547282 0333262 1185625 2986730 0887883 0034850 0185027 1279919 1948020 1516696 0007634 3282337 1882714 0022646 0227665 1278978 1514845
 0213238 1412492 1185625 2986730 0887838 1179875 1513822 1705739 1882071 0018042 0243111 1947951 0014239 0035295 0598268
 1880022 0333262 0884358 0002778 0936012 1524024 0012984 0022646 0227665 1278978 1280551 1514845 0598829 0553257 0007634 0012984 0022646 0227665 1278978 1280551 1514845 3282337 0684224 0700287 3273238
 0213238 1412492 0599635 0598829 0553257 0007634 0012984 0022646 0227665 1278978 1280551 1514845 3282337 0040715 2987521 0282114 0359589 1999230 0039152 2256362 0449913 1553451 1704459
 1883712 1707455 0034845 1420708 1619635 0040679 0597357 1442762 1420175 0017742 0017725 0596902 1420175 0017742 0017725 0596902 0884358 1883351 0376649 1442065 0392148 1521970 1706388 2346469 2348519 0599896 1704259 1705987
 0520510 0520510 0557061 2584313 1514811 1706462 0213238 0427861 1412492 0007634 0086418 0599635 3282337 0598829 0553257 0007634 0012984 0022646 0227665 1278978 1280551 1514845 3282337 1552738
 0086022 0442335 0598829 0553257 0007634 0012984 0022646 0227665 1278978 1280551 1514845 3282337 0243148 1550141 1882979 2587213 3274648 0562577
 0007634 3282337 1314677 0007452 0015965 0229671 0521457 1140701 1546774 1550100 0242295 1947943 2348609 0030842 0220892 0038425 0052009
 1420175 0017742 0017725 0596902 0441587 0598829 0553257 0007634 0012984 0022646 0227665 1278978 1280551 1514845 3282337
 0007634 3282337 0010453 0220814 0430400 2242979 2827734 2981698 0040669 1550369 0206691 0884358
 0007634 3282337 0183683 1521721 1140299
 0010454 0009458 0229671 0332296 0439536 1546774 1550100 1705217 1880497 1996904 3244283 0010453 0220814 0430400 2242979 0700308 0033727 0369286 0441932 0564385 0076359 0039711 0040679 0332575 1260956 1439852 1442762 1300565 0439526 0026381 0182400 1883708 0000983 0000985 0001128 0202406 0231441 0443218 0981805 2827483 0001962 0702093 0020746
 0040715 2987521 0282114 0369637 0441923 0917964 1439852 3538743 1883708 0070066 0231441 0443218 2827483 3256935 0991865 0006353 2678549 1882074 0020283 0450407 0450408 0450409 0456693 1442458 0702093
 0302523 0700325 1964257 0282114 0213238 1412492 0007634 3282337 0332293 0917964 1522326 1548982 1883708 0009458 0439536 1439852 1705217 3244283 1519050 0044602 0078517 1719918 0251991 1719918
 0007634 3282337 0010453 0020498 0220814 0430400 2242979 0184933 0444082 1720830 1823521 0332256 2700400 1831960 0013618 0064858 0031493 0016327 0003641
 0427716 1304757 0086045 1446561 0001128 0005507 0033684 0034760 0202406 0243073 1510438 0020898 0021764 0022271
 0439211 0071500 0017243 0071499 1382104
 0071710 0025255 0348011 0596901 1706182 0683758 0442532 0027976 1879958 0028778 0332206 2983591 0006353 0332256 2700400 1882074 0020283 0041175 0077281 0450407 0450408 0450409 0814229 0037494 1959973 0013618 0146951 0133689 0228505 0242759 0085979 0213238 0999699 1412492 0003241 0018381 0021027 0599635 1135183 1136016 1265533 1270360 1439852 2828412 1720119 1948037 1412113 1516077 0006353 1979003 0003241 0021027 2827734 2981698
 1710082 0019941 1979003 0003241 0021027 0027021 0031179 0034493 0305052 0330510 0360506 0442726 0522529 0939835 1110641 1135183 1136016 1265533 1270360 1318719 1511790 3541296 2827734 2981698
 0011318 0003241 0021027 2827734 2981698
 0234621 1524063 0449913 1553451 1704459
 0162524 1450278 0439828 0442726 1511790 1513371 1705738 1708466 2347637 2348146 2350591 2919090 1514893 1706463 2699488 1709558
 0037791 1511884 1283174 1624602 0392148 0030956 1273517 1883351 0003241
 0007634 3282337 0332293 0016184 0205410 0205411 1522326 0003241 0021027 0487602 1273517 1704680 0070066 0001963 0001962 0000983 0000985 0001128 0202406 0981805
 0441648 1720830 1823521 0007634 3282337 0146951 0133689 0242759 1720830 1823521 0702093
 0205370 0750540 0243122 1145667 1167622 0028778 0205307 0229671 0324145 0332206 0439166 1546774 1550100 2347086 2983591 1555271
 0370003 0085979 0213238 0999699 1412492 0003242 0003241 0018381 0021027 0599635 1135183 1136016 1265533 1270360 1439852 2828412 2827734 2981698 2754943 0003241 0021027 2827734 2981698
 0026381 0182400 0003242 2754943 0003241 0021027 2827734 2981698
 0026381 0182400
 0243148 1550141 1882979 2587213 3274648 0206243 0699809 1300565 0369248
 1179920 0012854 0521447 1300565 0011900 0348026 0331779 0039021
 0205173 1167624 1705764 1705765 1947902 2827499 0205155 1293097 1522472 1552923 1705191 0085979 0213238 0999699 1412492 0003242 0432616 3272444 3272445 0003241 0018381 0021027 0439962 0599635 1135183 1136016 1265533 1270360 1439852 2828412 2827734 2981698 1979003 0003241 0021027 2827734 2981698 0332283 0003241 0021027 0034693 0034721 0442818 0034493 0025914 0025929 0026809 0018019 1265549 1510458
 0003241 1273517 0003242 0003241 0021027 2827734 2981698 0439509
 1719918 1979003 0003242 0003241 0021027 2827734 2981698 1979003 0003242 0003241 0021027 0003242 0368675 0003241 0021027 2827734 2981698
 0005574 0003242 0368675 0003241 0021027 1455722 2827734 2981698
 0022877 1619828 0337049 0027971 1979003 0140430 0003242 0003241 0021027 2827734 2981698 1979003 0003242 0003241 0021027 2827734 2981698
 0036152 1826357 0003242 0003241 0021027 2827734 2981698
 0022877 1619828 0003242 0003241 0021027 2827734 2981698
 0022877 1619828 0003242 0003241 0021027 1514732 2827734 2981698
 2754943 0003241 0021027 2827734 2981698
 3541314 2754943 0003241 0021027 2827734 2981698
 2754943 0003241 0021027 2827734 2981698
 0026381 0182400 2754943 0003241 0021027 2827734 2981698
 0075585 0303900 0008203 0324145 0596019 0600322

 1883712 2754943 0003241 0021027 2827734 2981698
 1708632 1524063 0026381 0182400 1524063 0003241 0027627 0175668 0205436 0205447 1273517
 0007634 3282337 0183683 0205326 1521721 0085188 0369637 0441923 1280412 0000925 1883724 1552738 0450348
 0370003 0016315 0332128 0439858 1626420 0023089 0034606 0181839 0441633 0458142 1023865 1706315 1706379
 0026018 0016315 0181839 0332128 1706379 0040371 0022341
 1704254 1704922 3542466 0085672 1553035 1548792 0598124 0179533 1654607 1706254 0027971 0022877 0037585 0936012 1883073 2827424
 1704254 1704922 3542466 0181839 1301820 1706379 0017480 0449913 1553451 1704459 0023089 0037585 0458142 1023865 1444775 1539835 1706315 3242339
 1704254 1704922 3542466 1522240 1524063 0037585 1826357
 1274040 1546471 2825142 0520510 0557061 2584313 1514811 1706462 1880022 0003242 0003241 0021027 0442818 0312586 0369095 0443640 0003241 0021027 0213238 1412492 0034693 0034721 0599635 0085979 0999699 0018381 1135183 1136016 1265533 1270360 2828412 0034493
 0003241 0205195 1947911 0003241 0442818 1705920
 0213238 1412492 0086418 0599635 0213238 1412492 0034693 0034721 0599635 0237876 0162326 0450344 1553633 1283174 0003241 0021044
 0349966 1337208 1547282
 0450345 0003241 0175723 0012984 0022646 0227665 1278978 1280551 1514845 1708639
 0230715 0175723 0205168 0332463 0333164 0439645 1521913 0230715 0175723 0332464 0439645 1521913 1532717 0348078 0376315 0439086 2827736 2981702 0442726 1511790
 0522510 0205156 0684224 0700287 1514721 1552607 2348147 3542016 1947971 0175723 0439645 1521913 1708639 0439084 0728893
 0175723 0206243 0699809 0442722 0442723 0442724 0442725 2724205 2724207 2724208 0003320 0030956 0392148 0439787 0849355 1708639
 0487602 1704680 0598829 0553257 0007634 0012984 0022646 0227665 1278978 1280551 1514845 3282337 0085979 0213238 0999699 1412492 0003241 0018381 0021027 0599635 1135183 1136016 1265533 1270360 2828412 2986582 1704458
 1167624 1947902 2827499 0205397 0175996 0178719 0333262
 0003241 0021027 0003320 0030956 0392148 1439852 0444598 0549183 1552826
 1167624 1947902 2827499 0598829 0553257 0007634 0012984 0022646 0227665 0562577 1278978 1280551 1441672 1514845 3282337 1511276 1552825
 0003264 0037791 1511884 0021044 0521093 0750484 1511726 3245479 1518422 1547282
 1274040 1546471 2825142 1547282 1524063
 0449911 0333052 2607870 0557702 1272706 1704674 0557702 1272706 1704674 0349966 1337208
 2827734 2981698
 0002518 0002520 2917660 0001128 0004793 0162326 0162327 0202406 1519249 0205088 1705314 1705315
 0004793 0162326 0162327 1519249 0003320 0030956 1273517
 2347469 0020985
 0562577 1708639 0600209 0071499 1514893 1704732 2699488
 0175723 0336721 0179407 0348078 0376315 0085979 0213238 0999699 1412492 0018381 0442726 0599635 1135183 1136016 1265533 1270360 1511790 2828412 1979003 0003242 0003241 0021027 1708639
 1947971 0175723 0439645 1521913 1708639 0439084 0728893
 0175723 0003320 0030956 1883712 1519042 1300565 0439267 0439526 0740116 2827735 2981700 1708639
 0021044
 1704458 0444598 0549183 1552826 0562577 1511276 1552825 0007634 3282337 0085979 0213238 0999699 1412492 0003242 0003241 0018381 0021027 0599635 1135183 1136016 1265533 1270360 1708632 2828412
 1883712 1300565 0439267 1167624 1947902 2827499 0444598 0549183 1552826
 1704254 1704922 3542466 1301820 1524063 0598124 0179533 1654607 1706254
 0178706 1709694 0206243 0699809 0439787 0849355
 0687760 1551065 0369637 0441923
 0040715 2987521 0598829 0553257 0007634 0012984 0022646 0227665 1278978 1280551 1514845 3282337 0242842 0026018 0220825 0349966 1337208
 0007634 3282337 1439852 0917964 1621896 0001492 1382029
 0213238 1412492 0599635 0175996 0178719 1185625 1704711 2986730 1292856 1948023 0349966 1337208
 0917964 0213238 1412492 0599635 0007603 0025255 0032105 0596901 1550098 1706182 0205200 0007634 3282337 0349966 1337208 0507114 1416271 0684224 0700287 3496591
 0333262 0010834 0439742 0007634 3282337 0349966 1337208
 1274040 1546471 2825142 1547282 0598829 0553257 0007634 3282337 1515654 0021135 0026339 1533691 2827718 3161035 0007634 0178539 0449913 1548787 1553451 1704459 1185625 2986730 1659466
 0016617 0596155 0150369 0332128 1516647 0243107 0678723 1527148
 0007634 3282337 0349966 1337208 1547282
 0450354 1706096 0205173 1705764 1705765 0213238 1412492 0599635 1420744 3503764
 0332575 1260956 2827421 0332849 1167182 0007603 0596119 0025255 0032105 0596901 1550098 1706182 1880389 1883221 3541951
 1517331 1883351 0521093 0750484 1456348 0040715 2987521 0085188 1881534 0205173 1705764 1705765 0213238 1412492 0599635 1420744 1705052 2986796
 0213238 1412492 0599635 0332583 0392752 0349966 1337208 1416886 1167182 0007603 0596119 0025255 0032105 0205111 0596901 1550098 1706182 0039798 0087111 1522326 1533734 1705169 3538994 0349966 1337208 1414052 1415944
 0449911 0333052 2607870 0557702 1272706 1704674 0557702 1272706 1704674 0349966 1337208
 0740116 2827735 2981700
 1280500 2348382 0475264 1744691 0598829 0553257 0007634 3282337
 0007634 3282337 0213238 1412492 0599635 0010834 0439742
 0917964 0456693 1442458 0702093 0332243 1947915 0205397 1547282 0040715 2987521 0007603 0025255 0032105 0596901 1550098 1706182
 2347469 0598102 0007634 3282337 0213238 1412492 0599635 0150312 0449450 1167182 0007603 0596119 0025255 0032105 0205111 0596901 1550098 1706182 0039798 0087111 1522326 1533734 1705169 3538994 0507114 1416271
 0332583 1420744 0332575 1260956 1547282 0039798 0087111 0917964 1515981 1522326 1533734 1705169 3538994
 1704254 1704922 3542466 0016538 0037179 0087136 0205171 1704254 1704922 3542466
 0073187 1704254 1704922 3542466 0205173 1705764 1705765 0213238 1412492 0599635 2986582 0332583 1420744 0332575 1260956
 0520511 1704711 1416886 0040715 2987521 1414052 1415944 0205397
 1707156 3274014 3541345 0369637 0441923 0369637 0441923
 0598829 0213238 1412492 0266304 0553257 0007634 0012984 0022646 0205173 0227665 0487602 0599635 1278978 1280551 1514845 1704680 1705764 1705765 3282337 0884358 1524063 0003241 1522485 0337051 1509144 2349200
 0003241 1273517 1883351 1179962 0029219 0332283 1719822 0018042 0243111 1947951 1423496 0887838 1179875 1513822 1705739 1882071 0007427 1332805 0007428 0024369 2984253 0003320 0887883 0887883 0034850
 1547282 0332208 0487602 1704680
 1423496 1947971 0487602 1704680 0450365 1706097
 0213238 1412492 0599635 1518422 0018042 0243111 0442726 1511790 1947951 0887838 1179875 1513822 1705739 1882071
 0007427 1332805 0007428 0205397 0700321 1720485 0010834 0439742
 0333262 0521450 0005516 0450366
 0003320 0887883 0752070 0033684 0332281 0887883 0010834 0034850 0441987 0521449 1279919
 0333262 0205397 1720485 0010834 0439742 0333262 0392752 0587267 1514583 0003320 0887883 0450363 2986797
 0449911 0333052 2607870 0557702 1272706 1704674 0557702 1272706 1704674 0349966 1337208
 0439086 2827736 2981702
 1707455 1423496 2347469 0007427 1332805 0007428 0003320 0887883 1420175 0017742 0017725 0596902 0040679 1442762 0016327 0439133 1553038
 1185738 1706132 1547282 1167624 1947902 2827499 1423496 0007427 1332805 0007428 0003320 0887883 1416886 1420175 0017742 0017725 0596902 0040679 1442762
 0599459 1185738 1706132 1547282 0487602 1704680 0213238 1412492
 1704254 1704922 3542466 0205090 1185738 1706132 1547282
 1704254 1704922 3542466 0213238 1412492 0599635 0332583 1547282 0033684
 3640796 1704254 1704922 3542466 1547282
 0687760 1551065 0369637 0441923
 1420175 0017742 0017725 0596902 0213238 1412492 0599635 0015272 1521970 0175996 0178719 0599896
 1420175 0017742 0017725 0596902 1659466 0175996 0178719 0337174 1185625 1698986 1753314 2986730 0007603 0025255 0032105 0596901 1550098 1706182 1292856 1948023
 1883351 0376649 1442065 1420175 0017742 0017725 0596902 0213238 1412492 0599635 0237876 1185625 1382196 0599896 0337076 0040669 0598829 0553257 0007634 3282337 0884358
 1420175 0017742 0017725 0596902 0017446 0205147 0392752 0213238 1412492 0599635 1518422 1420175 0017742 0017725 0596902 1185625 2986730
 0040679 1442762 0598180 1167211 0014139 0086597 0127400 0175697 0181496 1273517 1522408 2697656 2827499 2984285 1184743 1522240
 1883351 1185625 1382196 0007634 3282337 0040679 1439852 1442762 1708632 0456692 0702093
 0040679 1442762 0887884 0010834 0333262 0392752 0521449 1279919 2262706 0034850 0282114
 0213238 1412492 0599635 1518422 0034850 0040679 1442762 1708632
 0598829 0213238 1412492 0553257 0598102 0007634 0012984 0022646 0205117 0227665 0332282 0599635 1278978 1280551 1514845 1883708 3282337 0337051 1509144 2349200 0598829 0553257 0007634 0012984 0022646 0205200 0227665 1278978 1280551 1514845 1880022 3282337
 1423496 1547282 0332208 0487602 1704680 0017446 0205147 0349966 1337208 2347469
 0007427 1332805 0007428 0010834 0150312 0205111 0441987 0450376
 0029219 0456148 0549184 0005516 0213238 1412492 0599635
 0003320 0887883 0684224 0700287 3496591 1883351 0005516 0205112 0887883 0034850
 0598829 0553257 0007634 3282337 0003320 0887883 0010834 0150312 0205111 0441987 0450377 2986754 0332197 2699517 0441987 1511726 3245479 1518422 1547282
 0475264 1744691 0003320 0887883 0007634 0205397 3282337 0349966 1337208 0213238 1412492 0599635 1518422 0887883 0003320 0034850 0150312 0439178 1279919 1446409 1514241 2825490 0598102 0007634 3282337 0450377 2986754
 2262706 1524063 0005516 0034850 0205111 0282114 1273517 0213238 1412492 0599635 0282114 0392752 0439178 1185625 1446409 1514241 2825490 2986730 0450378
 1185625 2986730 0034850 0349966 1337208 1423600
 0040679 1442762 0684224 0700287 3496591 1883351 0005516 0598829 0598102 0553257 0007634 0012984 0022646 0227665 1278978 1280551 1514845 3282337
 0598829 0553257 0007634 3282337 0076359 0039711 0040679 0332575 1260956 1439852 1442762 1708632 0183683 1521721 0040679 1442762 0014139 0150312 0333262 0010834
 0213238 1412492 0599635 0450379
 1705535 1185625 2986730 1185625 2986730
 0449911 0333052 2607870 0557702 1272706 1704674 0557702 1272706 1704674 0349966 1337208

 1707455 1423496 2347469 0007427 1332805 0007428 0003320 0887883 0040679 1442762 0016327 0439133 1553038
 1704254 1704922 3542466 1547282
 1185738 1706132 1547282 1167624 1947902 2827499 1423496 0007427 1332805 0007428
 0599459 1185738 1706132 1547282 0487602 1704680 0213238 1412492
 1704254 1704922 3542466 0205090 1185738 1706132 1547282
 1704254 1704922 3542466 0213238 1412492 0599635 0332583 1547282 0033684
 0073187 0003320 0887883 1416886 1412526 0332575 1260956 0213238 1412492 0599635 1414052 1415944 0332583 1704254 1704922 3542466
 1412526 1704254 1704922 3542466 1547282 0458348 0205128 0444660
 0003320 0887883 0007634 0205111 0439742 0441987 1269647 1704653 1948049 1518422 0213238 1412492 0599635
 1179920 0521447 0012854 0033382 2986582 2987124 1260957 1547282
 0332575 1260956 0213238 1412492 0599635 3539520 0332583 1704254 1704922 3542466
 0003264 0591407 0205173 1283174 1705764 1705765 1419210 1419212
 1185625 2986730 0332575 1260956 1423600 0205160 1513916 2825415 2825491 0332583 1419212 0332583
 0016327 0439133 1553038 0040679 1442762 0332575 1260956 0213238 1412492 0599635 0439453 1414504 1414509 0332583 1704254 1704922 3542466
 3640796 1704254 1704922 3542466 0007610 0205111 0205148 0010834 1547282
 1707156 3274014 3541345 0369637 0441923
 1514918 0213238 1412492 0175996 0178719 0599635 1185625 2986730 0150312 0587267 1514583 0003320 0887883 0007634 3282337
 1883351 0376649 1442065 0475264 1744691 1882932 1301808 1442792 3148680 0599896 0332128 0040715 2987521 0282114 1553637
 0598829 0598102 0553257 0007634 3282337 0917964 1439852 0456693 1442458 0702093 1883708 1548982
 0007634 3282337 2982953 2348792 0040223 0231441 0440102 0443218 2827483 3541383 1552961 2347617 0015252 0728940 0917964 0003320 0887883 0884358
 0449911 0333052 2607870 0557702 1272706 1704674 0557702 1272706 1704674 0349966 1337208
 0439084 0728893
 0040715 2987521 0282114
 0007634 3282337 0332293 0917964 1522326 0456693 1442458 1548982 0009458 0332296 0439536 0917964 1439852 1705217 1880497 1996904 3244283
 0213238 1412492 0599635 0332583 1547282 0003320
 1704254 1704922 3542466 0016538 0037179 0087136 0205171 1704254 1704922 3542466
 0213238 1412492 0599635 1167182 0007603 0596119 0025255 0032105 0205111 0596901 1550098 1706182 0917964 0456693 1442458
 0007634 3282337 1548982 0009458 0332296 0439536 0917964 1439852 1705217 1880497 1996904 3244283
 1514918 0007634 1269647 1704653 1948049 0456693 1442458 0205397 0702093 0887883 0003320 0034850 1279919 0333262
 0213238 1412492 0599635 0213238 1412492 0337174 0392752 0599635 1185625 1698986 1753314 2986730 0702093 1710661 2986829
 1184743 1522240 0520511 1704711 0442739 2346711 0456389 0442800 0917964 1293134 1710661 2986829
 0007634 3282337 0078517 0312860 1439852 0251991 1710661 2986829
 0003320 0887883 1517741
 1704254 1704922 3542466 0016538 0037179 0087136 0205171 1704254 1704922 3542466
 2825142 1274040 1546471 1547282
 0687760 1551065 0369637 0441923
 0213238 1412492 0599635 0017446 0205147 0392752 0039798 0087111 1522326 1533734 1705169 3538994
 0039798 0087111 1522326 1533734 1705169 3538994 0213238 1412492 0040715 0599635 2987521 1274040 1546471 2825142 0596119 0025255 0596901 1706182
 0003320 0887883 0333262 0439742 0549177 0010834 1518422 0039798 0087111 0392760 0917964 1314939 1522326 1533734 1705169 3538994
 1514918 0596119 0025255 0596901 1706182 0456693 1442458 0702093 0439659 0015252 0728940
 0213238 1412492 0599635 0150312 0333262 0439178 0549177 1446409 1514241 2825490 0003320 0887883
 1883708 0213238 1412492 0599635 0887883 0003320 0034850 0333262 0439178 1279919 1446409 1514241 2825490 0205095 0004600 0460009 1995000
 0702093 0213238 1412492 0599635 0213238 1412492 0333262 0337174 0443288 0599635 1698986 1753314 0700321 0205160 1513916 2825415 2825491
 0003320 0887883 0567416 0392337 0599896 0070797 0071655 0031603 0031701 1601799
 1883351 1516048 1314939 0213238 1412492 0599635 0599896 0007634 3282337 1519050 0044602 0349966 1337208 2347469
 0039798 0087111 1522326 1533734 1705169 3538994 0917964 0007634 3282337 0078517 1439852 0251991
 0681814 1519050 0044602 1274040 1546471 2825142 1301820
 0213238 1412492 0599635 0887883 0003320 0034850 1279919 0456693 1442458 0702093 1710661 2986829 1519050 0044602 1152564
 0003320 0887883 1517741 0205166 1706317 0702093
 1519050 1152564 1518422 0001721 0040715 2987521 0007603 0025255 0032105 0596901 1550098 1706182 1511726 3245479 1518422 1547282
 1511726 3245479 1705535 1514918 1167182 0596119 0007603 0025255 0032105 0205111 0596901 1550098 1706182 1185625 2986730 0851827 1701901 3244310
 0520510 0557061 2584313 1514811 1706462 0026339 3161035 0449913 1553451 1704459 0010453 0220814 0430400 2242979 0553257 0007634 3282337 0026339 3161035 0449913 1273517 1553451 1704459 0557651 2603343 0520511 1704711 0213238 1412492 0599635 0599896 0520511 1704711 0213238 1412492 0599635 0599896 1998882 0545082 1512346 1947978
 0026339 3161035 0449913 1553451 1704459 1515654 1882932 0349590 1262865
 0242598 0007634 3282337 0022677 0205107 0007600 0007634 0205132 1269647 1550648 1552960 1704653 1948049 0213238 1412492 0599635 0684224 0700287 3496591 1883351 0887838 1179875 0018042 0392752 1513822 1705739 1882071 2826298 1314939 0213238 1412492 0599635 0599896 1441414 1553874 1578820
 0040715 2987521 0242598 0007634 3282337 1292856 1709305 1948023 2745955 2348205 0007634 3282337 0022675 0222607 0596156 0025255 0596901 1704711 1706182
 0242629 0007634 3282337 1516696 0007600 0007634 0205132 1269647 1550648 1552960 1704653 1948049 0213238 1412492 0599635 0599896 0148340 1421419 0279853 0635146 0851285 0680022 2698041 0450355 0449913 1553451 1704459
 0520511 1704711 1518422 0520511 1704711 0022646 0227665 1278978 1514845
 0598829 0553257 0007634 0012984 0022646 0227665 1269647 1278978 1280551 1514845 1704653 1948049 0806036 0553257 0007600 0014597 0007634 0205132 0221908 1269647 1550648 1552960 1704653 1948049 0026339 3161035 0449913 1273517 1523987 1553451 1704459
 0475264 1744691 0598829 0553257 0007634 0012984 0022646 0227665 1278978 1280551 1514845 3282337 2348205 0007634 3282337
 1883712 0040715 2987521 0596119 0025255 0596901 1706182 0010531 0033640 0038164 1335962 0031727 0033684 0037083 0449913 1553451 1704459 1709305 3537152 2348205 0007634 3282337 0022646 0227665 1278978 1514845
 1274040 1546471 2825142 0598829 0553257 0007634 0012984 0022646 0227665 1278978 1280551 1514845 3282337 1999230 0026339 3161035 0449913 1553451 1704459 0557651 2603343 1660749 0475264 1744691 0213238 1412492 0599635 0599896
 0213238 1412492 0599635 0598829 0553257 0007634 0012984 0022646 0227665 1278978 1280551 1514845 3282337 0175996 0178719 1185625 2986730 0596119 0025255 0596901 1706182 1292856 1948023 1660749 0475264 1744691 0887838 1179875 1513822 1705739 1882071 0024369 2984253
 0449775 0449774 1179962 0029219 0332290 1524057 0022675 0222607 1882714 0553257 0007634 0022646 0034693 0034721 0205225 0227665 0401925 0687028 1278978 1441672 1514845 1516698 3282337 1516696
 0598829 0213238 1412492 0553257 0007634 0012984 0022646 0227665 0449913 0599635 1269647 1278978 1280551 1514845 1553451 1704459 1704653 1948049 0015272 0871161 1292721
 0007634 3282337 0850310 3154893 1521970
 0003320 0598829 0553257 0007634 0012984 0022646 0227665 1278978 1280551 1441672 1514845 3282337 1514918 0213238 1412492 0599635
 0022646 0205397 0227665 1278978 1514845
 0213238 1412492 0599635 0567416 0003320 1547282 1184743 1522240 0598829 0553257 0007634 3282337 1999230 0449913 1553451 1704459 1184743 1522240 0021135 1533691 2827718
 1185625 2986730 1524063 3161035 0598829 1707455 0206243 0699809 0439787 0849355
 1707455 0520511 1704711 1420175 0017742 0017725 0596902
 0475264 1744691 0175996 0178719 1420175 0017742 0017725 0596902 0599896 0332183 0213238 1412492 0599635 1883357
 1420175 0017742 0017725 0596902 0175996 0178719 0333262 0007603 0025255 0032105 0596901 1550098 1706182 1184743 1522240 1292856 1948023
 1420175 0017742 0017725 0596902 0213238 1412492 0599635 0332256 2700400 0004793 0162326 0162327 1519249 1514562 0599896
 0598829 0553257 0007634 0012984 0022646 0227665 1278978 1280551 1514845 3282337 1420175 0017742 0017725 0596902 0017446 0205147 1704711 0213238 1412492 0017446 0205100 0205147 0599635
 0185117 1518422 0558058 0349590 1262865 0520511 1704711 0150312 0206131 0596981 0007634 0026845 3282337 1420175 0017742 0017725 0596902 0031843 0542341 0700205 1705273
 1511726 3245479 1420175 0017742 0017725 0596902 0213238 1412492 0599635 1185625 1382196 1705242 1698986 0598829 0553257 0007634 0012984 0022646 0227665 1278978 1280551 1514845 3282337
 0681814 0027552 0686904 1883351 0805874 0870077 1446409 0439787 0849355 1420175 0017742 0017725 0596902 0213238 1412492 0599635 0237876 0599896 0449913 1553451 1704459
 1707455 1704259 1705987 0884358 0238767 1706086 0598102 0007634 3282337 1274040 1546471 2825142 1518422
 0598829 0598102 0553257 0007634 0012984 0022646 0227665 1278978 1280551 1514845 3282337 0040679 1442762 2262706 0034850 0205112 0282114 0439742 0684224 0700287 3496591 0439509
 1185625 1382196 0205112 0392752 0441987 0441987
 0947630 0213238 1412492 0205234 0599635 1285542 0175996 0178719 0599896 1185625 2986730 1167182 0596119 0007603 0025255 0032105 0205111 0596901 1550098 1706182 0871261 1704632 1706817 2911692 0037083 0086982 0010531 0038164 0033640 0031727 0033684 0010536 0060916 0033640 0031727 0033684 0439267 1441414 1553874 1578820
 0441712 1706376 0282114 1518422
 1547282 0213238 1412492 0599635 1185625 2986730 1698986 1167182 0007603 0596119 0025255 0032105 0205111 0596901 1550098 1706182 1292856 1948023
 1710661 2986829 0917964 0213238 1412492 0599635 0007634 1269647 1704653 1948049 0014139 2984285 1522196 0034850 0004600 0205095 0460009 1995000
 0213238 1412492 0599635 0042153 0457083 1947944 0449913 1553451 1704459 0007603 0025255 0032105 0596901 1550098 1706182
 0003320 0887883 0205171 1518422 1720467 0005516 0567416 1326489 0442632 1522290 0567416 1514468 1704444
 0044602 1880776 1513112 1179907 0025255 0596901 1706182 0332307 0007634 3282337 0557651 2603343 1705242 0599896 0441471 3541888
 3159168 2247121 0021467 0021469 1628982 3463820 1323803 0078517 0251991 0213238 1412492 2346661 0023175 0181586 0205421 0599635 1442948 1522538 2348269 3275067 0596119 1513112 0025255 0205111 0596901 0599896 1706182 1185625 2986730 1705535 0044602 0213238 1412492 0599635 1314939 0599896 0004600 0205095 0460009 1995000
 0213238 1412492 0599635 0599896 0014139 2984285 0282114 0007603 0025255 0032105 0596901 1550098 1706182 1185625 2986730 0684224 0700287 3496591 1883351 0044602 0851827 1701901 3244310
 1707959 0071253 0206454 0597357 0032200 0003009 0003018 0014139 2984285
 0282114 0026649 3159168 1323803 2247121 0044602 2260369
 0213238 1412492 0599635 1883351 0044602 1519050 1152564 0205197 1518422 0018790 0237477 0392351 0521111 0213238 1412492 0599635 0599896 0004600 0205095 0460009 1995000 0213238 1412492 0599635 0004600 0205095 0460009 1995000 1710661 2986829 0917964 0392148 1519050 1152564
 1704259 1705987 0003011 0003009 0034787 0072471 0003018 0597357 0868928 1441414 1553874 1578820 1706255 1706256 0599896 0078517 0439831 0851827 1552738 1701901 3244310 0456924 1704259 1705987
 0947630 0027552 0686904 1883351 0044602 0080103 0213238 1412492 0599635 1314939 0599896 1947931
 2986676 0039676 2349943 3539704
 0018896 0449851
 2825232 0043227 0018173 0018896 0449435 1521721 3540469 0683933 0035168 0036397 0242481 0013621 0013622 0013658 0039401 0010453 0220814 0430400 2242979 0038039 1552306 0036397 0039421
 0000723 0042413 0019932 0596110
 0213238 1412492 0599635 0213238 1412492 0599635
 1420175 0017742 0017725 0596902 1420175 0017742 0017725 0596902
 0012984 0022646 0227665 1278978 1280551 1514845 0012984 0022646 0227665 1278978 1280551 1514845
 0031621 2348046 0031621 2348046
 0070797 0071655 0031603 0031701 1601799
 0887838 1179875 1513822 1705739 1882071 0887838 1179875 1513822 1705739 1882071
 1514756
 0034036 0034037 1272684 1548435 1704324
 1514811 1706462 0520510 0557061 2584313 1514811 1706462 0369637 0441923 0582525 0599635 0439799 1706095 0678594 0567415 1706222 0008964 0013227 0025118 0205210
 0597277 1708601 0016327 0439133 1553038 0009015 0185117
 0349590 1262865 0025141 0597277 1708601 0033727 0369286 0441932 0564385 0016327 0439133 1553038 0597277 1708601 0369637 0441923 0597277 1708601 0597277 1708601 0009015 1880022 1283195 0008630
 1315013 0025141 0039725 0039738 1420718 0599635 0567416 0013227 0025118
 2347961 0332620 0003779 0042413 0205263 1705480 0022675 0222607 1516697 0001629 0025148 0205102 0687028 1267211 1516698 1550227 1550278 1705650
 0007634 1269647 1704653 1948049 0597277 1708601 0597277 1708601 0021966 0221138 1280500 0213238 1412492 0034693 0034721 0599635 0242598 0553257 0007634 3282337
 0022646 0063789 0227665 1278978 1514845 3272375 0025141 0014239 0035295 0598268 0162283 1332124 0011848 0687720 0011847 0011849
 0201682 0036154 1275573 1718783 0369637 0441923 0369637 0441923 0597277 1708601 0205090 0684010 2603358 0558269 1552984 0596988 0015127 1314792 1524003 1563706 0162283 1332124 0011848 0687720 0011847 0011849 0018042 0333118 0439855 1704241
 1315013 1275573 0369637 0441923 0558269 1552984 0441730 0213238 1412492 1883559 0332307 0445392 0599635 1547052 0162283 1332124 0011848 0687720 0011847 0011849
 0027960 0324740 0325074 0439189 1456781 1824986 0369637 0441923 0033727 0369286 0441932 0564385 0016327 0439133 1553038 0543483 0699748 0026882
 0022646 0063789 0227665 1278978 1514845 3272375 0025141 0033727 0369286 0441932 0564385 1880022 0213238 0599635 1412492 0043047 0439799 0599638 1550678 1706095 1882714 0022646 0227665 1278978 1514845
 0002808 0063789 3272375 3642273 0025141 0369637 0441923 0033727 0369286 0441932 0564385 1293116 1875307 0185117 1179517 0596030 0227578 1280423 0007634 0332207 3282337 0206691 1515655
 0597277 1708601 0033727 0369286 0441932 0564385 0025663 0449851 0871511 0007634 3282337 0010453 0220814 0430400 2242979
 0205090 0684010 2603358 0205090 0684010 2603358 0597277 1708601 0439267 0020792 0205396 0475264 1744691 0311403 0120465 1414292 1527079 1159267 0033684 2246374 0439855 1704241
 0041703 0268596 0439073 0439082 1418943 2700624 3642273 0439267 0022558 0020792 0205396 1553778 1561491 1171362 0185117 1423496
 0025141 0036154 0043092 0237886 0700314 1947906 1546690 0005889 0302908 0444611 1704353
 0007634 0027960 0324740 0439189 1269647 1456781 1704653 1824986 1948049 0016318 0079603 0449851 0040300
 0007634 1269647 1704653 1948049 0025141 0205090 0684010 2603358 0454673 1550752 0851285 1327622 0598829 0553257 0007634 0012984 0022646 0227665 0599896 1278978 1280551 1514845 3282337 1419189 1425389
 0201682 1418867 1518860 1552158 1515101 2986905 0022558 1550452 1704788 3539107 0012984 0022646 0227665 1278978 1280551 1514845 0598829 0007603 0553257 2827452 0007616 0596292 0237886 0700314 1947906 0282114
 0025141 0454673 1550752 0205090 0684010 2603358 0454673 1550752 0004083 0439849 0596306 0699792 1419189 0598829 0598102 0553257 0007634 0012984 0022646 0227665 1278978 1280551 1514845 3282337
 0007634 0027960 0324740 0439189 1269647 1456781 1704653 1824986 1948049 0021966 0221138 0033727 0369286 0441932 0564385 0040715 2987521 0258823 1538716 2987025 0007427 1332805 0007428 1948027 0085139 1622129 1179106
 0007634 0027960 0324740 0439189 0450348 1269647 1456781 1704653 1824986 1948049 0369637 0441923 0021966 0221138 0033727 0369286 0441932 0564385 1416374 1427865 1704462
 0007634 0027960 0324740 0439189 0450348 1269647 1456781 1704653 1824986 1948049 0033727 0369286 0441932 0564385 0085188 0183683 1521721
 0005910 0006041 2986891 2347795 0035820 1705810 1521840
 0201682 0262500 1512358 3538713 0369637 0441923 0003320 1820047 0449432 1705248
 0349590 1262865 0025141 0029237 0029246 0220885 1300196 1522486 0040715 2987521 1420175
 0332185 2347379 0022337 0369637 0441923 0004684 1412800 2986890 0054868 3540479 0003320 0038164 0887837 0033684 1547282 0520511 1704711 0014597 1273342 0007634 0221908 3282337 0016030
 0007634 0027960 0324740 0439189 1269647 1456781 1704653 1824986 1948049 2827664 0369637 0441923 0205090 0684010 2603358 0454673 1550752 0282114 0005903 0039476 1709305 2745955 1185625 2986730
 0022646 0205090 0684010 2603358 0369637 0441923 0475264 1744691 1516851 0021467 0021469 1628982 3463820 0058836 1512032
 0022646 2827664 0369637 0441923 0006100 1537501 0003779 0042413 1705480 0851285 0120285 0213238 1412492 0038164 0162768 0599895 1159772 0008109 0033684 0303920 0332583 0599635 0599896 1262946 1318484 0242598 0007634 3282337
 0007634 1269647 1704653 1948049 0025141 0439267 0369637 0441923 0439267 0205090 0684010 2603358 0369637 0441923 1314939 0040715 2987521 0553257 1516696 0007634 3282337
 0007634 1269647 1704653 1948049 3642273 0439267 0597277 1708601 0597277 1708601 0369637 0441923 0018790 0237477 0392351 0521111 0040715 2987521 0596119 0025255 0596901 1706182 0553257 0007634 3282337
 0022646 0036154 0040669 0598829 0553257 0007634 0012984 0022646 0227665 1278978 1280551 1514845 3282337 0597601 1159571 0005528 1317949 3495449
 0000857 0600678 1552863 0005910 0006041 2986891 0369637 0441923 0205090 0684010 2603358 0235396 1314939 0599635 0439799 1706095 1167182 0596119 0007603 0025255 0032105 0596901 1550098 1706182 0806036 0014597 1273342 0553257 0007634 0022646 0221908 3282337
 0201682 0597277 1708601 0597277 1708601 0597277 1708601 0016327 0439133 1553038 1515926 0015252 0728940 1292856 1948023 1516696 0007634 3282337 0034693 0034721
 0007634 1269647 1704653 1948049 0597277 1708601 0597277 1708601 0026882 0018790 0237477 0392351 0521111 0040715 2987521 0205263
 0022646 0597277 1708601 1521840 0014597 1273342 0598102 0007634 0221908 3282337
 3538705 0475264 1744691 0006298 0001527 0040300 0678579 1547928 0028754 1563743 0034693 0034721
 0201682 0597277 1708601 0475264 1744691 1420175 0017742 0017725 0596902 1882854 0242692 1280260 0026845 0037253 0521324 1518681 1280500 2348382
 0596963 0439816 0453911 0080194 0456178 0007635
 0007634 1269647 1704653 1948049 0000857 0600678 1552863 0678579 0439787 0849355 0599896
 0022646 0369637 0441923 0025252 0033684 1415715
 0796518 1261253 1705514 0007634 0027960 0324740 0439189 1269647 1456781 1704653 1824986 1948049 2347961 0025141 0044602 0243148 1550141 1882979 2587213 3274648 0678594 1704788 3539106 1514562
 0025141 0369637 0441923 1323803 2260369 1150423 0205177 0439167 0441655 1561536 0071253 0169533 0032200 0206454 0018284 0960756 1979795 0005821 0018270 0220844 0597357 1261552 1441547 1514873 1521761 1621966 1704379 1705117 2825408 2827422 2911660 3245521 0599896
 0201682 0230613 0369637 0441923 0369637 0441923 0205090 0684010 2603358 0439255 0011546 0439857 2698668 0585064 1067936
 0007634 1269647 1704653 1948049