 0079411 3146294 1709915 1882936 0023401 0031453 0023401 0042285 0003595 0003591 0003595 0003591 0020557 0205263 1522137 1551359 2741673 2981730
 0369637 0441923
 0021966 0221138
 1704729 0036375 0006037 0024874 0587466 1704729 0000872 0565990 1552471 0041740 0205099 0205476 0027778 1704729 0000872 0565990 1552471 0041740 0205099 0205476 0027778 0199176 1706420 2700409 0018684 0022877 3244292 0027778 0587453 1704729 0000872 0565990 1552471 0041740 0205099 0205476 0027778 1704729 0021622 1272753 0005574 0036378 0036375 0018226 0034036 0034037 1514756 1704324 0557061 2584313 1514811 1706462 1883351 1709915 1882936 0020557 1522137 1880177 0205448 0002520 1709915 1882936 1705285 0001898 0001483 1514798 0596988 0003595 3146294
 1517499 0017337 0040671 1705822 0052201 2984964 0025914 0025929 0026809 0003595 0003591 0201950 0428466 0858034 0008377 0441889 1518422 0015127 1524003 0020557 1522137
 1979874 1517499 0017337 0040671 1705822 0052201 2984964 0020443 1522133 1867531 0020557 1522137
 0020473 0275524 0009450 0205202 2932881 0023816 1416902 0023764 0023820
 0596988 0015127 1524003 0205171 1720467 0442805
 0002778 0936012 1524024 0026019 2984656 0013852 0026018 3463986 1547282 0052201 2984964 1883559 0012727 0085201 0003592 0021966 0221138 0033414 1157478 0220781 0439634 1522492 1518422 0085201 0003592 0021966 0221138 0033414 1157478 0220781 0439634 1522492
 2607943 2926606 3539655 0023401 1709915 1882936 0031453 0023401 0003595 0003591 0042285 1273518 0023821 1157478 0023820 0178587 0205250 0220781 0439634 0521102 1299351 1522492 2700149
 1555721 1706204 0001898 1999230 0348078 0376315 1522492
 0557061 2584313 1514811 1706462 0052196 0038164 1142652 0033684 2827734 2981698
 0021135 1533691 2827718 0681829 0947630 1547282 0596988 0003595 0309872 0003595 2247768 0003591 1149323 0023820 0243122 0332256 1145667 1167622 2700400 0034821 1149327 0597357 1522133 0201950 0332281 0428466 0858034 0008377 0032105 0205250 0441889 1299351 1550098 2700149 0015127 1524003 0004153 0003064 0003062 1517586
 0003595 0523511 1412481 0033414 2246761 0439084 0728893 0007634 1269647 1704653 1880177 1948049 1523351 1326960 0019868 1545588
 0003595 0523511 1412481 0850664 0035648 0050325 0679238 0960756 1281905 0035647 1521761 2827422 2262744 0019868 0023779 1880177 0006104 1269537
 0205549 2348044 1273517 0001483 0443225 1444754 1706316 0003595 0003591 0004793 0162326 0162327 1519249 2349182 1562892 1979963 2003903 0003595 0003591 0025914 0025929 0026809
 1547282 1514559 0009450 0025914 0025929 0026809 1882406 2349182 1522133 0201950 0428466 0008377 0441889 1979874 0205217 0442805 0036536 0036537 0078207 0020557 1522137
 1514559 0052201 2984964 0436331 1444749 0020443 1522133
 1562892 1979963 2003903 1517676 0025914 0025929 0026809 0009450 0205202 0348078 0376315 0332268 0441635
 0020557 1522137 0003595 0003591 0205263 0443225 1444754 1706316 0428504 0430038 0003595 0332291 0003591 0031437 0043194 0085862 0258432 1285572 1299583 1421478 0080194 0456178 1518614 2987481 0023816 1416902 0023764 0023820 0205202 1514559
 1514559 0003595 0003591 0205263 2712907 0020473 0205195 1522133 0008377 0205250 1299351 1880022 2700149 0428475 0441889 0348078 0376315 1518422 0392747 0443172 1705241 1278073 0023779 0023820 0441889
 0348078 0376315 2349182 1979963 2003903 1522133 0025914 0025929 0026809 1518422 0205263 0020557 1522137 0017446 0205088 0205147 0596260 1705314 1705315 1273518
 1524063 0042153 0457083 1947944 0002520 2917660 0001128 0202406 0439792 0002520 0024779 1706473 0017446 0205147 1273518 0002520 0003595 0003591
 0017446 0205147 0332256 2700400 0270814 1709915 1882936
 0150312 0449450 0557651 2603343 1709915 1882936 1705285 0001898 0542341 0557651 2603343 1515655 1524063 1517499 0017337 0040671 1705822
 0002778 0936012 1524024 1547282 0023401 1709915 1882936 0031453 0023401 0702172 0003595 0003591 0020557 0205263 1522137 1551359 2741673 2981730
 0004793 0162326 0162327 1519249 1273518 0017446 0205147 0023821 0301630 0332152 0392756 0441610 1522538 0085201 0003592 0021966 0221138 0023821 0023820 0178587 0205250 0441889 1299351 2700149
 0557061 2584313 1514811 1706462 0441513 1883559 0332307 0445392 1547052 0348078 0376315 3146294 0052201 2984964 0052201 2984964 1524063
 0206415 1273517 0439084 0728893 0796552 1414899 1417239 1455888 1832232 2986643 1420223 0007450 0040405 0052201 0179630 0325090 0524517 1414899 1415027 1705968 1832232 2984964 3538813 0439084 0728893 0796552 1417239 1832232 2986643 3538813 0040405 0052201 0179630 1415027 1455888 1705968 1832232 2984964
 0028630 0009221 0440102 1095825 1705285 1547282
 0443286 1114821 0052201 2984964 0439070 1705160 0052201 0728990 1273517 1514575 1705542
 0332282 1511572 1514468 1704444 0332293 1522326 0868946 0032136 0332256 2700400 0376452 3536933 0012854 0238767 1706086 1704972 1704973
 0443286 1114821 1514468 1704444 0032136 0332529 0332256 2700400 0012854 0206243 0026882 1273517 1883351 0007634 3282337 0563199
 0009013 1707391 0012854 0009013 0205409 1548221 1553778 1561491 0681850 1550501 1706203 2349001 2697811 0521093 0750484 1456348 0392148
 0001483 1514798 1552738 2827421 1524063 0449913 1553451 1704459 2827421 0004611 0005005 0007634 1510439 2347473 3146294 3282337 0563199
 0009013 0007634 1419240 3282337 3539698
 1510800 0086022 0442335 1165245 1273517 1883351 0439663 0007634 3282337
 0332282 0021313 0034186 0009450 0001483 1514798 0041609 0055134 0205448 1261552 1707491 1998793 1883350
 0475208 1301820
 0007634 3282337 0004114 0009458 0015965 0229671 0230445 0332256 0439536 0521457 1305418 1546774 1550100 1705217 2700400 3244283 0439663 0001483 0003595 0003591 0348078 0376315 1522492
 0007634 1269647 1704653 1948049 1548982 0991865 0006353 0031603 0031701 0036082 1601799 1720725 1948050 0009458 0229671 0332296 0439536 1546774 1550100 1705217 1880497 1996904 3244283 1524062
 0033727 0369286 0441932 0564385 0009458 0439536 1705217 3244283 1516695 1516698 0014441 2717977 0005507 0014442 0021075 0243073 0936012 1510438 1517892 1704666 0600209 1704732
 0580836 0869040 0947630 1273517
 0441833 0687744 1257890 1552516 1552839 1705428 1705429 1720154 2985205 0039259 0042449 1278960 0178602 0869039 1114758 1882406
 0005767 0005768 0229664 2985205 0039259 0042449 1278960 1301820 0033727 0369286 0441932 0564385 0332152 0021485 1272883 1533685 1828121 0740116 2827735 2981700 0439086 2827736 2981702 0439084 0728893 1442469 0439228
 1510844 1698986
 1516048 0185117 0025914 0025929 0026809 0441833 0687744 1257890 1552516 1705428 1705429 0439228
 0023884 0003062 0027361 0237401 1516695 1516698 0260055 1550121 0016701 0028158 0302908 0677542 1304698 1546699 1550581 1561501 1698986
 0035668 0023884 0205409 1548221 0003595 1515670 0003591 0035696 0185117 0936012 0005861
 0002778 0936012 1524024 1303103 0002778 0936012 1524024 1720119 1948037 2827734 2981698 0991865 0006353 0031603 0031701 0036082 0439084 0728893 1601799 1185738 1706132 1708715 0449913 1553451 1704459 0991865 0006353 0031603 0031701 0036082 1601799
 0439160 0449468 0439175 0439810 0002778 0936012 1516695 1516698 1517331 1524024
 0041004 0008377 1524063 1719918 0681834 0036397 0185125 0302828 1442085 3263700
 0041004 0683149 0086045 1264633 0312860 1552738
 1709793 0444706 3541902 1524063 0014441 2717977 0005507 0014442 0021075 0243073 1510438 1517892 1704666
 0871208 1521828 0025914 0025929 0026809 0003595 0036536 0036537 0041004 0439663 0523511 1412481 1705242 0332282 0009450 1882406 0001483 0052201 2984964 0001483 0001486 1552907
 0025914 0025929 0026809 0033727 0369286 0441932 0564385 0015663 0456962 1883708 0148854 0242759 1420193 1425679 1862190 3538902 1720154 0178602 0869039 1114758 0439272 0022718 0439209 0439269 1960952 2346927 0005910 1305866 0043100 0242821 0460148 1268086 1705104 1524063 0037633 0525069 0560267 0148854 0037494 0242759 1420193 1425679 1862190 1959973 3538902 1547282 0205197 1883351 0018790 0237477 0392351 0521111 0543484 0699900 1516314
 0444266 0370003 2347026 0205409 1548221 0439509 0702093 0148854 0242759 1420193 1425679 1862190 3538902
 0542495 0041004 0229671 1546774 1550100 0444706 3541902 0871208 1521828 0439269 1531789 0439420 1552738
 0441833 0687744 1257890 1552516 1552839 1705428 1705429 0025914 0025929 0026809 0884358 1524063 0022885 0038492 0039593 0392366 1551041 1552573
 1516048 0085732 0003595 0003591 0348078 0376315 1522492 1883351 0023820 0750490 1705242 1706221 0439526 0025914 0025929 0026809 0439663 0001483 0001486 0243148 1550141 1552907 1882979 2587213 3274648 0001483 0052201 2984964 0444499 0332302 0439526 0449468 1690016 1705102 2700258 0991865 0006353 0031603 0031701 0036082 1601799 1300565 0066650 0720544
 0037633 0525069 1883708 0720544 1300565 1623737 1637390 3539687 0439267 0439526 0444456 1706359 1623737 3539687 0444499 1300565 0720544 0439526
 0439962 0033727 0369286 0441932 0564385 0179834 0582523
 0332282 0041609 1264633 1516695 1516698 0600209 0936012 1704732
 0007704 1516952 0007703 0178587 0439182 0812409 0011945 0011946 0917873 1059964 0051704 0000975 0002611 0006353 0037473 0597484 2986582 0026019 2984656 0013852 0026018 0234621 3463986 0596490 0013852 0029144 3463986 0027778 0441468 1552738
 0031753 1883727 0040223 1632851
 0557061 2584313 1514811 1706462 0052201 2984964 0003595 0523511 1412481 0348078 0376315 1522492 1327616 0048733 0022885 0039593 0392366 0185117 0441889 0348078 0376315 1522492 0007634 3282337 1518422 0003595 0003591 0001483 0439663 1514798 0052201 2984964
 0002778 0936012 1524024 1538566 0600209 0349966 1337208 1704732 0014441 2717977 0005507 0014442 0021075 0243073 1510438 1517892 1704666 1547282 0052201 2984964 1327616 0441889 1514721 0628062 1300565 1637390 0439267 0033727 0369286 0441932 0564385
 0449911 0333052 2607870 0557702 1272706 1704674 0557702 1272706 1704674 0349966 1337208
 2827734 2981698
 0002778 0936012 1524024 0001483 0243148 0439663 1550141 1882979 2587213 3274648 0001483 0052201 2984964
 0369637 0441923 0005516 0027965
 0003595 0441889 0523511 1412481 0175723 0522510 1516048 1707455 0370003 0332256 2700400 0439267
 0023401 1709915 1882936 0031453 0023401 0042285 1273518 1273517 1412481 1517499 1417166 1445865 0017337 0040671 1705822 1516048 1280500 0596988 0020473 0205263 0348078 0376315 0857127 1522492 1515655
 0025914 0025929 0026809 0003595 0439663 0001483 1514798 0052201 2984964 1883559 0596988 0348078 0376315 1522492 0332256 2700400 0162735 0332256 2700400 0162735 0178913 0370003 2347026 1516695 1516698 1442466 0439228 1278073 0428460 0023779 0032105 0441889 0936012 1550098
 0002778 0936012 1524024 1547282 0009450 1882406 0001483 0001486 1514798 1552907 0052201 2984964 1518422 0392747 0201950 0428466 0858034 0456950 0008377 0032105 0441889 1550098 1442466 0439228 0020557 1522137 0025914 0025929 0026809 1707455 0042776 0243148 0319157 0439663 1550141 1882979 2587213 3274648 0349966 1337208 1513853 0025914 0025929 0026809 0521118 1511726 3245479 1518422 1547282
 1514559 1867531 1522137 0020557 2945599 1274040 1546471 2825142 1883559 0052201 0332307 0445392 1547052 1707455 2984964 0349966 1337208
 1979874 0009450 0178602 0869039 1114758 0456948 0201950 0428466 0858034 0008377 0032105 0392756 0441889 0456950 0740116 1550098 2827735 2981700 1442466 0439228 1518422 0015127 1524003 0020557 1522137 0349966 1337208
 0449911 0333052 2607870 0557702 1272706 1704674 0557702 1272706 1704674 0349966 1337208
 0740116 2827735 2981700
 0858034 0008377 0041004 0003595 0003591 0441889 0001483 0439663 1514798 0052201 2984964 0042776 0319157
 0025914 0025929 0026809 0439663 0205174 0178602 0597363 0042776 0319157 0444266 0370003 2347026 0205409 1548221 0008377 0936012 0428475 0041004 0441889 2347469 0025664 0184661 1517586 1552738 2700391
 0003595 0441889 0523511 1412481 0332173 0439228 0439505
 0185117 0025914 0025929 0026809 1516048 0439228 0035696 0003595
 0002778 0936012 1524024 1547282 0035696 0441889 2348205 0349966 1337208
 0521097 0008377 0205263 0857127 0020557 1522137 0052201 2984964 2349182 0201950 0428466 0008377 0441889 0020557 1522137 0349966 1337208
 0449911 0333052 2607870 0557702 1272706 1704674 0557702 1272706 1704674 0349966 1337208
 0439086 2827736 2981702
 0035696 0441889 0683927 0001483 0439663 0052201 2984964
 0035668 0023884 0025914 0025929 0026809 0205409 0439228 0439663 1548221 1517914 0005861 0035696 1414968 3536868 2260086 0017855
 0023884 0025914 0025929 0026809 0027361 0205409 0237401 1548221 1517914 0001483 0178602 0439663 0869039 1114758 1444656 1514798 0052201 2984964
 2347469 0035696 0441889 1709793 1524063 1709697 2728259 3484370 1414968 3536868 0017855 2260086 0428304 0456949 0017854 0030016 0031603 0031701 0035696 0441889 1601799 1882115 0681493 0684224 0700287 1301627 2698021 3496591 0025914 0025929 0026809
 0052201 2984964 1274040 1546471 2825142 1514559 2963144 0002778 0936012 1524024 0025914 0025929 0026809 1547282 0025914 0025929 0026809 0052201 2984964 0008377 0428475 0041004 0441889 0205250 1299351 2700149 1704711 0017446 0205147 0523560 0349966 1337208 0073187 0016327 0439133 1553038
 1979874 0025914 0025929 0026809 0439663 0008377 0041004 0205251 1299352 1550472 0023820 1264633 1704711 0349966 1337208 2347469
 0243148 1550141 1882979 2587213 3274648 0009450 1882406 1518422 0392747 0443172 1274040 1546471 1705241 2825142 0008377 1562892 1979963 2003903 1511726 3245479 1518422 1547282
 0449911 0333052 2607870 0557702 1272706 1704674 0557702 1272706 1704674 0349966 1337208

 1979963 2003903 1412573 2350443 3539770 0041004
 0444266 0370003 2347026 0003595 0003591 0011155 0025914 0025929 0026809 1301820 1636779 0025914 0025929 0026809 0001483 0439663 1514798 1882406 0052201 2347469 0439228 0599209 1979893
 0201950 0428466 0008377 0441889 1412573 2350443 3539770 0428475 0041004 0441889 0025664 0184661 1517586 1552738 2700391
 1280500 2348382 0036536 0036537 0032105 1550098 0332282 0021485 1272883 1533685 1828121 0009450 0001483 1514798
 0150312 0332290 0332529 0871208 1521828 0205217 0442805 0332462 1880834 0001483 0439663 0052201 2984964 0025914 0025929 0026809 1707455 0243148 0439663 1550141 1882979 2587213 3274648
 0025914 0025929 0026809 0001483 0439663 0871208 1521828 0205217 0442805 0332462 1880834 0025914 0025929 0026809 1707455 0001483 0243148 0439663 1550141 1882979 2587213 3274648 0036536 0036537 0205171 0523560 0871208 1521828 1720467 0025914 0025929 0026809 1441672 0001483 0001486 0052201 0439663 1552907 2984964 0349966 1337208
 2607943 2926606 3539655 1705535 0023401 1709915 1882936 0031453 0023401 0042285 1709915 1882936 0023401 0042285 0003595 0003591 0042285 0086418 1280500 2348382 0392747 0598629 0001898 0871208 1521828 0205216
 0449911 0333052 2607870 0557702 1272706 1704674 0557702 1272706 1704674 0349966 1337208
 0439084 0728893
 0002778 0936012 1524024 0439663 0001483 0001486 1552907 0001483 1514798 0052201 2984964
 0148854 0242759 1420193 1425679 1862190 3538902 0560741 1508277 0439272 0333746 0022718 0439209 0439269 1960952 2346927 0441869 0025914 0025929 0026809 0042776 0319157 0441833 0687744 1257890 1552516 1705428 1705429 0015663 0456962 1720154
 0444266 0370003 2347026 1516695 1516698 0439509 0702093 0011740
 0444266 0370003 2347026 0205409 1548221 1301862 0702093 0011740
 0542495 1287372 0428475 0041004 0229671 0441889 1546774 1550100 0681493 2698021 0040223 3541383 3146294
 0871208 1521828 0439269 1531789 0439420 0205132 0444686 0681493 0807955 1441506 1443182 2698021 0025914 0025929 0026809
 0871208 1521828 0441833 0687744 1257890 1552516 1705428 1705429 0348078 0376315 0449450 0681493 1522492
 0185117 0023816 1416902 0023764 0023820 1882115 0428460 0023779 0441889 0022885 0039593 0392366 0231179 0205263 0857127 0020557 1522137 0025914 0025929 0026809 0003595 0439663 0052201 2984964 1882406
 0039798 0087111 1522326 1533734 1705169 3538994 0205202 0020557 1522137 0020443 1522133 0025914 0025929 0026809 1709305 2745955 0332293 0052201 1522326 2984964 0205171 0439044 0679994 0349966 1337208 2347469 0439267 0033727 0369286 0441932 0564385
 0275524 0009450 2932881 0023816 1416902 0023764 0023820 0205216 0392756 0442797 0750482 0201950 0428466 0858034 0008377 0441889 1301751 1280500 2348382 0349966 1337208 0073187
 2607943 2926606 3539655 1444656 0052201 1514559 2984964 0012634 0348080 1705253 1149837 0023816 1149836 1416902 0023764 0023820 0205177 0439167 0441655 1561536 0439801 0871208 1521828 2612555 0449297 1382187 2825073
 2607943 2926606 3539655
 0740116 2827735 2981700 2347469 0349966 1337208
 2347469 0349966 1337208
 0439084 0728893 0349966 1337208
 0073187 1705535 1278073 0428460 0023779 0032105 0441889 1550098 1518422 0001721 0036536 0036537 1518422 0205160 1280500 1513916 2348382 2825415 2825491
 0449911 0333052 2607870 0557702 1272706 1704674 0557702 1272706 1704674 0349966 1337208

 0858034 0008377 0041004 0003595 0003591 0441889 0001483 0439663 1514798 0052201 2984964 0205171 0439044 0679994 0439962 2932881 0023816 1416902 0023764 0023820 0439228
 0025914 0025929 0026809 0001483 0178602 0439663 1444656 1514798 0444266 0370003 2347026 0205409 1548221 0858034 0008377 0032105 0936012 1550098 0073187 0439267 0041004 2347469 0033727 0369286 0441932 0564385 0003595 0003591 0441889 1553033 0016327 0439133 1553038 0021966 0221138 0740116 2827735 2981700 0439086 2827736 2981702 0439084 0728893 0025664 0184661 1517586 1552738 2700391
 1280500 0003595 0441889 0523511 1412481 0025914 0025929 0026809 0001483 0439663 0052201 2984964 0039798 0087111 1522326 1533734 1705169 3538994 1280500 2348382 0025914 0025929 0026809 0332293 0052201 1522326 2984964 0025914 0025929 0026809 1707455 0332293 0052201 1522326 2984964 0349966 1337208 0085201 0003592 0021966 0221138
 0003595 0003591 0441889 0439269 0240291 0025914 0025929 0026809 0001483 0001486 0052201 0439663 1552907 2984964 0439228 1522609 0439269 3642216 0025914 0025929 0026809 0052201 0439663 2984964 0001483
 0039798 0087111 1522326 1533734 1705169 3538994 0023816 1416902 0392756 0003595 0003591 0441889 0025914 0025929 0026809 0332293 0052201 1522326 2984964 0205171 0439044 0679994 0025914 0025929 0026809 0332293 0052201 1522326 2984964 0023816 1416902 0023764 0023820 1552170
 0543488 0441889 0439228 0332281 1867531 0020557 1522137 2945599 0349966 1337208 0033727 0369286 0441932 0564385 0021966 0221138
 1979874 0003595 0003591 0441889 0205250 1299351 2700149 1522609 3642216 0039798 0087111 1522326 1533734 1705169 3538994 0001483 0001486 1552907
 0052201 2984964 0085201 0003592 0021966 0221138 0033414 1157478 0220781 0439634 1522492 0443211 0085732 0023820 0750490 1705242 1706221 0025914 0025929 0026809 0001483 0439663 1514798 0052201 2984964 0007704 0041609 0178587 0439182 0812409 1979893
 1264633 0205409 1548221 0600209 0936012 1704732 0332283 0487602 1704680 0038128 0056270 0056269 0005863 1524063 1624602
 0150312 0052201 2984964 0596988 0023820 0750490 1706221 1708071 0439792 0547044 1515981 0597177 0017446 0205147
 1514559 0085201 0003592 0012725 0012727 0021966 0221138 0456080 2347509 1274040 1546471 2825142 0023821 0023820 0178587 0205250 1299351 2700149 1514559 1518422 0085201 0003592 0021966 0221138 0349966 1337208
 0750572 0600209 0002778 0936012 1524024 1527178 1704732 1705938 0441925 0441889 0052201 0439663 2984964 0700364 1883351 2348205 0085201 0003592 0021966 0205136 0221138 0439083 0439087 0023821 0023820 0150312 0178587 0205250 1299351 2700149 0332282 0007704 0041609 0349966 1337208 1707455
 0449911 0333052 2607870 0557702 1272706 1704674 0557702 1272706 1704674 0349966 1337208

 0520511 1704711 1264633 0332282 0007704 0041609
 0032105 1550098 0003595 0003591 0025914 0025929 0026809 1301820 0052201 2984964 0025914 0025929 0026809 0001483 0243148 0439663 1550141 1882979 2587213 3274648 0007704 0041609 0178587 0439182 0812409 1979893 0600209 0936012 1704732 0025664 0184661 1517586 1552738 2700391
 0002778 0936012 1524024 0025914 0025929 0026809 1301820 0001483 0001486 0243148 0439663 1550141 1552907 1882979 2587213 3274648
 2347469 0002778 0936012 1524024 0003595 0003591 0025914 0025929 0026809 1301820 0052201 0439663 2700323 2984964
 0683150 0086045 0936012 0439269 3642216
 1264664 0237753 0449788 0178587 0733755 0003595 0003591 0441833 1999270 3537156 1547282
 0369637 0441923 0005516
 1316572 1317574 1369612 0003595 3244092 0003591 0185117 0441889 0085201 0003592 0021966 0221138 0392756 2347469 0012727 1553033
 0073187 0002778 0936012 1524024 0052201 0439663 2984964
 0002778 0936012 1524024 1547282 1514559 2612462 2612461 0023821 0332281 1157478 0023820 0178587 0205250 0220781 0439634 0597177 1299351 1522492 2700149 0185117 0441889 2612463 2612461 0023821 0332281 1157478 0023820 0178587 0205250 0220781 0332501 0439634 0597177 1299351 1522492 2700149 0349966 1337208
 1705241 1705242 0543484 0699900 1516314 0052207 0023821 0003591 0023820 0178587 0205250 1299351 2700149 1514559 0052201 2984964 0349966 1337208

 0449911 0333052 2607870 0557702 1272706 1704674 0557702 1272706 1704674 0349966 1337208

 0002778 0936012 1524024 0025914 0025929 0026809 0032105 1301820 1550098 0001483 0001486 0243148 0439663 1550141 1552907 1882979 2587213 3274648 0001483 0052201 2984964 2347469 1553033
 0023821 0023820 0178587 0205250 0450387 1264633 1299351 1709595 2349200 2700149 0349966 1337208 1547282
 0073187 0026019 2984656 0013852 0026018 1273517 3463986 0002778
 0449911 0333052 2607870 0557702 1272706 1704674 0557702 1272706 1704674 0349966 1337208

 1705241 1705242 0543484 0699900 1516314 0052207 0023821 0003591 0023820 0178587 0205250 1299351 2700149 1514559 0052201 2984964 2347469 1553033
 1514811 1706462 0021135 1533691 2827718 0681814 1547282 0003595 0003591 1709915 1882936 0023779 0023820
 1442161 1511760 1880274 0205216 0085732 0333262
 1442161 1511760 1880274 0849355 0205197 0085732 0333262
 0332149 1705910 2362652 0002520 0001128 0003595 0003591 0004083 0205265 0439849 0596306 0699792 1279901 1314939 1555582 1705685 0031676 0202177 1184743 1522240 0003595 0003591 1157478 0023820 0220781 0332256 0439634 1514873 1522492 2700400
 0004083 0439849 0596306 0699792 0031676 1515655 0679823 1883351 0443211 1272684
 0003595 0003591 0332297 1145667 1167622 1689898 2349209 1883727 0034821 1149327 0597357
 1372999 1704675 0051300 1416912 2987172 0243148 1550141 1882979 2587213 3274648 0201950 0428466 0858034 0008377 0441889 1545588 0740116 2827735 2981700
 1880177 0034821 1149327 0597357 0449297 1382187 2825073 3272697 0947630 1516048 0025914 0025929 0026809
 0947630 1547282 0052198 0052201 2984964 0205202 1979963 2003903 1522133 0025914 0025929 0026809
 1511726 3245479 0302523 0700325 3244290 1705535 0449297 1382187 2825073 0206243 0699809 0034821 1149327 0439787 0597357 0849355
 0332197 1689985 0597357 1416912 0597357 0033684 0051300 1416912 2987172 0065059 0597357 0062503 0450348 0205410 1518422 2963144 3272697 0011155 0025914 0025929 0026809 0032105 0205173 1550098 1636779 1705764 1705765
 0035820 1705810 0003595 0003591 1326960 0019868 0005775 1516559 0003595 0003591 0441889 0583329 0428475 0032105 0041004 0441889 1550098 0086418
 0020557 1522137 0025914 0025929 0026809 0205263 1514559 0003595 0003591
 0947630 1547282 0020557 1522137 1518422 1709305 2745955 0025914 0025929 0026809 0001483 0439663 0348078 0376315 0332268 1880389 1883221 3541951
 0036849 1442518 1705195 1547282 0348078 0376315 0003595 0003591 0348078 0376315 0443225 1444754 1706316 1280500 2348382 1882115 0201950 0428466 0008377 0441889
 2607943 2926606 3539655 1705535 0003595 0003591 0078207 2612458 0041004 0332297 0523560 0597177 0699759 1145667 1167622 1689898 2349209 0597358 0243122 0597357 1145667 1167622 1880389 1883221 3541951 0150108 0150112 1555580 0309872 2612555 0449297 1382187 2825073 0023796
 1979874 0003595 0003591 0078207 2612458 0041004 0332297 0523560 0597177 0699759 1145667 1167622 1689898 2349209 0597358 0243122 0597357 1145667 1167622 1880389 1883221 3541951 0332157 0683607 2612555 0449297 1382187 2825073
 0557651 2603343 1707689 2983265 1883351 0024779 1706473 1709915 1882936 1273518
 0392360 2699007 0020792 0205396 0003595 0003592 0003591 0023175 0079411 0348078 0376315 1442948 1514798 1522492 1522538 2348269 3146294 3275067 0031845 0005532 0205460 0542341
 0003595 0003591 0205234 0205448 1285542 0017446 0205147 1709915 1882936 0332256 2700400 0002520
 0017446 0205147 0332257 1552866 2700399 0002520 0031453 0023401 0042285 0017446 0205147 0332257 1552866 2700399 0002520 0023401 0042285 0042285
 1552603 1706202 1419208 1547282 0017446 0205147 0205250 0024660 1705920
 1412481 1517499 0678941 1445865 0017337 0040671 1705822 0443211 1272684 1709915 1882936 0002520 1555602 0439792 0549177 1551359 2741673 2981730 0205263 0857127 0020557 1522137
 0020557 1522137 1518422 0025914 0025929 0026809 1709305 2745955 0001483 0001486 0052201 0439663 1552907 2984964 1709915 1882936 0392747 0443172 0001898
 1979874 0009450 1709915 1882936 0001898 1867531 1522137 0020557 1274040 1546471 2825142 2945599 0025914 0025929 0026809 1707455 0001483 0001486 0052201 0439663 1552907 2984964
 0700364 1709915 1882936 0017446 0205147 0001721 0036536 0036537
 0026882 0001898 0392756 0871208 1521828 1883559 0052201 0332307 0445392 1547052 2984964 0015127 1524003
 1511726 3245479 1547282 0442805 0275524 0009450 0001483 1514798 2932881 0023816 1416902 0023764 0023820 0205202 0242339 1514559 0052201 2984964
 0037088 0243095 2825141 1705535 0003595 0003591 0012634 0348080 1514559 1705253 1149837 1149836 0205177 0439167 0441655 1561536 0025515 0439801 0871208 1521828
 0020557 1522137 0052201 1441672 1514559 2984964 0275524 0009450 0205202 0001483 0001486 1552907
 1705241 1705242 0052201 2984964 0078207 0853086 0036536 0036537 0041004 0205217 0439849 0442805 0445223 0523560 0052201 2700323 2984964 0015127 1524003
 0025914 0025929 0026809 0032105 1550098 0003595 0003591 0449297 1382187 1999230 2825073 0025914 0025929 0026809 0439663 0348078 0376315 0001483
 0003595 0523511 1412481 0025914 0025929 0026809 0521097 0332293 0052201 1522326 2984964 0023816 1334332 1416902 0025914 0025929 0026809 0521097 0332293 0052201 1522326 2984964 0023816 1334332 1416902 2986417 0332293 0052201 1522326 2984964 0023816 1334332 1416902
 0003595 0003591 0441889 0039798 0087111 1522326 1533734 1705169 3538994 0439228 0439269 0439269 3642216 0052201 2984964 3539687 0445247 0439269 1960952 2346927 3642216
 2607943 2926606 3539655 0052201 2984964 1883559 2612488 0065060 0023820 0041004 0597177 0699759 2982691 0332282 0020291 0023816 1334332 1416902 0052201 2984964 0449432 0521097 0597177 1705248 3272697 0034821 1149327 0597357
 0700364 0680220 0032659 0032854 0041004 0542537 0597177 1257890 2700379 2982691 1518422 0034821 0521097 1149327 0597357
 0041004 0597177 0699759 0023816 1334332 1416902 1522240 0034821 0521097 1149327 0597357 0597177 1518422 0034821 0521097 1149327 0597357
 0332149 1705910 2362652 0026882 0052201 2984964 1292748 0439792 0547044 1515981 0033414 1157337 1157478 0220781 0439634 1522492 0023821 0017446 0023820 0025914 0025929 0026809 0178587 0205147 0205250 1299351 2700149
 0037088 0243095 2825141 0052201 2984964 0085201 0003592 0021966 0221138 0033414 1157478 0220781 0439634 1522492
 1979874 0003595 1518422 0085201 0003592 0021966 0221138 1518422 0001721 1157478 0220781 0439634 1522492
 2607943 2926606 3539655 1705535 0052201 2984964 1514559 0220781 0439634 1522492 0205360 2347098
 1280500 2348382 0005572 0220781 0543484 0699900 1516314 0023821 0023820 0178587 0205250 1299351 2700149 0349966 1337208
 1412573 2350443 3539770
 0040223 3541383 1518422 2963144 1514559 0003595 0023821 0521102 0005495 0023820 0178587 0205250 0220781 1299351 2700149 1704259 1705987 0596902 0001721 0205360 2347098 0205148 0023821 0023820 0178587 0205250 1299351 2700149
 1184743 1522240 1517001 1883351 0441889
 0871161 1882134 2347695 0583325 0023821 0023820 0178587 0205250 0441889 1299351 2700149 2983310 1709915 1882936 1705285 0001898
 0085732 0052201 0348078 0376315 1522492 2984964 2963144 0008377 0023821 1157478 0023820 0178587 0205250 0220781 0332501 0439634 0521102 1299351 1522492 2700149 1881534 0304231 1611640 0450442 1254351 1521826
 0348078 0376315 0034861 0033684 1514798 0332281 0023828 0017296 0017337 0039798 0087111 1363945
 2825232 0043227 0018173 1521721 1548284 0027468 0018684 0021622 3245503 1135440 1254351 0018173 1548284 0015179 0018173 0205439 0239307 1332678 1535514 1548284 1705070 1709697 2728259 2825217 3484370
 0010186 0220812 0449719 1709471 0220808 0680264 0007961
 1706852 0522501 1706089 0949214
 0205155 1293097 1522472 1552923 1705191

 0282413 0376649 1442065 0205155 1293097 1522472 1552923 1705191 0021622 1272753 0013227 0025118 0036375 3272372 0006037 0024874
 0254343 0796520 3272379

 0085205 1549619 1880669
 0013849 1705961 0024492 1538057 1547565 0006463 0059804 0000723 1273517 0003595 0523511 1412481 0003595 0003591
 0085201 0003592 0021966 0221138 0021966 0221138
 0001483 0001486 1552907
 0014441 2717977 0005507 0014442 0021075 0243073 1510438 1517892 1704666 0014441 2717977 0005507 0014442 0021075 0243073 1510438 1517892 1704666
 0599209 0015663 0456962 0033095 0460139 1306345 0008565 0008550 0302908 1304698 1546699 1561501
 0120285 0120285 0033684
 0023821 0023820 0178587 0205250 1299351 2700149 0023821 0023820 0178587 0205250 1299351 2700149
 0523560 0023825 0023823 0442811 0023820 0178587 0205251 0442824 1299352 1550472
 0023816 1334332 1416902 0023816 1416902 0023764 0023820
 1882406 1882406 0011389 0205431 0332461 0333463 0439148 1519795 1522492 1704753 1880519
 2700323 1883559 0332307 0445392 1547052
 0065063 0023820 0178587 0205103 1550465 2827755
 0003595 0003591 0011155 1636779 0003595
 0011155 1636779 0034821 1149327
 0597277 1708601


 0021966 0221138
 0302523 0700325 3244290
 2986676 0557775 1511780 0750729 0681814
 1514811 1706462 0557061 2584313 1514811 1706462
 0021966 0221138 0369773 2603361
 1511325
 0439394 1706495 3642217



 0325074
 0025141
 0554249
 2603360 0597277 1708601
 0439267 0252873
 1511325
 0439394 1706495 3642217
 0007634 0450389 1269647 1704653 1948049 0025141
 0205090 0684010 2603358
 0439267 2603360

 0439394 1706495 3642217
 0402217 0033727 0369286 0441932 0564385
 2347469 1708595 3280986

 1315013

 0025141 0205090 0684010 2603358
 2603362
 0033727 0369286 0441932 0564385 0369718 0441922 1553036


 0000857 0600678 1552863 1431628 0369718 0441922 1553036 0439267
 1418943

 0268596 2700624
 3642273

 2603362

 1553033 1431628 2347469 0369718 0441922 1553036 0439267




 0369637 0441923
 0016327 0439133 1553038
 2347469 2603362
 0036397 0025141 0033727 0369286 0441932 0564385 2603360 0597277 1708601 0369718 0441922 1553036

 1315013

 0025141 0205090 0684010 2603358
 0033727 0369286 0441932 0564385
 0369773 2603361
 0205090 0684010 2603358
 0205090 0684010 2603358 0007457 0043157 0220938 0205090 0684010 2603358
 0016327 0439133 1553038
 1149772 2248714
 0597277 1708601
 0325001 0369773 2603361

 0027855 0000857 0600678 1552863
 0021966 0221138
 2603362
 2603362
 0205549 2348044 0005526 0036397

 3495095 0027976 0597277 1708601

 0005477 0025141 0597277 1708601
 2347469 0597277 1708601
 0439394 1706495 3642217

 0021966 0221138

 0597277 1708601
 0369773 2603361 0597277 1708601
 0439394 1706495 3642217

 0021966 0221138
 0005477 0439509 0025141 0597277 1708601
 0597277 1708601
 1511780
 0439394 1706495 3642217

 0021966 0221138


 0201682
 0597277 1708601
 3495095 0597277 1708601
 0439394 1706495 3642217

 0021966 0221138
 0005477 0025141
 0021966 0221138 0597277 1708601
 0033727 0369286 0441932 0564385
 2603360
 2347469




 0025141 0439267 0597277 1708601
 1511780
 2347469
 0021966 0221138 0439394 1706495 3642217
 0597277 1708601


 2347379
 2603360
 0035561 0439394 1706495 3642217
 2603360 1006780 0597277 1708601
 2347469
 1418943

 0268596 2700624
 3642273

 2603362

 0016327 0439133 1553038
 0439114 2603362
 0033727 0369286 0441932 0564385 0205090 0684010 2603358
 1553033



 0025141 0597277 1708601 0325045
 0999213 2603360 2603360 0205090 0684010 2603358 0205090 0684010 2603358 0033727 0369286 0441932 0564385
 0369718 0441922 1553036 1511325
 0439394 1706495 3642217

 1315013

 0439083 0439087 0025141 0205090 0684010 2603358
 2603360


 0000857 0600678 1552863 0033727 0369286 0441932 0564385 0369773 2603361 0016327 0439133 1553038 0597277 1708601
 0033727 0369286 0441932 0564385 0369637 0441923
 1553033 2603362


 0201682


 0439394 1706495 3642217 0205090 0684010 2603358



 0201682
 0205090 0684010 2603358
 0439394 1706495 3642217

 0369773 2603361 0041388 0369773 2603361 0369718 0441922 1553036 0999213 0439267


 1315013

 0025141
 2603362
 1708595 3280986
 0439267 0205090 0684010 2603358



 0201682
