 0009993 1552856 0037455
 0332307 1704729 0036397 0040302 1553045 1704756 0524637 0870614 0036375 0282413 1704729 0870614 0036375 0588053 1547183 2827734 2981698 0022341
 0013849 1705961 0024492 1538057 1547565 0520510 0023866 0034036 0085201 0003353 0003504 0449432 1705248 0205447 0729650 0002395 1521724 0012634 1441672
 0332128 0332307 0268380 0268381 0281479 0002726 0557651 2603343
 0085185 2827483 0018787 0030415 0205449 0231441 0370003 0443218 0949307 1281570 1707903 0348078 0376315 0268380 0268381 0281479 0002726 0085201 0003242 0003241 0003353 0003504 0003591 0021027 0086418
 0085201 1412468 2698168 0002716 0011560 0043047 0185115 0442726 0520510 0599638 0611285 1511790 1550678 3541890 0020985
 1883712 1441672 0002726
 0684224 0700287 3273238 0002716 0011560 0611285 0268380 0268381 0281479 0002726 0086418 0205373 0333562 0348078 0376315 0440102 0002726
 0085201 1412468 2698168 1518422 2003902 1440087 0449432 1705248 0150312 0449450
 1705313 0520510 0023866 0034036 0002726 0011560 1456454 1705760 0333584 0002716 0033684 0225328 0333562 0611285 1948066 0015127 1524003 0040300 0178784
 0008902 0008903 0678229 1456454 0002716 0011560 0033684 0225328 0332307 0611285 1527178 1547052 1705938 1948066 0002726 0332307 0450348 1515981 0086418 0205396 1550043 1551388
 0002726 0332232 2825407 0205373 0005847 0677535 1511228 0524464 0933845 0002726 0150312 0348078 0376315 0392752 0449450 1522492
 0002723 0002716 0011560 0611285 0002726 0002726 0002723 1290886 0008679 1290884 0012634 0021038 1302674 0002726 0021027 0023693 0337112 1306462 1524075 1621846 1881376 0268381 0002726 1136084 0032112 0007634 0032105 0334044 1269647 1550098 1704653 1948049 0002726 0002726 0019004 1524112 0443252 0268407 2751492 0002726 0002726 0206245 2751492 0751448 0206247 0002716 0011560 0015576 0152025 0241888 0611285 0342623 0268406 0268380 0268381 0281479 0002726 0205373 0392079 0348078 0376315
 0449432 1705248
 1883254 0023884 0736268 1278929 2346688 0021852 1268998 1519375 0021853 0700321 1708548
 0205242 0333853 1235746 1709708 1875696 1882141 0032105 1327616 1550098
 0947630 0332128 0004083 0439849 0596306 0699792 0002726 2347469
 0348078 0376315 0332257 0206246 0268380 0268381 0281479 0002726 0221912 1522447 0268407 0002726 1412582 0002726 2347469 0085201 0003353 0003504 0003591 0205419 0015127 1524003
 0348078 0376315 1522492 2936350 0333463 0333482 0085201 1883559 0003353 0003504 0003591 0332307 0445392 1547052 0015127 1524003
 0700376 0002726 0085201 0003353 0003504 0003591 0015127 1524003
 1883712 0684224 0700287 3496591 0085201 0003353 0003504 0333463 0392079 0030705 0002395 1521724 0012634
 0150312 0449450 0557651 2603343 0332128 0268380 0268381 0281479 0002726
 1883712 0332128 0004083 0439849 0596306 0699792 0002726 0025936 0003069 0025914 0025929 0026809
 0520510 0520510 0023866 0034036 0002778 0936012 1441616 1524024 0370003 0004398 1301820 0018787 0002726 0002723 0021038 1302674 0002726 0021027 0023693 0337112 1306462 1524075 1621846 1881376 0002726 0021038 1302674 1622345 0002726 0021027 0023693 0337112 0439084 0728893 1306462 1524075 1621846 1881376 0002726 0002726 0439086 1412046 2827736 2981702 0002726 0032923 0439086 2827736 2981702
 0868928 1533148 0008902 0947630 1441616 0003241 1445860 0003241 0032923 1421224 1979927
 0003241 0002716 0011560 0611285 0031831 1707664 1999230 2348314 3540849
 0439267
 0006754 0041740 3146274 1826357
 2316368 0205155 1293097 1522472 1552923 1705191 0369637 0441923 1280412 0009742 0009738 0332575 1260956 2986582 0332128 0439858 0026018
 0002778 0936012 1441616 1524024 0884358 0332283 1719822
 0205155 1293097 1522472 1552923 1705191 0332293 0020281 1522326 0028778 0332206 1533157 1706084 2828370 1151518 0205177 0439167 0441655 1561536 0028778 0033684 0332206 1515981 1533157 1706084 2828370 0229671 0332296 1546774 1550100 1880497 1996904 0028778 0332206 1533157 1706084 2828370 0221738 0443286 1114821
 0003242 0003241 0021027 2827734 2981698 0022877 0454863 0003241 0021027 0185125 0205225 0439631 0456693 1442458 0702093 2348236 0005903 0039476 1547703
 0687678 1533716 0010357 0872139 1880190 2828360 0085202 0003591 1424250 2698414 2347469 1547547 1547548 0439092 0547044
 0021027 1621846 2827734 2981698 0011318 0003241 0021027 0027627 0175668 0205436 1273517 0456693 1442458 0702093 0234621 0086162 1081457
 0205155 1293097 1522472 1552923 1705191 0016576 0885348 0001128 0202406 1550147 2709094 3539075 3539076 0449719 1709471 0439611 0557651 2603343
 1550147 2709094 3539075 3539076 0016576 0885348 0184511 0332272 1561611 0597879 0085201
 0003320 1514918 0016576 0885348 0001128 0202406 0884358 0702093 2348236 0005903 0039476 1547703
 0003264 0037791 1511884 0521093 0022885 0039593 0392366 0750484 0332283 1719822
 1555271 0085201 0003242 0003241 0003353 0003504 0003591 0018019 0021027 0086418 0205163 0205430 0439185 0449468 1265549 1510458 1690016 1705102 2700258 3160715 2827734 2981698 0022877
 0439962 1439852
 0007703 0439267 0702093 1550101 0003241 0021027 0205225 0439631 1273517 0681814
 0487602 1441616 1704680 0868928 1533148 0022885 0039593 0392366 0085201 0003242 0003592 0432616 0003241 0003353 0003504 0003591 0018019 0021027 0086418 0884358 1265549 1510458 1705242
 0020985 0681814 0030705 0037993 0185115 0771377 1278932 3541890 0281479 0268381 2939462 0268380 0002726 0449341 0025663 0449851 0871511 1419788 3274822 3274823
 0011560 1705760 0333562 2316368 0040300 0205155 0521093 0750484 1293097 1522472 1547928 1552923 1705191 0009742 0009738 0332575 1260956 0487602 1441616 1704680
 0520510 0126577 0041942 0369637 0441923 1549535 0258024 0006353 0205430 0370003 2347026 3160715 0332256 2700400 0025402 1719918 3272372 3538743 0018837 0702093
 0370003 2347026 0017243 0439182 0812409 1382104 1708715 0220806 0040371 0022341 0600209 0596607 0013855 0017243 1382104
 0221738 0443286 1114821 0349375 0026131 0028778 0332206 0349374 0444318 2825079 2983591 0025255 0596901 1706182 1883708 0085201 0003242 0003255 0003241 0003353 0003504 0003591 0018019 0021027 0086418 1265549 1439852 1510458 1510827 1998793 2827734 2981698 0022877 2348236 0005903 0039476 1547703
 0025255 1883708 0018019 0021027 0027021 0031179 0034493 0202081 0522529 1265549 1318719 1439852 1510458 2827734 2981698 2348236 0005903 0039476 1547703 0077415 0205238 0234621 1260957
 1883676 0243148 0439178 1446409 1514241 1550141 1882979 2587213 2825490 3274648 0005495 0220781 0014282 0600209 0596607
 0884358 1883351 0521093 0750484 1456348 0370003 2347026 0332256 2700400 1456454 0033684
 1883351 0442805 0237529 1704725 1704726 0332128 2004054 0003241 0021027 0003591 2828360 0368670 1456454 0033684 0020985 1555265 0002723 1514468 0002721 1456795 0443856 0607063 0002723 0002716 0011560 0229671 0449432 0611285 1546774 1550100 1705248 0022877 0884358
 0002778 0936012 1441616 1524024 0025914 1521751 0887838 1420709 0085201 1412468 2698168 0252873 0022877 0869011 3244292 0475311
 0681814 1706386 0002726 0002723 0025914 0025929 0026809 0205263 0025663 0449851 0871511
 0233535 0392747 1554963
 0439962 0439526 0016712 0026912 1720154 0025914 0025929 0026809 0205449
 0021499 0021485 0443315 1272883 1533685 1828121
 0439962 0439526 1521801 1442457 0439230
 0025914 0025929 0026809 0002903 0002930 0014994 0014996 0162388 0439230 1161324 3495432 0021485 1272883 1533685 1828121
 0037993 0205409 1548221 1550067 1561470 0231441 0443218 0949307 2827483 0085185 0030415 1707903
 0681814 1706386 0002726 0002723 0025914 0025929 0026809 0205263 0051781 0002716 0011560 0611285 1521761 2827422 2349975 0220825 1517886 2363430 0205390 1300072 1306673
 0051781 0002716 0011560 0611285 1521761 2827422 2349975 0025925 0025914 0025929 0026809 1521827 0025663 0449851 0871511
 0233535 0392747 1554963 1552738
 0025936 0003069 0025914 0025929 0026809 0439526 1521801 0439526 1521801
 0205448 0002903 0002930 0014994 0014996 0162388 1161324 3495432 0001554 1533734 0051781 0002716 0011560 0611285 1521761 2827422 2349975
 0037993 0205409 1548221 1550067 1561470 0231441 0443218 0949307 2827483 0085185 0030415 1707903
 0681814 0205155 1293097 1522472 1552923 1705191 0369637 0441923 1280412 1519524 0085185 0000925 0030415 0040300 1707903 1883724 0009742 0009738 0332575 1260956 2986582 0332128 0439858 0026025 0430389 0599025 0023693 0026018 1306462 1881376
 0031809 0203939 0021067 0025663 0439852 0449851 0871511 0884358 0440744 0040300 0086418 1552738
 0432616 0002723 0002716 0011560 0611285 2827734 2981698 0085201 0003353 0003504 0003591 0018019 0086418 1265549 1510458 1510827 1998793 0022877 0003241 0021027 0185125 0205225 0439631 0456693 1442458 0702093 2348236 0005903 0039476 1547703
 0021027 1621846 2827734 2981698 0021027 1621846 2827734 2981698 0003241 0021027 0027627 0175668 0185125 0205436 0456693 1442458 0702093 2348236 0005903 0039476 1547703
 0086418 0020960 1547282 0010357 0872139 1880190 0205332 0252873
 0312586 0003242 0003241 0021027 1518422 0085201 0003353 0003504 0003591 0026809 0591833
 0681814 0206243 0699809 0162791 0220845 0243148 0282423 0439787 0849355 1550141 1882979 2587213 3274648 0205664 0003062 0681814 0036375 0013227 0025118
 1274040 1546471 2825142 0520510 0023866 0034036 0205462 2607943 2926606 3539655 1514241 0150312 0449450 0868928 1533148
 2936349 0333562 0027061 0150312 0449450 2328510 0014124 1550632 0031050 1278933
 0597879 1441672 0868928 1533148 0868928 1533148 0450367 0868928 1533148 1519042 0740116 2827735 2981700 0868928 1533148 0439086 2827736 2981702 0868928 1533148
 0439083 0439087 0868928 1533148 0332307 0268380 0268381 0281479 0002726 0439178 1446409 1514241 2825490
 0868928 1533148 0017446 0205146 0522510 0439828
 0868928 1533148 1547282 0597879 1547282 0597879
 0597879 0028778 0332206 2983591 0205197
 0597879 0456984 0587081 1274040 1546471 2825142 0003242 0003241 0021027 2348205 0022877
 0449911 0333052 2607870 0557702 1272706 1704674 0557702 1272706 1704674 0868928 1706255 1706256 1412573 2350443 3539770 0002726 0002726 3539617 0002726
 2936349 0333562 0150312 0449450 0002716 0011560 0611285 0439267 2328510
 0597879 0032923 1421224 0150312 0449450 0597277 1708601
 0597879 0150312 0449450 2936349 0333562 1547546 0021966 0221138 0439394 1706495 3642217
 0020985 0026691 0175723 0332232 0439645 1521913 1705240 1839259 0949466 0242821 0085201 0003353 0003504 0003591 0086418 1998793 0003241 0021027 0175723 1518422 0085201 0003353 0003504 0003591 0086418 1998793
 0003242 0003241 0021027 1518422 0003595 0523511 1412481 1420017 1456795 2699241 2700633 0002723 0002716 0011560 0229671 0611285 1546774 1550100 1511726 3245479 1518422 1547282
 0449911 0333052 2607870 0557702 1272706 1704674 0557702 1272706 1704674 0020985 0003242 0003241 0021027
 1708639 0085201 0003353 0003504 1708639
 0003242 0003241 0021027 0026691 0175723 0332232 0439645 1521913 1705240 1839259 0085201 0003353 0003504
 0205462 2607943 2926606 3539655 0021485 1533685 1828121 0016712 2936349 0333562 0025936 0085201 0003069 0003353 0003504 0003591 0017446 0025914 0025929 0026809 0037993 0205146 0771377 1278932 1441672 1519474 0332128
 0025936 0003069 0025914 0025929 0026809 0002716 0011560 0611285 0017446 0037993 0205146 0333562 0771377 1278932 2936349 0333562 0547044 0700321 0025914 0025929 0026809 0332293 0016712 1522326
 2936349 0333562 0002723 0003242 0432616 0002716 0003241 0011560 0021027 0025914 0025929 0026809 0611285 0450366 0487602 1704680 0003242 1518422 0002716 0011560 0442726 0611285 1511790 0025936 0085201 0003069 0003353 0003504 0003591 0025914 0025929 0026809 0333562 0001554 1533734 0051781 0002716 0011560 0611285 1521761 2827422 2349975 0487602 1704680 0150312 0449450 0450365 1706097
 1979874 0597879 0150312 0449450 2328510 0021485 1272883 1533685 1828121 0016712 0450363 2986797
 0487602 1704680 0205271 0004093 1762617 0003242 0003241 0021027 0432616
 0449911 0333052 2607870 0557702 1272706 1704674 0557702 1272706 1704674 0597879 0150312 0449450 0017446 0037993 0205146 0333562 0771377 1278932 0021485 1272883 1533685 1828121 0051781 0002716 0011560 0611285 1521761 2827422 2349975 0487602 1704680 1518422 0017446 0150312 0205146 0445247 0449450
 0487602 1704680 0205379 0021485 1272883 1533685 1828121 0016712
 0487602 1704680 0150312 0449450
 0520510 0023866 0034036 0150312 0449450 0557651 2603343 1441672 0002716 0011560 0611285 0268380 0268381 0281479 0002726 0086418 0205373 0333562 0440102 0332307
 0002726
 0085201 1412468 2698168 0205309 1883351 0348078 0376315 1522492 1449651 0225328 1456454 0002716 0011560 0033684 0611285 0002395 1521724 0012634
 0684224 0700287 3273238 0002716 0011560 0611285 0268380 0268381 0281479 0002726 0086418 0205373 0333562 0440102 0332307
 0750591 0085201 0003353 0003504 1518422 2003902 1440087 0449432 1705248 0002716 0011560 0611285 0268380 0268381 0281479 0002726 0205373 0333562 0439178 1446409 1514241 2825490
 0036825 0033684 0229671 1546774 1550100 2936349 0002716 0011560 0184047 0333562 0611285 1998882 0002778 0442726 0936012 1441616 1511790 1524024
 0332149 1705910 2362652 0085201 0003353 0003504 0205171 1720467 2936349 0002716 0011560 0184047 0333562 0611285 0205447 0036825 0033684 0229671 1546774 1550100
 0150312 0085201 0003353 0003504 0150312 0449450 1705535 0085201 0003353 0003504 1518422 2936349 0002716 0011560 0184047 0333562 0611285 0449432 1705248
 1314939 0002726 1302584 0011008 0684224 0700287 2348077 3496591
 0002723 0002716 0011560 0229671 0611285 1546774 1550100 0085151 3538722 0033665 1709634 0086418 0025914 0025929 0026809
 0003595 0523511 1412481 1518422 0002722 0002723 0038164 1456454 0002716 0011560 0033684 0205164 0205309 0225328 0611285 1948066 0729650
 0055966 1413514 2609437 2827446 0150312 0449450 0729650
 0085201 1412468 2698168 0332256 2700400 1709707 2348205 0332257 0055966 1413514 2609437 2827446 0003595 0523511 1412481
 0085201 0003353 0003504 0205088 0332255 1705314 1705315 1708096 0348078 0376315 1522492 1449651 0225328 0021135 1533691 2827718 1707271 0205088 0332255 1705314 1705315 1708096 0348078 0376315 1522492 1449651 0225328 0021135 1533691 2827718
 0085201 0003353 0003504 0003595 0523511 1412481 1145667 1167622 0002716 0011560 0611285 0033414 0021135 1533691 2827718 2347469
 2348205 0003595 0523511 1412481 1705535 0035820 1705810 0332307 0268380 0268381 0281479 0002726 2348205
 0003595 0523511 1412481 0021135 1533691 2827718 0002723 0002716 0011560 0030956 0205250 0314672 0441889 0449286 0542560 0611285 1299351 1561545 2348088 2700149 1274040 1546471 2825142 0003595 0523511 1412481 0348078 0376315 1522492 0002723 0002716 0011560 0611285 1704241
 2607943 2926606 3539655 1705535 0003595 0523511 1412481 0205171 1518422 1720467 0033414 1706803 0597304 1515655
 2607943 2926606 3539655 1518422 0085201 0003353 0003504 0003591 0684224 0700287 3496591 0033414 1706803 0597304 1515655

 0684224 0700287 3496591 0003595 0523511 1412481 0205225 0439631 0221014 3536715 0268397 0002726 0221912 1522447 0085201 0003353 0003504 1518422 0332281
 0025663 0449851 0871511 0003241 0021027 1273517
 0869040 0150312 0449450 0557651 1273517 2603343
 0037088 0243095 2825141 0205225 0439631 0221014 3536715 0268397 0002726 0221912 1522447
 0018563 1281583 1552914 0002726 0002723 0003595 0011155 0025914 0025929 0026809 0523511 1412481 1636779 0025914 0025929 0026809 1292856 1948023
 0557651 1441616 2603343 0002726 0002723 0025936 0003069 0025914 0025929 0026809 1518422 0597879 0002723 1517886 2363430 2936349 0002716 0002726 0011560 0026809 0205390 0333562 0591833 0611285 1279919 1300072 1306673 0001554 1533734 0051781 0002716 0011560 0611285 1521761 2827422 2349975
 0002778 0936012 1441616 1524024 0332307 0268380 0268381 0281479 0002726 0017446 0205146 0522510 0439828
 0332149 1705910 2362652 0085254 0185023 0728733 1522662 2698667 0015127 1524003 0487602 1704680 0085201 0003353 0003504 1518422 1704711 2936349 0002716 0011560 0333562 0611285
 2607943 2926606 3539655 1705535 0085201 0003353 0003504 1518422 0205224
 0035820 1705810 1706803 0332307 0268380 0268381 0281479 0002726
 0947630 1142652 1456454 0033684 0027552 0686904
 0002716 0011560 0332272 0611285 0368670 1456454 0002716 0011560 0033684 0162340 0332281 0611285 0243107 0678723 0679199 1527148 1880177 0039798 0087111 1522326 1533734 1705169 3538994 0002726
 2825232 0034036 0034037 1514756 1704324
 1272684 1548435 0023866 0034036 0520510 0023866 0034036 0205090 0684010 2603358 1515101 2986905 1880022
 0022877 0025141 0035493 2699077 2699078 0002723 0038164 0036825 1304893 0229671 1546774 1550100 0003601
 0041703 0268596 1418943 2700624 3642273 0000857 0600678 1552863 0369637 0441923 0597277 1708601 0206246 0002726 0439660 1274040 1546471 2825142 1445865 0017337 0085202
 0887950 0025141 0031831 1707664 2348314 3540849 0039138 1706466
 0205054 0268380 0268381 0281479 0002726 1956002 1512796 1511760 2985439 0021107 0026882 0205314 0441587 1442161 1705285 1880274 1883719 0015127 1524003 1445865 0017337 0085201
 1315013 0439073 0439082 0016327 0439133 1553038 0369637 0441923 0332255 0486805 0002716 0439394 1706495 3642217
 0002395 1521724 0012634
 0201682 1412122 0010622 0332298 0557651 2603343 0002716 0011560 0611285 0021966 0221138
 1704648 0025141 0031831 1707664 2348314 3540849 0020268 1413512 0039676 2349943 3539704 0004922 0011198 0017480 2983605 3541240 0002723 0002716 0011560 0229671 0611285 1546774 1550100 0023814 0023821 0023820 0086418 0178587 0205250 0332256 1299351 2700149 2700400
 0178587 0456389 0486616 1555710
 0201682 1158917 0025519 0025520 0023821
 0023779 2347379 0025141 0205090 0684010 2603358 0003595 0003591 0002716 0003591 0011560 0611285 0206745 0025914 0025929 0026809 0002726 1456454
 1315013 1517844 0025141 0204727 0205409 0220862 1880022 0002723 0002716 0011560 0229671 0611285 1546774 1550100 0023821 0023820 0178587 0205250 1299351 2700149
 0041703 0268596 1418943 2700624 3642273 0000857 0600678 1552863 0205090 0684010 2603358 0439254 0062941 1384665 1414862 0002716 0003591 0011560 0611285 0002726
 0025141 0597277 1708601 0369637 0441923 0016327 0439133 1553038 0002716 0003591 0011560 0205314 0611285 0679622 0205419 0332281 0018787 1522601 0268397 0002726 0221912 1522447
 2347379 0025141 0205090 0684010 2603358 0230613 0185117 0002716 0011560 0611285 2931257 0002395 1521724 1425075 0012634 2827734 2981698
 0025141 1527178 1874451 0003591 0282443 1552617
 0450355 0025141 0597277 1708601 0597277 1708601 0002716 0011560 0611285 0597277 1708601 0002716 0011560 0611285
 0243114 1998793 1880022 0229671 1546774 1550100
 1412468 0052209 0003591
 0201682 0033727 0369286 0441932 0564385 0369637 0441923 0597277 1708601
 0002726 1456454 0003595 0003591 0011155 0025914 0025929 0026809 0205263 1636779
 0000857 0600678 1552863 0369637 0441923 0033727 0369286 0441932 0564385
 0312586 0003241 0021038 0021008 1302674 1302678 0017446 0021027 0023693 0205147 0337112 1306462 1524075 1547014 1621846 1881376 1948059 1511790 0021038 1302674 0002726 0021027 0023693 0337112 1306462 1524075 1621846 1881376
 0063789 3272375 0025141 0551718 0030664 0557651 1521733 2603343 0204727 0205409 0220862 0597301 0243114 1998793 0205474 0002778 0936012 1524024
 0597277 1708601 1550147 2709094 3539075 3539076 0016576 0885348 2349975 0002716
 0022877 0025141 3539617 0597277 1708601 0002716 0003591 0011560 0611285 0333463 2936349 0002716 0011560 0611285
 0025141 3539617 0002716 0003591 0011560 0611285 0002716 0011560 0611285
 0002716 0003591 0004083 0011560 0032105 0439849 0441889 0596306 0611285 0699792 1550098 0021966 0221138 0008377
 1315013 0025141 0369637 0441923 0369637 0441923 0002716 0011560 0611285 1880022 0043047 0599638 1550678 1521827
 1315013 1552154 3538806 0018370 0002716 0011560 0611285
 0872257 0025663 0449851 0871511 0025914 0025929 0026809
 0002111 0020517 0063789 0230467 0489531 0741204 1314973 1517844 1858559 3272375 3539909 0025141 1538326 3541325 0008902 0008903 0678229 0237607 0333562 3245512
 0243140 0677043 0025141 0022558 0006797 0002716 0003591 0011560 0611285 0002716 0011560 0611285
 0000857 0600678 1552863 0036154 2951520 0185117 0021966 0221138 0002716 0003591 0011560 0026809 0032105 0392756 0441889 0591833 0611285 1274040 1546471 1550098 2825142 0021966 0221138 0233426 0700364
 0041703 0268596 1418943 2700624 3642273 1538326 3541325 0011900 1704338 1704656 0008902 0008903 0678229
 0007320 0085973 0684224 0700287 3273238 0205549 2348044
 0230467 0741204 0025141 1428813 0596019
 1456454 0002716 0011560 0033684 0225328 0600281 0611285 1524067 1948066
 0002716 0011560 0611285 0025141 0439267 0006797 0597277 1708601 0333463 2936349 0002716 0011560 0611285
 0000857 0600678 1552863 0003595 0003591 0038164 0033684 0002716 0011560 0611285
 0025141 0002723 0002716 0011560 0611285 0022558 0233577 0035820 1705810 1706803
 0000857 0600678 1552863 0369637 0441923 0002716 0011560 0611285 0002395 1521724 0012634 0002726 0003595
 0777169 0025141 1527021 1554111 1705606 3541382 0239110 1706852 0239110 1705565 1947976 0687676 1704687 1138432 0239110 0162443 0205314 0033213 1706387 1706852 0369718 0441922 1553036
 1706852
 1706852 0369718 0441922 1553036
 1706852