 3642141 0002085 0455624 0175860 1880008 0019664 0019665 0205296 0262512 0262926 1705255 2004062 2827734 2981698
 0033727 0369286 0441932 0564385
 2827734 2981698
 0439084 0728893 0439267
 1253959 1881507 2700383 2826234 0009240 1955974 0001811 0021622 1272753 3245503 0027468 0018684 0021622 3245503 0004716 0024858
 1027515 0022277
 0557806 0004716 0024858 1515023 0000857 0025663 0025664 0205088 0348078 0376315 0449851 0557061 0600678 1272684 1522492 1546485 1548435 1552863 1704458 2584313 1514811 1706462 1947946 3540473 1883351 1707455 0025320 0392747 0443172 0005823 1271104 1272641 0005767 0005768 0033095 0229664 0460139 1306345 0005893 1305855 0518010 0242821 0460148 0577559 0918012 1268086 1306372 1552854 1637833 3152252 0439175 0439810 0023822 0023821 1522133 0065055 0008377 0023820 0178587 0205250 1299351 2700149 0041004 0005802 0005767 0005768 0017725 0229664 0025266 3642141 0052201 0002085 0003591 1515981
 0025266 0001779 1514721 2348147 3542016 0439234 0557651 2603343
 0199659 0242485 0589120 1522577 1704685 3274571 0040223 0332283 0549183 0876920 0884358 1719822 2347635 2348144 2939193 3541383 0025266
 0392747 0443172 0023732 0205132 0205430 0936012 1280500 3160715 3161035
 0033105 0220900
 0052201 2984964 0332281 0392747 0443172 0521110 0040223 3541383 0202042 0455280 0015663 0017725 0032105 1550098 1550565 0442739 1548568 0392747 0443172 1705241 2981279 0439234
 1301751 1280500 2348382 0392747 0443172 0439175 0439810 0023822 0023821 1522133 0065055 0008377 0023820 0178587 0205250 1299351 2700149 0041004 1272641 1441672
 1707478 0202042 0455280 0015663 0017725 0032105 1550098 1550565 0392747 0443172
 0449719 1709471 0007226 0035647 0332281 0017431 0052201 2984964 0052201 0003591 0025266 1441672
 0017398 0017399
 0681876 0032659 0947630 1257890
 0023981 0205127 0947630
 0035648 1553898 0035647 1521761 2827422
 0032529 1882417 0750572 1883351 0205419 0023823 0023820 0178587 0205251 1299352 1550472 0086045
 0003595 0523511 1412481 0032214 0600138 0035820 1705810 0449297 1382187 2825073 1510827 0034821 1149327 0003595 0523511 0597298 1412481 1548673
 0052201 2984964 0034821 2349975 0243144 0347980 0428474 0549399 0595929 0023824 0036816 0202117 0332281 0587184 0683149 3276464 0008377 0086045 0205217 0229671 0442805 1546774 1550100

 0684224 0700287 3496591 0017270 0376249 0439603 0871396 1561548 1705502 0032659 0205217 0442805 1257890 0332167 3272283 0035647 0205250 1299351 2700149 0010054 0010068 0018799 0012634 0018787 0333482 1281570 0441994 1548802 2003888 0012634 0033105 0220900
 0007328 0085973 0872128 0243148 0868928 0947630 1550141 1706255 1706256 1882979 2587213 3274648 0023981 0205127 0947630 1517892 1704666 0392148 0205212 0376249 0439603 0871396 1561548 1705502 0010054 0010068 0018799 0012634 0018787 1281570
 1709701 0043237 0017270 0376249 0439603 0871396 1561548 1705502 0681842 1882327 0205419 0439509 0026565 0026566 0018787 0441471 3541888 0376209 0456081 0683269 0201950 0428466 0008377 0441889
 0332185 0150312 0392148 2698872 1708335 0042960 0023981 0001811 0004716 0205127 0557651 1517320 2603343
 0004083 0439849 0596306 0699792 0700364 1883351 0201950 0332291 0428466 0858034 0008377 0032105 0085862 0441889 1299583 1550098 2987476 0035648 1553898 0035647 1521761 2827422 0332257 0017725 1518422 0003595 0441833 0523511 0687744 1257890 1412481 1552516 1552839 1705428 1705429
 0035647 0205217 0442805 0007222 0007226 0012634 0332281 0052201 2984964 1518422 1522133 0201950 0428466 0008377 0086597 0127400 0441889 0205250 0052201 2984964 0001721 0599879 0683519 0175860 0019664 0019665 0205296 0262512 0262926 1705255 2004062 0392747 0850624 0035648 1553898 1521761 2827422
 1947946 3540473 1883351 1292732 1704675 0025320 0392747 0443172 0005823 1271104 1272641 0005767 0005768 0033095 0229664 0460139 1306345 0005893 1305855 0518010 0242821 0460148 0577559 0918012 1268086 1306372 1552854 1637833 3152252 0439175 0439810 0023822 0023821 1522133 0065055 0008377 0023820 0178587 0205250 1299351 2700149 0041004 0005802 0005767 0005768 0017725 0229664
 0557061 2584313 1514811 1706462 0681850 1550501 1706203 2349001 2697811
 0017431 0023981 0001811 0004716 0024554 0086582 0205127 0370003 0444706 0557651 0679646 1706180 1706428 1706429 2347026 2603343 3541902 0681850 2348149 2349001
 0023981 0205127 0557651 2603343 0033522 1709709 0023981 0557651 2603343 0043210 1955974 0001811 0021622 1272753 3245503
 0681850 2349001 0679646 0442519 0027362 2348001 1520061 0441833 0687744 1257890 1552516 1705428 1705429 3641827 1883351 0332156 0683939 0017469 0035168 0205099 0205767 0242481 0004716 0332232 0439234 0031809
 0681850 1550501 1706203 2349001 2697811 0521116 1261322 1552578 1705970 1707391 0332296 1880497 1996904 2349977 0023981 0001811 0004716 0205127 0205265 0545082 0557651 1279901 1512346 1555582 1705685 1720176 1720294 2603343 2826704
 0010054 0010068 1956346 0205042 0852949 1269008 0003842 0012634 0018787 0226004 0455530 0002962 0019664 0019665 0262512 0262926 1704788 1705255 2004062 3539106 1301725 1609436 0027051 0428953 2926063 0021308 0027061 1522564 0429089 1305738 0678544 0009219 0026183 0805701 2827734 2981698 2827734 2981698 0740116 2827735 2981700
 0023981 0001811 0004716 0024554 0042960 0086582 0205127 0332285 0557651 1706180 1706428 1706429 2603343 0017431 0470187 0042295 1551393 1554077 1705492 2828389 3272743 0850624 0035648 1553898 1521761 2827422 0369718 0441922 1553036 0011847 0011849 0369718 0441922 1553036 1524063 0240320 0042153 0457083 1947944 0369718 0441922 1553036 0013227 0802604 2598133 0369718 0441922 1553036 0545082 1512346 2826704 0369718 0441922 1553036
 0017431 0032520 0012892 0683230 0012854 0023516 0337112 0443286 1114821 1335439 1517480 1521871 1524075 1705759 0332283 0012238 2349986 1880022 1552738
 0681850 1550501 1706203 2349001 2697811 0002085 0205447 0052201 1704788 2984964 3539106 0681850 1550501 1706203 2349001 2697811
 0850624 0035648 1553898 1521761 2827422
 0005824 0680730 0332170 0884358 2698559 0681850 1550501 1706203 2349001 2697811 0733755 0332282 0439531 1948053
 0005823 1271104 1272641 0005767 0005768 0033095 0229664 0460139 1306345 0206655 0444706 0446516 1269078 1269612 2681631 3541902 0183432 0183427 1524063 0441107 1550244 1706501
 0005823 1271104 1272641 0005767 0005768 0033095 0042295 0229664 0460139 1306345 0869040 0557651 1273517 2603343 1510992 2825518 0242485 0230347 1268256
 0042295 0428883 1305849 0005823 1271104 1272641 0005767 0005768 0012000 0033095 0229664 0460139 1306345 0021966 0221138 0585064 1067936 1704788 3539106
 0949236 0033095 0232117 0391850 0460139 1306345 1947910 2704328 0428883 0488055 0871470 1305849 1306620 0005823 1271104 1272641 0005767 0005768 0012000 0033095 0039155 0229664 0460139 1306345 1441526 1880157
 0428886 0488053 0445074 0005823 1271104 1272641 0005767 0005768 0033095 0229664 0444504 0460139 1306345 2347634 2348143 0428883 1305849 0005823 1271104 1272641 0005767 0005768 0012000 0033095 0229664 0460139 1306345 1441526 1880157
 0005893 1305855 0518010 0242821 0460148 0577559 0918012 1268086 1306372 1552854 1637833 3152252 0005910 1305866 0043100 0242821 0460148 1268086 1705104 0489786 0205120 1552595 0457242
 0439175 0439810 0008377 0041004 0202042 0455280 0017725 0032105 1550098 0178913 0005767 0005768 0015663 0229664 0370003 1550565 2347026 1275965 1276271 0042449 1278960 1549091 0013113
 0683150 0086045 0201950 0543421 0008377 0439175 0439810 0025663 0449851 0871511 0179038 1706246 0022877 1619828
 0086045 1446561 0079224 0024480 0024467 0032931 0032932 0038720 0086140 0184661 0475337 1642401 1948041 2348270 2584299 2700391 3274430 3536965 3538935 3539779
 0427743 1287281 0086045 1446561 0017735 0017725 0025663 0242417 0449851 0871511 0348000
 0086045 0489829 0750572 1705501
 0850624 0035648 1553898 1521761 2827422 0444706 0545082 1512346 2826704 3541902
 0199659 0242485 0470187 0681832 0869040 1524063 0150312 0449450 0557651 1273517 1285529 2603343
 0871424 0002778 0936012 1524024
 0002778 0936012 1524024 0037585 0038215 0605290 0884358 1426104 1823519 0333052 2607870
 0439828 1704970 0439828
 1710574 0022885 0039593 0392366 1273517 1707455 0441833 0687744 1257890 1552516 1552839 1705428 1705429 0545082 1512346 2826704 0439828 0022885 0039593 0392366 1707455 0439828
 0014653 1547026 0683443 0392366
 1280500 0439086 2827736 2981702 3161035 1273517 1883351 1280500 0392747 0443172 0850624 0035648 1553898 1521761 2827422
 3161035 0302523 0700325 3244290 0336791 2827396 0681873 0023981 0001811 0004716 0150312 0205127 0332285 0557651 1511726 2603343 3245479
 3161035 0557351 1883351 0025320 0392747 0443172
 0205430 1280500 3160715 3161035 0205127 0392747 0443172 0750572 0850624 0035648 1553898 1521761 2827422 0589120 1522577 1704685 3274571 0040223 0332283 1719822 3541383 1882932 0040223 3541383 1704675
 0699810 1705241 1705242 1515273 1705313 1882932 2826302 1314939 0001779 1704675
 0439828 0332257 3161035 3538986 0040223 3541383 0052201 2984964 0005893 1305855 0518010 0242821 0460148 0577559 0918012 1268086 1306372 1552854 1637833 3152252 1704675 1515273 1705313 2826302 0040223 3541383 0040223 3541383 0040223 3541383
 0439828 0205430 1280500 3160715 3161035 1441506 1707429 1882932 1880177 0392747 0443172 0850624 0035648 1521761 2827422 0439828 0851827 1701901 3244310
 1704675 0040223 3541383 1705241 1705242 0441833 0687744 1257890 1552516 1552839 1705428 1705429
 1515273 1704675 1705313 2826302 0040223 3541383 0052201 2984964 0025320 0392747 0443172 0040223 3541383 0052201 0449438 2984964 0392747 0443172 0001779 0680240 0545082 1512346 2826704
 1883351 1280500 2348382 3161035 1292748 1512693 1704675 1515273 1705313 2826302 1314939 0040223 3541383 0439828 0205099 0439234
 1515273 1705313 2826302 0332257 3161035 3538986 0598981 3146232 0040223 3541383
 0034656 0439605 1280500 0683607 0679646 2698741 0439659 1522609 0032659 1257890 1510992 2825518 0598981 3146232 0032659 0205127 1257890 1510992 2825518 0205132 0040223 3541383 1515273 1705313 2826302
 0034656 0439605 1280500 3242379 1883351 1704640 1706515 0743559 3242379 1883351 0085862 1299583
 0237753 0449788 0185125 1883351 1516048 0205430 1280500 3160715 3161035 1999230 0036572 0424576 2349186
 0042295 3161035 2827421 2827421 1883351 1283174 0010100 1707520 1707520 0042295 1441526 1880157
 1883351 0022885 0039593 0392366 0680194 0042295 0850624 0035648 1553898 1521761 2827422 0681850 1550501 1706203 2349001 2697811 0205448 0332849 0441833 0687744 1257890 1552516 1552839 1705428 1705429 1320303 0011008 0205435 0545082 1279901 1512346 1527178 1705938 2348077 2826704 1280500 0052201 2984964 1704675 0814908 0002778 0936012 1524024 1707455
 0557061 2584313 1514811 1706462 0033105 0220900 0681850 1550501 1706203 2349001 2697811
 0681850 1550501 1706203 2349001 2697811 0205431 1527178 1874451
 0033105 0220900
 0439603 0014653 1547026
 0023981 0001811 0004716 0205127 0205435 0545082 0557651 1279901 1512346 1516077 2603343 2826704 0025266 0052201 1515981 2984964 0001779 2348205 0428883 1305849 0005823 1271104 1272641 0005767 0005768 0012000 0033095 0229664 0460139 1306345 0005893 1305855 0518010 0242821 0460148 0577559 0918012 1268086 1306372 1552854 1637833 3152252 0041004 0439175 0439810 0023822 0023821 1522133 0065055 0008377 0023820 0178587 0205250 1299351 2700149 0039224 1706073 1706074
 0025266 0042295 0023824 0202117 0008377 0052201 2984964 1705241 1705242 1518422 0449864
 0025266 1547282 1510992 2825518 0202042 0455280 0860803 0015663 0017725 0032105 1550098 1550565 0052201 2984964 0369773 2603361
 0449911 0039224 1706073 1706074 0557702 1272706 1704674 0557702 1272706 1704674 0039224 1706073 1706074
 0032661 1568011 1521970 0168634 1442488 0589120 1522577 1704685 3274571 0040223 0332283 1719822 3541383
 0237753 0444504 0449788 2347634 2348143 0681850 1550501 1706203 2349001 2697811 0549183 0876920 2347635 2348144 2939193
 0681850 1550501 1706203 2349001 2697811 0442758 0439086 2827736 2981702 0242485
 0004083 0439849 0596306 0699792 0392747 0443172 0850624 0035648 1553898 1521761 2827422
 2985627 0018017 1571702 1883351 0220825 1705241 1705242 0392747 0443172 0850624 0035648 1553898 1521761 2827422 0441833 0687744 1257890 1552516 1552839 1705428 1705429
 0023733 2346679 0023732 0205132 0205430 0684320 0684321 0884358 1280500 3160715 3161035
 1709366 0552449 2827421 1524063 1707429
 3161035 0850624 0035648 0007226 0035647 1521761 2827422 2827421 1707429 3161035 0039224 1706073 1706074 0745732 3272378
 0042295 1518422 1547282 1518422 1705535 1546466 0036572 0424576 2349186 0015272 0442805 1522609
 1518422 1883351 0205410 0449286 1704240 2987476 1883351 0231242 0002778 0936012 1524024
 1518422 1547282 0700364 1883351 0231241 1705535 0678594 0205430 0557351 1280500 3160715 3161035 0870071 0010100 1707520
 1274040 1546471 2825142 0349966 1337208
 2827734 2981698 0025320 0392747 0443172 0349966 1337208 1836672 0001779 0205449 0439659 1547282 0052201 0449438 0680240 1515981 2984964
 0449911 0039224 1706073 1706074 0557702 1272706 1704674 0557702 1272706 1704674 0039224 1706073 1706074
 2698872 0850624 0035648 1553898 1521761 2827422 0023732 0023733 2346679 0205132 0205430 0684320 0684321 0750572 1280500 3160715 3161035 0449911 0333052 2607870 0557702 1272706 1704674 0557702 1272706 1704674 0349966 1337208
 2827734 2981698
 0444504 2347634 2348143 0850624 0035648 1553898 0007226 0035647 0392747 0443172 0443324 1548559 1705241 1521761 2827422 0040223 3541383 0001779 0545082 1512346 2826704 0439234
 0205134 0205088 0205430 1280500 1441547 1546485 3160715 3161035 3245521 0039224 1706073 1706074 1547282
 0042295 0052201 2984964 0545082 1512346 2826704 0680399 0441833 0687744 1257890 1273517 1514811 1552516 1705428 1705429 1706462 1516050 1552601 0449438
 0052201 2984964 0392747 0443172
 0201950 0428466 0543421 0008377 0439175 0439810 0441889 0040223 0205216 0392756 0442797 3541383 0231254 0005893 1305855 0518010 0205217 0242821 0442805 0460148 0577559 0918012 1268086 1306372 1552854 1637833 3152252 0450344 1553633 0039224 1706073 1706074
 1274040 1546471 2825142 0023824 0202117 0008377 1316572 1317574 1369612 0450345 0039224 1518422 1706073 1706074
 0392885 1522133 0201950 0428466 0441889 0023822 0005893 1305855 0518010 0242821 0460148 0577559 0918012 1268086 1306372 1552854 1637833 3152252 0039224 1706073 1706074 1518422 1547282 1521798
 0428475 0041004 0441889 0005893 1305855 0518010 0242821 0460148 0577559 0918012 1268086 1306372 1552854 1637833 1947931 3152252 0205216 0392756 0442797 0040223 3541383 1416886 1442449 0039224 1706073 1706074
 0052201 2984964 1552551 1704675 3272371 1515273 1705313 2826302 1314939 0052201 2984964 0332281 0023779 0205450 0439828
 0052201 2984964 1268766 0563547 0392747 0443172
 0052201 2984964 1552551 1704675 3272371 1515273 1705313 2826302 1314939 0052201 2984964 0005823 0332281 1271104 1272641 0005767 0005768 0033095 0205449 0229664 0439828 0460139 1306345
 0488055 0871470 1306620 0005823 1271104 1272641 0005767 0005768 0033095 0039155 0229664 0460139 1306345 0205250 1299351 2700149 0040223 0205217 0442805 3541383 1521798 0205172 0580836 0001779
 0277884 0488055 0871470 1306620 0020538 2926615 0005823 1271104 1272641 0005767 0005768 0033095 0039155 0229664 0460139 1306345 0005893 1305855 0332281 0518010 0242821 0460148 0577559 0918012 1268086 1306372 1552854 1637833 3152252 0005890 0487985 0205250 0349966 1337208 0016327 0439133 1553038 0039224 1706073 1706074
 0428883 1305849 0005823 1271104 1272641 0005767 0005768 0012000 0033095 0229664 0460139 1306345 0231254 0005893 1305855 0518010 0205217 0242821 0442805 0460148 0577559 0918012 1268086 1306372 1552854 1637833 3152252 0039224 1706073 1706074 1521798 0040223 0442805 3541383
 0052201 2984964 0392747 0443172
 1521761 2827422 0202042 0455280 0015663 0017725 0032105 1550098 1550565 0039224 1706073 1706074 1547282
 0740116 2827735 2981700
 0202042 0455280 0015663 0017725 0032105 1550098 1550565 0205250 1299351 2700149 0005893 1305855 0518010 0242821 0460148 0577559 0918012 1268086 1306372 1552854 1637833 3152252 0040223 0205217 0442805 3541383
 0392148 0202042 0332281 0455280 0860803 0017725 0032105 1550098 0205250 2349977 0023981 0001811 0004716 0205127 0205435 0545082 0557651 1279901 1512346 1720176 1720294 2603343 2826704 0369773 2603361 0039224 1706073 1706074
 1515273 1704675 1705313 2826302 0052201 2984964 1705241 1705242 0449438 0443228 0549177 1704243 1521975 0557651 2603343
 1515273 1704675 1705313 2826302 0052201 2984964 1705535 0025320 0392747 0443172 1705241 0040223 3541383 0443228 1704243 0052201 2984964
 1515273 1704675 1705313 2826302 0040223 3541383 1704970 0025320 0392747 0443172 1705241 0040223 3541383 0052201 0449438 2984964 1705241 1705242 0040223 0392747 0443172 1705241 3541383 0441833 0687744 1257890 1552516 1552839 1705428 1705429 0001779 0439659 0443228 1704243
 1280500 0700364 1883351 0001779 0040223 0851827 1701901 3244310 3541383
 0025320 0392747 0443172 0202042 0455280 0015663 0017725 0032105 1550098 1550565 0001779 0449438
 0449911 0333052 2607870 0557702 1272706 1704674 0557702 1272706 1704674 0349966 1337208
 0740116 2827735 2981700
 0392747 0443172 0205088 0205430 0750572 1280500 1546485 3160715 3161035 0039224 1706073 1706074 1547282 0202042 0455280 0015663 0017725 0032105 1550098 1550565 0040223 3541383 0001779 0545082 1512346 2826704 0439234
 0015663 0017725 1550565 0205250 1299351 2700149 0052201 2984964 0205309 0428548 0860803 0442805 0205430 1280500 3160715 3161035 0015663 0017725 1550565 0439828 2827421
 1517001 0015663 0017725 1550565 2698872 0015663 0017725 1550565 0040223 3541383
 1704675 0040223 3541383 1444656 0392148 0001721 0392747 0443172 0441889 0456079 1547707 2946261 0015663 0017725 1550565 0545082 1512346 2826704
 1707520 1511726 3245479
 1707520 0042295 0205430 1280500 1441547 3160715 3161035 3245521 0201950 0543421 0008377 0439175 0439810 0023822 0023821 1522133 0065055 0008377 0023820 0178587 0205250 1299351 2700149 0488055 0871470 1306620 0005823 1271104 1272641 0005767 0005768 0033095 0039155 0229664 0460139 1306345 0428568 1261430 0005802 0005767 0005768 0015663 0017725 0229664 1550565
 2348205 0052201 1515981 2984964
 1274040 1546471 2825142 0032863

 1883351 0332196 2828389 1705241 1705242 0850624 0035648 1553898 1521761 2827422 0678226 0680194 2987476 3146286 0242485 0040223 1709305 3541383 0599755 0205448 0332849 1079230 0011008 2348077 0545082 1512346 2826704
 1280500 2348382 0681685 0439175 0439810 1441672 0023824 0202117 0008377 0369773 2603361 0488055 0871470 1306620 0005823 1271104 1272641 0005767 0005768 0033095 0039155 0229664 0460139 1306345 1515981 0428883 1305849 0005823 1271104 1272641 0005767 0005768 0012000 0033095 0229664 0460139 1306345 0369773 2603361
 1705241 1705242 0369773 2603361 0202042 0455280 0015663 0017725 0032105 1441672 1550098 1550565
 0814908 0002778 0936012 1524024 0220825 1280500 0449438 1547282 1710371 1515273 1704675 1705313 2826302 0449438 1273937 0237881 0750502 1546944
 1705535 0681685 0040833 1521798 1518422 0052201 0521102 1280500 2984964 0449381 0032659 1257890
 1514811 1706462 0003062 0178693 0947630 0332120 0183683 1521721 1517892 1704666 0004153 0042789 1947903 0282443 1425988 1552617
 0003595 0523511 1412481 0205435 1279901 0035820 1705810 0035820 1705810 0020443 1522133 1517892 1704666 0439509
 0004083 0439849 0596306 0699792 0004153 0150312 1883351 0332291 0023820 0085862 0392747 0443172 1299583 2987476
 0024432 1546706 1550652 0332268 0003595 0523511 1412481 0150312 1883351 0004153 1880177 0332197 1689985 0392747 0443172 0023820 0450355
 0242606 0038435 0311404 0030011 1552738
 0349590 1262865 0003595 0523511 1412481 0086418 0035820 1705810 0439855 1704241 0003062
 0947630 1301725 1609436 1517892 1704666 1281905 0035647 0205217 0442805 0277564
 0557651 2603343 1547282 0035647 0205217 0442805 0681850 1550501 1706203 2349001 2697811 0052201 2984964 0201950 0332291 0428466 0008377 0043194 0085862 0258432 0441889 1299583 1421478
 1704675 0439855 1704241 0332291 0085862 1299583 1515981 0428460 0023779 0441889 1517001 1883351 0003595 0523511 1412481 1709305 2745955 0850624 0035648 1553898 1521761 2827422
 0150312 0449450 0557651 2603343 0205435 1279901 1280500 0392747 0443172 0850624 0035648 1553898 1521761 2827422 0001675
 0557351 0026348 3161035 0025663 0449851 0871511 0205341 0079809 0242485 1879489 1511726 3245479 0150098 1706233 0023981 0001811 0004716 0205127 0557651 2603343 1883067 0237753 0449788 0027361 0237401
 0237897 0808080 1705922 0242808 1511726 3245479 0678594 1551359 1707520 2741673 2981730 0242485 0445247 0681850 1550501 1706203 2349001 2697811 1881534
 0302523 0700325 1964257 3642141 0002085 1518422 0023824 0202117 0332281 0201950 0428466 1522133 0008377 0441889 0205250 0023981 0001811 0004716 0150312 0205127 0332285 0557651 0599755 2603343 0947630 0700287 0004083 0439849 0596306 0699792 0023824 0202117 1522133 0008377 0205307 0238767 0439166 1706086 2347086 0681850 1550501 1706203 2349001 2697811 0030705 1515981 0010054 0010068 1956346 0205042 0852949 1269008 0003842 0012634 0018787 0226004
 0947630 1518422 0243095 1705241 1705242 0681850 1550501 1706203 2349001 2697811 0052201 1515981 2984964 2827734 2981698
 0002778 0936012 1524024 0023981 0001811 0004716 0205127 0332285 0370003 0443228 0549177 0557651 1704243 2347026 2603343 1518422 0243095 1705241 1705242 0441833 0687744 1257890 1552516 1552839 1705428 1705429
 0552617 0302523 0700325 1964257 0052201 2984964 0332281 0860803 0015663 0017725 1550565 0205250 0040223 3541383 0205314 0679622
 0332185 0557651 2603343 0684224 0700287 3496591 0857690 0021641 0032105 1533581 1550098 1579433 0168634 1442488 0702093 0017725 0702093 0205250 1299351 2700149 0007294
 2607943 2926606 3539655 1441672 0681850 1550501 1706203 2349001 2697811 0002395 1521724 0012634 0439084 0728893
 1705241 1705242 1508496 0021655 2700570 0021641 0237834 1514892 1533581 1579433 0557651 0680063 1441672 2603343 3166866
 0683954 1274040 1546471 2825142 0010362 0552389 0002778 0205155 0936012 1524024 1527178 1705938 2828360 0302523 0700325 3244290 0332290 0052201 2984964 0021655 0524620 2700570 0021641 0039082 0237834 1514892 1521970 1533581 1579433 1706388 2346469 2348519 1554961 1705847 0428554 0005802 0428548 0025266
 0332196 2828389 0428548 0545082 1512346 2826704 1441672 0681850 1550501 1706203 2349001 2697811 0052201 2984964 1274040 1546471 2825142 0052201 2984964
 0870809 0376558 1711300 2700613 0036577 0242568 1504315 2348561 0032659 0557651 1257890 2603343
 0002778 0936012 1524024 0521093 0750484 1704675 0442805 0040223 3541383 0376209 0456081 0683269 0183683 0205435 1279901 1512571 1521721
 1273410 0332167 3272283 0035647 0205250 1299351 2700149 0681850 1550501 1706203 2349001 2697811 0052201 2984964 0449719 1709471 0277884 0488055 0871470 1306620 0020538 2926615 0005823 1271104 1272641 0005767 0005768 0033095 0039155 0229664 0439849 0445223 0460139 0750482 1306345 0023824 0202117 0008377
 1521798 0807955 0488055 0871470 1306620 0005823 1271104 1272641 0005767 0005768 0033095 0039155 0229664 0460139 1306345 0023824 0202117 0008377 2348205 3642141 0002085 0052201 1515981 2984964
 0002778 0936012 1524024 1314939 2347789 2348562 1079230 1515021 0150312 1273410 0035647 0205217 0442805 0681850 1550501 1706203 2349001 2697811 3642141 0002085 0332291 0043194 0085862 0258432 1299583 1421478 1704675 0002085 0441889
 0439775 0702240 0040223 3541383 0150312 0449450 0557651 1441672 2603343 0449719 1709471 1273410 0035647 0205217 0442805 0332281 3642141 0002085 0052201 2984964
 0557651 2603343 1547282 0004083 0439849 0596306 0699792 1320716 0007226 0441471 3541888
 0015663 0017725 1550565 0332281 0018787 0035647 0205216 0392756 0442797 0441471 3541888
 0205250 3163633 0015663 0017725 1550565 0442805 1273410 0035647 1402315 0221198 1960466 1960467 0009458 0162864 0162867 0741968 1254021 1256463 1280412 0011860 0441730 1706528 1320657 0011847 0011849 0033204 0205217 0332307 0442805 1515981 1547052 0740116 2827735 2981700
 0441712 1517892 1704666 0052201 2984964
 0947630 0002395 1521724 0012634 1705535 0052201 2984964 0443264 0678594 0002716 0011560 0611285
 0332185 0004268 0080103 0869014 0679006 1947967 0002716 0011560 0611285 0030274 1278931 0242656 0449258 1272092 0015663 0017725 0221099 0684336 1550565 0011849 0011847 1515981
 0011560 1705760 0333562 1882932 0441712 1706376 1517892 1704666 0052201 2984964 0202042 0455280 0015663 0017725 0032105 1550098 1550565 0040223 3541383 0005615 1550722 3245487 0040223 1515981 3541383 0016441 0589121 1320304 0589120 1522577 1704685 3274571 0040227 2349982 0040223 0332283 1719822 3541383
 0205447 0052201 2984964 0332281 0004153
 0428548 0860803 0015663 0017725 0441889 1550565 0439659 1511572 0683454 0021966 0221138 0003595 0523511 1412481 0442805 0428548 0541749 1709743 0442805 0598528 0450348
 1883712 1547282 0022131 0030274 0025936 0003069 0025914 0025929 0026809 0205409 1548221 0063684 1415831 0002716 0011560 0086418 0611285 1305923 0011560 1705760 0333562 0427743 0860803 1287281 0017725 0086045 0205250 1299351 1439852 1446561 2700149 0441889 0449286 0542560 1561545 2348088 0202041 0428357 1261415 0021641 1533581 1579433
 1705535 0185117 1880177 1548602 1704686 0011560 1705760 0333562
 0376649 1442065 0282413
 0022877 3244292 0027468 0004716 1419208 0010186 0220812 0449719 1709471 0220808 0680264 0007961
 1706852 0522501 1706089 0949214
 0205155 1293097 1522472 1552923 1705191
 1514811 1706462 0557061 2584313 1514811 1706462 0439267 0022337 0439090 1423767 0016080
 3642141 0002085 0052201 1518422 0740400 0332281 0023779 0205161 1979963 2003903 2347472 2699333 0032659 1257890 0282204 1515945 0332282 0023676
 0004153 0025141 0016327 0439133 1553038 0439267 1550751 1419366 0369637 0441923
 1708485 0021149 0220856 0871208 1521828 0035648 1553898 1171304 0035647 1521761 2827422 0027361 0237401 0557651 2603343
 0011847 0011849 1549972
 0870071 2827666
 0003184 0220785 0001811 0870809 0376558 1711300 2700613 0011198 0017480 3541240 0868955 2951520
 0027976 0205314 0041740
 0369773 2603361

 0369637 0441923 0369637 0441923 0369637 0441923 0546866 0369637 0441923 1266240 0369637 0441923 0016327 0439133 1553038
 0678951 0032529 1882417 0577631 0004153 0041618 0175676 1704788 3539106 0001675
 0439269 1960952 2346927 0369637 0441923 0597277 1708601
 3547575 0025519 0025520 0003595 0003591 0017431 0680240 0079399 0804628 1522384
 0027827 0025141

 1864650
 2986904
 0032529 1882417 0004153
 0003850 0000857 0600678 1552863 1552154
 0003595 0003591 0004153 0233820 0178693 0947630
 1315013 0025141 1718783 3540627 0439267 1552154
 0347985 1449651 0225329 0225328 0022131 0025936 1522528 0003069 0025914 0025929 0026809 0030274 0205431 0063684 1415831 0002716 0011560 0086418 0611285 1305923
 0041703 0268596 1418943 2700624 3642273 0454673 1550752 0039247 1261082 1551056 2981682 2986904 1549972
 0080103 0869014 0027051 0428953 2926063 0021308 0027061 1522564 0681679 0026565 0026566
 3476815 1836672 0439255 0023031 1550751
 0004153 0003595 0003591 0024432 0456148 1546706 1550652
 0041703 0268596 1418943 2700624 3642273 0205090 0684010 2603358 0205090 0684010 2603358 0439267
 0017431 0003595 0043210 0025266 0231204 2827758
 0489835 0557651 2603343
 3272373 1235746 1882141
 1704675 0078939 0611285 3484390 0002716 0011560 0030956 0330390 0439096 2004068 0851827 1701901 3244310
 0201682 0022337
 0043210 0017270 0439603 0003591
 0004153 0025141 0205090 0684010 2603358 0268060 1415529

 1272688 1280477 0205341 0079809 0242485 1879489 1511726 3245479 0003738 0033872 0033873 0034037 0205246 1553889 1704324
 0033872 0033873 0230467 0741204 1704351 2239486 2347167
 0002716 0011560 0611285 0524620 0039082 0311400 1524026 2707259 3532488 0455488 0175860 0019664 0019665 0262512 0262926 1705255 2004062
 1515149 0030274 1278931
 0369637 0441923
 0032105 1550098 0023775 0443602 0023779 0178796
 2347379 0025141 0454673 1550752 3539739 3542920
 0021017 0017256 1705759 0017337 1517480 1521871 0010813 0596311 1330957
 0023779 0450355 2347379 0000857 0600678 1552863 0454673 1550752
 0032529 0001721 0004153 0001578 0004153 0035168 0087178 0242481 0441833 0687744 1257890 1552516 1705428 1705429 1521761
 0000857 0600678 1552863 0439269 1960952 2346927 0439267 0268060 1415529 0145779 3540468
 0220781 0439634 1522492 0011860 2984301 0011849 0441730 1320657 0011847 0205263 0243107 0332307 0678723 1527148 1547052 0242656 0449258 1880177 0543483 0699748 2986594 3161035
 0025141
 0002716 0011560 0611285 0011860 2984301 1320657 0011849 0441730 0011847 0332307 1547052
 0369718 0441922 1414400 1553036 0597277 1708601
 0423896 0456205 0003595 0003591 0032529 0439849 0445223 1882417
 0017163 0025141 0035978 2700310 0205090 0684010 2603358
 1880177 0063684 1415831 0002716 0011560 0611285 1305923
 0000857 0600678 1552863 0021966 0221138 0439267
 0598528 1280500 2348382 0034821 1149327 0597357 0074129 0017108 0597357 1003377 0019143 0038720 0475337 2327880 3536965
 0025141 0021966 0221138 0039725 0039738 1420718 0439267 0016327 0439133 1553038 0369637 0441923
 0005802 0005767 0005768 0017725 0229664 1281905 0035647 0017446 0205147
 0011847 0011849 1947933 0035978 2700310
 0003601 0007292 1159709
 0036397 0025141 1550751 0022337 0023031 0011198 0017480 3541240 1718783 0242397
 0032529 1882417 0443526 1518422 0021655 0332281 2700570 0021641 0237834 1514892 1533581 1579433 0557651 0680063 2603343 3166866
 0011847 0011849 0450348 1947933 0000857 0600678 1552863 0558269 1552984
 0040682 1510411 1705163
 0334957
 0032529 1882417 0003595 0428460 0023779 0441889 0079399 0804628 1522384 0241889 1705495 0015576 0019664 0019665 0262512 0262926 1704727 1705255 2004062 0441833 0557651 0687744 1257890 1552516 1705428 1705429 2603343
 0325074 1315013 0025141 0597277 1708601 0033727 0369286 0441932 0564385 0033727 0369286 0441932 0564385 0597277 1708601 0369637 0441923 0033727 0369286 0441932 0564385
 0066357 0030016 0032529 1882417 0003595 1835368 1277690 1113667 0850664 0035648 1553898 0679238 1281905 0035647 1521761 2827422 0872128
 0004153 0025141
 0025914 0025929 0026809 3161035 1563937 0221198 0474521 0475208 0229671 1546774 1550100
 0035853 0995005 0033727 0369286 0441932 0564385
 0038949 0025663 0025664 0449851
 0043237 0043236 0920545 0018684 0029237 0029246 0220885 1300196 1522486 2700280
 0013715 1705651
 3642141 0002085 2698872
 0025141 0036974 1419366 3538806 0013715 1705651 1549972
 0001811 0023981 0205127 0557651 2603343
 0034036 0034037 1704324

 0043038 0442603 0369773 2603361

 0268060 1415529 0022558
 0032529 1882417 0003595 0011065 1306577 0023981 0205127 0557651 2603343 0524337 0025266
 0005775 1516559 0268060 1415529
 1709599 0557651 2603343 0018810 0026538 0026565 0205848 0681679 0026566 0871208 1521828 0010054 0010068 0025266 0017270 0439603 0009219 0003595 0003591
 0325074 0025141 0205090 0684010 2603358 0439526
 0678951 0032529 1882417 1412481 1445865 0000768 0000769 0311400 0439849 0445223 1524026 2707259 1518422 0486616 1555710 0205177 0439167 0441655 1561536
 0025519 0025520 0025141 0003353 0003504
 0337438 0428548 0017725 0441889 0456079 1547707 2946261 1521761 0030705 0020538 1963138 0020456
 0025141 0439267
 0023732 3161035
 0023732 3161035 0150312 0237607 0332285 3245512 0814812 0439267 0868955 0439267
 0027976 0205314 0369773 2603361

 0439254 1549972 0369637 0441923 0596019
 0333574 0333562
 0000857 0600678 1552863 0035493 2699077 2699078 0439269 1960952 2346927 0022337 3541314 1718783
 0002085 0003595 0242339 0010054 0010068 0018799 0012634 0018787 1281570 0557651 0680063 2603343 3166866
 1422839 0000857 0600678 1552863 1520135 1235746 1882141
 0000894 0003595 0003591 0021135 1533691 2827718
 0000857 0600678 1552863 1527021 1554111 1705606 3541382 0333052 0239110 1706852 0239110 1705565 1947976 0687676 1704687 0557854 0013849 1705961 1706852 0282420 1706852 0282111 1706852 1138432 0239110 0162443 0205314 0033213 1706387 1706852
 1706852
 0439267
 1706852
 1706852
 0439267
 0039224 1706073 1706074 0545082 1512346 2826704 0009993 0037455 0162443 0205394 0205463 0596070 1552856