 0185117 0205217 0920563 0021641 0036667 0312418 0427965 1511883 1522640 1533581 1579433 2346484 2349185 0369637 0441923

 0439086 2827736 2981702 0369637 0441923
 1704729 1293097 2919030 2919031 0025519 0025520 0006754 0041740 1826357 3146274 1555265 1704729 0013227 0025118 0557806 0035168 0242481 0557814 0205099 0013227 0025118 0557806 0565990 1549054 1552471 0042610 0205099 0205476 1826357 1555265
 0016617 1555265 0035171 0035168 0242481 1707689 2983265 0557061 2584313 2985663 0557651 1514811 1706462 2603343 1292732 1280500 2348382 0920563 0021641 0036667 0312418 0427965 1511883 1522640 1533581 1579433 2346484 2349185 0596620 0025519 0025520 1335665 0033684 1524063 0013125 0021440 0001554 1533734 0001483 0001486 1552907
 0023884 0736268 1278929 2346688 1327616 0389071 1704241
 1547085 0439228 0205463 0003062 0870432 3549878 0920563 0598703 1719133 0021641 0036667 0312418 0427965 1511883 1522640 1533581 1579433 2346484 2349185 0236287 0598703 0202098 0201777 0013220 0020963 0021641 0022885 0220929 0231197 0392366 1533581 1579433 1704410
 0079318 0017725 0175721 0947630 1705942 1883710 0884358 2964135 0871208 1521828 3272448 0020459 0920563 1881189 2346484 0021641 0036667 0312418 0427965 1511883 1522640 1533581 1579433 2349185 0017725 0871208 1521828 1707797 0205217 0442805
 1979874 1158774 1280500 2348382 1278069 0015688 2698488 1281901 0015684 0001128 0032105 0202406 0332296 0441889 1550098 1880497 1996904 1518422 1454662 0001483 0001486 0034693 0034721 0389071 1552907 2349975 1707455 0243148 1550141 1882979 2587213 3274648 1705535 3244092 0441889 0023884 0736268 1278929 2346688 0023175 0178702 0205276 1442948 1522538 1709852 2348269 3275067
 0332290 1819041 0599177 1879547 0242692 1280260 0026845 0037253 0521324 2349975 0023884 0736268 1278929 1518422 2346688
 0205447 0543488 0037088 0243095 2825141 0034716 0024554 0034693 0034721 0086582 1706180 1706428 1706429 2700262 1540188 3537284 3244092 0185117 0441889 0205250 1299351 2700149 0023884 0736268 1278929 2346688 0868928 1706255 1706256
 1274040 1546471 2825142 0039798 0087111 1522326 1533734 1705169 3538994 2349975 0920563 0021641 0036667 0312418 0427965 1511883 1522640 1533581 1579433 2346484 2349185 0039798 0087111 1363945 0021655 0795635 2700570 0021641 0237834 1514892 1533581 1579433
 0021655 2700570 0021641 0237834 1514892 1533581 1579433 0206064 0039082 0011860 1320657 0441730 0011847 0011849 0332307 1547052 1710427 0021641 0040300 0231174 0680095 1521840 1533581 1579433 1704788 2986546 3539106 0023884 0736268 1278929 2346688 0242692 1280260 0026845 0037253 0521324 0021641 1533581 1579433 2827734 2981698
 0242692 1280260 0026845 0037253 0521324 1515655 1719133 0017725 0021641 0086597 0127400 0205164 0449432 1533581 1551359 1579433 1705248 1707797 2741673 2981730
 0021641 0332325 1301808 1533581 1579433 2827757 1292856 1948023 0231175 1883351 2349975 1159527 0017725 0243144 0347980
 0023884 0736268 1278929 2346688 0221103 0301625 0439181 0728721 0021641 0332161 0332325 0599946 1301808 1533581 1579433 2827757
 0001527 0040300 1547928 0028754 1563743 0021467 0021469 1628982 3463820 0221099 0684336
 0035820 1705810 1159705 0337174 1698986 1753314 0030685 0391871 0439180 0680255 1283071 1963578 0206131 0920563 1256369 0021641 0036667 0312418 0427965 1511883 1522640 1533581 1579433 2346484 2349185 0086597 0597170 0678896 1280500
 1441414 1553874 1578820 0389071 0389071 0009498 0033684 0205309 0206131 0439849 0445223 1532717 1540187 1540187 2986675 0032214 0600138 0035820 1705810 0596620 0025519 0025520
 0229671 0441889 1546774 1550100 1521970 1706388 2346469 2348519 0086418 0035804 0920563 0021641 0036667 0312418 0427965 0441994 0600653 0918012 1272755 1511883 1522640 1533581 1579433 2003888 2346484 2349185 0332152 1512571 1522538 0229671 0389071 0441889 1546774 1550100 0011900 0348026
 0442805 0871261 1704632 1706817 2911692 0039798 0087111 1522326 1533734 1705169 3538994 1257987 1280500
 1831759 0031330 0205464 0947630 1547282 0389071 1260953 0033268 0025914 0025929 0026809 0227525
 1880389 1883221 3541951 0392756 0547047 1158366 0015684 1281901 0001128 0202406 0441889 0026845
 0185117 1524063 0001417 1564874 0036238 0042776 0086022 0319157 0332281 0442335 1547282 1883351 0920563 0021641 0036667 0312418 0427965 1511883 1522640 1533581 1579433 2346484 2349185 0596843 1563744 0028754 1963185
 0332185 1519606 3161035 3146294 0348078 0376315 1522492 0389071 0028778 0332206 1533157 1706084 2828370 0597297 0597304 1623036 0243125 0699900 1159342 1704259 1705987 0206131
 0442805 1274040 1546471 2825142 0439739 0175630 0389071 0441889 1514721 2348147 3542016 0184511 0332272 1561611 0178665 0013220 0017725 0020963 0220929 0231197 1704410
 0389071 2987476 1979900 0026385 0041667 0948775 0005910 0043100 0205250 0205251 1299351 1299352 1305866 1521991 1550472 1704241 1705104 2700149 1883351 0850310 3154893 0005532 0205460 0441655
 1883712 0456603 1547037 1979900 0948775 0026385 0005910 0043100 0205250 1299351 1305866 1521991 1705104 2700149 0041667 0026385 0005910 0043100 0205251 1299352 1305866 1521991 1550472 1705104 1265611 1511545 0920563 0021641 0036667 0312418 0427965 1511883 1522640 1533581 1579433 2346484 2349185

 0450348 0009013 1955918 0597357 0025914 0025929 0026809 0086418 1540188 3537284 1540189 3537285
 1540188 3537284 1955918 0597357 0683185 1621296 0597357
 1540189 3537285 0597357 0348078 0376315 0389071 1522492
 0025914 0025929 0026809 1540188 3537284 0242692 1280260 0026845 0037253 0521324 1540189 3537285 0023884 0150312 0736268 1278929 2346688
 0086418 1540188 3537284 3244092 0185117 0441889 0205250 1299351 2700149 0023884 0736268 1278929 2346688 0242295 1947943 2348609 1705535 0040287 0220927 0040300 0520511 1547928 1704711 0003062 1548673 1705920
 0332185 0597357 0389071 0205396 1550043 1551388 0390690 1332728 1570804 0006631 1413274 2603360 0038164 0815043 1527118 1622508 0033684 0061688 1293132 0014257 1135918 0596981 1267092 0007634 0026845 0205357 3282337
 1883351 0449265 0441472 0389071 0034800 0699040 1514760 0007634 0205148 0597357 1145667 1167622 1269647 1704653 1948049 0032930 1444748 0037083 3537152 1707310 0021641 0184511 0332272 0441472 1533581 1561611 1579433 3266814 0036667 0312418 0427965 1511883 1522640 2346484 2349185
 0947630 1547282 0389071 0205217 1158366 0015684 0001128 0030011 0202406 2350345 0001497 0033640 0031727 0033684 1879547 0205177 0439167 0441655 1561536
 0031327 1524059 0441712 0023884 0736268 1278929 2346688 0242692 1280260 0026845 0037253 0521324 1883351
 0035820 1705810 0441472 1515655 1292732 0035820 1705810 0021641 1533581 1579433 0596620 0025519 0025520 1524063 0001483 0001486 1552907 1514559 1454662 0389071
 1274040 1546471 2825142 1547282 0441889 2349975 1707797 0332148 0442805 0750492 1150527
 0035171 0035168 0242481 1707689 2983265 0086912 0035171 0035168 0242481 1707689 2983265 0557061 2584313 1514811 1706462 0599161 0032520 0677874
 3241920 0001527 0025914 0025929 0026809 0040300 1547928 1524063 0036658 0206415 0004793 0162326 0162327 1519249 0521093 0750484 0009013 1438179 0025914 0025929 0026809 0389071 1708200
 0441513
 0001483 0001486 1552907 0001483 0001486 1552907 0022959 0042776 0521026 3146294 1998793 1524063 0442711 1507394 1522729 2348563
 0683949 0003062 0947630
 0034716 0034693 0034721 2700262 0439230 0150312 0332285 0020056 0332582 0033727 0369286 0441932 0564385 0012634 0348080 1705253 0444454 1554204 0012155 1442959 1519433 2983588
 1720154 0039259 0178602 2827734 2981698 0178602 1882406 0011389 0205431 0332461 0333463 0439148 1519795 1522492 0023104 0042776 0521026
 0025664 0184661 2700391 0181090 0302614 0884358 1706050 1947933 1524063 0042153 0457083 1947944 0003062 0205540 0681850 1550501 1706203 2349001 2697811 2699414 1826357
 0034693 0034721 0021102 0085590 0205449 0085672 1553035 0021485 1272883 1533685 1828121 1552738
 0003062 1442162 1550718 3244317 1442765 0439228 0038894 0038895 0521108 0543467 2004454
 0332173 0439228 0439505 0920563 0021641 0036667 0312418 0427965 1511883 1522640 1533581 1579433 2346484 2349185 1516048 1524063 0017741 0337438 0595310 0178665 0201777 0013220 0017725 0020963 0022885 0039593 0220929 0231197 0392366 1704410 0236287 0202098 0201777 0598703 0013220 0020963 0021641 0022885 0039593 0220929 0231197 0392366 1533581 1579433 1704410 0079318 0175721 1705942 1883710
 0034693 0034721 0444953 0033727 0369286 0441932 0564385 0015663 0456962 0439659 0681814 1706386
 0017741 0337438 0595310 0178665 0201777 0013220 0017725 0020963 0022885 0039593 0220929 0231197 0392366 1704410 0034693 0034721 1300563 0017725 0022718 0242821 0439209 0439267 0460148 1268086 2700323 1720154 0985453 0017725 0331761 0008044 0020898 0021764 0022271
 0178913 0370003 2347026 1516695 1516698 0439083 0439087 0702093
 0236287 0202098 0201777 0598703 0013220 0020963 0021641 0022885 0039593 0220929 0231197 0392366 1533581 1579433 1704410 0034693 0034721 0795635 0242821 0460148 1318419 1300561 0021641 0022718 0086418 0439148 0439209 1268086 1519795 1533581 1579433 2700323 0307073 0205090 0684010 2603358 0331875 0011318
 0178913 0370003 2347026 1516695 1516698 0702093
 0681814 0021485 0871133 1272883 1533685 1828121 0439659 2348025 0439526 0574032 1827465 0702093 1442460 0017725 0006037
 0702093 0441621 0870078 0017725 0985453 0017725 0574032 1827465 0331761 1522485 0021641 1533581 1579433 3272448 0307073 0205090 0684010 2603358 0331875 0022427 1280188 0042449 1278960 1552738
 0178913 0370003 2347026 0456692 0702093 1272706 0013113 0205548 0017725 0936012 0472226 0179038 1706246 0348000 0241232 1705204 0220853 0024501 0205266 0872403 1947912 0449238 2926735 0681814 1706386
 0178913 0370003 2347026 1883727 0439659 0205112 0444930 2746065 0702093 0205177 0205369 0439167 0441655 1552740 1561536 0021641 1533581 1579433 0015688 2698488 0015684 0001128 0202406 0332296 1880497 1996904 0423896 0456205
 1883351 0218063 0443131 0205112 0441621 0870078 0884358 0456692 0702093 1272706 1720725 1948050
 0521093 0750484 0012634 0348080 1705253 0175721 0444930 1705942 1883710 2746065 1301820 1706701 0178913 0005802 0005767 0005768 0229664 0370003 2347026 0429854 0456692 0702093 0218063 0678587 0205361 1301808 1442792 3148680 0455280 0202042 0428548 0702093 1314677 1524031 1552614 2826545 0441621 0870078
 1704788 3539106 2585282 0427743 1287281 0427728 0699870 1313904 0086045 1446561 0427743 1287281 0086045 1446561 2964135 0871208 1521828 0439269 0439084 0728893 0456692 0702093
 0178913 0370003 2347026 0205548 0179834 0032105 1550098 1698986 0002778 0936012 1524024
 0005834 0190979 0702093 0003062 0030883 0162388 0439272 0022718 0439209 0439269 1960952 2346927
 0040300 1883727 0205548 0260055 1550121 0016701 0028158 0302908 0677542 1304698 1546699 1550581 1561501 1698986 0002778 0936012 1524024
 0557651 2603343
 0034716 0034693 0034721 2700262 0439230 0342895 0521974 0301585 0012155 0205250 0424612 1299351 1442959 1519433 2700149 2983588 0439230 3541314 0678257 0012155 1442959 1519433 2983588 0042789 1947903
 1442462 0439230 0012155 1442959 1519433 2983588 0003062 0001483 0001486 1444656 1552907 1720154
 0332174 0439230 0681814 0884358 1522508
 0025664 0184661 2700391
 0202042 0455280 0017725 0032105 1550098 0017735 0017725 0025663 0242417 0449851 0871511 0005507 0243073 1510438 0241232 1705204
 0650607 0857690 0021641 0032105 1533581 1550098 1579433 1524063 0201682 0008044 0020898 0021764 0022271 0042295 0795635 0021641 0034580 0035168 0086418 0205369 0242481 0444706 0812225 1150635 1533581 1552740 1579433 1705212 1705213 3273202 3541902 3538743
 0205177 0205369 0439167 0441655 1552740 1561536 0205173 0444706 3539942 3541902 0078794 0038720 0043481 0475337 2348288 3536965 0052976
 0015688 2698488 0015684 0001128 0032105 0202406 0332296 1550098 1880497 1996904 0299583 1416825 0963992 1426906 0389071 0441889 1524063 0022885 0039593 0392366 0015688
 1707689 2983265
 0035168 0242481 1567875 0034693 0034721 0963992 1426906 2828360
 0456378 1826357
 0001899 0057041 0001898 0002594 0229671 1546774 1550100 0428339 0441889 0444706 0680536 0812225 1150635 1705212 1705213 1719918 3272563 3273202 3541902 3538743
 0224440 0026845 0736268 0040300 1547928 0002778 0311400 0936012 1273517 1524024 1524026 2707259 0003062 0205548 1883727 0162388 0040223 1632851 0849355 1883720 3244314 0005767 0005768 0229664 0260055 1550121 0016701 0028158 0302908 0677542 1304698 1546699 1550581 1561501 1698986
 1947933 1883727 1883351 0205155 1293097 1522472 1552923 1705191 0332256 2700400 0225990 0005847
 0040300 0006353 0031678 0332256 1149880 2700400 0033607
 1881488 0007703 2986669 0555903 1261360 0020985 0936012 1524063 0033640 0031727 0033684 0033640 0031727 0033684 0003241 1552738
 0002778 0936012 1524024 0001483 0001486 1552907 0034693 0034721
 0016640 0524811 3161031 1709793 0389071 0041667 0032105 0348078 0376315 1522492 1550098 0023899 0023884 0736268 1278929 2346688 2828366 0884358 1552738
 0032105 1550098 0023899 0023884 0736268 1278929 2346688 2828366 0003062 1720119 1948037 2827734 2981698 3642219 1532563 0019215 0439190 0020283 0450407 0450408 0450409 0037494 1959973 0038636 0812409 0934502 1161331 1261552 1704379 1705117 2825408 1446863
 1264633 0439182 0812409 1704458 0005863 1524063 0021024 0003241 0021027
 0003241 0021027 0205369 1552740 1518422 1454662 0034693 0034721 0389071 2828360
 0003242 1979003 0003241 0021027 0034493 1551491 0027971 0936012
 1264633 1979900 0948775 0026385 0005910 0043100 0205250 0389071 1299351 1305866 1521991 1705104 2700149 0597430 0597428 1384604 0037585
 0002778 0936012 1524024 0520511 1704711
 0005861 0002778 0936012 1524024 0736268 0040300 1547928 0035668 0439175 0439267 0439810 0884358 1552738
 0025255 0025914 0025929 0026809 1540188 3537284 0182400 1704681 2347609 3536729 0007512 0182400 0599161 0032520 0677874 3146294 1524063 1513763 0242692 1280260 0026845 0037253 0521324 0035668 0206415 0439084 0728893 0439084 0728893 1540188 3537284 0439084 0728893 0439084 0728893 1540189 3537285 1708200 1421539
 1441506
 0599782 0017725 0205054 1709366 0017725 0871208 1521828 1707797 0205112 0439531 0444686 1441506 1443182 1948053 0449719 1524063 0552449
 0017725 0871208 1521828 1707797 0558058 0085732 0442805 1648294 0017725 0871208 1521828 1707797 0444686 1441506 1443182 1719767 2348589 1522609 0175721 0439531 0444930 1705942 1883710 1948053 2746065
 1441506 0871424 0002778 0936012 1524024 0884358 1524063 1709697 2728259 3484370 0178566
 1511726 3245479
 0237881 1709380 0038215 0750502 0871881 0079809 0205341 0392366 1879489 1524063
 0237881 1709380 0038215 0750502 1704788 3539106
 0035171 0035168 0242481 1707689 2983265 0557061 2584313 1514811 1706462 1454662 0032105 0389071 0441889 1550098
 1883351 0557651 2603343 0205191 1280500 1515655 1514559 1335665 0033684 0001483 0001486 1552907 0022959
 1883351 0001483 0006556 2827421 0450344 1553633
 0947630 1547282 0001483 0023884 0736268 1278929 1521840 2346688 0227525 0439083 0439087 0033684
 0487602 1704680 0034693 0034721
 0002778 0936012 1524024 0014442 0150312 0227525 0332285 0439083 0439087 1511726 3245479 1518422 1547282
 0449911 0333052 2607870 0557702 1272706 1704674 0557702 1272706 1704674 0349966 1337208
 2827734 2981698
 1160185
 0678594
 2347469 0032105 0389071 0441889 1550098 0014441 2717977 0005507 0014442 0021075 0243073 1510438 1517892 1704666
 0439394 1706495 3642217 0178602
 0033727 0369286 0441932 0564385 0178602
 0022959 0369718 0441922 1553036
 0001483 0001486 1552907 0178602 0369718 0441922 1553036 0178602 0369718 0441922 1553036
 1511726 3245479
 0449247 0040223 0750729 3541383 0034693 0034721 0178602 0600209 0936012 1704732 0020985
 1883351 0521093 0750484 1456348 0428479 3244092 0441889 0449770 0444263 2348149 0032105 0444706 1550098 3541902 0332173 0439228 0439505 1301820 1524063 0812225 1150635 1705212 1705213 3273202
 0205251 1299352 1550472 0178602 0205217 0442805 0185117 0439086 2827736 2981702 0332462 1880834 0450345
 0227525 0007634 0023884 0736268 1278929 2346688 3282337 1327616 0441889 0005775 1516559 2584321 0205463 0086045
 1883351 0449238 2926735 0444263 0370003 2347026 2348792 0040223 0439064 1516695 1516698 3541383 1552961 2347617 0021485 1272883 1533685 1828121
 1547282 0449247 2347860 0040223 0750729 3541383 0032105 1550098 0034693 0034721
 0032105 0441889 1550098 0205217 0442805 0332173 0439228 0439505 1637379 0332173 0439228 0439505 0443318 0332173 0439228 0439505 0332173 0439228 0439505
 1883351 0449265 0031843 0542341 0700205 1705273 0004927 0681814
 1521970
 0039224 1706073 1706074 0001483 0001486 0205246 0205392 0389071 1521970 1552907 1553889 3540770 1511501 0003062 0332173 0439228 0439505
 0232741 0023884 0031843 0542341 0700205 0736268 1278929 1705273 2346688 0205307 0439166 2347086 0004002 0002594 0085845 0042295 0086715 0205307 0439166 1514721 2347086 2348147 2987476 3542016 0332197 1689985 0001483 0021485 0205263 1272883 1533685 1828121
 0005910 1305866 0043100 0242821 0460148 1268086 1705242 0441833 0687744 1257890 1517586 1552516 1552839 1705428 1705429 0439267
 0015663 1301808 1442792 3148680 0017725 0021641 1533581 1579433 0015688 2698488 0015684 0001128 0202406 0332296 1880497 1996904 0963992 1426906 0441889 0445247
 0449911 0039224 1706073 1706074 0557702 1272706 1704674 0557702 1272706 1704674 0242485 0017741 0178665 0201777 0079318 0337438 0595310 0013220 0017725 0020963 0022885 0039593 0175721 0220929 0231197 0392366 1515981 1704410 0236287 0202098 0201777 0598703 0013220 0020963 0021641 0022885 0039593 0220929 0231197 0392366 1533581 1579433 1704410
 0332173 0439228 0439505 0017741 1321095 0034693 0034721 0884358 0017725 1720154 0242821 0460148 1268086 2700323
 0205397 0349966 1337208
 0015663 1550565 0428548 1547282 1705241 1705242 0001483 0001486 1552907 0178602 0441833 0687744 1257890 1552516 1552839 1705428 1705429
 0202098 0428405 0015663 0021641 0441889 1533581 1550565 1579433 1547282 1705241 1705242 0450354 1706096
 1550025 1704782 1708715 0202098 0428405 0021641 0441889 1533581 1579433 0441994 1548802 2003888 0456693 1442458 0702093 1705535 0021641 0441472 1533581 1579433 3266814
 0449911 0333052 2607870 0557702 1272706 1704674 0557702 1272706 1704674 0349966 1337208
 0740116 2827735 2981700
 0017741 0337438 0595310 0178665 0201777 0013220 0017725 0020963 0022885 0039593 0220929 0231197 0392366 1704410 0236287 0201777 0598703 0202098 0696243 0013220 0020963 0021641 0022885 0039593 0220929 0231197 0392366 1533581 1579433 1704410 0332173 0439228 0439505
 0017725 0021641 1533581 1579433 2347469 0017741 0178665 0201777 0337438 0595310 0013220 0017725 0020963 0022885 0039593 0205134 0220929 0231197 0392366 1704410 0022959 0369718 0441922 1553036 0001483 0001486 1552907 0369718 0441922 1553036 0034693 0034721 1300563 0017725 0022718 0242821 0439209 0439267 0460148 1268086 2700323 1720154 0033727 0369286 0441932 0564385
 0017725 0236287 0201777 0598703 0202098 0013220 0020963 0021641 0022885 0039593 0205134 0220929 0231197 0392366 1533581 1579433 1704410 0022959 0369718 0441922 1553036 0001483 0001486 1552907 0369718 0441922 1553036 0034693 0034721 0795635 0242821 0460148 1318419 1300561 0021641 0022718 0086418 0439148 0439209 1268086 1519795 1533581 1579433 2700323 0033727 0369286 0441932 0564385
 0455280 0202042 0428548 0702093 1882115 0441833 0687744 1257890 1552516 1705428 1705429
 1511726 3245479
 0369773 2603361
 0242821 0460148 1268086 2700323 0034693 0034721 0884358 1444656 1881189 2346484 0020459 0920563 0021641 0036667 0312418 0427965 1511883 1522640 1533581 1579433 2349185
 1158774 1280500 2348382 0001483 0001486 0205217 0389071 0442805 1552907 0178602 0034693 0034721 0001483 0022959 1707455 0243148 1550141 1882979 2587213 3274648 0702093
 0079318 0175721 0947630 1705942 1883710
 1883351 1947931 1825598 0920563 0021641 0036667 0312418 0427965 1511883 1522640 1533581 1579433 2346484 2349185 0205117 0332282 1883708 0681850 1550501 1706203 2349001 2697811 0034693 0034721 0441833 0687744 1257890 1552516 1552839 1705428 1705429 0079318 0175721 0205289 0806909 0347978 3272448 2964135 0871208 1521828 0199782
 0017725 0678587 0202098 0428405 0021641 0441889 1533581 1579433 2348205 0039224 1706073 1706074
 0947630 0444706 3541902 1292856 1948023 0221103 0301625 0439181 0728721 0021467 0021469 1628982 3463820 0005775 1516559
 2964135 0017725 0574032 0871208 1521828 1827465 1514873 1883351 0024501 0205217 0442805 0205289 0806909 1292856 1948023 1547282 3549878 0920563 0021641 0036667 0312418 0427965 1511883 1522640 1533581 1579433 2346484 2349185
 1883351 1516048 0449432 1705248 0444686 1441506 1443182
 0205397 0349966 1337208
 1522609 0599782 0205217 0442805 3272448 0369773 2603361 1292856 1948023 1515981 3272448 0369773 2603361 1292856 1948023 0022959 0034693 0034721
 2964135 0017725 0574032 0871208 1521828 1827465 0205217 0442805 1292856 1948023 0034693 0034721 0369773 2603361 0521093 0750484 0389071 2349975 0596620 0025519 0025520 0034693 0034721
 0242692 1280260 0026845 0037253 0521324 0021641 0549177 0680220 1533581 1551359 1579433 1704243 1948023 2741673 2981730 1274040 1546471 2825142 0389071 2349975 0920563 0021641 0036667 0312418 0427965 1511883 1522640 1533581 1579433 2346484 2349185
 0449911 0333052 2607870 0557702 1272706 1704674 0557702 1272706 1704674 0349966 1337208
 0439086 2827736 2981702
 2964135 0017725 0574032 0871208 1521828 1827465 0599782 0017725 0205054 1709366 0683150 0086045 0332173 0439228 0439505 0034693 0034721 1442162 1550718 3244317 0205250 1299351 2700149 0178602 0342895 0205307 0439166 2347086 0521974 0301585 0012155 0205250 0424612 1299351 1442959 1519433 2700149 2983588
 2964135 0017725 0574032 0871208 1521828 1827465 2964135 0871208 1521828
 0034693 0034721 0369718 0441922 1553036
 0034693 0034721 0369718 0441922 1553036
 2347469 0205112 0599782 0079318 0017725 0205054 1709366 2964135 0871208 1521828
 0034693 0034721 0369718 0441922 1553036
 0034693 0034721 0369718 0441922 1553036
 1278069 0015688 2698488 0015684 1281901 0683927 0001128 0032105 0202406 0332296 0441889 1550098 1880497 1996904 0175721 1515981 1705942 1883710 2964135 0871208 1521828
 0034693 0034721 0369718 0441922 1553036
 0034693 0034721 0369718 0441922 1553036
 1511726 3245479
 0033727 0369286 0441932 0564385 0178602
 0439394 1706495 3642217 0178602
 0369773 2603361 0369773 2603361
 0042295 1705242 0003062 3272448 0450365 1706097
 0947630 0021467 0021469 1628982 3463820 1518422 0001483 0001486 0389071 0441833 0687744 1257890 1552516 1552907 1705428 1705429 2349975 0009932 0243148 0441833 0687744 1257890 1550141 1552516 1705428 1705429 1707455 1882979 2587213 3274648 0205289 0806909 0442758 0444499 0439086 2827736 2981702 3272448 0439269 1960952 2346927 3272448 2964135 0871208 1521828 0199782
 1278069 0015688 2698488 0015684 1281901 0683927 0001128 0032105 0202406 0332296 0441889 1550098 1880497 1996904 0079318 0175721 1515981 1705942 1883710
 1883351 1516048 1514559 0392760 1314939 0001527 0040300 1547928 0028754 1563743 1278069 0015688 2698488 1281901 0015684 0001128 0032105 0202406 0332296 0441889 1550098 1880497 1996904 0444706 3541902 0450366
 0205112 1301808 1442792 3148680 0079318 0175721 1515981 1705942 1883710 1278069 0015688 2698488 1281901 0015684 0001128 0032105 0202406 0332296 0441889 1550098 1880497 1996904 1705242
 0947630
 0022959 0301429 0003062 0342895 0439230 1516048 1280500 0243107 0678723 1527148 0021655 2700570 0021641 0237834 1514892 1533581 1579433
 0205112 1301808 1442792 3148680 0003062 0204695 2987508 0442805 1708698 0005910 1305866 0043100 0242821 0460148 1268086 1705104 0020459 0442805 0442739 1548568 0392747 0443172 1705241 0015688 2698488 1281901 0015684 0001128 0202406 0332296 0441889 1880497 1996904 0039224 1706073 1706074 0442805 3272448 0369773 2603361 0450365 1706097 0001483 0003062 0022959 1707455 0184625 1550560 0012155 0205307 0439166 1442959 1519433 2347086 2983588
 0079318 0175721 0947630 1705942 1883710 0301429 0001483 0003062 0022959 0205250 0342895 0424612 0884358 1299351 2700149 0003050 2964135 0017725 0574032 0871208 1521828 1827465 1514873 1883351 0024501 0205216 0392756 0442797 3272448 0369773 2603361 0001483 0003062 0022959 1707455 0342895 0184625 1550560 0012155 0205307 0439166 1442959 1519433 2347086 2983588
 1883712 0085732 1260953 0599782 0017725 0205054 1709366 0205216 0369773 2603361 0332290
 0003062 0521974 0301585 0012155 0205250 0424612 1299351 1442959 1519433 2700149 2983588 0442805 1708698 0005910 1305866 0043100 0242821 0460148 1268086 1705104 0392747 0443172 1705241 0015663 0017725 1550565 0015688 2698488 1281901 0015684 0001128 0202406 0332296 0441889 1880497 1996904 0039224 1706073 1706074
 0001483 0022959 0034693 0034721 1707455 1280500 2348382 0202098 0428405 0650607 0021641 0205112 0441889 1533581 1579433 0332161 0599946 0039224 1706073 1706074
 0175721 0205397 0947630 1705942 1883710 2964135 0017725 0574032 0871208 1521828 1827465 0205250 1299351 2700149 0369773 2603361 3272448 0369773 2603361 0001483 0001486 1552907 0001483 0022959 0034693 0034721 1707455 0221103 0301625 0439181 0728721 0445247
 2964135 0017725 0574032 0871208 1521828 1827465 0042295 0003062 2705716 1511501 0003062 0243148 1550141 1882979 2587213 3274648 0309872 0020459 0021641 0332325 1301808 1442792 1533581 1579433 2827757 3148680
 0947630
 1883351 1516048 0441712 0920563 0021641 0036667 0312418 0427965 1511883 1522640 1533581 1579433 2346484 2349185 1301820 0242692 1280260 0026845 0037253 0521324 0586688 1292533 0370003 2347026 0034693 0034721 0184625 1550560 0012155 0205307 0439166 1442959 1519433 2347086 2983588
 0370003 2347026 1882932 1301808 1442792 3148680 1881488 0020985 0681850 1550501 1706203 2349001 2697811
 0205435 1279901 0389071 0001721 1879547 0034818 1334133 0021641 0597357 1533581 1579433 0123658 0202098 0428405 0597357 0033684 0441889 0428479 0449438 0370003 2347026
 1518422 0392747 0034818 1334133 0021641 0597357 1533581 1579433 0123658 0202098 0428405 0597357 0033684 0441889 0428479 1519726 0031715 1158886 0021641 1533581 1579433 0040300 1547928 1511726 3245479 1518422 1547282
 0031715 1158886 0242692 1280260 0026845 0037253 0521324 0370003 2347026 0034693 0034721 1301820 0205112 1301808 1442792 3148680 0205289 0444930 0681814 0806909 1515981 2746065
 0021641 1533581 1579433 2248186 0031715 0164786 0522501 0812228 1158886 1292856 1706089 1708698 1948023 0242692 1280260 0026845 0037253 0521324 0023884 0736268 1278929 2346688 0003062 1511726 3245479 1518422 1547282
 1274040 1546471 2825142 1705535 0205217 0920563 2984427 0021641 0036667 0312418 0427965 1511883 1522640 1533581 1579433 2346484 2349185 0034818 0332291 1334133 1514762 0021641 0037083 0085862 0086597 0127400 0441471 0597357 1279919 1299583 1533581 1579433 3537152 3541888
 0389071 0442805 1819041 0599177 1879547 0021641 1533581 1579433 0242692 1280260 0026845 0037253 0521324
 0389071 0442805 1150527 1516048 1514559 0392747 1150527 0370003 2347026 0175721 0444930 1301820 1705942 1883710 2746065 0034693 0034721 0205307 0439166 0557651 0947630 2347086 2603343
 0349966 1337208
 1158886 0031715 0205217 0442805 0369773 2603361 0242692 1280260 0026845 0037253 0521324 1707455 1511501 0003062 0243148 1550141 1882979 2587213 3274648 0423896 0456205 0442739 2346711
 1979874 1158886 0031715 0033684 0423896 0456205 0442739 2346711
 1511726 3245479 0332290 0681814 0242692 1280260 0026845 0037253 0521324 0040300 1521840 1547928 2986546
 0449911 0333052 2607870 0557702 1272706 1704674 0557702 1272706 1704674 0349966 1337208

 0205217 0442805 1158886 0031715 0023884 0736268 1278929 1518422 2346688 0034693 0034721
 0242692 1280260 0026845 0037253 0521324 0370003 2347026 0001483 0022959 0205307 0439166 1516695 1516698 2347086 0001483 0001486 1552907 0034693 0034721 0020985 0002778 0936012 1522240 1524024 1524063 0033640 0031727 0033684 1624602
 0681493 1547282 2984008 1709793 0439175 0439810 0428479 0441889
 1511726 3245479 0441833 0687744 1257890 1552516 1705428 1705429 0080103 0205345 1547039 0243148 1550141 1882979 2587213 3274648 0042295 1704788 3539106
 0520511 1704711 0001483 0001486 1552907 0034693 0034721
 1517331 1883351 0162340 1280500 0444706 3541902 0520511 1704711 0003062
 0389071 0348078 0376315 1522492 0041667 0026385 0005910 0043100 0205251 1299352 1305866 1521991 1550472 1705104 0332529 1711351 0008559 0016107 0017243 1382104 1516048 0947630
 1705920 0039869 1883351 0850310 3154893 0005532 0205460 0441655
 1883351 0349590 1262865 0001483 0001486 0205431 0389071 0679058 1552907 2700640 0034693 0034721 0229671 1546774 1550100 1979900 0948775 0026385 0005910 0043100 0205250 1299351 1305866 1512948 1521991 1705104 2700149 0423896 0456205 0597430 0439830 0597428 0681814 1384604 1547053 1524063 0812409 0041609 0020985 0042789 1947903 0035171 0035168 0242481 1707689 2983265 0025663 0025664 0449851
 0349966 1337208
 1553637 0033684 0001483 0001486 0389071 1552907 0227525 1979900 0026385 0948775 0005910 0043100 0175630 0205250 0348078 0376315 1299351 1305866 1521991 1522492 1705104 2700149 0041667 0206131 0389071 0868928 1441547 1706255 1706256 3245521
 1438179 0389071 0001483 0022959 0034693 0034721 0243148 0442726 1511790 1550141 1882979 2587213 3274648
 1709793 0443289 0079946 0205054 0389071 0439659 1550512 1979900 0026385 0948775 0005910 0043100 0175630 0205250 1299351 1305866 1521991 1704241 1705104 2700149 0003062 0441889 0456079 1547707 2946261 0035804 0086418
 0520511 1704711 0178602 0851827 1701901 3244310 0389071 0023884 0736268 1278929 2346688 1979900 0026385 0948775 0005910 0043100 0175630 0205250 1299351 1305866 1521991 1705104 2700149 0013058 2348328 0001483 0001486 0003062 0178602 0205250 0348078 0376315 0389071 1299351 1522492 1552907 2700149
 2700366 0242485 1444656 0175996 0178719 0389071 1979900 0026385 0948775 0005910 0043100 0043194 0205250 0258432 0348078 0376315 1299351 1305866 1421478 1521991 1522492 1705104 2700149
 0449911 0333052 2607870 0557702 1272706 1704674 0557702 1272706 1704674 0349966 1337208
 0439084 0728893
 0520511 1704711 0022959 0034693 0034721
 0444263 0370003 2347026 0332173 0439228 0439505 1516695 1516698 0022959 0003062 0597430 0439830 0597428 0936012 1384604 1547053 0600209 1704732 0005863
 0520511 1704711 0022959 0032105 1550098 0023884 0736268 1278929 2346688
 0389071 1883254 0005775 1327616 1516559 0041667 0026385 0005910 0043100 0205251 1299352 1305866 1521991 1550472 1705104 1979900 0001483 0001486 0003062 0348078 0376315 0389071 1522492 1552907
 2347469 1709793 0032105 1550098 1882726 0023884 0736268 1278929 2346688
 0439394 1706495 3642217 0034693 0034721 0032105 1550098
 0033727 0369286 0441932 0564385 0034693 0034721 0032105 1550098
 0023884 0736268 1278929 2346688 0033727 0369286 0441932 0564385 1882726 0023884 0736268 1278929 2346688
 1540188 3537284 0035696 2346714 0023884 0736268 1278929 2346688
 0520511 1704711 0185117 0040300 1521840 1548673 2986546 0003062 1515981 1705920 0520511 1704711 1955918 0041904 0162493 0032214 0600138 0035820 1705810 1882854 0242692 1280260 0026845 0037253 0521324
 0884358 0005861 0872262 0002778 0936012 1524024 1882854 0224440 0242692 1280260 0026845 0037253 0521324 0023884 0736268 1278929 2346688
 0022959 0003062 1540188 3537284 1515670 0185117 2827734 2981698 0332462 1880834 0442758 0205250 1299351 2700149 0023884 0736268 1278929 2346688 0349966 1337208
 1518422 0392747 0185117 1540189 3537285
 0040287 0220927 0040300 0520511 1547928 1704711 1705242 0025914 0025929 0026809 1540188 3537284 1540189 3537285 2346714 2348205 0086418 1524063 0005532
 0449911 0333052 2607870 0557702 1272706 1704674 0557702 1272706 1704674 0349966 1337208

 1540188 3537284 0035696 2346714 0034693 0034721
 0035668 0224440 0026845 0332575 1260956 1301820 0736268 0040300 0332441 1547928 0001483 0001486 1552907 0034693 0034721
 0185117
 2347469 2984008 1709793 1540188 3537284 1515670 3244092 0185117 0441889 0441889 1552142 1882115
 1511726 3245479 0441833 0687744 1257890 1552516 1705428 1705429 0205345 0080103 1547039 0023884 0736268 1278929 2346688 0034693 0034721 0036849 1442518 1705195
 0369773 2603361
 0035171 0035168 0242481 1707689 2983265 0557061 2584313 1514811 1706462 0389071 1305923 0015264 1280500 0598783 1517898 0023779 0025519 0025520 1184743 1522240
 0175630 0441889 0021641 0205216 0332325 0392756 0442797 1301808 1533581 1579433 1883525 2346866 2827757 0086418 0003062 0332257 0028754 1963185 0011860 1320657 0441730 0011847 0011849 0332307 1547052
 1883351 0308779 1705822 1874964 1512167 0185117 1515655 1999230 0023688 0599779 0003062 3161035 1524063 1517499 0017337 0040671 1705822
 0006556 1438179 1510800 0001483 0001486 0009013 0086022 0442335 1552907 1705099 0001483 0001486 1552907 0034693 0034721 1442162 1550718 3244317 0023884 0736268 1278929 1521840 2346688 0227525 0439083 0439087 0439663
 0541749 1709743 0227525 1327616 0389071 1706214 3244320 1301808 1442792 3148680
 0205251 1299352 1550472 0178602 1273517 1883351 0683607 1883351 0557651 2603343 1280500 0596620 0025519 0025520 0205463 0441889
 0543488 0175630 0389071 0003062 1979900 0026385 0948775 0005910 0043100 0043194 0205250 0258432 0348078 0376315 1299351 1305866 1421478 1521991 1522492 1705104 2700149
 2827421 0023884 0736268 1278929 1521840 2346688 0003241 0021027 0869040 0947630 1273517 0025914 0025929 0026809 1454662 0389071 1704970 0389071 0444706 0681814 3541902 0001483 0001486 1552907 0227525 1441547 3245521
 1979900 0026385 0332443 0948775 2712185 0005910 0043100 0205250 0205307 0392148 0439165 0439166 1299351 1305866 1521991 1549488 1561533 1705104 2347086 2700149 0227525 0337076 1979900 0948775 0026385 0005910 0043100 0205250 1299351 1305866 1521991 1705104 1705920 2700149 0001527 0040300 1547928 0441712 1979900 0026385 0861064 0948775 0005910 0023175 0036536 0036537 0043100 0205250 1299351 1305866 1442948 1521991 1522538 1705104 2348269 2700149 3275067 2987476 0227525 0007634 0023884 0736268 1278929 2346688 3242339 3282337
 1316572 1317574 1369612 0389071 1512948 1979900 0026385 0948775 0005910 0043100 0043194 0205250 0258432 0348078 0376315 1299351 1305866 1421478 1521991 1522492 1705104 2700149 0520511 1704711 0389071 0001527 0040300 1547928 0028754 1563743 0389071 0439083 0439087 1979900 0026385 0948775 0005910 0043100 0205250 0348078 0376315 1299351 1305866 1521991 1522492 1705104 2700149 2987476
 0037088 0243095 2825141 1705535 0227525 0206131 0850310 3154893 2698977 1979900 0948775 0026385 0005910 0043100 0205250 0238767 1299351 1305866 1521991 1705104 1706086 2700149 0449432 0205087 0205390 1300072 1306673 0441471 1314939 0851285 1184743 1522240 1955394
 0205170 0205309 3146287 0521974 0301585 0012155 0205250 0424612 1299351 1442959 1519433 2700149 2983588 0021655 2700570 0332325 0021641 0023175 0181586 0237834 1442948 1514892 1522538 1533581 1579433 2348269 3275067 1882365 0521116 0557651 1705970 2603343
 0681828 0947630 1547282 0389071 0442805 1158366 0015684 0001128 0030011 0202406
 0036572 1547282 0442805 0920563 0021641 0036667 0312418 0427965 1511883 1522640 1533581 1579433 2346484 2349185 0003062
 0442805 1280500 0015127 1524003 0021655 2700570 0021641 0237834 1514892 1533581 1579433
 0332290 0332529 1547282 0003062 0521974 0301585 0012155 0205250 0424612 1299351 1442959 1519433 2700149 2983588 0205197 0012155 1280500 1442959 1519433 2983588 0020580 1880261 2348085 0920563 0021641 0036667 0312418 0427965 1511883 1522640 1533581 1579433 2346484 2349185
 2249695 2247124 1292856 1948023 1518422 1704970 2349975 0920563 0021641 0036667 0312418 0427965 1511883 1522640 1533581 1579433 2346484 2349185
 0389071 1547282 1883351 0015264 1515999 1516019 1280500 0332149 1705910 2362652 0013081 0021760 1527132 0021764 0441889 1527200 0021467 0021469 1628982 3463820 0021641 1280500 1314939 1533581 1579433

 0450348 0034037 1704324 0009015 0389071 1540188 3537284 1540189 3537285 1444656 0389071 0015264 0005532 0205460 1280500 0596620 1327387 0025519 0025520
 1883712 0332185 1547282 0597357 0681850 0851285 1327622 1550501 1551058 1706203 2349001 2697811 0015663 1550565 0204695 2987508 0020456 0020459
 0947630 1273517 0005861 0002778 0936012 1524024 0079809 0242485 1540188 3537284 0597357 0736268 0040300 1547928 0034693 0034721 1274040 1546471 2825142 1547282 1301751 1280500 2348382 1335648 1824685 2697937 0035696 0441889
 0037088 0243095 2825141 1441672 0520511 1704711 0449774 1705242 0025914 0025929 0026809
 0025914 0025929 0026809 1335648 1824685 2697937 0242692 1280260 0026845 0037253 0521324 0449432 1705248
 0947630 0349966 1337208 0150312 1335648 1824685 2697937 0205172 0205250 0242692 1280260 0026845 0037253 0521324 0023884 0736268 1278929 2346688 0449774 0086418 0684224 0700287 3496591 0242295 1947943 2348609
 2607943 2926606 3539655 1274040 1546471 2825142 0205172 0031842 0031843 0086418
 0557651 2603343 1518422 3244092 0185117 0441889 0597357
 0390690 1332728 1570804 0006631 1413274 2603360 0684224 0700287 3496591 1883351 0026845 0736268 0040300 1547928 0596981 0007634 0026845 3282337 0205251 0441889 1299352 1515981 1550472 0227525
 0037088 0243095 2825141 0441889 2349975 0920563 0021641 0036667 0312418 0427965 1511883 1522640 1533581 1579433 2346484 2349185 1280444 0205319 0442805 1707797 0242692 1280260 0026845 0037253 0521324
 0302523 0700325 1964257 0332290 1280500 0596620 0025519 0025520 0920563 0021641 0036667 0312418 0427965 1511883 1522640 1533581 1579433 2346484 2349185


 0684224 0700287 3496591 0206745 0025914 0025929 0026809 1705417 0021655 2700570 0021641 0237834 1514892 1533581 1579433
 1979874
 0439509 1299582 0243095 0271650 0017725 0231199 1744706 2355652 0021655 2700570 0021641 0237834 1514892 1533581 1579433 0521974 0301585 0012155 0205250 0424612 1299351 1442959 1519433 2700149 2983588 0206745 0025914 0025929 0026809
 0947630 1514559 0020459 0920563 0861064 1881189 2346484 0332324 0021641 0023175 0036667 0181586 0205217 0312418 0427965 0442805 1442948 1511883 1522538 1522640 1533581 1579433 2348269 2349185 3275067
 1883712 0947630 1524063 0001554 1533734 0033684 1547282 1883525 2346866 0441994 2003888 1280500
 1280500 2349975 0021641 0441472 1533581 1579433 3266814 0026845 0205170 1552738 3146287
 0681829 0947630 0205263 2986411
 0947630 0150312 0020459 0861064 0920875 0021641 0023175 0026845 0181586 0205217 0441472 0442805 1442948 1522538 1533581 1579433 2348269 3266814 3275067 1719133 0017725 0021641 0871208 1521828 1533581 1579433 1707797 1948023 2349975 1301751 1280500 1260953 0017725 0033268 0205054 1441672
 1979874 2349975 0920563 0021641 0036667 0312418 0427965 1511883 1522640 1533581 1579433 2346484 2349185 1150527 0023884 0736268 1278929 2346688
 1518422 0441712 1705241 1705242 0332149 1705910 2362652 2987476 0205392 0332148 0750492 3540770 0015320
 2827734 2981698 0205447 0025914 0025929 0026809 0004927
 0684224 0700287 3496591 1540188 3537284 2346714 1540189 3537285 2346714 1705920
 1979874 0205397 0349966 1337208
 0150312 1540188 3537284 1540189 3537285 0205172 0205250 0242692 1280260 0026845 0037253 0521324 0023884 0736268 1278929 2346688 0034693 0034721
 0449774 0393040 1176299 0449774 0025914 0025929 0026809 0450348
 0185117 0242692 1280260 0026845 0037253 0521324 0086597 0871261 1704632 1706817 2911692 0040300 1547928 0034693 0034721
 2350483 0034693 0034721
 0011008 2348077 0449774 1882854 0242692 1280260 0026845 0037253 0521324 0205307 0439166 2347086 0521974 0301585 0012155 0205250 0424612 1299351 1442959 1519433 2700149 2983588 1518422 1292732
 0332149 1705910 2362652 0392209 0449438 1521739 2707262 0020456 1955918 0597357 0009253 0036864 0079399 1314687 1522384 0080194 0456178 1518614 2987481 0012155 1442959 1519433 2983588 0001779 0392747 0597360 0185117 1955918 0031843 0542341 0700205 1705273 1706214 3244320 1705241 1705242 0023688
 0740116 2827735 2981700 0034693 0034721 0869040 0947630 1273517 0858301 0920563 0021641 0036667 0312418 0427965 1511883 1522640 1533581 1579433 2346484 2349185 0205170 3146287 0450442 1254351 1521826 1257987 0023882 0700321 2700395 1280500 2348382 1301808 1442792 3148680
 0439086 2827736 2981702 1705535 0449432 1705248 1979900 0026385 0948775 1264633 0005910 0043100 0205250 0441472 1299351 1305866 1521991 1554103 1705104 2700149
 1442162 1550718 3244317 0034693 0034721 0205217 0442805 0175630 0041667 0026385 0005910 0043100 0205251 1299352 1305866 1521991 1550472 1705104 0005532 0205460 0680242 1280500 1708698 0439092 0547044 0023884 0736268 1278929 2346688
 0684224 0700287 1547282 1280500 0242692 1280260 0026845 0037253 0521324 0021135 1533691 2827718 0205392 1280500 3540770 0018670 0332255 0332501 0441472 1281590 1706305 1708096 1880389 1883221 3541951 3266814 0449234 1704772 1882133
 1299582 0442726 0332196 2828389 1265611 0150312 0449450 1280500 1880177 0920563 0021641 0036667 0312418 0427965 1511883 1522640 1533581 1579433 2346484 2349185
 0439084 0728893 0681841 0185117 0037083 0178702 0205054 0389071 0449913 1274040 1546471 1553451 1704459 1709852 2825142 3537152 0086045 0023688
 1552616 1706244 0441889 2349975 0920563 0021641 0036667 0312418 0427965 1511883 1522640 1533581 1579433 2346484 2349185 1704259 1705987 0392760 1314939 0205054 0920563 0021641 0036667 0312418 0427965 1511883 1522640 1533581 1579433 2346484 2349185
 0449234 1704772 1882133 1280500 2348382 1955394 1979900 0948775 0026385 0005910 0043100 0175630 0205250 0389071 0441889 1299351 1305866 1521991 1705104 1883351 2700149 0520511 1704711 0597357 0034716 0034693 0034721 2700262
 0449774 2348205 0086418 0150312 0025914 0025929 0026809 0150312 1705535 3161035 2347946 0086418
 0043227 0449719 1521721 1709471 0027468 0011318 0018173 0018684 0021622 1548284 3245503 0018173 1548284
 0016617
 0018896
 0282413 3273171 0369637 0441923 0686900 1272683 1522634
 1704729 0006754 0041740 3146274 1826357 1555265
 0013849 1705961 0024492 1538057 1547565 0059804 0034036 0034037 1514756 1704324 0348078 0376315 1272684 1522492 1527075 1548435 0001483 0001483 0001486 1552907
 0033640 0031727 0033684 2350345 0001497 0033640 0031727 0033684 1879547
 0014441 2717977 0005507 0014442 0021075 0243073 1510438 1517892 1704666 0014441 2717977 0005507 0014442 0021075 0243073 1510438 1517892 1704666
 0015688 2698488 0015684 0001128 0202406 0332296 1880497 1996904 0015688 2698488 0015684 0001128 0202406 0332296 1880497 1996904
 0017725 0871208 1521828 1707797 0017725 0871208 1521828 1707797
 2964135 0017725 0574032 0871208 1521828 1827465 2964135 0017725 0574032 0871208 1521828 1827465
 0017741 0337438 0595310 0178665 0201777 0013220 0017725 0020963 0022885 0039593 0220929 0231197 0392366 1704410 0017741 0337438 0595310 0178665 0201777 0013220 0017725 0020963 0022885 0039593 0220929 0231197 0392366 1704410

 0599782 0017725 0205054 1709366 0599782 0017725 0205054 1709366

 0034818 1334133 0021641 0597357 1533581 1579433 0034818 1334133 0021641 0597357 1533581 1579433
 0034818 1334133 0021641 0597357 1533581 1579433 1710236
 0017725 0871208 1521828 1707797
 0236287 0202098 0201777 0598703 0013220 0020963 0021641 0022885 0039593 0220929 0231197 0392366 1533581 1579433 1704410 0236287 0202098 0201777 0598703 0013220 0020963 0021641 0022885 0039593 0220929 0231197 0392366 1533581 1579433 1704410

 0034580 0034580
 0289779 1257987 3537039 1514811 1706462 0035171 0035168 0242481 1707689 2983265 0557061 2584313 1514811 1706462 0489488 1512806 0030011 0231174 0680095 0337174 1698986 1753314 0021655 2700570 0021641 0237834 1514892 1533581 1579433 0011860 2984301 1320657 0011849 0441730 0011847 0332307 1547052
 3539617 1522618 0441712
 0022337 2986463 0166417 1335238 0017011 0166418 1418776 1552644 2349976 2984537 0745343 0039798 0087111 1522326 1533734 1705169 3538994
 0040833 1521798 0025141 0022337 0745343 0039798 0087111 1522326 1533734 1705169 3538994 2916798 2917405 0243192 2987634 0166417 1335238 0166418 1418776
 0597277 1708601 0597277 1708601 0021966 0221138 0597277 1708601 0009015 0185117 1540187 2986675 0389071 1540187 0017337 1519595 2346714 0028754 1563743
 0025141 0369637 0441923 0439267 0205250 0424612 1299351 2700149 0036825 0033684 0229671 1546774 1550100 2348205 0206131
 1540187 0017337 0028754 1963185
 0268059 0369637 0441923 0204727 0205409 0220862 1880022 0061173 0389071 0242210 0033684 0243122 1145667 1167622 0544357 0032105 0086418 1550098 1998793
 0040371 0000857 0600678 1552863 0035820 1705810 0012634
 0033727 0369286 0441932 0564385 0205090 0684010 2603358 0145779 3540468 3538806 0185117 0028977 0222331 0001527 0278403 0440744 0040300 0443315 1547928 0011860 1320657 0441730 0011847 0011849 0332307 1547052
 0025141 0206131 0567416 1825598
 0040833 1521798 0025141 0597277 1708601 0027778 0560008 0019907 2681927 2987742 2984916 0427716 1304757 0086045 0205216 0392756 0442797 0150312 0332285 2348042 2826345 0242656 0449258 0011860 1320657 0441730 0011847 0011849 0332307 1547052 0024400 0026447
 0597277 1708601 2986904 3541314 2675519 0011860 1320657 0441730 0011847 0011849 0332307 1547052 0004083 0439849 0596306 0699792 0020459
 3541334 1836672 0033268 0311403 0006539 0009498 0033684 0206131 0439849 0445223 1441547 1532717 3245521 0028754
 1836672 3541334 0369637 0441923 2349975 0021641 0205054 0441472 1533581 1579433 3266814
 1332787 0025141 2347167 1881534 0205250 0424612 1299351 2700149 0597304 0010813 0596311 1330957 1514468 1704444 0442805 1158366 0015684 0001128 0030011 0202406 0015127 1314792 1524003 0043096 2911645 0005910 0043100 1305866 1517945 1705104
 0033727 0369286 0441932 0564385 0597277 1708601 0597277 1708601 0439526 0033727 0369286 0441932 0564385 0597277 1708601 0369637 0441923 0597277 1708601 0205090 0684010 2603358 0369637 0441923 0389071 1555029 0021655 2700570 0021641 0237834 1514892 1533581 1579433 0332281 0023787 1280433 0028754 1963185
 1332787 0025141 0439267 0369637 0441923 0369637 0441923 0185117 0243107 0678723 1527148 0034693 0034721
 3541334 1836672 0023031 0369637 0441923 2986463 0024548 0026385 0556966 1412999 1552950 0369637 0441923 0025936 1522424 0003069 0025914 0025929 0026809 1880389 1883221 3541951 0389071 0870432 1705417 0389071 0920563 0021641 0036667 0312418 0427965 1511883 1522640 1533581 1579433 2346484 2349185
 3541334 1836672 0024548 0026385 0556966 0369637 0441923 0031843 0542341 0678594 0700205 0947630 1705273 0389071 0682768 0009498 0019932 0033684 0206131 0332285 0439849 0445223 1327616 1532717
 1832586 0205250 0424612 1299351 2700149 1749855 1879547 0389071 0009498 0006539 0033684 0206131 0439849 0445223 1532717
 0369637 0441923 3541334 0024548 0026385 0556966 0369637 0441923 1836672 0022337 1506978 1705538 0520511 1704711 1265611 0086597 0127400 0289779 1257987 2986411 3537039 0920563 0021641 0036667 0312418 0427965 1511883 1522640 1533581 1579433 2346484 2349185
 0369637 0441923 0597277 1708601 0369637 0441923 0597277 1708601 0033727 0369286 0441932 0564385 0268059 0597277 1708601 0597277 1708601 0205090 0684010 2603358 1955918 0009015 0389071 0597357 0086597 2945675 1280500
 0025141 1552154 0205250 0424612 1299351 2700149 0390690 1332728 1570804 0006631 1413274 2603360 0597357 1979900 0948775 0026385 0005910 0043100 0205250 1299351 1305866 1521991 1705104 2700149 0389071 0009498 0033684 0206131 0348078 0376315 0439849 0445223 1522492 1532717
 0033727 0369286 0441932 0564385 0369637 0441923 0597277 1708601 0597277 1708601 0016327 0439133 1553038 0205090 0684010 2603358 0004739 0332297 0389071 0042153 1158366 0015684 1159301 0001128 0030011 0202406
 1426572 0025141 0033727 0369286 0441932 0564385 0210657 1418531 3274756 0021966 0221138 0022337 0021655 1515655 2700570 0021641 0023175 0181586 0237834 1442948 1514892 1522538 1533581 1579433 2348269 3275067 0332325 0034693 0034721
 0369637 0441923 3539059 2986463 0022337 2945675 1280500 0021655 2700570 0021641 0237834 1514892 1533581 1579433 0034693 0034721
 0025141 0033727 0369286 0441932 0564385 0597277 1708601 0369637 0441923 0369637 0441923 0033727 0369286 0441932 0564385 1257987 1260953 1327616 0036536 0036537 0035820 1705810 0232337
 0025141 0205090 0684010 2603358 0199782 0599782 0017725 0205054 1709366
 0025141 0439267 0369637 0441923 0238198 2931518 0039260 0332293 0369637 0441923 1517499 0017337 0040671 1705822 0185117
 0025141 0369637 0441923 1261322 1516048 0017296 0017337 0039798 0087111 1363945
 0314604 0025141 0011318 0597277 1708601 0454673 1550752 1062667 0001490 1517499 0001483 0001486 0040671 0086597 0127400 1552907 1705822 1555029 0162418 0020456
 0025141 0033727 0369286 0441932 0564385 0021966 0221138 0369637 0441923 0369637 0441923 0597277 1708601 0597277 1708601 1707520 0807745 0918012 1552854 1637833 0021655 2700570 0023822 0036806 0587184 0023821 1522133 0065055 0008377 0023820 0178587 0205250 1299351 2700149 0005893 1305855 0518010 0242821 0460148 0577559 0918012 1268086 1306372 1552854 1637833 3152252 0032659 1257890
 1315013 3642273 0025141 0596019 0596019 1261082 1551056 2981682 0043096 0005910 0043100 0301630 0392756 0441610 1305866 1705104 0442805 0032120 0036825 1168405 0428479 0032105 0441889 1550098 0389071
 0369637 0441923 0369637 0441923 0597277 1708601 0021966 0221138 0033727 0369286 0441932 0564385 0389071 0004153
 0021966 0221138 0597277 1708601 0033727 0369286 0441932 0564385 0369637 0441923 0033727 0369286 0441932 0564385 0033727 0369286 0441932 0564385 0369637 0441923 0205090 0684010 2603358 0597277 1708601 0369637 0441923 0021655 2700570 0021641 0237834 1514892 1533581 1579433 0332268 0389071 1540187 2986675
 1426572 0025141 0369637 0441923 0205090 0684010 2603358 0597277 1708601 0369637 0441923 0597277 1708601 0597277 1708601 0205090 0684010 2603358 2984427 1704259 1705987 0597360 3244092 0185117 0441889 0036667 0312418 0427965 1511883 1522640 2346484 2349185
 0012836 0027215 0390690 1332728 1413277 1570804 0006631 1413274 2603360 1880022 0007577 0001511 0175633 0027215 1413277 0006631 0369718 0441922 1413274 1553036
 0025141 0369637 0441923 0597277 1708601 0033727 0369286 0441932 0564385 0205090 0684010 2603358 0332453 0015127 1314792 1524003 0021655 2700570 0021641 0237834 1514892 1533581 1579433 2936381 0220781 0439634 1522492
 0597277 1708601 0033727 0369286 0441932 0564385 0004684 1412800 2986890 0030011 0330390 0439096 2004068 0021655 2700570 0021641 0237834 1514892 1533581 1579433 0271650 0017725 0231199 1744706 2355652 0332268 0389071
 0033727 0369286 0441932 0564385 0597277 1708601 0597277 1708601 0369637 0441923 0597277 1708601 0597277 1708601 0369637 0441923 0597277 1708601 0597277 1708601 0205090 0684010 2603358 0389071 0025914 0025929 0026809 0025914 0025929 0026809
