 1412096 0008377 0023821 0023820 0178587 0205250 1299351 2700149 0003591 0023779 0333668 1518422 0369637 0441923
 0016327 0439133 1553038
 1293097 2919030 2919031 0014137 0028707 0392209 1442959 0041740 0043038 0043038 0034036 0034037 1514756 1704324 0348078 0376315 1515981 1522492 1527075
 0520510 0557061 2584313 1514811 1706462 0242738 1148932 1412096 0086597 1159709 0005528 1317949 3495449 0007634 3282337 0023821 0023820 0178587 0205250 1299351 2700149 0085201 0003592 0023767 1101522 0003591 0021966 0023779 0221138 0333668 1518422
 1547282 1412096 0553257 0007634 0018557 0021270 0022646 0227665 1278978 1514845 3282337 0332197 1689985 0023820 0007603 1513112 0025255 0032105 0596901 1550098 1706182 0008377 0814423 0008391 0008377 0242417
 0008377 0023821 0023820 0178587 0205250 0849355 1299351 2700149 1441547 3245521 1880389 1883221 3541951 0007634 1518422 3282337 0332268 1412096
 1514559 0151691 0023821 1265608 1291139 0023820 0178587 0205216 0205250 0392756 0442797 1299351 1883712 2700149 1705535 1709707 1518422 0023821 0023820 0178587 0205250 0849355 1299351 2700149 0008380 1420304 1819279 0001374 1550030 0599814 1159709 1750080 0001390 0008377 0014442 0175996 0178719 0005528 1317949 3495449
 1412096 0332268 1706793 0002520 0033684 0205245 0542341 2700217 0456389 1515981 2348205 1412096 0024432 0008377 0026473 0086418 1441547 1546706 1550652 1708715 3245521
 1513776 1709915 1882936 1514562 2246761 0014895 0475264 1744691 0699040 0205148 1148923 0243122 1145667 1167622 1880389 1883221 3541951 0205224 0033684 0599896
 0947630 1547282 1412096 0008377 0814423 0023821 0023820 0178587 0205250 1299351 2700149 0332290 1159709 0005528 1317949 3495449
 0520510 0557061 2584313 1514811 1706462 0002783 0014507 0947630 0150312 0032105 0441889 1550098 0007222 0277793 0007226 0012634 0332162 0439849 0445223 0441889 0549634 1704258 0086418 0205397
 0441889 0035648 0960756 0035647 0205160 1513916 1521761 2825415 2825491 2827422 0243107 0678723 1527148 0004153
 0205447 0032214 0600138 2248593 1159709 0005528 0008377 1317949 1555029 3495449 0008377 1707059 0007634 3282337 1550030 0023884 0736268 1278929 2346688 0005528 1317949 3495449 0221102 0504085 2699704 0005388
 1179435 0449432 1705248 0085201 0003592 0003591 0021966 0221138
 0085201 0003592 0021966 0221138 0033414 2246761 0031676 1704675 0242738 1148932 1148923 0243122 0450240 0596902 1145667 1167622 1706210 1412058
 0242738 1148932 1148923 0243122 0450240 0596902 1145667 1167622 1706210 0025255 0596901 1706182 1711300 1880389 1883221 2700613 3541951 1148916 0028630 0243122 1145667 1167622 1880389 1883221 3541951 1510699 0020291 1148916 0028630 0243122 1145667 1167622 1880389 1883221 3541951 0359589 1999230 0424589 0542479 1442080 0025255
 0507850 0677535 1412058 0039869 1883351 0032214 0600138 0035820 1705810 0024432 1546706 1550652 0011389 0332461 0333463
 0185117 0020443 0008377 0024432 0205250 1546706 1550652 1708715 3163633 1879547 0140283 1612060 1421546 0023884 0035339 0332285 0597357 0736268 1278929 2346688 3536891 0086860 1145667 1167622 1412058 1515877 1879547 0040649
 0008377 0023688
 1412058 0017337 0598783 1517898 0023779 0025519 0025520 1314939 0140283 1612060 1421546 0140278 0023884 0035339 0205263 0597357 0736268 1278929 1879547 2346688 3536891 0332257 1547699 2700640 1412096 1422255 1422256
 1422255 1422256 0348078 0376315 1522492 0033414 0031866 1159709 0232648 0005528 1317949 3495449
 0026882 0023175 0342907 1442948 1522538 2348269 3275067
 1412096 0700364 1883351 0348078 0376315 1522492 0205250 0024432 1546706 1550652 2246761 0007634 3282337 0023821 0023820 0178587 0205250 1299351 2700149 0450348
 0166418 1418776 0442805 0185117 2246761 0205263 0857127
 0332453 0025914 0025929 0026809 0205250 0424612 1299351 2700149 0012155 1442959 1519433 2983588 0015127 1314792 1524003 0333574 0031676 0019612 0024432 1546706 1550652 0392747 0443172 1278073 0023779
 0040300 0012171 0333574 1527016 0012155 0023779 0205263 0424612 2699635
 0150312 0449450 0557651 2603343 1880022 0031843 0542341 0700205 1705273
 1524063 0449913 1553451 1704459 1412096 0205250 0553257 0007634 0018557 0021270 0022646 0227665 1278978 1514845 3282337 0008377 0814423 0023821 0023820 0178587 0205250 1299351 2700149 0085201 0003592 0023767 1101522 0003591 0021966 0023779 0221138 0332296 1518422 1880497 1996904
 1513112 0750492 1184743 1522240 1148916 0028630 0243122 1145667 1167622 1880389 1883221 3541951
 0348078 0376315 1522492 1551393 1705492 3272743 1706793 1874187 0002520 0001128 0205177 0439167 0441655 1561536 0348078 0376315 1522492 0024432 0086418 1546706 1550652
 1514559 0443225 1444754 1706316 0348078 0376315 1522492 1412096 1422254 2246761
 0348078 0376315 1412096 1522492 1422254 0205224
 0520510 0520510 0557061 2584313 1514811 1706462 0884358 0021178
 0553257 0007634 3282337 0598079 1301820
 0553257 0007634 3282337 1412096 3146294 1524063 0449913 1553451 1704459
 0009219 1874187 0033684 1510755 0237753 0449788 1706078 1706141 0598211 2827734 2981698 0039796 0723712
 0007634 3282337 0032136 0205265 1524063 0916399 0681834 0036397 0185125
 0205132 0205409 1548221 1883708 2349105 0022959 1150051 0016955 0205177 0439167 0441655 1561536 0005507 0243073 1510438
 0205132 1947971 0026088 0205263 1150051 0205177 0439167 0441655 1561536 1883708 2349105 0332256 2700400 1412096
 0009013 1522642 0332256 2700400 0002520 0001128 1510755 2981742 0237753 0449788 1527178 1705938 1706078 1706141 0598211 0439086 2827736 2981702 0006556 0023690 2827421 0009219 0002520 0001128
 0006556 1301820 1524063 0449913 1553451 1704459 0032520 0677874
 0035668 0024432 1301820 1421351 1546706 1550652 1705396 0050486 0332293 1522326 0046654 0020339
 0079870 2945843 0079866 0205145 1515974 2825164 3146302 0439851 1947931 0205214 1522138 3245511 0242356 0993637 0002055 0178499 1511726 1880279 3245479 0043016 1514562 1412096 1510755 0237753 0449788 1706078 1706141 0598211 0206243 0699809 0439787 0849355 1524063
 0525049 0009013 1522642 0598079 0009219 1273517 1883351 0079941 0080089 0034754 0175566 0180979 1705179 1705858 1883708 2349105 0080089 0180979 1705858 0037293 0181496 1710492
 0079941 0080089 0034754 0175566 0180979 1705179 1705858 0332268 1874187 0002520 0001128 2827421
 0553257 0007634 3282337 0205132 0445247 1441547 1522642 1550648 1552960 1704387 3245521 2349105
 0007634 3282337 1314677 0332256 2700400 0007452 0015965 0229671 0521457 1140701 1546774 1550100
 1444656 1412096 1422254 0007634 0205263 1439852 3282337 0033727 0369286 0441932 0564385 0036774 0036773 0728877 0001924 0007452 0229671 1140701 1546774 1550100 0026088
 0023821 0023820 0178587 0205250 1299351 2700149 0003592 0041609 1548958 1705294 1521827 1300565 0439526 0003595 0003591 0333668 0003593 0085201 0003592 0003591 0021966 0221138 0023821 0023820 0178587 0205250 1299351 1998793 2700149
 1159709 0005528 1317949 3495449 1442460 0008377 2348025 0439526 0439190 1547061 0009458 0229671 0439228 0439536 1524062 1546774 1550100 1705217 3244283 0039798 0087111 1522326 1533734 1705169 3538994
 1883351 0079809 0242485 0007634 3282337 0036774 0036773 0728877 0085201 0003592 1300565 0086706 0268226 0628062 0023821 0023820 0178587 0205250 1299351 2700149 0020746 0085593 0009458 0439536 1705217 3244283 1516695 1516698 0179834 1883351 0849355 1883720 3244314 0007634 3282337
 2246761 0009458 0439536 1705217 3244283 1442460 0750480 1705566 0007634 3282337 0332296 1880497 1996904 0005507 0243073 1510438 1979885 1442460 0008377 0450355
 1883351 0079809 0242485 0332620 0007634 3282337 1548982 1720092 1720830 1823521 1948045 1883708 0008391 2945590 0008377 0242417 0439148 0439526 1439852 1519795 1704753 1880519 0456692 0702093
 0007634 3282337 1883708 1548982 1720725 1720830 1823521 1948050
 0023779 0185115 3541890 1442460 0008377 1442460 0204727 0205409 0220862 0444706 3541902
 1412096 0553257 0007634 3282337 0041175 0006353 0077281 0814229 0332256 2700400 0025402 0013618 0033684 1514893 1704732 2699488
 0033684 1412096 0003242 0003241 0021027 0205396 1550043 1551388 1708067 0019941 0027021 0031179 0330510 0522529 0939835 1110641 1318719 1719918 0003242 0003241 0021027 0005574 1524063 0201709 0005507 0243073 1510438
 1422254 0205396 1550043 1551388 1524063 0003242 0003241 0021027 0019941 0027021 0031179 0330510 0522529 0939835 1110641 1318719
 0007634 3282337 0456693 1442458 0702093 1439852 1720830 1823521 0332256 2700400 0084682 0005575 2700256 0242392 0025252 0699040 0007634 0033684 0205148 1269647 1704653 1948049
 0007634 3282337 1548982 0020498 1881753 0041175 0006353 0036082 0077281 0814229
 1883351 0370215 1875400 1412096 0007634 0033684 1269647 1704653 1948049 0006353 0332256 2700400 0033607 0030946 0243077 1947941 2828366 1439852 0439583 0079240 1948037 0251594 0030956 0442818 1708067
 0439855 1704241 0368675 0060916 1328924 0013855 1524063 0071500 0017243 0071499 1382104
 1708639 1514756 0033684 0205163 0007634 1265611 1549782 3282337
 1883351 0079809 0242485 1412096 0033684 0348011 0600190 0019941 0005507 0027021 0031179 0075278 0205396 0243073 0330510 0939835 1110641 1318719 1332684 1510438 1550043 1551388
 0332220 0005507 0243073 1510438 1412096 2987476 0007603 0025255 0032105 0596901 1550098 1706182 0553257 0007634 3282337 1412096 1548982 0456963 0009264 0009443 0020746 0234192 1720725 1720830 1823521 1948050 0456693 1442458 0702093 1439852 1720830 1823521 0332256 2700400 0058479 0947344 0332220
 0007634 3282337 1883708 1548982 0009264 0009443 0234192 1720725 1720830 1823521 1948050 0332256 2700400 0017890 0522461 2828360 0009264 0009443 0234192 1720725 1720830 1823521 1948050
 0005507 0243073 1510438 1524063 0600209 1704732 0003242 0003241 0021027 1708067 0182400 1704681 2347609 3536729
 1709451 0022885 0038492 0039593 0392366 0936012 1551041 1552573 1709450 0237881 0750502
 0681814 1706386 1547282 1882932 0681814
 0026691 1522609 1705240 1839259 1412096 0444686 1441506 1443182 1524063 0206165 3161035
 0520510 0557061 2584313 1514811 1706462 0205263 0857127 0392747 0520511 1704711 1280500 2244223 1326960 0019868 0553257 0007634 3282337 0006556 0086418 0205088 1412096 1522485 1705314 1705315 1708067 1708632 0205263 0669372 0026088
 0243148 1550141 1882979 2587213 3274648 0007634 3282337 0086022 0442335 0445247 1705099 0332268 0006556
 0449913 1553451 1704459 3244092 0040223 0185117 0205250 0441889 0683607 0851827 1299351 1412096 1701901 2700149 3244310 3541383 0023983 0677881 1280500 1511636 0007603
 0007634 3282337 0037293 0181496 1710492 0007634 3282337 0038164 1818826 0033684
 0003241 0021027 0442726 1511790 0033684 1518422 0442726 1412096 1274040 1546471 2825142 1518422 1547282
 0450348 0442805 0442805 1708698 2246761 0023822 1522133 0007634 3282337 0442739 1548568 0392747 0443172 1705241 1101522 0085201 0023767 0003592 0003591 0021966 0221138 0450345
 0032659 1257890 0205430 3160715 0205132 1550648 1552960 0205409 1548221 3244092 0441889 0456079 1547707 2946261
 0205132 1550648 1552960 0392885 1522133 0201950 0428466 0441889 0456079 1547707 2946261 0032659 0205430 1257890 1707455 3160715 0869040 0947630 1273517 1517331
 0392366 0185117 0205171 0439044 0679994 0392747 1326960 2244223 0019868 0332293 1522326 0007634 3282337 0086045 0026088 0520511 1704711
 0520511 1704711 0007634 0332293 1522326 3282337 0456692 0702093 0008391 0008377 0242417 1516365 0005507 0243073 1510438
 0007634 3282337 0856966 0201950 0428466 0441889 0008387 0008377 0439084 0728893 1518422 0026088 0392747 0443172 1705241 1883712 1511726 3245479 1518422 1547282
 2246761 0007634 3282337 1518422 0026088 0086045 0392747 0442808 0443172 1705241
 1979874 0039798 0087111 1522326 1533734 1705169 3538994 0205217 0442805 1264633 1554103 0205136 0205217 0442805 1264633 1554103 1979885 0349966 1337208
 0007634 3282337 0033727 0369286 0441932 0564385 1439852 0023821 0023820 0178587 0205250 1299351 2700149 2246761 0205217 0442805 0039798 0087111 1522326 1533734 1705169 3538994 0349966 1337208
 1412096 0392747 0520511 1704711 0332291 0007634 0023820 0085862 0178539 1299583 1704675 1709305 2745955
 0449911 0333052 2607870 0557702 1272706 1704674 0557702 1272706 1704674 0349966 1337208
 2827734 2981698
 0428479 0033684 0441889 0205177 0439167 0441655 1561536 2347469 0553257 0007634 3282337
 1514534 0002778 0936012 1524024 0553257 0007634 3282337 0332293 0026088 0312860 1522326 0033727 0369286 0441932 0564385 0033684 0007634 0033684 0205163 0205396 1265611 1269647 1549782 1550043 1551388 1704653 1948049 1955160 0439267 1524063 0003242 0003241 0021027
 1442460 0007634 3282337 0332293 0026088 0312860 1522326 0033727 0369286 0441932 0564385 1442460 2246761 0033727 0369286 0441932 0444706 0564385 3541902 0085201 1412468 2698168 0023821 0023820 0178587 0205250 1299351 2700149
 1274040 1546471 2825142 0205174 0439175 0201950 0543421 1442946 0008377 0439165 0439810 1527121 0007634 1269647 1704653 1948049 0009458 0391871 0439536 1283071 1705217 3244283
 0369773 2603361 0007634 3282337
 0449911 0333052 2607870 0557702 1272706 1704674 0557702 1272706 1704674 0349966 1337208
 0740116 2827735 2981700
 0392747 0443172 1705241 0871261 1704632 1706817 2911692 0205263 0857127
 1442460 0007634 3282337 0033727 0369286 0441932 0564385 1439852 0086045 0026088 0008391 0332293 2945590 0008377 0242417 0439148 0439526 1519795 1522326 1704753 1880519 0456692 0702093 0033727 0369286 0441932 0564385 1439852 0009458 0162867 1254021 0332288 0023821 0023820 0178587 0205250 0332287 1299351 2700149
 0007634 3282337 0332296 1880497 1996904 0005507 0243073 1510438 1442460 0008377 1518422 1547282 1442460 1979885 1442460 0008377 0009458 0162867 1254021 0332296 1880497 1996904 0005507 0243073 1510438 1442460 0008377 0023821
 1274040 1546471 2825142 0205174 0439175 0439165 0439810 0007634 1269647 1704653 1948049 0008377 0368909 0008377 0332296 1880497 1996904 1442460 1442460 0008377
 0369773 2603361 0243148 1550141 1882979 2587213 3274648
 0332128 0595938 1280500 2246761 0162658 0337051 0456389 1509144 2349200 0332268 1412096
 0562577 0007634 3282337 0442808 0023821 0023820 0178587 0205250 0441889 1299351 2700149 2246761 0443228 1704243 0086045
 1705241 1705242 0449475 0443289 0449432 1705248
 1524063 0206165 3161035 0026691 1522609 1705240 1839259 0038164 0060916 0086376 0033684 1300565 0439526 1522609
 2246761 0007634 0178539 1441547 3245521 0337051 1509144 2349200 0450365 1706097
 2246761 0368909 0008377 0337051 1509144 2349200 0450365 1706097
 1705535 1412096 0392747 0520511 1704711 0007603 0025255 0032105 0596901 1550098 1706182 1881534 0023821 0023820 0178587 0205250 1299351 2700149
 0449911 0333052 2607870 0557702 1272706 1704674 0557702 1272706 1704674 0349966 1337208
 0439086 2827736 2981702
 0541594 0392747 0443172 0520511 1704711 0086045 0023821 0023820 0178587 0205250 1299351 2700149 0562577 0007634 3282337
 1442460 0007634 3282337 0332293 0026088 0312860 1522326 0033727 0369286 0441932 0564385 1442460 2246761 0033727 0369286 0441932 0444706 0564385 3541902 0086045 0023821 0023820 0178587 0205250 1299351 2700149
 0007634 3282337 1883708 0008391 0332293 2945590 0008377 0242417 0439148 0439526 1519795 1522326 1704753 1880519 0456692 0702093 0023822 0023821 2246761 0065055 1522133 0008377 0023820 0086597 0127400 0178587 0205250 1299351 2700149 0005507 0243073 1510438 0007634 1269647 1704653 1948049 1442460 2347469
 1547282 0042295 2246761 0562577 0007634 3282337
 1274040 1546471 2825142 0205174 0439175 0439165 0439810 0007634 1269647 1704653 1948049 1527121 0368909 0008377 0332296 1880497 1996904 0368909 0008377 0332296 1880497 1996904
 1412096 0205217 0442805 1264633 1554103 1979885 0349966 1337208 1705535 1412096 0033414 2348693 0337051 1509144 2349200 0008380 1420304 0001390 0014239 0035295 2982691
 0681814 1706386 0023821 0023820 0178587 0205250 1299351 2700149 1301751 1280500 2348382 0014898 1524062 0205431
 1883351 0023821 0023820 0178587 0205250 1299351 2700149 0001721 2348693 1527121 0858034 0008377 0007634 3282337 0023821 0023820 0178587 0205250 1299351 2700149 0033727 0369286 0441932 0564385 0444706 3541902 0332296 1880497 1996904 0423896 0456205 0008387
 0023821 0023820 0178587 0205250 1299351 2700149 0423896 0456205 0205250 1299351 2700149 0450373 1553636
 0205171 1720467 1264633 1554103 0007634 0562577 1979885 3282337 0740116 2827735 2981700 1167624 1947902 2827499 0443303 0423896 0456205 0450375
 1274040 1546471 2825142 0332290 0033414 2348693 0337051 1509144 2349200
 1883712 0392756 0332296 1880497 1996904 0423896 0456205 0349966 1337208 2347469
 0007634 3282337 0301630 0392756 0441610 0008387 0008377 1515981 1979885 0301630 0392756 0441610
 0301630 0392756 0441610 0443228 1704243
 0368909 0008377 0332296 1880497 1996904 0008387 0008377 1979885
 1511726 3245479 1265611 0007634 3282337 0368909 0008377 0332296 1441547 1880497 1996904 3245521 0337051 1509144 2349200 1882925
 0449911 0333052 2607870 0557702 1272706 1704674 0557702 1272706 1704674 0349966 1337208

 2612541 0014895 0021467 0021469 1628982 3463820
 0007634 3282337 1527121 1442460 0008377 1439852 0009458 0162867 1254021 0023821 1300565 0033727 0369286 0441932 0564385 0332296 1880497 1996904 1979885 2347469 0008377 1442460 0008377 0444706 3541902
 1274040 1546471 2825142 0205174 0524983 0060916 0086376 0007634 0033684 0439267 1269647 1704653 1948049
 0007634 3282337 0033727 0332293 0369286 0441932 0564385 1522326 0026088 0008380 1420304 0001374 0003277 0001390 0008377 1999216 0033727 0369286 0441932 0564385 1439852 0009458 0439536 1705217 3244283 0023821 1300565 0023822 0023821 2246761 0065055 1522133 0008377 0023820 0086597 0127400 0178587 0205250 1299351 2700149 0005507 0243073 1510438 1979885 1442460 0008377
 1274040 1546471 2825142 0205174 0439175 0439165 0439810 0007634 1269647 1704653 1948049 0008377 0368909 0008377 0332296 1880497 1996904 1979885 1442460 0008377
 1274040 1546471 2825142 0205174
 0369773 2603361 0009458 0162867 1254021
 0442805 0332149 1705910 2362652 1515926
 1883351 2612541 0014895 0001390 0205198 1706082 1999216 0439086 2827736 2981702 0369718 0441922 1553036 1273517 1883351 0309872 2612541 0014895
 0423896 0456205 0392756 0450376 1518422 0001721 2246761 0023822 1522133 2612541 0014895
 1412096 0007603 3161472 0007634 0025255 0596901 1269647 1704653 1706182 1948049 1547282 0205263 0857127 0442805 0008377 0183683 1521721 0596902 0007603 0025255 0032105 0392752 0596901 1550098 1706182
 1883351 0022885 0039593 0392366 0242392 0025252 0699040 0007634 0033684 0205148 1269647 1704653 1948049 1412096 0600209 1704732 0205396 1550043 1551388 1412096
 1412096 1518422 0562577 0007634 3282337 0025252 0038164 0033684 1818826 1412096 1517001 1553637
 1511726 3245479 1513112 0348078 0376315 1522492 0337051
 1273517 0332220 0058479 0947344 1883351 1412096 0007603 0025255 0032105 0596901 1550098 1706182 0376525
 1274040 1546471 2825142 1547282 0332220 0205431 1445860 0033684 0456389
 0058479 0947344 1518422 1522196 0007634 1269647 1704653 1948049 0332148 0750492 0033684 0699040 0007634 0205148 1269647 1704653 1948049
 1441672 0178576 0332220 2828360 1517892 1704666 0175723 0439645 1521913 0332290 1532717
 0332196 2828389 1412096 0205431 1522492 1180347 1523872 0439855 1704241
 1511539 0332220 0013682 0205251 1299352 1550472 0947630 1518422 1999230 0750572 1979934 2987476
 1883351 0392148 0884358 0079870 0079866 0205145 1515974 2825164 3146302 0439851 1947931 0001898 0043016 1514562
 0298973 0033684 0441889 2348205 1883559 0033684 0332307 0445392 1547052 1707455
 1883559 0332307 0445392 1547052 1412096 0037179 0087136 0175723 0205171 0439645 1521913 0700364 0392756 0071500 0017243 0071499 1705535 0456378 1518422 0033414 0376525 0205177 0439167 0441655 1514873 1561536
 0026882 0205197 1705285 0085732 0008391 0008377 0337051 1883351 0033414 2246761
 0947630 1547282 0596988 1518422 0699040 0007634 0205148 0700364 1269647 1704653 1948049
 0678226 1564139 0162847 0033684 0185026 0596988 2987476 3146286 0231174 0680095 0376525 0205224 0599896
 0700364 1518456 0033684 0007603 1513112 0025255 0032105 0596901 0599896 1550098 1706182
 1874187 0033684 2698977 0002520 2917660 0001128 0202406 0205435 0443225 0681842 1279901 1444754 1706316 1707455 1882327 0034037 1704324 0002518 0002520 2917660 0001128 0004793 0162326 0162327 0202406 1519249 0332256 2700400 0079941 0080089 0034754 0175566 0180979 1705179 1705858 1510755 0237753 0449788 1706078 1706141 0598211 2827734 2981698
 0033684 0869040 0947630 1273517
 0947630 1705535 0033684 0002520 1510755 0237753 0449788 1706078 1706141 0598211 0439086 2827736 2981702 0597298 1441414 1553874 1578820
 1883351 1874187 0033684 0031843 0542341 0700205 1705273 0079941 1883644 0009219 0017446 0205147 1515860 0035696 0050486 0023169 0024432 0086418 0205409 1421351 1546706 1548221 1550652 1705396 1708715
 0002520 2917660 0001128 0202406 1412096 0333118 0037293 0181496 1710492
 0553257 0007634 0018557 0021270 0022646 0227665 1278978 1514845 3282337 0033684 0441889 0456079 1547707 2348205 2946261 0033684 0205313 1707455 2347409 0700364 0443228 0549177 1704243 1553638
 0205263 0857127 1874187 0033684 0205217 0442805 1264633 1554103 0699040 0205148 0001390 0175996 0178719 1515981 0332281 0442805 2246761 0023821 0023820 0178587 0205250 1299351 2700149
 1883351 1517331 0085732 0086597 2246761 0007634 3282337 1439852 0023821 0023820 0178587 0205250 1299351 2700149 0033727 0369286 0441932 0564385 0007634 0008377 0392747 0423896 0443172 0456205 1705241 3282337 0444706 3541902
 0392756 0547047 0023821 0007634 3282337 1412096
 0392756 0547047
 0947630 1547282 2246761 0023821 0023820 0178587 0205250 1299351 2700149 1518422 0376649 1442065 0456389
 0348078 0376315 1522492 0332272 1874187 0033684 1518422 0086597 2246761 1705535 0205088 1705314 1705315 1880389 1883221 3541951 1511545
 0449911 0333052 2607870 0557702 1272706 1704674 0557702 1272706 1704674 0349966 1337208
 0439084 0728893
 0185117 0599896 0459205 0205177 0439167 0441655 1561536 0005529 1412096
 0699040 0205148 1412096 0007634 3282337 0005507 0075278 0243073 0442726 1510438 1511790 0332282 0021069 0600209 1704732
 2347469 0007634 3282337 0332293 1522326 0058479 0947344 2828360 0007634 0033684 1269647 1704653 1948049 0600209 0086972 0443299 0687118 1704732 0003242 0003241 0021027 1708067 0182400 1704681 2347609 3536729
 1265611 0553257 0007634 3282337 1883559 0332307 0445392 1412096 1522485 1547052 1708067 1708632 2700323 0596988 0600209 1514893 1704732 2699488 0392148 0025402 1412096 0020985 0002778 0442726 0936012 1511790 1524024 1524063 0003242 0003241 0021027
 0073187 1442460 0007634 3282337 0033727 0369286 0441932 0564385 1439852 0026088 0008391 0332293 2945590 0008377 0242417 0439148 0439526 1519795 1522326 1704753 1880519 0456692 0702093 0033727 0369286 0441932 0564385 1439852 0026088 0332288 0023821 0023820 0178587 0205250 0332287 1299351 2700149
 0007634 3282337 0332296 1880497 1996904 0005507 0243073 1510438 1442460 0008377 1518422 1547282 1442460 1979885 1442460 0008377 0008377 0009458 0162867 1254021 0332296 1880497 1996904 0005507 0243073 1510438 1442460 0008377 0023821
 1274040 1546471 2825142 0205174 0439175 0439165 0439810 0007634 1269647 1704653 1948049 0008377 0368909 0008377 0332296 1880497 1996904 1442460 1442460 0008377
 0369773 2603361 0562577 0007634 3282337
 0699040 0205148 1412096 0005507 0075278 0243073 0442726 1510438 1511790 0332282 0021069
 0332128 0456389 1709305 2745955 0963751 1142652 1514534 0033684
 0033684 1707455 0024432 0050486 0026473 0086418 1441547 1546706 1550652 1708715 3245521
 0017243 0600210 1382104 1527178 1533574 1705938 1881827 1874187 0033684 0205171 1720467 0002520 0001128 0700364 1883351 1522666 0348078 0376315 1522492 1412096
 0680240 0456389 0033684 3179121 0041637 0221313 0225336 1280193 0427861 0007634 0014257 0041638 0042449 0086418 1278960 3282337 1179027 0427861 0007634 3282337
 1998882 1441672 0230715 0175723 0439645 1521913 0456389 0349966 1337208

 1704675 0312590 0348078 0376315 1522492 2348205 1412096
 1883351 1517331 1159709 0005528 1317949 3495449 1707455 0002518 0002520 2917660 0001128 0162326 0202406 1422254
 1412096 1422254 0851285 0024432 1546706 1550652 1547282 1883351 0086597 2246761
 1412096 1422254 0237876 0441889 0449286 0542560 1561545 2348088 0424215 2003939 0002518 0004793 0162326 0162327 1519249 1510755 0237753 0449788 1706078 1706141 0598211 2827734 2981698 0002520 1282927 1806781 2350002 1510755 0237753 0449788 1706078 1706141 0598211 0740116 2827735 2981700
 1334043 2697616 1412096 1422254 0002520 0815040 0001128 1422254 0237876 1334043 2697616 0332128 0002520 0001128 0031843 0542341 0700205 1514873 1705273
 0185117 0205448 0348078 0376315 1412096 1554102 1709915 1882936 0348078 0376315 1422254 1522492 0441889 2348205 0456389 1548787 1551058 0553257 0007634 0018557 0021270 0022646 0227665 1278978 1514845 3282337 1571602
 0597298 0007634 0449913 1269647 1553451 1704459 1704653 1948049 0085732 1299581 0086597 0442805 0023821 0023820 0178587 0205250 1299351 2700149 0007634 0562577 1707455 3282337 0678227 0442805 0442805
 1412096 1518422 0700364 1883351 1511545
 0520510 0557061 2584313 1514811 1706462 0947630 1547282 1514559 0015127 1314792 1524003 0442805 0007634 3282337 0450348 0441712 1706376 1709305 2745955 1518422 1552738
 1547282 1513112 1514559 0008377 0337051 1509144 2349200 0015252 0728940 1515981 2612461 0597177 0023821
 0026882 1705285 0043016 1514562 0332620 1412096 0007603 1513112 0025255 0032105 0596901 0599896 1550098 1706182 1518456 0205224
 0947630 1547282 1874187 0002520 0001128 0205224
 0348078 0376315 1522492 2348205 1412096 0024432 0026473 0086418 1441547 1546706 1550652 3245521
 0449911 0333052 2607870 0557702 1272706 1704674 0557702 1272706 1704674 0349966 1337208

 0185117 0599896 0205177 0439167 0441655 1561536 0005529 1412096
 1265611 0553257 0007634 3282337 1412096 1522485 1708067 1708632 1412096 0600209 1514893 1704732 2699488 1412096 0020985 0002778 0442726 0936012 1511790 1524024 1524063 0003242 0003241 0021027
 2347469 1442460 0368909 1518422 1547282 0007634 1269647 1704653 1948049 1442460 1979885 1442460 0008377 0008377 0009458 0162867 1254021 0023821 0444706 3541902 0349966 1337208 1552738
 0439084 0728893
 0369773 2603361 0007634 3282337
 0369773 2603361 1412096
 0007634 3282337 1439852 0243148 1550141 1882979 2587213 3274648 0023821 1300565 0033727 0369286 0441932 0564385 0577559 1306372 3152252 0201950 0543421 1883708 0444706 3541902 0060916 0086376 0524983 0007634 0008377 0033684 0439212 0439267 1269647 1704653 1948049
 1274040 1546471 2825142 0205174
 0369773 2603361 0243148 1550141 1882979 2587213 3274648
 0073187 1265611 1412096 0007634 3282337 0024432 0026473 0086418 1441547 1546706 1550652 3245521 0185117 1412096 0005507 0243073 1510438 0020985 0002778 0936012 1524024 0003242 0003241 0021027
 0449911 0333052 2607870 0557702 1272706 1704674 0557702 1272706 1704674 0349966 1337208

 0185117 0599896 0205177 0439167 0441655 1561536 0005529 1422254
 1422254 1422254 0553257 0007634 3282337 0020985 0002778 0442726 0936012 1511790 1524024 1524063 0003242 0003241 0021027
 2347469 1442460 0368909 1518422 1547282 1979885 1442460 0008377 0008377 1442460 0009458 0162867 1254021 0023821 0444706 3541902 0349966 1337208 1552738
 0439084 0728893
 1274040 1546471 2825142 0205174 0439175 0439165 0439810 0007634 1269647 1704653 1948049 0008377 0368909 0008377 0332296 1880497 1996904 1442460 1442460 0008377
 0369773 2603361 0007634 3282337
 0369773 2603361 1422254
 1514559 0553257 0007634 3282337 0205217 0442805 0040715 2987521
 1883712 0085201 0003592 0003591 0021966 0221138 2246761 0449416 1705919 0023821 0023820 0178587 0205250 0849355 1299351 2700149
 2246761 0023821 0023820 0178587 0205250 1299351 2700149 0033414 0553257 0007634 3282337 1518422 1412096
 0205171 1720467 0007634 3282337 1547282 0392756 0547047 0332282 2246761 0023822 1522133
 0332148 0750492 2246761 0007634 3282337 0678226 0007634 0008377 0178539 0678640 1527121 3146286 0023822 0023821 1522133 0065055 0008377 0023820 0178587 0205250 1299351 2700149
 2246761 0023821 0023820 0178587 0205250 1299351 2700149 1547282 1883351 0449432 1705248 0086376 0033684
 2607943 2926606 3539655 0036572 0424576 2349186 1512571 0185117 1947931 0332281 2246761 0007634 0008377 0178539 0023821 0023820 0178587 0205250 1299351 2700149
 0557651 2603343 1518422 0376649 1442065 0597237 1998468 0871161 1292721 0007634 3282337
 0947630 1547282 1412058 0008377 0085201 0003592 0003591 0021966 0221138 0849355
 0085201 0003592 0003591 0021966 0221138 1299582 0849355 1883720 3244314 0008391 0008377 1705535 0008377 0025255 0596901 1706182 1880389 1883221 3541951 1705242 0007634 0205431 1412058 3282337
 1412096 1880389 1883221 3541951
 0205435 1279901 1412096 0858034 0008377
 0441712 1706376 0242738 1148932 1148923 0242643 1621831 0017968 0243122 0450240 0596902 1145667 1167622 1552738 1706210 0008377 0031676 1708664 3273178 0007603 0025255 0032105 0596901 1550098 1706182
 1412096 1563744 1749557 0023779 0220781 0333262 0439634 1314939 1522492 1513112 0007603 0025255 0032105 0596901 1550098 1706182 0011209 0559563 1705822 0699040 0205148 0015252 0728940 0023821 0023820 0178587 0205250 1299351 2700149
 0332290 0947630 1547282 0333262 0007603 0025255 0032105 0596901 1550098 1706182 0034850 0439509
 0205437 0008377 1412096 0442805 0205177 0439167 0441655 1561536 0871208 1521828 0025255 0596901 1706182
 0205263 0857127 0205217 0442805 2348693 0337051 1509144 2349200 0678227 0442805
 0442805 0023821 0023820 0178587 0205250 0392148 0392756 1299351 2700149
 1705535 1264633 1554103 1518422 0023821 0023820 0178587 0205250 0849355 1299351 2700149 0699040 0007634 0205148 1269647 1704653 1948049 0205145 1979885
 1274040 1546471 2825142 0008377 0337051 1441672 1412058 3146294
 2348693 1274040 1546471 2825142 0085862 1299583 1704259 1705987 1709305 2745955
 0868928 1706255 1706256 1274040 1546471 2825142 0242738 0032214 0600138 0035820 1705810 1552738 0599830 2348693 0001390
 1274040 1546471 2825142 1547282 0332197 1689985 0699040 0205148 1705535 1880389 1883221 3541951 1514873 0599896 1412096
 1518422 0868928 1706255 1706256 1412058
 0026882 0456148 0549184 1412058 0332128 0205448 1518456
 0043227 1547282 0599155 0026882 1705285 1514562 0596846 0005528 1317949 3495449 2266866 1325281 0441655 0599895 1159772 0033684 0599896 0007603 0025255 0032105 0596901 1550098 1706182 0332149 1705910 2362652 0026882 1705285 0521102 0376525 0541749 1709743 0309872 1292733 0026649
 0183683 1521721 1512612 0947630 1547282 0026882 1422256 0348078 0376315 1522492 0376525 0007603 1513112 0025255 0032105 0596901 0599896 1550098 1706182
 0332149 1705910 2362652 0026882 1705285 0015127 1314792 1524003 1517945 0309872 0376525
 0011008 2348077 0026882 1705285 0001721 0596846 0005528 1317949 3495449 0376525 0150312
 0947630 0205396 1550043 1551388 0237753 0449788 0002518 0002520 2917660 0001128 0162326 0202406
 0025646 0205145 0439659 1527178 1705242 1705938 1412096 0681842 1882327 1883351 2700640 1874187 0033684
 1547282 0033684 1704222 0017337 1514468 0031843 0542341 0700205 1705273 0553257 0007634 0018557 0021270 0022646 0227665 1278978 1514845 3282337
 0150312 0441655 0348078 0376315 1522492 0678594 1334043
 2607943 2926606 3539655 1706793 1874187 0002520 0001128 1511545 0376525 0175996 0178719 0599896
 0577559 1306372 3152252 1412096 0024432 1532717 2348205 0557651 2603343 0680240 2607943 2926606 3539655 0205448 0947630 0750572 1412096 0577559 1306372 3152252
 1705535 0684224 0700287 3496591 0348078 0376315 1522492 0033684 1704222 0017337 1514468 1704444
 0348078 0376315 1522492 0577559 1306372 3152252 0332290 0442805 0425245 0449580
 0020792 0205396 0002518 0751971 1553778 1561491 0243107 0678723 1527148
 0557651 2603343 0521093 0750484 1456348 1412096 1422254 0086597 2246761 0007634 0449475 0332307 0445247 1269647 1547052 1704653 1948049
 1422254 0237876 0424215 2003939 1412096 0086282
 0185117 0450348 0024432 1546706 1550652 0332149 1705910 2362652 0596902 2987476
 0183683 1521721 1512612 1274040 1546471 2825142 1547282 0185117 1412096 0015127 1314792 1524003 1517945
 0238767 0596902 1706086 1518456 0348078 0376315 1522492 0868928 1706255 1706256 1422256
 1274040 1546471 2825142 1547282 2246761 0332197 1689985 0220781 0439634 1522492
 0332196 2828389 0872079 1704675 0332220 0947630 1547282 1412096 0348078 0376315 1522492 0681842 1882327
 0332149 1705910 2362652 0007634 3282337 0542341 0441655
 0332453 0025914 0025929 0026809 0333574 0023175 0023779 0181586 0522501 1442948 1522538 1882074 2348269 2825492 3275067 0024432 1546706 1550652 0023884 0205170 0736268 1278929 2346688 3146287 1523351 2262744 0019868
 0332453 0332281 0008377 0040300 0238767 0596902 1706086 0032214 0600138 0035820 1705810 0007634 3282337 1515655
 1412058 1412096 0700364 1883351 0008377 0031843 0542341 0700205 1705273 1880389 1883221 3541951 0007603 0814423 0003591 0023820
 0024432 1546706 1550652 1412058 1412096 0205263 0449913 1553451 1704459 0332120 0008377 0024432 1546706 1550652
 0700364 1883351 0086168 1547282 1514758 1879547 0205263 0857127 0332282 1709305 1879547 2745955
 0332453 0025914 0025929 0026809 0023175 0040300 0041004 0181586 1442948 1522538 1547928 2348269 3275067 0031676 0008377 0332268 0442805 0008377
 0947630 0027552 0686904 1883351 0035820 1705810 0023779
 1552616 1706244 0557651 2603343 1547282 1412096 0008377 0470187 0023820
 1880389 1883221 3541951 1705242 0205431 1412058
 0947630 1547282 1412058 1412096 0079613 0005528 1317949 3495449 0008377 2984542 1704259 1705987 0023822 1999230 1880266
 2825232 0043227 0027468 0018173 0018684 0021622 1521721 3245503
 0010186 0220812 0449719 1709471 0220808 0680264 0007961
 1706852 0522501 1706089 0949214
 0205155 1293097 1522472 1552923 1705191
 0282413 0376649 1442065
 0254343 0796520 3272379

 0085205 1549619 1880669
 0013849 1705961 0024492 1538057 1547565 0043038 0059804 0000723 1273517 0023821 0023820 0178587 0205250 1299351 2700149 0023821 0023820 0178587 0205250 1299351 2700149
 1148923 0243122 0450240 1145667 1167622 1706210 1148923 0243122 0450240 1145667 1167622 1706210
 1612060 1421546 0023884 0597357 0736268 1278929 2346688
 0140283 1148772 0140283 0140278 1421546 0035339 0597357 3536891
 1518456 1148916 0028630 0243122 1145667 1167622 1880389 1883221 3541951
 1720830 1823521 0991865 0006353 0031603 0031701 0036082 1601799
 0058479 0947344 0058479 0947344
 0009458 0325564 0392747 0439536 1551720 1705217 3244283
 0018557 0021270 0022646 0227665 1278978 1514845 0018557 0021270 0022646 0227665 1278978 1514845
 0023823 0023820 0178587 0205251 1299352 1550472
 0166418 1418776 0597357 0600434 1879547 0597357
 0001390 0008380 1420304 0001390

 0369637 0441923

 0016327 0439133 1553038
 1274040 1546471 2825142
 1514811 1706462 0520510 0557061 2584313 1514811 1706462
 0369773 2603361 0205090 0684010 2603358
 0369773 2603361
 0331761 0205090 0684010 2603358

 2347469




 0000857 0600678 1552863 0369637 0441923

 0369637 0441923
 2603360 0440042 1521738 2346620 2349184 3539073 2603360
 0331925 0205090 0684010 2603358
 2347469 0439394 1706495 3642217
 0016327 0439133 1553038 2603360
 0205090 0684010 2603358

 0033727 0369286 0441932 0564385 0205090 0684010 2603358





 0000857 0600678 1552863
 0033727 0369286 0441932 0564385






 0205090 0684010 2603358


 0369773 2603361

 0205090 0684010 2603358 1708595 3280986 0033727 0369286 0441932 0564385

 0005775 1516559 0000857 0600678 1552863 0402830 0369718 0441922 1553036

 0439114
 0033727 0369286 0441932 0564385 0439114

 0777169 0025141 2603360
 0369773 2603361 0369637 0441923

 2347469 2603360
 0205090 0684010 2603358



 0025141 0369773 2603361
 0331761 0205090 0684010 2603358

 0369773 2603361
 0003850 0000857 0600678 1552863

 0001483
 1144859

 0025141 0205090 0684010 2603358

 0369773 2603361 0369637 0441923
 0205090 0684010 2603358 0597277 1708601 0402671 2244327
 0439267


 0016327 0439133 1553038

 1315013

 0025141
 0016327 0439133 1553038
 0369637 0441923



 0025141 0369718 0441922 1553036 0023493 1961099
 0205090 0684010 2603358




 0450348 0369773 2603361
 0439267
 0439267 2303040 0369637 0441923
 1553033 0439267
 0033727 0369286 0441932 0564385




 0450348 2347469
 1551092 0439267 1553033 1415618 2603360 0205090 0684010 2603358



 2603360 0402217 0033727 0369286 0441932 0564385
 2347469 1708595 3280986 2603362

 1315013




 0369773 2603361



 0201682
 0369773 2603361 0337841 0369718 0441922 1553036 0023493 1961099
 0205090 0684010 2603358


 0201682
 0597277 1708601 0205090 0684010 2603358

 0369773 2603361


 2347379

 0025141 0439267 0597277 1708601



 0201682

 2603362
 0443030 0439394 1706495 3642217
 2347469 2603360
 2347469
 2347469 1705534
 2603362


 2603360
 2603360
 0369637 0441923


 0201682

 0597277 1708601
 1553033 0443048
 0033727 0369286 0441932 0564385



 0201682
 1538925 3273452 3273455 0439267
 1006780 0439394 1706495 3642217 3495095
 0369773 2603361 0205090 0684010 2603358 0369773 2603361

 1553033 0033727 0369286 0441932 0564385
 0033727 0369286 0441932 0564385


 0201682
 0597277 1708601
 0033727 0369286 0441932 0564385 1538925 3273452 3273455 0439267
 1006780 0439394 1706495 3642217 0369718 0441922 1553036
 0369773 2603361 2347469 0205090 0684010 2603358 0033727 0369286 0441932 0564385
 0033727 0369286 0441932 0564385
 0036397 1553033
 0439267 0205090 0684010 2603358 0439267
 1418943

 0268596 2700624
 3642273

 2603362

 0439073 0439082 0597277 1708601 0369637 0441923

 0597277 1708601 0369773 2603361



 0201682
 0369718 0441922 1553036 0999213 0016327 0439133 1553038 0023493 1961099
 0205090 0684010 2603358
 1418943

 0268596 2700624
 3642273

 2603362

 3495095
 0179302 1706253
 0678579 0597277 1708601
 0597277 1708601
 0205090 0684010 2603358

 0016327 0439133 1553038 0205090 0684010 2603358
 2603360

 0017596 1947936
 0597277 1708601

 1315013

 0369637 0441923
 0439267
 0597277 1708601 0369773 2603361 0369637 0441923
 0439114
 0439394 1706495 3642217 0369773 2603361

 0007634 0025519 0025520 1269647 1704653 1948049 0369637 0441923
 0369773 2603361
 2603360 0021966 0221138 0369718 0441922 1553036 0369773 2603361



 0201682

 2347469 0369773 2603361
 0016327 0439133 1553038 1553033 0439394 1706495 3642217

 0021966 0221138
 0022558

 1553033 0024171 0024176 2697939 0016327 0439133 1553038 0439267
 0033727 0369286 0441932 0564385 2347469
 0872005
 0369773 2603361
 0205090 0684010 2603358
 2945618
 2603362
 0033727 0369286 0441932 0564385
 2347379 0028606
 0043016
 0369637 0441923
 0019898 0019900 0242657 0369718 0441922 1553036


 2827734 2981698 0025141

 0016327 0439133 1553038
 0439394 1706495 3642217


 0201682

 0439267

 0369773 2603361
 0016327 0439133 1553038

 1315013

 0025141

 0016327 0439133 1553038

 2347379

 0016327 0439133 1553038 0205090 0684010 2603358
 0369637 0441923
 0205090 0684010 2603358
 0369773 2603361


 0201682

 0439267
 0591517
 0024176 0560137 0369637 0441923
 0037683 1431628 0205090 0684010 2603358
 0439394 1706495 3642217
 0017337
 0025141 2603360 0439267


 0025141 0319862 1321554 2603360 0597277 1708601
 0439267 1051267 0369773 2603361


 2347379

 0025141 2347469
 0332319
 0005775 1516559
 2603362
 1418943

 0268596 2700624
 3642273

 2603362

 0554249
 0033727 0369286 0441932 0564385 0021966 0221138
 0033727 0369286 0441932 0564385 0369773 2603361 0439267
 0007634 1269647 1704653 1948049 0025141
 2347469
 2603360 2603362


 0369718 0441922 1553036
 0597277 1708601 0402217 0033727 0369286 0441932 0564385
 2347469 1708595 3280986


 0201682
 0016327 0439133 1553038 2603360
 0439394 1706495 3642217


 0201682

 0021966 0221138


 0201682
 0369637 0441923


 0439394 1706495 3642217
 0369773 2603361
 0369637 0441923



 0201682
 1538925 3273452 3273455 0439267

 1553033 0033727 0369286 0441932 0564385
 0033727 0369286 0441932 0564385


 0201682
 2603360 0205090 0684010 2603358

 0325074
 0025141 1553033 2603362


 0025141 2603360 0319862 1321554 2347469 0439267 1051267 0369773 2603361 0439267


 2347379

 0025141 1031119 0439394 1706495 3642217 1553033 2603360 0439267 0033727 0369286 0441932 0564385 0021966 0221138 0439394 1706495 3642217 2347469 0369718 0441922 1553036
 2347469


 2347379

 0025141 0205090 0684010 2603358
 0439114
 0439394 1706495 3642217




 0450348

 0033727 0369286 0441932 0564385 2347469
 2603362
 2347469 0439394 1706495 3642217 0369773 2603361
 0439394 1706495 3642217
 0597277 1708601 0205090 0684010 2603358
 0369773 2603361
 0027960 0324740 0439189 1456781 1824986
 0007634 1269647 1704653 1948049 0025141