 0162791 0220845 0282423 0004083 0439849 0596306 0699792 0557651 0947630 2603343 0439267
 0205090 0684010 2603358
 0597277 1708601
 0038137 0175675 1546895 0562547 3160718 0027964 0028407 0067895 0041703 0017398 0017399 1546895 0282413 0376649 1442065
 0013849 1705961 0285253 0597277 1325174 1514756 1708601
 1272684 1548435 2936424 0520510 1514811 1706462 0947630 0004083 0392366 0439849 0596306 0699792 0599883 1524063 0017296 0205419 0314603 0868928 1515981 1533148 1883310
 0442824 1328885 0004083 0017296 0205388 0314603 0684224 0700287 3496591 2919603 0599883 1427926 0521093 0750484 0200345 0085862 0370003 0392366 0600644 1299583 1516698 1704814 2347026 2827734 2981698
 1521761 2827422 0020792 0205396 0012634 0439855 1704241 0798503 0805586 3274764
 1707959 0017337 0012634 0205214 0439855 1314939 1522138 1704241 3245511 0003595 0523511 1412481 0002395 1521724 0012634 0740116 2827735 2981700 0011860 1320657 0441730 0011847 0011849 0332307 1547052 0439086 2827736 2981702 1538440 0242383 0024437 0001779 0011164 0332574 0439849 0445223 1880269 0439084 0728893
 0336791 2827396 0205419 1552603 1706202 1517001 0002778 0936012 1524024 0947630 1274040 1546471 2825142
 0449851 0016617 2350277 0004083 0017428 0439849 0444667 0596306 0699792 0947630 2338314 0040223 3541383 0185125 1632850 1879355 1883351 0205419 0018684
 0032863 0013682 0947630 1999230 0015576 0023745 0034606 0441633 1527178 1704727 1705938 1707455 2826292 0402118 0449911 0004083 0439849 0596306 0699792 0336791 0557651 0947630 1511545 2603343 2827396 0020792 0205396 0919453 0017337 0012634
 2350277 2717878 2827447 0557651 2603343 0017428 0439794 2338314 1707520 0599883 0543488
 1517519 0034606 0441633 2826292 1515187 0348078 0376315 0332257 0039593 0392366 0205419 0205419 0037293 0181496 1710492
 0205419 1527178 1710137 1874451 1707391 0023746 0023745 0281825 0394006 0449774 0680240 1883067
 1883712 0205419 0079941 0009219 0017337 0439801 3542948 0017446 0205147 0009219 0332261 0439751 0444667 1947932 0017428 2338314
 0449445 1292724 0332257 1552866 2700399 2349200 1285573 1524063 1514721 2348147 3542016
 0370003 2347026 0332257 1552866 2700399 0370003 2347026 0868928 1533148 0243148 1550141 1882979 2587213 3274648 1707689 2983265
 2350277 0947630 0884358 0370003 2347026 0032659 0205409 0700321 1257890 1516695 1516698 1548221 1883310 0005516 0017431
 0018270 0220844 1621966 2911660 1285573 0681876 2348561 0032659 0370215 0549177 0557651 0947630 1257890 1518422 1875400 2603343 0439659 1883351
 0681814 3146294 0332257 1301808 1442792 3148680 0557651 2603343 0683954 1274040 1546471 2825142 0851827 1701901 3244310 0332291 0085862 1299583 1515981 1955473
 2350277 0947630 2986526 0012854 0017473 0884358 0025663 0025664 0449851 0018017 1571702 0079809 0242485 1879489 0039421 0205341 1880371 1274040 1546471 2825142
 1883712 0237607 3245512 0336789 1511726 3245479 1301820 0027361 0237401 0039421 1880371 3242457 0079809 1879489 0035171 2983265 2986888 0557651 1707689 2603343 0450348
 0805586 1511726 3245479 1709595 1273517 0242484 0449416 0743559 0750572 1608199 1880371
 1264692 0459471 3173575 0449445 1292724 0750492 0150312 0449450 0805586 0683954 1274040 1546471 2825142
 0162791 0220845 0282423 0218063 1533716 0027552 0686904 1883351 0162340 1285553 1511726 3245479 1274040 1546471 2825142 0034036 0332257 3538986 0683607 0035173 0043227 0205393
 0679006 0206243 0699809 0439787 0849355 2350277 0557651 2603343 0870312 0035201
 0557651 2603343 0033204
 0004093 0032064 0947630 0332257 1552866 2700399 0205559 0439178 1446409 1514241 2825490 0205557 0205237 0439178 1446409 1514241 2825490 0031437 0441621 0870078 0150103 1708943 0243148 1550141 1882979 2587213 3274648 0370003 2347026 0456389 0080103 0205345 1547039 0231174 0680095 0039593 0392366 0439064 1551359 2741673 2981730 0032659 1257890 1514983 0444706 0449770 0752046 0028630 0032529 0037179 0087136 0205171 0231174 0680095 0205173 0205341 1883725 2607943 2926606 3539655 1264692 0459471 3173575
 1533716 0027552 0686904 1883351 0035171 2983265 2986888 0557651 1707689 2603343 0370003 2347026 1273517 0032529 0332307 1547052 0002778 0936012 1524024 0884358 0459471 1881534
 0018017 1547011 1879746
 0018017 0332257 1552866 2700399 0205419 0011860 0332281 0441730 1320657 0011847 0011849 0332307 1547052 0205419 0332281 0004096 2984299
 0018017 0018896 1552861 0181090 0302614 1706050 0036576 0079809 1879489 0557651 2603343 0370003 2347026 1710191 0025663 0025664 0449851 0332307 0013113
 1883525 2346866 2350277
 0442799 1707689 2983265 1707391 0441833 0687744 1257890 1552516 1705428 1705429 0441835 0009932 0441833 0687744 1257890 1552516 1705428 1705429
 0036576 0243148 1550141 1882979 2587213 3274648 1442162 1550718 3244317 0518609
 0947630 0441889 0449286 0542560 1561545 2348088 0683154 0013227 0871261 1254351 1704632 1706817 2911692 0441889 0206243 0699809 0439787 0849355 0079809 0681850 1550501 1706203 1879489 2349001 2349099 2697811 0443288 0449900 0681850 1550501 1706203 0039259 0520511 0599883 1704711 1707391
 1707689 2983265 1523987 0332257 1552866 2700399 0868928 1533148 1336674 1448979 1707689 2983265
 0598312 1883725 1511545 0205419 0205396 1550043 1551388 0599883 1707520
 0035171 2983265 2986888 0557651 2603343 1707689 0332257 1552866 2700399 1306673 0332257 0598312 1883725 0036849 1442518 1705195 0370003 2347026 1707689 2983265 1883351 1514241 2607943 2926606 3539655 2607943 2926606 3539655
 0035171 2983265 2986888 0557651 1707689 2603343 0332257 1552866 2700399 0678257 1274040 1546471 2825142 0205390 1285553 1300072 1306673
 1533716 1511545 0032863 0814843 1280500 0205088 0442504 1546485 1704765 1882509 3496241 1274040 1546471 2825142 1301820
 1720092 1948045 0018017 0162340 0750591 1514721 2348147 3542016 0376649 1442065 0018017
 0012634 0599883 1427926 1882932 1514721 2348147 3542016 0814299 0035648 1517512 1553898 0814287 0017296 0035647 0314603 1514721 1880371 2348147 3542016 0042333 1521761 2827422
 1707959 0557651 2603343 0006142 0678222 0027552 0686904 1883351 0750591 1883351 0332257 1552866 2700399 0006142 0443288 0868928 1533148 1176475 1527349 0007097 1512083
 0205246 1553889 0031437 0557651 0947630 1704788 2603343 3539106 0237506 0442805 0033204 1274040 1546471 2825142 0205173
 1880177 0750591
 0012634 0449560 0332147 0750491 0014406 0449286 0542560 2987476
 0205238 0750591
 0947630 0752046 0028630 0032529 0037179 0087136 0205171 2346714 0034606 0441633 2826292 0017428 2338314
 1883351 0205419 0017428 2338314 0557651 2603343 0005516 1707391
 1521970 0012751 0678257 0005516 1533716
 0005516 1707391 1883351 1292711 0449719 1709471 0079809 0205447 1552738 1879489 1331418 0010186 0220812 0243161 0005516 0017337 0752046 0028630 0032529 0037179 0087136 0205171
 1533716 1533716 0470187 0218063 0032529 1882417 1552738 0037640 0039421 0205341 1285573
 0010186 0220812 0332281 0441833 1999270 3537156 0036576 0036576 0039421 1285573 1948027
 0370003 2347026 2350277 0004083 0017428 0439849 0444667 0557651 0596306 0699792 2338314 2603343 1707391 0027552 0686904 1883351 0679133 1552738 1547011 1879746
 0033213 1706387 0376649 1442065 0332257 1552866 2700399 0019664 0019665 0262512 0262926 1705255 2004062 0079946 0439659 1550512 0023746 1879763 0023745 0281825 0394006 0032659 1257890 0679201 0470187 1274040 1546471 2825142 0150312 1519193 1273517 0032863 0441889 1280500 2348382 0035171 2983265 2986888 0557651 1707689 2603343 1273517
 0222679 0032863 0218063 0814843 1280500
 1999230 1533716 2347946 0449416
 1517519 0034606 0441633 2826292 0332148 0750492 1285573
 1883351 0218063 1511726 3245479 0332306 0947630 1522410 0332257 1552866 2700399 0678257 0034378 1561524 1610034 0025664 0184661 0243148 0332306 1550141 1882979 2587213 2700391 3274648 0699680 0034378 1561524 1610034 0332257 0439165 1549488 1561533 0205173 3539942 0743559 0871208 1521828 1608199
 0237753 0449788 2924612 0017428 0220908 0444667 1305399 1552961 1705053 2338314 2347617 0876919 0205251 0743559 1299352 1550472 1608199 0871208 1521828
 3245505 0032659 1257890 1514983 1516048 1551359 2741673 2981730 0002778 0936012 1524024
 0025663 0025664 0449851 0470187 1514983 0205447 0205172 0034378 1561524 1610034 0243148 0332257 0332306 1550141 1882979 2587213 3274648 3538986 0681814 1706386
 2350277 0002778 0936012 1524024 0042153 0457083 1947944 0038215 0439064 0747726 0336791 2827396 0470187 0459471 3173575 0678226 0022885 0237753 0392366 0449788 0549177 3146286 0884358
 0014518 0205456 2350277 0035171 2985227 3645563 0004083 0017428 0439849 0444667 0557651 0596306 0699792 2338314 2603343 0332307 1547052 0237753 0449788 1441672 1524063 0243161 0680220 0678226 0441621 0870078 2827666 2987476 3146286 0439267 0005516 1709380 0042295
 0270724 1301732 0439787 0849355 0679199
 0332257 1552866 2700399 0598312 1883725 0008300 1707391 0010186 0220812 0032863 1519941
 1274040 1546471 2825142 0684224 0700287 3496591 1533716 0750572 0237753 0449788 0033204 1274040 1546471 2825142 0237506 1274040 1546471 2825142 1261322
 1883351 0218063 0947630 0035173 0085732 1299581 1285553 0002778 0936012 1524024 2707190 0025663 0025664 0449851 0332257 1552866 2700399 0678257 0002778 0936012 1524024 0332257 1881032 0520511 1704711 0038205 0678257 1273517 0025663 0025664 0449851 0022885 0392366 0884358 0814896 0237881 0441889 0750502 1273517 1883351 1285553 1274040 1546471 2825142
 1706852 0439780 0036849 1442518 1705195 1332838 0017337 0681814
 0745732 3272378 0033213 1706387 0027552 0686904 1883351 2350277 0004083 0017428 0439849 0444667 0557651 0596306 0699792 2338314 2603343 0376649 1442065 1292711 0449719 1709471 0518609 0034036 0034037 1704324
 0162340 1273517 1883351 1707391 0370003 2347026 0332257 1552866 2700399 0017446 0450429 1515974 0032659 1257890 0036576 0449416 1705919 0015031 0243103
 0035171 2985227 0332307 1547052 1273517 1336674 1448979 1548556
 0032683 0032659 0456389 1257890 0332120 0332307 1547052 0557651 2603343 1301808 1442792 3148680 0449295 0009667 0237529 1272706 1704725 1704726 1552738
 0085732 0205173 0205341 1883725 2607943 2926606 3539655 0599755 2987476 1883708 1274040 1546471 2825142 0439611 1552738 0027552 0598312 0686904 1883725
 1285573 0678257
 0678257 1273517 0242801 0243161
 0016094 0180853 1522646 1273517 1883351 0683607 0681825 0598312 1883725 2936424 0520510
 0678257 0332257 1511726 3245479 0205173 3539942 0743559 1608199 0871208 1521828
 0678257 1273517
 0243161 0022885 0392366 0439064 1273517 1708320
 1514811 1706462 2936424 0520510 0470187
 1710187 0079152

 1514811 1706462 2936424 0520510 1514811 1706462 0193959 2603360 0439267
 2349101

 0325074 0025141 0033727 0369286 0441932 0564385 2346751 0369637 0441923 0369773 2603361 0700321 0035853 0718133 0369637 0441923
 0178602 0869039 1114758 1281905 0035647 0015576 1704727
 0036397 0025141 0369637 0441923 1708639 0722969 0205090 0684010 2603358 0016327 0439133 1553038 2603362 0402217
 0032529 1882417 0011860 0332281 0441730 1171304 1320657 0011847 0011849 0035647 0205216 0332307 0392756 0442797 1547052

 0325074 0025141 2603362 0439394 1706495 3642217 0439394 1706495 3642217
 1555721 1706204 0332281 1152633 0086439 0205177 0205216 0392756 0439167 0441655 0442797 0597357 1561536 0441994 1548802 2003888 0005893 1305855 0518010 0242821 0460148 0577559 0918012 1268086 1306372 1552854 1637833 3152252 0920563 0021641 0036667 0312418 0427965 1511883 1522640 1533581 1579433 2346484 2349185

 0325074 0025141 0029408 0205090 0684010 2603358 0439070 1705160 0024554 0025266 0086418
 0032529 1882417 0056207 1538440 0242383 0024437 0001779 0011164 0332574 0439849 0445223 1880269
 0036397 0205090 0684010 2603358 1553033 0024888 0699816 1549534 0205090 0684010 2603358 1553033 0597277 1708601 0222048 0332170 0369637 0441923 2603362
 0032529 1882417
 0036397 0997028 0205090 0684010 2603358 0205090 0684010 2603358
 1524063 0018591 0028778 0332206 1533157 1706084 2828370 1883351 0024779 1706473 1708726
 0040833 1521798 0325074 0025141 0369718 0441922 1553036 0597277 1708601
 0016884
 0036397 0025141 0337580 1610173 0349381 0949745 1445339 1553033 0369637 0441923 0016327 0439133 1553038
 0004083 0439849 0596306 0699792 1332838 1273305 0017337 0557651 0947630 2603343 0679199 1707391 0752046 0028630 0032529 0037179 0087136 0205171 0392366

 0025141 0205090 0684010 2603358 0439267 0722969 0205090 0684010 2603358 0108263 0722969 0205090 0684010 2603358
 1519941 0017446 0205147
 2347379 2603360 0439267 0205090 0684010 2603358 2603360
 0205419 0449774

 0027960 0324740 0439189 1456781 1824986
 0325074 0369637 0441923
 1521840 2986546 0036576
 1140694 0439084 0728893 0025141 0369773 2603361 0999213
 0796451 1511790

 0027960 0324740 0439189 1456781 1824986
 0439084 0728893 0025141 0369637 0441923
 1171285 0947630 0039421
 1315013
 0201682 2349138 0369718 0441922 1553036
 0025663 0025664 0205250 0449851 0752046 1272688 1280477 1285573 1299351 1527094 2700149
 0740116 2827735 2981700 0025141 0016327 0439133 1553038 0443021 1553033 0439267
 0220908 1305399 1705053 0026769 1417325 0036429 0439064

 0025141 0597277 1708601 1361561 1880010 0033727 0369286 0441932 0564385 2347469
 1708726 0004083 0017428 0220908 0439849 0443289 0444667 0596306 0699792 1305399 1705053 2338314 0032659 1257890

 0025141 2603360 0205090 0684010 2603358 0597277 1708601 0033727 0369286 0441932 0564385
 2350277 0557651 2603343 0005516

 0025141 2347469 2603360 0597277 1708601 1553033 0205090 0684010 2603358 0144237 0021966 0221138 0035561
 2350277 0557651 2603343 0032729

 0025141 0205090 0684010 2603358 0597277 1708601 2603360
 2350277 0557651 2603343 0005516

 0025141 0205090 0684010 2603358 0439267 0722969 0205090 0684010 2603358 0016327 0439133 1553038
 0557651 2603343 0006141 0230109 0230111 1279491 1280614 0017446 0205147 1708726
 2347379 0597277 1708601 0205090 0684010 2603358 2603360 0033727 0369286 0441932 0564385 2603360
 0752046 0678951 0028630 0032529 0037179 0087136 0205171 0332281 0012655 0220898 1264642 1547045 0027051 0428953 2926063 0021308 0027061 1522564

 0325074 0025141 1513822 1880171 2346505 1512888 1709701 3178913
 0349590 1262865 0025141 1538040 0597277 1708601
 0200898 0796345 0002778 0936012 1524024 0597336 0392762 0599883 1708726 0868928 1706255 1706256 0243148 1550141 1882979 2587213 3274648 0681850 1550501 1706203 2349001 2697811



 0325074 0025141 0997028 0205090 0684010 2603358 1706917 0021966 0221138
 0035171 2983265 2986888 0557651 2603343 1707689

 2347961
 0325074 0740116 2827735 2981700 0025141 0597277 1708601 0597277 1708601
 0282443 1552617 1880156
 0325074
 0025141 0178587 0557775 0016327 0369773 0439133 1553038 2603361
 1265611 1552603 1706202 0026882

 0025141 2347469 0439267
 2350277 0947630 0871935 2699424

 2347961
 0325074 0025141 1706852 2828366 1527021 1554111 1705606 3541382 0333052 0239110 1706852 0239110 1705565 1947976 0687676 1704687 0557854 0013849 1705961 1706852 0282420 1706852 0282111 1706852 1138432 0239110 0162443 0205314 0033213 1706387 0003738 0024552 1519021 1554162 1883712 1552603 1706202 1706852 0282111 2827734 2981698 1706852 0369637 0441923
 0439267
 1706852 0369718 0441922 1553036
 0597277 1708601
 1706852 0369637 0441923
 0439267
 1706852 0369718 0441922 1553036
 0597277 1708601
 2735290 0242456 1522634 0205145 0887933 0947619 0035621 0205090 0439658