 0243044 1825534 3273507 0023837 0544691 1823998 1431628 0079920 0018684 0521127 0557806 0041740 3245503 0039260 0034036 0034037 1514756 1704324 0348078 0376315 1515981 1522492 1527075
 0557061 2584313 1514811 1706462 0040648 0040649 1521761 2827422 0017215 0017446 0205147 0699759 1145667 1167622 3537453 0086860 1332838 0017337
 0040649 0017337 0439064 1314939 0040648 0040649 1521761 2827422 0086860 1332838 0017337
 0557651 2603343 0150312 1515655 0021135 1533691 2827718 0243044 1825534 3273507 0017215 0017446 0205147 0699759 3537453 0086860 0007634 3282337 0005507 0243073 1510438 1328856 0005507 0008546 0021069 0243073 1325550 1510438
 0243044 1825534 3273507 0061179 0311403 0061179 1999216 0243044 1099354 1825534 3273507 1883351 0028778 0332206 1533157 1706084 2828370 0205177 0439167 0441655 1561536 0428479 0033684 0441889 1151115 0205177 0439167 0441655 1561536 0013126 0086860 0035696 0428479 0033684 0441889 0023837 0392756 0007634 3282337
 1883712 1280500 2348382 0005456 2945843 0023837 0007634 1705285 3282337
 0243122 1145667 1167622 0086860 0039798 0061179 0087111 0205216 0392756 0442797 1522326 1533734 1705169 3538994 0007634 3282337
 1707478 1274040 1546471 2825142 0243044 1825534 3273507 0086860 0023837 1883708 0040649 0085732 0086860
 0557061 2584313 1514811 1706462 0205447 1998793 1512977 0009013 0007634 0024660 3282337 2827734 2981698 0740116 2827735 2981700
 0205145 0699759 1145667 1167622 3537453 0086860 0038975 0080347 1514562 1707271 0017446 0205088 0205147 0392752 1705314 1705315 0040649 0439086 2827736 2981702
 0080347 1880389 1883221 3541951 1707271 0017446 0205088 0205147 1705314 1705315 0205088 1705314 1705315 0017446 0205147 0439828 0332256 2700400 0162493 1879547 0035143 1880389 1883221 3541951 0439084 0728893
 0960756 0750591 1521761 2827422 0205177 0439167 0441655 1561536 1704675 1521761 2827422 0337076 0392337 1515981 1336776 3539643 0171961 1417838 1521761 2827422 0108082 0597673 0008318 3265062 0042890 0597357 1336567 1336585 1704907
 0947630 0443289 0085732 0205177 0439167 0441655 1561536 0033666 0392747 0687676 1519614 1554963 1704687 0031715 1158886 0017982 0376322 0001038 1521754
 0947630 0108555 0054846 0007332 0031727 0684224 0700287 3496591 1883351 0205177 0439167 0441655 1561536 0212694 1335262 0033640 0032545 0058610 1418707 0012854 0031727 0033684 0851827 1515981 1701901 3244310 1883351 1510827
 1883712 0017982 0376322 0150312 1883351 0243125 0699900 1883351 1510827 1148673 0040624
 0033666 0392747 0687676 1519614 1554963 1704687 1704675 1521761 2827422 0032214 0600138 0035820 1705810
 0243044 1825534 3273507 0243041 0033684 0439177 0555903 1261360 0007634 0033684 0178539 0439175 0439810 0740116 2827735 2981700 0012634 0348080 1705253
 0205224 0037083 1160185 1710082 0033640 0031727 0033684 0132555 0028128 0030015 2986642 0007613 1325880 0007634 0178539 0440102 1314939 1184743 1522240 0596290 0007634 0334094 1269647 1514485 1704653 1948049 0007589 1511938 2945687 0162638
 0243043 1415760 1527149 0243044 1825534 3273507 1518422 0079613 0162847 0033684 0185026 0008942 0033684 1145667 1167622 0184512 0162847 0185026 0450355
 0444626 0427896 0678594 1533132 1704641 0443289 0205088 1705314 1705315 1880389 1883221 3541951 1145667 1167622 0332290 1510699 0020291 0301641 0392747 0443172 1514873 1158944 0033684 1314939 1710236 0033684
 0061179 0740116 2827735 2981700 0051936 0140575 0207800 0003232 0005456 0682969 1148923 1816449 0205145 0243122 1145667 1167622 1515974 2825164 0018790 0237477 0392351 0521111 0205177 0439167 0441655 1561536
 0243044 1825534 3273507 2982691 0010834 0750554 0348078 0376315 1522492 1179435 0449432 1705248
 0007610 0150312 0205101 0007634 3282337 0007634 3282337 0334227 0006826 0007634 0998265 1306459 3282337
 0205393 0205234 0243044 0521447 0557651 0947630 1285542 1825534 2603343 3273507 0243044 1825534 3273507 0333051 2347509 0034809 1334899 1370369 0017710 0597357 0035280 0333117 1753315
 0243044 1825534 3273507 0542341 0442824 1518422 2963144
 0178485 0023837 0178485 0030016 1537381
 0030016 1417734 0450355 0023837 1880355 0439509
 0040682 1510411 1705163 0312821 0001128 0202406 0332283 0439836 0020349
 0020349 0032214 0600138 0035820 1705810 0021368
 0522501 0205250 3163633 0441889 0456079 1547707 2946261 0011389 0150312 0332461 0333463 0441889 0456079 1547707 2946261 0439453 1414504 0205171 1720467 0205250 3163633
 0441889 0020349 0333348 0392747 0443172 1880177 2674298
 0205177 0439167 0441655 1561536 0038975 0302606 0042776 0086860 0205448 0319157 0439509 1521761 2827422 0005456 2982691 0150312 1883351 0040649 1514873 0023837
 0231162 0012634 0348080 1705253 0086860 0023837 1273518
 0205263 0857127 0039654 0000975 0767601 0242275 1323367 0018284 0014520 0018270 0220844 0221920 1521761 1621966 2827422 2911660 0162508 3536909 0086860 0040649 0023837
 0557651 2603343 0205435 1279901 0150312 0243044 1825534 3273507 0086860
 0021467 0021469 1628982 3463820 0061179 0028778 0332206 2983591 0205177 0439167 0441655 1561536 1099354 0243044 0441889 0456079 1547707 1825534 2946261 3273507 1274040 1546471 2825142 3463820 0205177 0439167 0441655 1561536 0023837
 1510827 0061179 0311403 0392148
 0557061 2584313 1514811 1706462 0003241 0243044 1825534 3273507 0005574
 0312586 0003241 0023837 0079816 1556038 0035168 0205476 0242481 0869011
 0003250 0003241 0746619 0041348 2937342 0076919 1337106 0869011 0005574 0027976 1879958
 0324145 0025914 0025929 0026809 1624602 0022877 0869011 1619828
 3541314
 0061179 0869011 1719918
 0028953 1301820
 0039260
 0449913 1553451 1704459 0043194 0072149 0258432 1421478
 0024075 0032136
 2603360

 0812225 1150635 1705212 1705213 3273202 1312445 0253711 1999216 0009458 0325564 0392747 0439536 1551720 1705217 3244283 0009458 0439536 1705217 3244283 0039421 0376558 1301820 0022130 0027976 1879958
 1553631 0042010 0439190 1553631 0439190 0025646 0439190 0869011
 0032136 2717881 0017337 0869011 1880355 0039260
 0007452 0015965 0229671 0521457 1140701 1546774 1550100 0022877 0043194 0258432 1421478 1619828 0042124
 0462885 0034760 1273517 1522410 1882508
 0007634 3282337 0009458 0325564 0392747 0439536 1551720 1705217 3244283 0332256 2700400 0007452 0015965 0229671 0521457 1140701 1546774 1550100 0038426 0038425 0038720 0475337 3536965 0037540 0030827 1300565 1637390 0030842 0037473 0220892 0439267 0597484 0021178
 0007634 3282337 0332293 0061179 0369637 0441923 1522326 1301808 1442792
 0007634 3282337 0869011 0009458 0325564 0392747 0439083 0439087 0439536 1551720 1705217 3244283 0332256 2700400 0007452 0015965 0229671 0521457 1140701 1546774 1550100 0017797 0038426 0038425 0038720 0475337 3536965 1576824 0034354 0244104 0037540 0030827 1300565 1637390 0030842 0037473 0220892 0439267 0597484 0021178
 0007634 3282337 0032136 0013194 2700580 0042760 1883540 0521026 0597177 0332256 2700400
 0455052 1521827 1548982 1720725 1720830 1823521 1948050 0184933 0439526 0444082 1720830 1823521 0332256 2700400 0031493 0016327
 0007634 3282337 1516695 1516698 0179834 0439267 0702093 1883708 0006353 0019215 1882074 0020283 0450407 0450408 0450409 0024472 0031493 0016327 0012789 0064858 0070329
 0020746 0456692 0702093 0370003 2347026 0439648 0724378 0233927 0677049 0040223 1632851 1524063 0027551
 0007610 0007703 0441436 0993610 1998480 0439267
 0993610 0006353 0019215 1882074 0020283 0450407 0450408 0450409 0037494 1959973 0013618 0017861 0024472 0031493 0016327 0012789 0064858 0070329 0020746 1882509 0702093
 1518434 0521447 2828366 0007703 1521827 0439267 0702093 0849355 1883720 3244314 0441436 0993610 1998480 1698986
 0007592 2828366 0600209 1704732 1979893 0025255 0348011 0596901 0600190 1706182 1524063 0243111 1947951
 0026131 0349374 0444318 2825079 0041175 0077281 0814229 0020283 0450407 0450408 0450409 0037494 1959973 0041415 0444499 0702093 0025255 0596901 1706182 1548982 1720092 1948045 0003241 1439852 2827734 2981698 0243044 1825534 3273507 2827734 2981698 0023835 0023837 0024337 2827734 2981698 0041348 2937342 2827734 2981698 0001271 2827734 2981698 2348236 0005903 0039476 1547703 0033727 0369286 0441932 0564385
 0025255 1548982 0040223 1632851 1439852 0079240 1948037 1624602 1979003
 0040223 0205449 1548982 1632851 0449913 1332684 1553451 1704459 0442711
 1518434 0521447 2828366 1521827 0427716 1304757 0086045 1446561 1524063 1265611 0681814 1273517 1706386
 1518434 0521447 2828366 0075172 0038164 0060916 0086376 0033684 0036681 0439267 0700308 0033727 0369286 0441932 0564385 0179834 1883351 0849355 1883720 3244314 0993610
 1550101 0175730 0205314 0348011 1547937 1704474 0243044 1439852 1825534 3273507 1624602 0033727 0369286 0441932 0564385
 0993610 0075172 0038164 0060916 0086376 0033684 0036681 0439267 1439852 1548982 0040223 1632851 0071500 0017243 0071499 0086972 0443299 0687118 1382104
 0013855 0017243 0020985 0002778 0936012 1522240 1524024
 0040669 0007634 3282337 0450346 0740116 2827735 2981700 0020498 0036563 1705192 1882540 2346495 2584321 0205200
 0007634 3282337 0032136 1524063 1312445 0039401 0253711 0302828 0680240 0947322 1442085 1705426 0392747 1554963
 0042153 0457083 1947944 0040669 0720544 0439267 0032136 1312445 0205195 0253711 0009458 0439536 1705217 3244283 0229671 1546774 1550100 2348236 0005903 0039476 1439852 1547703 0456693 1442458 0702093
 0007634 3282337 0392747 0443172 0332256 2700400 0032136 1312445 0253711 1883708 1439852 2347816 0033727 0369286 0441932 0564385
 0392747 0443172 1705241 0009458 0439536 1705217 3244283 0439526 0009458 0439536 1705217 3244283 0332256 2700400 0007452 0015965 0229671 0521457 1140701 1546774 1550100 0007634 3282337 0033727 0369286 0441932 0564385 1439852 1524062
 1151115 0205177 0439167 0441655 1561536 1552738
 0005507 0012854 0032931 0032932 0243073 1510438 1510827 1642401 2584299 0028953 0439084 0728893 0392752 0023837 0596988 0439084 0728893 1883708 1704972 1704973
 0005507 0243073 1510438 0012893 1550369 0012854 0182400 0439267 0884358 1439852 1704681 2347609 3536729 0439267 1518434 0521447 2828366 0285300 0036681 0075278 0991566 0032411 0720544 0439267 0700308 0033727 0369286 0441932 0564385 1883708 0285300 0036681 0075278 1439852 0006353 0032411 0720544 0439267 0019215 1882074 0020283 0450407 0450408 0450409 0024472 0013618 0012789 0017861 0560268 2349105 0700308 0033727 0369286 0441932 0564385
 0991566 1516695 1516698 0006353 0243122 1145667 1167622 1548982 0332256 2700400 0040223 1632851
 0033684 0332297 0991566 1145667 1167622 1689898 2349209 0006353 0370003 2347026 0600209 0086972 0443299 0687118 1704732 0020985 0002778 0936012 1524024 0600209 0439182 0812409 1515981 1704732 1293950 0487602 1704680
 1328856 0008546 0021069 1325550 0005507 0243073 1510438 0884358 1552738
 0007634 3282337 2827734 2981698 0178576 0332220 2828360 1517892 1704666 1524063 0016564 0702093 2348236 0005903 0039476 1547703
 0007634 3282337 1548982 0040223 1632851 1881488 1883708 0006353 0024348 1516695 1516698 1536403
 0008546 1325550 0037680 0392767 1708096 0456389
 0370003 2347026 0032411 0071406 0720544 0032400 0071360 0439267 0747726 3538902 3541881 0439294 0700308 0033727 0369286 0441932 0564385 1883708 0439267 0301871 0243044 1825534 3273507 0076919 1337106 0369998 1624602
 0033727 0369286 0441932 0564385 0370003 2347026 0038164 0060916 0086376 0439294 0033684 0036681 0439267 1439852 0700308 0033727 0369286 0441932 0564385
 0441648 0033684 0006353 0039462 1705540 0332256 2700400
 0332220 0450385 1555029 0033727 0369286 0441932 0564385 0033684 0059256 0030946 0597277 0868946 1622131 1708601 1947941 0439269 1960952 2346927 0444499 0439391 0439526 0008238 0031428 0070570 0185115 0684295 1998793 0032931 0032932 1642401 2584299
 0012854 0032520 0677874 0936012 0005862
 0206415 0004793 0032520 0162326 0162327 0677874 1519249 0332283 1719822 0439084 0728893 0439084 0728893 0005862 0332283 1719822 0439084 0728893 0439084 0728893
 0007634 3282337 0450346 0740116 2827735 2981700 0036563 1705192 1882540 2346495 1883708 0010453 0220814 0430400 2242979 0013194 0030176 0035366 0439583 2828395
 0007634 3282337 1312445 0253711 1883708 0009458 0439536 0443224 1439852 1705217 2827486 3244283 1442459 0439228
 1550101 1516695 1516698 1880165
 0475208 0439526 0740116 2827735 2981700 0042760 1883540 0521026 0597177 1710198
 0035668 0035668 0185115 0205409 0684295 0812225 0916178 1150635 1548221 1705212 1705213 3273202 0439267 0681850 1550501 1706203 2349001 2697811 0032520 0677874
 0206415 0032520 0677874 1273517 0023837 0439084 0728893 0439084 0728893 1414968 3536868 0017855 2260086 0017854 0030016 0031603 0031701 1515981 1601799 0439084 0728893 0439084 0728893
 1514468 0013856 0596607 1706746 0019873 0006222 0015008 0234621 0487602 1704680
 1515653 0005507 0243073 1510438 0206243 0699809 0439787 0849355 0700308 0033727 0369286 0441932 0564385 0439962 0332256 2700400 0019215 1882074 0020283 0450407 0450408 0450409 0017861 0024472 0012789 0013618
 0086045 0369637 0441923 0018353 0010734 1420150 0369637 0441923 0332256 2700400 1553631 0042010
 0439962 0332257 3538986 0439267 0720544 0439267 0035541 0014241 0021966 0035542 0221138 0018790 0237477 0392351 0521111 2260797 0205177 0439167 0441655 1561536
 1519595 0185115 3541890 0031428 0070570 1720092 1948045 0008238 0031428 0070570 1720092 1948045 0001962 1882443 0013855 0936012 0071500 0017243 1382104
 0017243 1382104 1512080 2827485 0004400 1883708 0884358
 0678632 0013855 0884358 1524063 0022169 0000936 2981153 1524063 1441593 1321564 1321564 1882074 2678549 0020283 0205132 0205166 0450407 0450408 0450409 1706317 0332283 0007634 1269647 1704653 1948049
 1265611 1554108 1561573 1705052 0017243 0205448 1382104 1708715 0439267
 0022169 0000936 2981153 0035953 0600140 1704688 2346414 0332282 1709697 2728259 3484370 1423644 1423644 0032863 0439175 0439810 0033727 0369286 0441932 0564385
 0022169 0000936 2981153 1321564 0205448 1261552 1704379 1705117 2825408 0681850 1550501 1706203 2349001 2697811 0006353 0332256 2700400 0041942 0017861 1423644 0012789 0020283 0450407 0450408 0450409 1722730 1261552 1704379 1705117 2825408 0450346 0740116 2827735 2981700 0560267 0021973
 1321564 1883708 0600209 0205436 0348011 0457385 0565930 1561503 1704732 1705190 0071500 0017243 0071499
 0017243 1293950 0037125 0231441 0443218 0487602 0947651 1305285 1318876 1704680 2827483
 0020792 0205396 0678632 1705052 0013855 0205448 0439534 1707753 0185051 0444499 0175730 0348011 0439526 1547937 1561954 1704730 0020792 0205396 0002778 0936012 1524024 0037813
 0012238 2349986 0002778 0936012 1524024 0037813 1552603 1706202 0242356 0993637 0884358 1552738
 0007634 3282337 0017596 0332490 1947936 0036563 1705192 1882540 2346495 0205170 0444330 1705201 3146287 0005971 1139930 3537155 0439583
 0007634 3282337 0070066 0231441 0443218 2827483 0702093
 0007634 3282337 0040223 0205449 1632851 1720830 1823521 1701810 1882955 0146951 0133689 0242759 0702093 0041415 0444499 0702093
 0007634 3282337 0036774 0036773 0728877 0702093 0003241 0021027 1439852 0243044 1825534 3273507 0079240 1948037 2827734 2981698 0700308 0033727 0369286 0441932 0564385 0020852 3536873 0021027 0439267 1621846 0003241 0079240 1948037 2827734 2981698 0700308 0033727 0369286 0441932 0564385 0020852 3536873 0021027 0034493 0250829 0324145 0439267 0522529 1515981 1621846 0700308 0033727 0369286 0441932 0564385
 0370003 2347026 1548982 1720830 1823521 0017861 0449878 0936012 1524063 1626420 0181839 1706379
 0557061 2584313 1514811 1706462 0243044 1825534 3273507 0086860 0023837 1622508 0033684 0079613 1293132 0040648 0040649 1521761 2827422 0206243 0699809 0439787 0849355 0441712 1706376
 0332255 1708096 0017446 0205147 0392752 0005456 0205145 0243122 1145667 1167622 0182400 1273517 1704681 2347609 3536729 0557651 2603343 1521761 2827422 0086860
 0370003 2347026 0020985 0936012 1624602 0349966 1337208 1547282
 0450344 1553633
 1444656 0017215 0017446 0205147 0699759 1145667 1167622 3537453 0023837 0017446 0205147 0699759 1518422 2931876 0004793 0162326 0162327 1519249 0392747 0439084 0728893 0450344 1553633
 0370003 2347026 0600209 1705052 0205448 0936012 1704732 0443289 0033684 0182400 0699759 1704681 2347609 3536729 3537453 0182400 0699759 1518422 1704681 2347609 2931876 3536729 0450345
 0033684 1516695 1516698 0282597 1518101 0039676 0039685 0557351 0936012 1825291 2348791 2349943 3539704 1711411 0424215
 0243044 1825534 3273507 0205396 1550043 1551388
 1328856 0005507 0008546 0021069 0243073 1325550 1510438 0206243 0699809 0439787 0849355 2949735 0086860 0023837
 1274040 1546471 2825142 0443289 0017215 0017446 0205147 0086860 0580846 1624602 1416886 1442449
 1274040 1546471 2825142 1444656 0243044 1825534 3273507 0086860 0023837 0007634 3282337
 1517331 0021069 0332283 0020985 0243044 1825534 3273507 1624602 0884358
 0349966 1337208 1547282
 0243044 1825534 3273507 1624602
 1883712 1998793 0033684 1273517 0033684 1518434 0521447 2828366 2982691
 0020985 1624602 0443289 0580846 0423866 2626739 0243044 1825534 3273507 0033684 0205171 0439044 0679994 0450354 1706096
 1883351 1292732 0243044 1825534 3273507 1947931 0243044 1825534 3273507 1515653 0021135 1533691 2827718 0005507 0243073 1510438 1704675 1998793
 1274040 1546471 2825142 0443289 1704675 0243044 1825534 3273507 1709305
 1883712 0007634 3282337 0242842 0026018 1441672 0557651 2603343 0475264 1744691 0243044 1825534 3273507 1705052 2986796
 1274040 1546471 2825142 0443289 0243044 1825534 3273507 0007610 0043194 0258432 1421478
 1979874 0041348 2937342 0684224 0700287 3496591 1883351 0332197 2699517 1639518 1947986 0205160 0243148 1273517 1513916 1550141 1882979 2587213 2825415 2825491 3274648
 1883727 1883357 1274040 1546471 2825142 1444656 0243044 1825534 3273507 0033684 0007610 1883357 0086860 1145667 1167622 0023837
 0061179 0311403 0205177 0439167 0441655 1561536 1292732 1280500 2348382 0040649 1332838 0017337 0007634 3282337 0332293 0061179 1522326 0018790 0237477 0392351 0521111 0031843 0542341 0700205 1705273 1148923 0243122 1145667 1167622 0005456 0682969 1148923 0205145 0243122 1145667 1167622 1515974 2825164
 0871208 1521828 0597295 0035696 0441889 0456079 1547707 2946261 1151115 0205177 0439167 0441655 1561536 0013126 0086860 0450366 0007634 3282337 1883708 0936012
 0007634 3282337 0332293 0061179 0086045 0440102 1446561 1522326 0033727 0369286 0441932 0564385 1883708 1708632 0025646
 0663914 1150571 0039798 0061179 0087111 0311403 1522326 1533734 1705169 3538994 1883676 0243148 0439178 1273517 1446409 1514241 1550141 1882979 2587213 2825490 3274648 1639518 1947986 0205160 0243148 1273517 1513916 1550141 1882979 2587213 2825415 2825491 3274648
 0023837 0663914 1150571 0441889 1883708 0021069 0936012 0023837 0663914 1150571 1624602
 0004400 1274040 1546471 2825142 0443289 0871208 1521828 0023837 0663914 1150571 0061179 0392148 0392756 0086045 1446561 0205250 1299351 2700149 0007634 3282337
 1883351 0243095 0439787 0849355 0021467 0021469 1628982 3463820 0040649 0043194 0258432 1261552 1421478 1704379 1705117 2825408 1261552 1704379 1705117 2825408 0007634 3282337 0332293 0061179 0369637 0441923 1522326 0033727 0369286 0441932 0564385 0035668 1883708 0185115 3541890 0035380 0032520 0040649 0332128 0677874 1555029
 1274040 1546471 2825142 1444656 0035696 0441889 0456079 1547707 2946261 0023837 0663914 1150571 0039798 0061179 0087111 0392756 1522326 1533734 1705169 3538994 0007634 3282337 1705241 1705242 1414968 3536868 0017855 2260086 0017854 0030016 0031603 0031701 1441672 1601799 0039798 0061179 0087111 1522326 1533734 1705169 3538994 0450365 1706097
 1151115 0005507 0205177 0243073 0439167 0441655 1510438 1561536 0443289 0032136 0332256 2700400 0033413 0017446 0086860 0205147 0023837 0392752 0007634 3282337 0205177 0439167 0441655 1561536 0311403 0039798 0087111 1522326 1533734 1705169 3538994 0444499 2827734 2981698 0061179 0450366
 1883727 1883357 0021467 0021469 1628982 3463820 0061179 0392756 0040649 0023837
 0449911 0333052 2607870 0557702 1272706 1704674 0557702 1272706 1704674
 0243044 1825534 3273507 0086860 0023837
 1518434 0521447 2828366 0007634 3282337 0028953 1439852 0017215 0017446 0205147 0086860
 0370003 2347026 0600209 0086972 0443299 0687118 1704732 0020985
 2347469 0370003 2347026 0086972 0443299 0687118 0600209 1704732 1293950 0487602 1704680 0884358
 0329155 1427618 1705203 0336721 1547282 0600209 1704732 2347469 1516695 1516698 1518101 0282597 0039676 0039685 0205396 1550043 1551388 1825291 2348791 2349943 3539704
 0162326 1301820 0205280
 0073187 0007634 3282337 0444499 0016564 0231441 0443218 2827483 3272453 0012854 0017428 0887950 0456389 0547044 0700321
 0370003 2347026 1883708 1328856 0005507 0008546 0021069 0243073 0936012 1325550 1510438 0243044 1825534 3273507 1639518 1947986 0205160 0243148 1273517 1513916 1550141 1882979 2587213 2825415 2825491 3274648
 0370003 2347026 1511572 1706746 0017243 0036681 0086972 0443299 0687118 1382104
 0392756 0185117 0018790 0237477 0392351 0521111 0205177 0439167 0441655 1561536 0332257 0243044 1825534 3273507 0243044 1825534 3273507
 1883351 0035820 1705810 0040649 0023837 1099354 1707689 2983265 0441889 0456079 1547707 2946261 0007634 3282337
 0032136 0007634 3282337
 0033727 0369286 0441932 0564385 0042760 1883540 0521026 0597177 0035366 1516695 1516698 1550101
 0007634 3282337 0035366 0439663 1881488 1883708 0020985 0002778 0936012 1516695 1516698 1524024
 1274040 1546471 2825142 0443289 0442739 1548568 0392747 0443172 1705241 1639518 1947986 0205160 0243148 1513916 1550141 1882979 2587213 2825415 2825491 3274648 0243044 1825534 3273507 0441889 0009450 0392756 0021966 0221138 0439084 0728893 0007634 3282337
 0392747 0443172 1705241 1441672 0007634 3282337 0035366 0439663 0450373 1553636
 0441889 0023837 0392756 0035369 0009450 1705241 1705242 0450375
 1883712 0007634 3282337 0035366 0439663 0021966 0221138 0439084 0728893 1883708 0720544 0439267
 0033727 0369286 0441932 0564385 1881488 1151115 0005507 0024075 0205177 0243073 0439167 0441655 1510438 1516695 1516698 1561536
 1274040 1546471 2825142 0443289 1151115 0205177 0439167 0441655 1561536 0086860 0013126 0023837 0392756 0007634 3282337 0332293 0444499 1522326 2827734 2981698 0061179 1882115 0007634 3282337 0450376
 0441889 0456079 1547707 2946261 0023837 0205216 0392756 0442797 0392747 0443172 1705241 1414968 3536868 0017855 2260086 0428304 0456949 0017854 0030016 0031603 0031701 0441889 1441672 1601799 0039798 0061179 0087111 1522326 1533734 1705169 3538994 0450377 2986754
 1280500 2348382 0205177 0439167 0441655 1561536 0023837 0596988 0086860 1280500 2348382 0205177 0439167 0441655 1561536 0023837 0005456 0205145 0243122 1145667 1167622 0392752 0086860 1705285 1883357 0557651 2603343 0439849 1705630 1706279 3540605 0205177 0439167 0441655 1561536 0023837 0349966 1337208
 1274040 1546471 2825142 1547282 1151115 0205177 0439167 0441655 1561536 1883559 0086860 0332307 0445392 1547052 0013126 0023837 0392756 1882115 0086022 0442335 1705099 0013126 0039798 0087111 1522326 1533734 1705169 3538994
 1883712 0205177 0439167 0441655 1561536 1705285 0013126 0023837 0026882 1705285 0086860 0521108 0039798 0087111 1522326 1533734 1705169 3538994 0061179
 0683317 0441889 0456079 1547707 2946261 0205197 0521108 0005456 0039798 0061179 0087111 1522326 1533734 1705169 1705285 3538994
 1274040 1546471 2825142 1444656 0243044 1825534 3273507 0040649 1314939 0023837 0007634 3282337
 0449911 0333052 2607870 0557702 1272706 1704674 0557702 1272706 1704674
 0243044 1825534 3273507 0007634 3282337
 1518434 0521447 2828366 0007634 0185115 3282337 3541890 1883708 1439852 1624602 0051979
 0370003 2347026 0020985 0936012 0243044 1825534 3273507
 2347469 0014834 0017817 0991566 1998793
 0720544 0439267 0007592 0007634 0521447 1439852 3282337 1518434
 0370003 2347026 0600209 0086972 0443299 0687118 1704732 0020985 0936012 1524063 1624602
 0991566 1639518 1947986 0205160 0243148 1273517 1513916 1550141 1882979 2587213 2825415 2825491 3274648
 0243044 1825534 3273507 0014834
 0720544 0439267 0243044 1825534 3273507 1273517 1883351 1515653 1441554 0005507 0243073 1510438
 0073187 0007634 3282337 0036563 1705192 1882540 2346495 0231441 0443218 2827483 1883708 0243044 0936012 1825534 3273507 0041348 2937342 1624602
 0441648 1720830 1823521 0370003 2347026 1624602 0243044 1825534 3273507 0041348 2937342 1624602 1979003
 0243044 1825534 3273507 0040649 1314939 0557651 2603343 0040649 0023837 0332255 1708096 0023837 0392752 1413227 0332256 2700400 0086860 0079941 0009219 0017446 0205147 0332256 2700400 0086860 0332256 2700400 0079941 0009219 0017446 0205147 1515653 0021135 1533691 2827718 0005507 0040649 0243073 1273517 1510438 1553638
 0684192 0332255 0486805 1518434 0521447 1439852 2828366 0007634 3282337 0332293 1522326 0061179 1553631 0042010
 1328948 1623415 0220781 1883254 0017243 0041942 0050587 0332256 0936012 1382104 2700400
 1710082 0442726 1511790 0033413 0017446 0086860 0205147 0079941 0009219 0017446 0205147 1273517 1708639 0740116 2827735 2981700
 1710082 1441672 0332197 1689985 0392148 0728990 1514575 1705542 0332256 2700400 0086860 0079941 0009219 0017446 0205147 1413227 1273517 1708639
 1518434 0521447 2828366 0332293 1522326 0061179 0028778 0332206 1533157 1706084 2828370 0243044 1825534 3273507 1710082 0205216 0392756 0442797 1708639
 1274040 1546471 2825142 0443289 1328948 1623415 0220781 1883254 0023837 0039798 0061179 0087111 0311403 1522326 1533734 1705169 3538994
 0243122 1145667 1167622 0023837 0311403 0557651 2603343 0441712 1706376 1332838 0017337 0007634 3282337 0332293 1522326 0061179 0016564 0231441 0443218 2827483
 1518434 0521447 2828366 1521827 1328856 0005507 0008546 0021069 0243073 1325550 1510438
 1274040 1546471 2825142 0443289 0332297 1145667 1167622 1689898 2349209 0086860 0023837 1571602 1708639
 0007634 3282337 0332293 0444499 1522326 2827734 2981698 0061179 1710082 0205216 0392756 0442797 1571602 1708639
 0332290 2949735 0205216 0392756 0442797 0061179 1512045 1571602 1708639
 1883712 1710082 1547282 1708639 0349966 1337208
 1571602 1441672 1704675 0086860 1514873
 1292732 0012634 0348080 1705253 0086860 0023837 0039798 0061179 0087111 1522326 1533734 1705169 3538994 1328856 0005507 0008546 0021069 0243073 1325550 1510438
 1511726 3245479 1444656 0061179 0392148 2949735 0243044 1825534 3273507 0076919 1337106 0023837 0392756 0450348 1883351 0450385 0205419 0442726 1511790 0001271 0392366
 1274040 1546471 2825142 0243122 1145667 1167622 0023837 0243044 1825534 3273507 0007634 3282337
 0449911 0333052 2607870 0557702 1272706 1704674 0557702 1272706 1704674
 0185117 0023837 0039798 0061179 0087111 0205216 0392756 0442797 1522326 1533734 1705169 3538994 0007634 3282337
 0007634 3282337 0010453 0220814 0430400 2242979 0439583 1883708 0332293 0061179 0369637 0441923 1522326 0033727 0369286 0441932 0564385
 1167624 1947902 2827499 0025646 1881488 1516695 1516698 0021069 0884358 0023837 0663914 1150571 1624602
 0370003 2347026 1883708 0600209 0936012 1704732 0001271 0597937 0205102 0243148 1273517 1550141 1553872 1619620 1882979 2587213 3274648
 2347469 0035668 0007634 0205409 1548221 3282337 0035696 0441889 0456079 1547707 2946261 0023837 0663914 1150571 1414968 3536868 0017855 2260086 0030016 0031603 0031701 1601799 0035380 0032520 0040649 0442726 0677874 1511790 1555029
 0332256 2700400 0086860 0023837 2984182 0392752 0007634 3282337 1312445 0253711 0007634 3282337 0332293 0061179 0086045 1522326 1705242
 1881488 0033727 0369286 0441932 0564385 1516695 1516698 0205177 0439167 0441655 1561536 1883708 0024075 0005507 0243073 1510438
 0444868 0681814 3539085 0884358 0040223 1632851 0871424 0002778 0936012 1524024 1550369 0022885 0038492 0039593 0392366 0884358 1551041 1552573
 1514811 1706462 0015264 0035820 1705810 0243122 1145667 1167622 0017215 0033413 0017446 0086860 0205147 1332838 0017337
 0040648 0040649 1521761 2827422 0012854 1145667 1167622 1947931 0086860 0040648 0040649 1521761 2827422 1947931 0086860 1145667 1167622
 0750591 0033684 0085732 1299581 1521761 2827422 0206243 0699809 0439787 0849355 0441712 1706376
 3536909 2349975 0205177 0439167 0441655 1561536 1333336 1530358 1705458 0040648 0040649 1521761 2827422 0040649
 0557651 2603343 1273517 0017215 0033413 0017446 0086860 0205147 0023837 0442726 0033684 0002778 0936012 1524024
 0205370 0243122 0750540 1145667 1167622 0349966 1337208 1547282
 2827734 2981698 0015230 0329155 0848332 1427618 1705203 1705052 0017243 0205448 1382104 0700364
 0205396 1550043 1551388 0242210 1441672 0243044 1825534 3273507 0033413 0017446 0086860 0205147 0023837 0007634 3282337
 0243041 1332722 1442787 0243043 1415760 1527149 0150312 0439855 1704241 1511726 3245479 1518422 1547282
 2949735 0086860 0023837 1709305
 0031843 0542341 0700205 1383501 1705273 0684224 0700287 1547282 0243044 1825534 3273507 0007610 0035280 0333117 1753315 0450382
 1883712 0080055 0033684 0086982 0037083 0037080 1160185 1314939 1704259 1705987 1710082 1547282 1883351 1522196 0007610 1705848 3245498 0542341
 0557651 2603343 2982836 1521721 0243044 1825534 3273507 0086860 0023837
 0205435 1279901 1274040 1546471 2825142 1328856 0005507 0008546 0021069 0243073 1325550 1510438 0349966 1337208 1547282 0243044 1825534 3273507 0086860
 0205436 0457385 0565930 1561503 1705190 0021069 0005507 0243073 1510438 1524063 1518434 0521447 2828366 0349966 1337208 2347469 0002778 0936012 1524024 0557651 2603343 0475264 1744691 0243044 1825534 3273507 0443289 0243044 1825534 3273507 0007610 1705052 2986796
 0449911 0333052 2607870 0557702 1272706 1704674 0557702 1272706 1704674
 0185117 0023837 0243044 0311403 1099354 1825534 3273507 0007634 3282337
 0007634 1968515 2825051 2828395 3282337 0007634 3282337 1883708 0439228 1439852
 0597177 0332256 2700400 1099354 1858709
 0007634 3282337 0597363 0042776 0319157 0439663 1514798 0021966 0221138 0439084 0728893 1883708 0439228 1439852
 1167624 1947902 2827499 0025646 1881488 1516695 1516698 0021069 0023837 0243044 1825534 3273507 1624602 0884358
 0370003 2347026 1883708 0600209 0936012 1704732 0185117 0597937 0205102 0243148 1273517 1550141 1553872 1619620 1882979 2587213 3274648
 2347469 1710082 1547282 0085862 0205449 0681814 1299583
 0032136 0007634 0035366 0439663 3282337 0007634 3282337 1883708 0332173 0439228 0439505 1439852
 1881488 1516695 1516698 0205177 0439167 0441655 1561536 0023837 0005507 0024075 0243073 0936012 1510438
 0444868 0681814 3539085 0884358 0040223 1632851 0871424 0002778 0936012 1524024 1550369 0022885 0038492 0039593 0392366 0884358 1551041 1552573
 0073187 1858709 0007634 3282337 0007634 3282337 1883708 0332173 0439228 0439505 1439852
 0035668 0205409 1548221 0441889 0023837 1414968 3536868 0017855 2260086 0030016 0031603 0031701 1601799 0035380 0032520 0040649 0677874 1555029 0557651 2603343
 0449911 0333052 2607870 0557702 1272706 1704674 0557702 1272706 1704674
 0243044 1825534 3273507 0040649 0851827 1314939 1701901 3244310 0023837
 0032136 0086022 0442335 1705099 1880497 0332256 2700400 0017446 0205147 0023837 0169904 0169904 0169904 0392747 0443172 1883351 0169904 0005456 1705285 0007634 3282337 0007634 3282337 1883708 0332293 0061179 0369637 0441923 1522326 0033727 0369286 0441932 0564385
 1881488 1516695 1516698 0005507 0243073 1510438 0884358
 0439165 1549488 1561533 0039798 0087111 1522326 1533734 1705169 3538994 1301820 0042295 3645543 0086860 0013126 0023837 0596988 0039798 0061179 0087111 1522326 1533734 1705169 3538994
 0444868 0681814 3539085 0884358 0040223 1632851
 0449911 0333052 2607870 0557702 1272706 1704674 0557702 1272706 1704674
 0039798 0087111 1522326 1533734 1705169 3538994 0311403 0205177 0439167 0441655 1561536 0023837
 0012854 0332255 0486805 1708096 0086860 0079941 0009219 0017446 0205147 1413227 0079941 0009219 0017446 0205147 0032520 0677874 1521827 3272453 0012854 0017428 0887950
 2347469 0684192 0332255 0486805 1883708 1518434 0521447 1439852 2828366 0007634 3282337 0039798 0061179 0087111 1522326 1533734 1705169 3538994 0700308 0033727 0369286 0441932 0564385 0332256 2700400 1553631 0042010
 1328948 1623415 0220781 1883254 0021135 1533691 2827718 0017243 0050587 0936012 1382104
 0035541 0021966 0221138 1273517 1883351 0309872 1257756 2984321 0243125 0699900
 0017243 1883708 1512080 2827485 0004400 0884358
 0444868 0681814 3539085 0884358 0040223 1632851
 0205117 0332282 1883708 1999216 0061179 0243044 1145667 1167622 1825534 3273507 1273517 1883351 0028778 0332206 1533157 1706084 2828370 0205177 0439167 0441655 1561536 1099354 1517331 1273517 1883351 0441889 0456079 1547707 2946261
 0681814 0443289 0185117 0023837 0205254 0243044 0311403 0392148 1825534 3273507 0012634 0348080 1705253 0349966
 0947630 1444656 0243044 1825534 3273507 1415346 1883351 0018790 0237477 0392351 0521111 3541311 1883351 0086597 1706449 0243148 1550141 1882979 2587213 3274648 0031715 1158886
 0013729 1166851 3539639 0018790 0237477 0392351 0521111 0441712 1706376 0243044 1825534 3273507 2349975 0013682
 0150312 0449450 0557651 2603343 1518422 0805874 0870077 1446409 0439787 0849355 0205177 0439167 0441655 1561536 0023837 0039798 0061179 0087111 0392760 1314939 1522326 1533734 1705169 3538994 0039798 0087111 1522326 1533734 1705169 3538994
 1274040 1546471 2825142 1547282 0205177 0439167 0441655 1561536 0039798 0061179 0087111 0392760 1314939 1522326 1533734 1705169 3538994 0007634 3282337
 0205435 1279901 1274040 1546471 2825142 0349966 1337208 1547282
 0439086 2827736 2981702 0443289 0035696 0441889 0456079 1547707 2946261 0039798 0061179 0087111 0392756 1522326 1533734 1705169 3538994
 0205436 0457385 0565930 1561503 1705190 0005507 0243073 0335038 1510438 1522485 1705915 1709908 1444656 0205177 0439167 0441655 1561536 0023837 0392756 0039798 0061179 0087111 1522326 1533734 1705169 1883351 3538994
 0205437 1515653 0021135 1533691 2827718 0005507 0040649 0243073 1510438 0349966 1337208 1547282
 0443289 0441889 0456079 1547707 2946261 1328948 1623415 0039798 0061179 0087111 0392756 1522326 1533734 1705169 3538994
 0947630 0243044 1825534 3273507 0001721 0007586 1155839 1511572 0037083 1160185 1710082
 0681814 0870444 0243044 1825534 3273507 0007610 0023837
 0005507 0243073 0335038 1510438 1522485 1705915 1709908 0349966 1337208 1547282
 0439084 0728893 0443289 0026882 1705285 0086860 0392752 0023837 0021467 0021469 0301630 0392756 0441610 0441889 0456079 1547707 1628982 2946261 3463820 1274040 1546471 2825142 0039798 0087111 1522326 1533734 1705169 3538994 0007634 3282337
 1274040 1546471 2825142 0443289 1704675 0243044 1825534 3273507 0023837
 0332185 0031727 1547282 1883351 0007610 1710236 0206243 0699809 0439787 0849355 1705810 0035820
 0243044 1825534 3273507 0242808 0348078 0376315 1522492 0205245 0542341 1880177 1880371 2700217
 0018896 0557034 1514721 2348147 3542016 1883351 0184512 0678594
 0237753 0449788 0079160 0004793 0162326 0162327 0376298 0450385 1098484 1420877 1519249
 1709707 0033684 0027120 1833135 0033640 0031727 0033684 0439849 0445223 1155872 0243148 1550141 1882979 2587213 3274648 0007586 1155839 0037083 1160185 1710082 0450387 0450388
 0004793 0162326 0162327 1519249 1704675 0243044 1825534 3273507 1709305
 2949735 0439852
 0035820 1705810 0001721 0005575 2700256 1521761 2827422 0205177 0439167 0441655 1561536 0023837
 1552616 1706244 0557651 2603343 0243044 1825534 3273507 0086860 0023837 0443264 0205177 0439167 0441655 1561536 0392760 1314939 0243122 1145667 1167622 0086860 0007634 3282337
 0449911 0333052 2607870 0557702 1272706 1704674 0557702 1272706 1704674
 0243122 1145667 1167622 0023837 0039798 0061179 0087111 0205216 0392756 0442797 1522326 1533734 1705169 3538994 0007634 3282337
 0007634 3282337 0332293 0444499 1522326 2827734 2981698 0061179
 0185023 0728733 1522662 0016564 0444499 1518434 0521447 2828366 0185115 3541890 1624602 0243044 1825534 3273507
 0370003 2347026 1883708 0005862
 2347469 1521761 2827422 0076919 1337106 0019652 0243044 1825534 3273507 0001271 0557651 2603343 1524063 0076919 1337106 1624602
 0370003 2347026 1883708 0005862
 1710082 1547282 0681814 0001271 1639518 1947986 0205160 1273517 1513916 2825415 2825491
 1882932 0237753 0449788
 2825232 0043227 0013621 0013622 0013658 0039401 1521721 1709697 2728259 3484370 0150562 1548784 1961136 0041740 0018173 1548284 0018173 1548284 1551807 0039260
 0010186 0220812 0449719 1709471 0220808 0680264 0007961
 1706852 0522501 1706089 0949214
 0205155 1293097 1522472 1552923 1705191
 0282413 2827734 2981698 0376649 1442065 0031330 1524059 0557806 0041740 3245503 0039260
 0254343 0796520 3272379

 0085205 1549619 1880669
 0013849 1705961 0024492 1538057 1547565 0024492 0039260 0059804 0332293 1538057 1547565 0000723 1273517 0061179 0061179
 0243044 1825534 3273507 0243044 0018850 0282498 0018837 0033684 0036974 0439083 0439087
 0035541 0021966 0221138 1999216
 0005507 0243073 1510438 0005507 0243073 1510438
 1328856 0008546 0021069 1325550 1328856 0008546 0021069 1325550
 0020349 0001128 0202406
 1720830 1823521 0991865 0006353 0031603 0031701 0036082 1601799
 0012789 0012789
 0035379 0040646 1555029 2257077
 0021966 0221138 0009450 0449822
 1414968 3536868 0017855 2260086 0030016 0031603 0031701 1601799 1414968 3536868 0017855 2260086 0030016 0031603 0031701 1601799
 0017837 0017817 0040676
 0085216 0060520 0124209 0206359
 1518101 0282597 0596822 2348791 0037813 0023089 0040223 0436196 0458142 0577559 0596801 1023865 1269765 1306372 1555977 1704640 1706315 1706515 2610507 3152252 3541383
 2986676 0022877 3244292 0013860 0678632 0596607 1705052 0013855 0017243 0205448 1382104 0439534 1707753 0002778 0936012 1524024 0037813
 2986676 0678226 0031831 1707664 2348314 3146286 3540849
 0031831 1707664 2348314 3540849

 1514811 1706462 0557061 2584313 1514811 1706462
 0205090 0684010 2603358
 0007634 1269647 1704653 1948049 0025141
 2603360 0597277 1708601
 0205090 0684010 2603358 0016327 0439133 1553038
 0205090 0684010 2603358 0205090 0684010 2603358
 0007634 1269647 1704653 1948049 0025141



 0201682
 0439267
 0017337
 0025141 2603360 0597277 1708601 0369718 0441922 1553036 0597277 1708601 0597277 1708601 0057642 2603360

 0201682
 0025141 0021966 0221138 0033727 0369286 0441932 0564385 0369718 0441922 1553036 0033727 0369286 0441932 0564385 2603362
 0027895 0025141

 0016327 0439133 1553038 0439070 1705160 0205090 0684010 2603358
 0036397 0033727 0369286 0441932 0564385 2603360 0597277 1708601


 0201682
 2603360 0369718 0441922 1553036



 0025141 1553033 0125650 0439267 0369773 2603361
 0205090 0684010 2603358 0033727 0369286 0441932 0564385
 0016327 0439133 1553038
 0887950
 0025141
 0999213
 0544691 1823998

 0029016 0450348 0025141
 0033727 0369286 0441932 0564385

 0439267 2603362
 0369637 0441923
 0332239
 2347469 0369718 0441922 1553036
 0036397 0369773 2603361 2603362
 0027960 0324740 0439189 1456781 1824986
 0007634 1269647 1704653 1948049

 0025141 0597277 1708601 0439267


 2347379 0028606
 0027960 0324740 0439189 1456781 1824986

 0025141 2603360 0324525 0597277 1708601
 0001483
 2347379
 0025141 2603362

 0205090 0684010 2603358

 0205090 0684010 2603358


 0201682
 1553033 0016327 0439133 1553038 0023401 0205090 0684010 2603358
 0021966 0221138


 0201682
 0369773 2603361 0369718 0441922 1553036
 0597277 1708601 3540681 0369773 2603361 0369637 0441923

 1553033


 0201682
 0005680 0027567 0085756 0439541
 0205090 0684010 2603358 0861352 2603362




 0201682
 3540681
 0439394 1706495 3642217 0021966 0221138
 0439267 0033727 0369286 0441932 0564385 0016327 0439133 1553038 1431628 0369637 0441923
 1418943

 0268596 2700624
 3642273

 2603362

 0439073 0439082 0033727 0369286 0441932 0564385 2347469
 0205090 0684010 2603358
 0205090 0684010 2603358
 0205090 0684010 2603358
 1418943

 0268596 2700624
 3642273

 2603362

 0998924 2603360 0205090 0684010 2603358 0369637 0441923
 0007634 0017337 3282337 1551910 0021966 0221138

 0027960 0324740 0439189 1456781 1824986
 0007634 1269647 1704653 1948049

 0000857 0600678 1552863

 0205090 0684010 2603358 0597277 1708601 0016327 0439133 1553038


 2347961
 0027960 0324740 0439189 1456781 1824986
 0007634 1269647 1704653 1948049

 0439084 0728893 0025141 0369637 0441923

 0024171 0024176 2697939
 0369637 0441923
 0027960 0324740 0439189 1456781 1824986

 0025141 2603360
 0033727 0369286 0441932 0564385
 0243041
 0439084 0728893 0025141 0369773 2603361 2603360
 0033727 0369286 0441932 0564385

 3642273
 2347469

 0007586 1155839 0007634 1269647 1511572 1704653 1948049 0025141 1551776


 2347961
 0325074
 0025141 1709628 0439394 1706495 3642217
 0033727 0369286 0441932 0564385




 0025141
 0369773 2603361 0369773 2603361 0597277 1708601
 0439394 1706495 3642217


 0999213
 0439267 0205090 0684010 2603358


 0201682

 0025141 1553033 2603362
 0439114 0205090 0684010 2603358
 0330232 0369773 2603361
 1709628 0439394 1706495 3642217
 0033727 0369286 0441932 0564385
 0007634 1269647 1704653 1948049 0450385 0369637 0441923

 0349590 1262865 0025141

 0439394 1706495 3642217
 0016327 0439133 1553038

 1417055
 2347379
 0025141 2347469
 0597277 1708601 2603360 1551641
 0597277 1708601 1553033 1553033 2347469 1553033 2603362
 0439267 2347469
 2603360 0439394 1706495 3642217 0439394 1706495 3642217
 0439394 1706495 3642217 0326402
 0439267


 0450381 0025141
 0205090 0684010 2603358 0439394 1706495 3642217
 0033727 0369286 0441932 0564385
 0369637 0441923

 0443058 2603362
 2603362
 1708595 3280986 0439267

 2347469


 0201682
 0033727 0369286 0441932 0564385
 2603360

 2603362


 0201682
 2347469
 1418943

 0268596 2700624
 3642273

 2603362

 0450389 2347469


 1418943

 0268596 2700624
 3642273

 2603362




 0998924 0033727 0369286 0441932 0564385 2603360 0450955 2603362


 0201682

 2603360 0450955



 0025141 0999213 2347469
 0597277 1708601

 1418943

 0268596 2700624
 3642273

 2603362

 0439073 0439082

 0205090 0684010 2603358

 0027960 0324740 0439189 1456781 1824986
 0007634 1269647 1704653 1948049

 0369773 2603361

 0439267

 2603362


 1431628 0033727 0369286 0441932 0564385
 1705534
 0999213 0369773 2603361
 0369773 2603361

 0450382 0872252 0999213 0439267 0369773 2603361

 0007634 1269647 1704653 1948049
 0025141
 0029016 0450348 0025141 1431628

 0029016 0025141

 0033554
 0450389 0025141
 0369718 0441922 1553036



 0201682
 0369718 0441922 1553036
 0016327 0439133 1553038


 0201682

 2347469 0369637 0441923


 2347469
 1710082
 0025141 0597277 1708601 0016327 0439133 1553038 2603360 0597277 1708601
 0027960 0324740 0439189 1456781 1824986
 0007634 1269647 1704653 1948049

 0025141 0369637 0441923

 0033727 0369286 0441932 0564385

 2347469


 0201682
 0369773 2603361
 0369637 0441923

 0205090 0684010 2603358
 0369773 2603361
 2347469


 0201682
 0751161 1439333 1708595 3280986
 0369773 2603361
 0205090 0684010 2603358 0369637 0441923
 0369637 0441923
 0439267
 0005477 0025141
 0453357 1553033
 0063789 3272375

 0006826 0998265 1306459 0025141

 0369773 2603361 0369637 0441923
 0369637 0441923
 0439267
 0439394 1706495 3642217

 3642273
 0369718 0441922 1553036 0999228

 3476816
 0597277 1708601 0439394 1706495 3642217


 0201682
 0597277 1708601

 0007634 1269647 1704653 1948049

 0025141 0439114

 0443048 0205090 0684010 2603358
 2603360 1555436 0369637 0441923
 0439267


 0201682

 0027960 0324740 0439189 1456781 1824986
 3642273
 0025141 0369718 0441922 1553036
 0021966 0221138



 2347469




 0597277 1708601

 0205090 0684010 2603358 0439267
 0033727 0369286 0441932 0564385
 0369773 2603361
 0005477 0025141
 0205090 0684010 2603358 0205090 0684010 2603358

 0439267 0554249
 0016327 0439133 1553038
 1418943

 0268596 2700624
 3642273

 2603362


 2347469
 0016327 0439133 1553038
 0017337
 0025141 0369637 0441923
 1553033 0008107 2603360



 0201682
 1527021 1554111 1705606 3541382 0333052 0441061 0179636 1824528 0239110 1706852 0239110 1705565 1947976 0687676 1704687 0557854 0013849 1705961 1706852 0282420 1706852 1138432 0239110 0162443 0205314 0033213 1706387 1706852 0544691 1823998
 1706852
 1706852
 1706852
 0039224 1706073 1706074 0162443 1521991 0162443 0026376 0005532 0009993 0013621 0013622 0013658 0037455 0039401 0596070 1521991 1552856 0005477 0026376 0005532 1521991