 0449468 1690016 1705102 2700258 0237753 0449788 1527021 1554111 1705606 3541382 0918012 1552854 1637833 0239110 1706852 0557854 0239110 0205314 0423896 0456205 1706852
 1706852
 1706852
 1706852
 0600644 1516698 1704814 0439849 0445223 0008269 2349975 0871261 1314973
 0035831 0035831 0035831 0520510 0025663 0025664 0449851 1514811 1706462 0206431 0449450 0242629 0039194 0007634 3282337 0679006 1947967 1257986 0449450 2828360
 1257986 0206431 0449450 2828360 0220847 0019196 0019186 0042721 0019158 0019159 0042776 0319157 0795623 1441547 3245521 0019169 0019186 0019163 0019378 0019158 0019159 0042776 0319157 0795623 0019682 0318356 0682458 0021051 0042776 0086418 0319157 0242629 0009013 0039194 0007634 1269647 1704653 1948049 0184511 0332272 1561611 0003320 0449450 0011306 0003320 1947910 0392148 0008269 0002615 0002611 0008203 0596019 1522821 2987513
 0699789 1383501 0205250 1299351 2700149 0332293 1522326 0011306 0007600 0007635 0242842 3282338 0949466 0005863 0002778 0936012 1524024 1705493 1707455 1264633
 1883351 2607943 2926606 3539655 1511253 1874596 0206406 0441833 0687744 1257890 1552516 1552839 1705428 1705429 0178602 0869039 1114758 0062527 2240392 0042723 0042210 1552558 0366408 0008269 0037179 0087136 0178602 0205171 0869039 1114758
 0027361 0237401 1547282 1511253 1874596 0019169 0019186 0019163 0019378 0019158 0019159 0042776 0319157 0795623 0205452 0205455 0027361 0237401 1521801 0008269 1547282 1155328 1314973 0871261 1704632 1706817 2911692 0919414 0008269 0332268 0871261 1704632 1706817 2911692
 1274040 1546471 2825142 1705535 0039798 0087111 1522326 1533734 1705169 3538994 0020964
 0000723 1273517 1626420 0023089 0034606 0181839 0441633 0458142 1023865 1706315 1706379 2826292 1626420 0023089 0034606 0181839 0441633 0458142 1023865 1706315 1706379 2826292
 0016263 0806140 0814048 0016263 0806140 0814048
 0019165 0062523 0003320 0019165 0062523 0003320
 0019169 0019186 0019163 0019378 0019158 0019159 0042776 0319157 0795623 0019169 0019186 0019163 0019378 0019158 0019159 0042776 0319157 0795623
 0220847 0019186 0019196 0019158 0019159 0042776 0319157 0795623 0220847 0019186 0019196 0019158 0019159 0042776 0319157 0795623

 0524642 0991566
 0003320
 0596902 0596902
 0042216 0042216
 0005863 0949466 1705493 0005863 0949466 1705493
 0030956 0003320 0205227 1441547 3245521 0521026 0027651 1578706 3273930 0033684 1883254 0007613 0230625 0007634 1522240 3282337 2827734 2981698
 0033036 1456795 0242629 0039194 0007634 3282337
 1184743 1522240 1257986 0449450 2828360 0011306 1550369 1515655 0740116 2827735 2981700
 0678587 0205361 1301808 1442792 3148680 1257986 0449450 2828360 0023175 0181586 1442948 1522538 2348269 3275067 0678304 0013220 0020963 0220929 0231197 1704410 2828360
 1979874 0678723 0870861 1254042 1883525 2346866 1710082 0020969 1257986 0449450 2828360 0871133 3539879 0871261 0042776 0319157 0439663 0007634 3282337 0450254 1518422 0439663 0033036 1456795
 0085862 1299583 1704259 1705987 1257986 0449450 1441414 1553874 1578820 2828360 3161035 1883351 1960278 0034850 3161035
 3161035 0031310 0230770 0025255 0596901 0699952 1414861 1706182 1708111 0439661 0567416 1425414 0206431 0003320 0332281 0449450 0596902 1516240 0029219 0031843 0542341 0700205 1705273 0449450 2828360 0003320 0206431 0003320 0013153 0208355 0332281 0449444 0449450 0596902 0851827 1325620 1550513 1701901 1752727 1879941 3244310
 0301837 0003320 0332281 0450254 0003313 0439662 1704241 0007634 3282337 0007634 3282337 1180347 1523872 1704241 0449450 2828360 1704259 1705987 1257986 0206431 0449450 2828360 0442799 0085732 0444454 1554204 1185625 1382196 1521970
 1522821 2987513 3463820 0450442 1254351 1521826 0008269 0013682 0184511 0332272 1561611 0021135 1533691 2827718 1383501 0011306
 1883351 0206243 0699809 0439787 0849355 0681829 0557651 2603343 1515655 0750729 1282927 1806781 2350002 0019378 0332283 0042776 0178602 0319157 0857515 0869039 1114758 0019169 0019186 0019163 0019378 0019158 0019159 0042776 0319157 0795623 0042210 1552558 2349975 1314973 0871261 0027361 0237401
 1511726 3245479 0003374 0013227 1254351 1519889 1524063 0042210 1273517 1707689 2983265 0020964 3538720 3540595 0449265 1947946 2948600 3540471 3540472 0086418
 1274040 1546471 2825142 0520510 0025663 0025664 0449851 1514811 1706462 1257986 0206431 0449450 2828360 0243077 0547043 0851285 1282911 1522821 2987513 0021135 1533691 2827718 0449913 1553451 1704459 0449450 2828360 0121459 0003342 0062523 0301838 0312905 0312907 0003320 0220847 0019186 0019196 0019158 0019159 0042776 0319157 0795623 2239516 0242629 0009013 0039194 0007634 1269647 1522642 1704653 1948049 0349966 1337208
 1257986 0449450 2828360 0349966 1337208 2347469 0449450 0016327 0439133 1553038 0028778 0125179 0332206 2983591 1443643 2266856 3537238 0208355 1325620 1752727 1999216
 0183683 1521721 1512612 1257986 0449450 2828360 1752726 1709694
 0013682 0184511 0332272 1561611 1449563 0008269 0392148 1947910 0349966 1337208 1412573 2350443 3539770 1518422 0487637 0206431 0003323 1332714 0003320 0449450 0311403
 1257986 0206431 0449450 2828360 0008269 0392148 0349966 1337208 2347469
 0008269 1518422 0001721 0449450 3538720 3540595 0039215 0039194 0349966 1337208 0016327 0439133 1553038 0439267 1446409 0439787 0849355 0184511 0332272 1561611 1257986 0449450 2828360 0547043 1282911 1516240
 0008269 0450442 1254351 1521826 0025255 0205219 0018790 0237477 0392351 0521111 1522821 2987513 1511545 1515877 1879547 0030940 0030946 1947941 0205263 0597304 1185625 1382196
 0684224 0700287 3496591 0015127 1314792 0439851 1947931 0230812 0030685 0391871 0439180 0680255 1283071 1963578 1514468 0007428 1523846 0524461 1282864 1301906 1551056 1383501
 1979874 0205171 1720467 2937276 2945599 2986411 1441672 0205198 1706082 0018790 0237477 0392351 0521111 0030940 0030946 1947941 1304686 0020283 0441889 0450407 0450408 0450409 0456079 0521102 1547707 2946261 0064858 0013618 1511726 3245479
 0947630 1514873 1883351 1711411 0037088 0243095 2825141 0033607 1273517 1518422 0025255 0596901 1706182 0205326 0008269 0015127 1524003 1883351 0086045 0441994 1548802 2003888 0007634 3282337
 0033036 1456795 0004561 0007634 3282337 0007634 3282337 1299582 0150312 0449450 2828360 0008269 0392148
 1883712 0007634 3282337 1449563 1299582 0085216 0522529 0060527 0086140 0205309 1883351 0065684 0024742 0597357 0011306 1511726 3245479
 0013682 0003320 0243144 0347980 0441994 1516240 1548802 2003888 0015127 1524003 1265611 1257986 0449450 1514873 2828360
 0009932 0243148 0681814 1550141 1882979 2587213 3274648 1547282 0008269 0184511 0332272 1561611 1257986 0449450 2828360 1512045 0349966 1337208
 0470187 1415570 1517331 0183683 1521721 1511726 3245479 1282910 1552828
 1979874 0052919 0442805 0020283 0450407 0450408 0450409 0018790 0237477 0392351 0521111 0379099 0001473 1706373 1518422 0311403 1257986 0449450 2828360 1179705 1419032 1419718
 0681814 0884358 0349966 1337208 1547282
 2827734 2981698 0443289 1257986 0449450 2828360 0349966 1337208 2347469 0442799 0033036 1456795 1883254 0242629 0009013 0039194 0007634 1269647 1522642 1704653 1948049 0349966 1337208
 1705535 0003320 0205101 0205227 0205228 1749467 1948047 0301838 0444454 1554204
 0009932 0243148 0681814 1550141 1882979 2587213 3274648 0521093 0750484 1257986 0206431 0449450 2828360 2239516 0242629 0009013 0039194 0007634 1269647 1522642 1704653 1948049 0011306 0125179 0311403 1257986 0449450 2828360 1179706 1335643 1419033
 0449911 0333052 2607870 0557702 1272706 1704674 0557702 1272706 1704674
 0013682 0851827 1701901 3244310
 0002778 0936012 1524024 0443288 0019733 0449450 2828360 0392148 0332197 1689985
 1547282 3538720 3540595 0487602 1704680
 1274040 1546471 2825142 0007634 3282337 0439165 1444656 1631280
 1882932 1547282
 1257986 0449450 2828360 0032659 1257890 0009013 1522642 0332197 1689985 0057717 0392148 0205119 0064858 0205120 1552595 0125179 1282913 1551714
 0369773 0392148 2603361 0332197 1689985
 0719058 0040223 3541383 0456693 1442458 0702093 0232117 0391850 1947910 0032659 1257890 0392148 0205119 0332197 1689985 0057717 0008269
 0369773 2603361 0369773 0392148 2603361 0332197 1689985
 0057717 0008269 0205119 0030956 0057717 0449450 0009013 1522642
 0449450 0369773 0392148 2603361 0332197 1689985 0032659 1257890 0039215 3251824 0009013 0039194 0007634 1269647 1522642 1704653 1948049 0392148 0205119 0332197 1689985 0057717 0008269
 0016327 0439133 1553038 0449450 0009013 1522642 0016327 0439133 1553038 0039215 3251824 0009013 0039194 0007634 1269647 1522642 1704653 1948049 0439267 0057717 0392148 0205119 0125179 1282913 1551714
 0449911 0333052 2607870 0557702 1272706 1704674 0557702 1272706 1704674
 0449450
 0002778 0936012 1524024 0016263 2239516 0242629 0009013 0039194 0007634 1269647 1704653 1948049 0007634 0439859 0449450 3282337 0042216 0007634 0042214 0042776 0319157 0439663 1269647 1704653 1882406 1948049 2700323 0042216 1860991 0042216 0392148 0332197 1689985 0008269
 1547282 0487602 1704680
 1274040 1546471 2825142 0007634 3282337 0439165 1444656 1631280
 1882932 1547282
 0439742 0441987
 0033036 1456795 1257986 0449450 1514873 2828360 2986411 1449563 1883727 0332173 0439228 0439505 0010453 0220814 0430400 0450317 2242979 0079460 0376563 0546866 3540512 0020898 0021764 0022271 1314677 1257986 0449450 2828360 0349966 1337208 2347469 1292856 1948023 0442726 1511790 1516240 0150312 0449450 0030956 1516240 0349966 1337208 0031437 1285572 0349966 1337208 0016327 0439133 1553038 0040223 3541383 0021135 1533691 2827718
 0013682 0521093 0750484 0184511 0332272 1561611 1279919 1449563 0008269 0392148 1947910 0064858
 0037088 0243095 2825141 1449563 0332272 0449450 2828360 0003320 0033727 0369286 0439509 0441932 0564385 1883727 1883712 0234402 0010453 0220814 0430400 2242979 0332148 0349966 0750492 1337208 0205251 1299352 1516240 1550472 0015127 1524003 0003320 0349966 1337208 3271951 0060527 0085216 0086140 0243144 0347980 0442726 1511790 1518422
 0008269 1518422 0001721 0031308 0349966 1337208 0031437 1285572 0349966 1337208 0016327 0439133 1553038 0205171 0439044 0679994 1550518 0021135 1533691 2827718 0349966 1337208
 2349970 0470187 1415570 1446409 0439787 0849355 2986411 1257986 0008269 0015127 1524003 0085089 0699801
 0037791 1511884 0037088 0243095 1521721 2825141 0871261 1704632 1706817 2911692 0242629 0019733 0443288 0011306 0332293 0008269 1522326 1179708 1419738 1861425
 0449911 0333052 2607870 0557702 1272706 1704674 0557702 1272706 1704674
 1257986 0449450 2828360 2986411 0443288 1449563
 0033268 2239516 0242629 0009013 0039194 0007634 1269647 1522642 1704653 1948049 0871261 1704632 1706817 2911692 0019733 1279919 0332173 0439228 0439505 1282913 1551714 0205119 0205087 0332173 0439228 0439505 1282913 1551714 0205119 0032659 1257890 0449450 2828360 0205119 0030956 1282913 1551714
 0042295 1882932
 0033268 0242629 0009013 0039194 0007634 1269647 1522642 1704653 1948049 0871261 1704632 1706817 2911692 1449563 1449563 1332016 1707156 3274014 3541345 1300565 0205171 0439044 0679994 1707156 3274014 3541345 0392148 0064858 1707156 3274014 3541345 0008269 1707156 3274014 3541345
 0042295 1882932
 1516240 0332583 0013343 1449563 1121527 0332583 0013343 1449563 1553033 1121527 0332583 1332016 1441547 3245521 1449563 0441833 1999270 3537156 1883351 0031308 0137168 0014792 0007634 3282337 0016263 0442726 0806140 0814048 1511790
 0031308 0011306 0439178 0205173 1446409 1514241 1705764 1705765 2825490
 0007584 0237753 0449788 1553033 0073187 2348205
 1882932 1547282
 0002778 0936012 1524024 1332016 1441547 3245521 1449563 1449563 1332016 1441547 3245521 1449563 0016327 0439133 1553038 0392148 0332197 1689985
 2348974 1882932 0003250
 2348974 1882932 0487602 0205369 1552740 1444656
 1882932 1547282
 0220825 1261322 0011306 0183683 1521721 1512571 0008269 0442805 0699789 0034850 1383501 0599896 0220825 1524063 1626420 0023089 0034606 0181839 0441633 0458142 1023865 1706315 1706379 2826292 0007634 3282337
 0702093 0232117 0391850 1947910 1449563 1449563 0443289 0040679 1442762 0205090 0684010 2603358 0005516 0349966 1337208 2347469
 0702093 0680220 0232902 0007427 1332805 0007428 0005516 1185625 1382196 0205171 1720467 0449719 1709471 0699789 1383501 0011306
 0699789 0585064 1067936 0205171 1720467 1265611 0007427 1332805 0007428 1166848 0034850
 0449286 1704240 0443228 1704243 0011306 0439509 0702093
 0009932 0243148 0681814 1550141 1882979 2587213 3274648 0011306 0060527 3152252 0085216 0086140 1521991 1705242 1947910
 0011806 0567416 0065684 0024742 0597357 1383501 0005528 1317949 3495449
 0205171 1720467 0060527 0086140 1518422 0026691 1705240 1839259 0234621 1383501 0242842 0026018 0392148 0332197 1689985 0349966 1337208
 0037088 0243095 2825141 0805874 0870077 1446409 0439787 0849355 2986411 0233308 0025255 0596901 1706182 1881712 3203359 1179907 0015127 1524003 0008269
 0332290 0150312 0449450 2828360 0332293 1522326 0007634 3282337 1547282 0205171 1720467 0699789 1383501 0349966 1337208
 1419024 1419741 1861424 2348600 0470187 1415570
 0449911 0333052 2607870 0557702 1272706 1704674 0557702 1272706 1704674
 2986411 0034850 1383501 1449563
 1449563 1947910 0205171 0439044 0679994 0040679 1442762 0392148 0332197 1689985 0231441 0443218 2827483 0040223 1632851 1705242 2986582 1442103 1547049 1860991 0205171 0439044 0679994 0140430 0432624 0432626 0034493 1860991 0332283 0487602 1704680 0003241
 1710082 0205171 0439044 0679994 0332583
 1710082 1860991 0332575 1260956 0332583
 0439792 0221205 1547282 1881786
 0336721
 0009932 0243148 0681814 1550141 1882979 2587213 3274648 0011306 0700308 0033727 0369286 0441932 0564385 1439852 0392148 0060527 0086140 3152252 0577559 1306372 1883708 0231441 0443218 2827483
 1882932 1547282
 0002778 0392762 0936012 1524024 1449563 1947910 0392148 0332197 1689985
 0002778 0392762 0936012 1524024 1449563 1947910 0060527 3152252 0085216 0086140 1444656 1521991 0577559 1306372 0392148 0332197 1689985
 1882932 0455052 1521827 1998793 1449563 1947910 0439083 0439087 0086045 0392148 0332197 1689985
 0455052 1521827 1883708 0600209 0086972 0443299 0687118 1704732 0020985 0003250 2754943 0003241 0021027
 0205171 0439044 0679994 1883676 0243148 0439178 1273517 1446409 1514241 1550141 1882979 2587213 2825490 3274648
 0016352 0002778 0936012 1524024 1264633 0060527 0011806 0085216 1444656 1947910 0392148 0332197 1689985
 1882932 0022702 0016263 0442726 0806140 0814048 1511790 0596902 0487602 1704680 0332256 2700400 0439962
 0002778 0936012 1524024 0031310 0884358 0332256 2700400
 0243148 1550141 1882979 2587213 3274648 0332583
 0487602 1704680 0332575 1260956
 0487602 1704680 1260957
 0002778 0936012 1524024 0011306 0521093 0750484 1456348 0332120 0008269 0309049 0699789 0034850 1383501 0884358 0949466 0005863 1705493 0002778 0936012 1524024 0920433 0455052 1521827 1947910 0392148 0332197 1689985
 0702093 0008269 0205217 0442805 1264633
 1280500 2348382 1273517 0011306 0007634 0008269 0011305 0205171 0205379 0332293 0439640 1522326 1720467 3282337
 0009932 0243148 0681814 1550141 1882979 2587213 3274648 1383501 1264633 0011306 0439509 1439852 0060527 0086140 0392148 0332197 1689985 0180919 0936012
 0700308 0033727 0369286 0441932 0564385 0060527 0086140 0150312 0205172 1264633 0060527 0086140 0392148 0008269 0016327 0439133 1553038
 0037088 0243095 2825141 0459471 3173575 0949466 0005863 0002778 0442726 0936012 1511790 1524024 1705493 1518422 0233308 1179907 0025255 0596901 1706182 1881712 3203359 0008269
 1883712 0002778 0936012 1524024 0016263 0031310 0884358 0205409 1548221 1947910 0205195 1749467 1947911 1948047 0524642 0023115 1692890 0392148 0332197 1689985
 0585064 1067936 0185117 0205250 1299351 2700149 0011306 0521093 0750484 0008269 0442805 0439267
 1979874 0039798 0087111 1522326 1533734 1705169 3538994 1518422 0001721 0206431 0003320 0022702 0185117 0220865 0332281 0449450 0596902 2825046 0005516 1818858 0031310 0392223 1705111 3539922 0005516 1166848 0034850 1705535 1518422 0034850 0521102 0678723 0870861 1184743 1254042 1522240 1646829 0439267
 0008269 0449265 0242629 0039194 0007634 3282337 1711411 0008269 0205229 1321301 0220847 0019196 0019186 0042721 0019158 0019159 0042776 0205409 0205449 0319157 0795623 1548221 1549592 0030705 0392148 0010453 0220814 0430400 2242979 0332197 1689985 0003320 0009458 0439536 1705217 3244283
 0012634 0348080 1705253 1321301 0205435 1279901 0449265 0392148 0008269 0332197 1518422 1689985 1518422 3541261 0039194 0007634 3282337 1441672
 0242629 0039194 0007634 3282337 0449265 0392148 0008269 1265611 0871261 1704632 1706817 2911692 1292856 1948023 0030956 0033036 1456795
 0012634 0348080 1705253 0079411 3146294 0205197
 0242629 0039194 0007634 3282337 0175668 0027627 0205436 1292856 1948023 0011306 0007634 0008269 0011305 0332293 0439640 0449450 1522326 2828360 3282337
 1292856 1948023 1257986 0449450 1273517 2828360 0005507 0349966
 2827734 2981698 0439086 2827736 2981702 0349966
 1179705 1419032 1419718 1179708 1419738 1861425 1282910 1552828 0678587 1257986 0205361 0449450 1301808 1301820 1442792 2828360 3148680 0012634 0348080 1705253 0008269 0205217 1883712
 0242629 0007600 0039194 0007634 0205132 1269647 1550648 1552960 1704653 1948049 0349966 1337208 1547282
 0439084 0728893 0030956 0086045 0332462 0445247 1446561 1880834 0009013 1522642 1257986 0449450 1273517 2828360 0005507 0042789 1947903 0016327 0439133 1553038 1179705 1419032 1419718
 1704970 0013682 1257986 0449450 2828360 0851827 1701901 3244310 0150312 0449450 2828360 0039194 0242629 0007634 1510827 1510996 3282337 3538720 3540595
 1979874 1321301 0003320 0008269 0332197 1689985 1948023 0039215 0039194 2698977 1292856 1948023 0003316
 1314973 0871261 1704632 1706817 2911692 1292856 1948023 0392148 0008269 0311403
 1274040 1546471 2825142 1292856 1301820 1321301 1948023 3273837 1549592 0030705 0349966 1337208
 0449911 0333052 2607870 0557702 1272706 1704674 0557702 1272706 1704674
 1257986 0449450 2828360 0449265 0242629 0039194 0007634 3282337 2348480 1515655
 2347469 0205173 1705764 1705765 3541261 0487602 1704680 0027361 0237401 0205449 1292856 1948023 0557651 2603343 0392148 0332197 1689985 2347469
 1321301 1883708 0444953 0033727 0369286 0441932 0564385 1947910 1518422 1444656 0033268 0392366
 0030956 1273517 0033268 0030956 1273517 0033268
 0205173 1705764 1705765 3541261 0487602 1704680 0027361 0237401 0205449 1292856 1948023 0557651 2603343 3273837 0392148 1553033 0332197 1689985 0008269 0073187
 0007634 3282337 1883708 0439859 1449563 1947910 1518422 1444656 0033268 0392366
 3538720 3540595 0039215 1547282 0487602 1704680
 1274040 1546471 2825142 0007634 3282337 0439165 1444656 1631280
 0008269 0449265 0242629 0039194 0007634 3282337 0008269 0449265 0871261 1515655
 1321301 0017278 0019163 1422036 0377800 0019158 0019159 0033684 0795623 1116171 1519885 1622204 1547282 1883351 0332256 2700400 0242629 0039194 0007634 3282337
 0037088 0243095 2825141 0205447 0332120 0042736 0033684 0521026 1522196 1704259 1705987 0681797 1518422 0805874 0870077 1446409
 1511726 3245479 1527178 1874451 0681814 0684224 0700287 3496591 1707689 2983265 1883351 0035820 1705810 1272745 0079411 3146294 0007595 1515655
 1707391 0027361 0237401 0019169 0474232 0019163 0019378 0019186 0042721 0419735 0432618 0019158 0019159 0042196 0042776 0319157 0439234 0442711 0795623 1507394 1522729 2348563 0443640 0003241 0021027 0871261 0205250 1299351 2700149
 0205455 1514756 0039798 0087111 1522326 1533734 1705169 3538994 0062527 0795623 0593947 0019169 2240392 0170300 0376325 0391849 0019163 0019378 0332283 0019159 0019186 0042721 0042723 0432616 0432618 0019158 0042210 0042776 0178602 0319157 0857515 0869039 1114758 1552558 0205454 1511253 1874596 0243148 1550141 1882979 2587213 3274648
 0680220 0557651 2603343 0019733 1880371 1136182 0032529 1882417 0015127 1524003 0349966 1337208
 3641722 0242629 0312740 0039194 0007634 3282337 0005507 0243073 0442726 0920508 1510438 1511790 0205452 0205250 1299351 2700149 1514756 0039798 0087111 1522326 1533734 1705169 3538994 0178602 0857515 0869039 1114758 0349966 1337208 2347469 1518422 1441672 0243148 1550141 1882979 2587213 3274648 0349966 1337208
 0079411 3146294 1511253 1874596 0474232 0039798 0087111 1522326 1533734 1705169 3538994 0442799 0871261 1704632 1706817 2911692 3538720 3540595 0003316 0027361 0237401 0019733 0349966 1337208 2347469
 1511726 3245479 1705535 0008269 2349975 1314973 0871261 1704632 1706817 2911692 1515655
 1883712 0430420 0441889 1518422 0008269 0039798 0087111 0392760 1314939 1522326 1533734 1705169 3538994 0349966 1337208 1705535 0008269 0015264 1280500 2348382 1280500 2348382
 0449911 0333052 2607870 0557702 1272706 1704674 0557702 1272706 1704674
 1257986 0449450 2828360 0449265 0242629 0039194 0007634 3282337 1515655
 0920508 0005507 0243073 1510438 0205250 0205409 1299351 1321301 1548221 2700149 0062527 2240392 0042723 0042210 1552558 0019169 0019186 0884358 0332152 1705850 0039798 0087111 1522326 1533734 1705169 3538994 1511253 1874596 0062527 2240392 0332152 1705850 1553033 0205171 1720467 1511253 1874596 0062527 2240392
 0242629 0039194 0007634 3282337 0392366 1516240 0348078 0376315 1522492 0015230 0329155 0848332 1427618 1705203 0033036 1456795 1947910 0019165 0019163 0062523 0368721 0003320 0008269 0019158 0019159 0332287 0439751 0444667 0795623 1518422 1622204 0030956 0392148 0332197 1689985 0003250 0003241 0021027 1444656
 1274040 1546471 2825142 0007634 0205431 0329155 1427618 1522492 1705203 3282337 0242629 0039194 0007634 3282337
 0042295 1706907 1719767 2348589 0007634 0043194 0205431 0258432 0329155 1421478 1427618 1522492 1705203 3282337 0007634 3282337 0022885 0039593 0392366
 0042295 0871261 1301820 1704632 1706817 2911692 0019165 0062523 0003320 0205250 1299351 2700149 0332293 1522326 0205250 1299351 2700149 0369773 2603361 0871261 1301820 1704632 1706817 2911692 0796320 0030956 0019737 0019721 0369773 2603361 0019733 0205250 0444686 1299351 1441506 1443182 2700149
 0237753 0449788 1882932 0027361 0237401 0019733
 2348974 0205090 0231441 0441833 1999270 3537156 0430420 0441889 0019169 0474232 0019163 0019378 0019186 0042721 0419735 0432618 0019158 0019159 0042196 0042776 0319157 0795623 1511253 1515981 1874596 0027361 0237401 0557651 2603343 0332293 1522326 0332155
 0520510 0025663 0025664 0449851 1514811 1706462 0037088 0243095 2825141 0040223 0205435 1279901 3541383 0871261 2349975 1515655 0008269 0301838 0332283 0020975 0003320 0020971 0042196 0178602 0857515 0869039 1114758 1749467 1948047 3244291
 1999230 0332120 0450442 1254351 1521826 0008269 0442805 0013682 0021135 1533691 2827718
 0681841 0392148 0450442 1254351 1521826 0003320 0439092 0547044 1881707 0441889 0456079 1547707 2946261 0205250 1299351 2700149 0034850 0699789 1383501 1626420 0023089 0034606 0181839 0441633 0458142 1023865 1444656 1706315 1706379 2826292 0949466 0005863 1705493 0002778 0936012 1524024
 0037088 0243095 2825141 1257986 0449450 2828360 1518422 0052919 2349975 0033607 0183683 1521721 1512571 1516240 0205263 1516240 0018790 0237477 0392351 0521111 1522821 2987513 0243125 0699900 0683607 0205217 0442805 0699789 0034850 1383501
 0332120 1257986 0206431 0449450 2828360 0011306 3271951 0011209 0559563 1705822 0444454 1554204 0337076 1261381 1948029
 1257986 0449450 2828360 0011209 0205217 0442805 0559563 1705822 3157075 0543488 0033213 1706387 0557651 2603343
 1511726 3245479 0013682 1947931 0430420 0003320 0439849 0441889 0445223 0456079 0870509 1547707 1880554 2946261 1709694
 0332185 1705535 0011306 0206431 0003320 0039194 0007634 3282337 0024432 1546706 1550652 0011306 0332256 2700400 0441889 1637379 0681205 0003320
 0439801 3542948 1516240 0205410 0311403 3463820 1257986 0206431 0449450 2828360
 1512571 1521721 0037088 0243095 2825141 0008269 1257986 0206431 0449450 2828360 0011306 0205170 0205309 0332120 1515981 3146287 0871786 1257986 0449450 1274040 1546471 2825142 2828360 0086045 0003320
 1979874 1257986 0206431 0449450 2828360 0301837 0003320 0031308 0243144 0347980 0457784 0442799
 0332120 0031310 0699789 0033684 0034850 1257986 0206431 0449450 2828360 0450385 2362652 0243125 0699900 0011306 1883351 0449450 2828360
 0205156 0302523 0700325 1551359 1552607 2741673 2981730 3244290 0700287 0008269 1518422 0001721 0018790 0237477 0392351 0521111 1257986 0206431 0449450 2828360
 0683954 1274040 1546471 2825142 0008269 2349975 0871261 1314973 0021135 1533691 2827718 1515655 2607943 2926606 3539655 2986594 0025914 0025929 0026809 0440102 1301820 3161035 0450387 1705241 1705242 0086418 2986594 3161035 0450388 1706528 0032659 1257890 1515981 1705242 1273517
 0332218 0443211 0008269 2349975 1314973 0871261 0027361 0237401 0019169 1515655 1257986 0449450 2828360 0681828 0947630 1444656
 1882509 1883357 0008269 0597297 0597304 1623036 1142652 0033684 0243125 0699900 1515655 1883351 0441712 1706376 0008976 1257986 0449450 1272745 2828360 0021467 0021469 1628982 3463820 0243125 0699900
 1511726 3245479 0033684 0205449 1301820 1705242 1749467 1948047 3273837 0019165 0062523 0003320 0018563 1281583 1552914 0337076 0032214 0600138 0035820 1705810
 0337076 1882932 1155874 0332256 2700400 0004366 0871261 1314973
 1979874 0013682 0301837 0003320 0457784 0684224 0700287 3496591 1999230 0085557 1555984 0243148 1550141 1882979 2587213 3274648 0013220 0020963 0220929 0231197 1704410 0012634 0348080 1705253
 0302523 0700325 3244290 1882932
 0042210 0033684 1749467 1948047 0086418 1273517 1299582 0871133 0871261
 0332120 0871261 1515655 1705535 0679199 1707689 2983265 0449265 0020964
 0520510 0520510 0025663 0025664 0449851 1514811 1706462 0003320 0014834 0014833 1510827 1998793 0869011 1512888
 0449560 0332256 2700400 0162326 1301820 1546895 2979985
 0033684 0014834 1998793 1552738 0450389
 0920433 0455052 1521827 1321301 0205409 1548221 0009013 0039194 0007634 1269647 1704653 1948049 3146294 1552738
 0242629 0007634 3282337 1321301 1998793 2347644 0036576 0003250 1328924 0024488 0563532 0991566 1948027
 0002778 0936012 1524024 0242629 0007634 3282337 0032659 0333668 0439084 0728893 1257890 3538720 3540595
 1449563 0026473 0205100 1441547 3245521 2347644 0036576 0439178 1446409 1514241 1998793 2825490 0003250 1328924 0024488 0563532 0991566 1948027
 0947286 0007634 3282337 1883708 0010453 0220814 0430400 2242979 0009458 0439536 1705217 3244283 0332256 2700400 0017797 0311461 0002520 1576824 0034354 0244104 0022487 1412820 1335621 1424333 2736788 1999230 0035172 0021622 1272753 1879848 0039021
 0011306 0033727 0369286 0439509 0441932 0564385 1292856 1301820 1948023 1449563 0007634 3282337 0456603 1547037 2827734 2981698 2827734 2981698 1999230
 1708639 0036378 0036375 1552738
 1449563 1332016 1367477 2986582 3538991 0022877 1619828 0331782 0567416 1136140
 0003250 0332283 0487602 1704680 0003241 0180279 0806140 0936012 0331782 1524063 0037585 0331782
 0031308 1516240 0025663 0025664 0220825 0449851 0680240 1552738
 0039194 0007634 1879547 3282337 0009013 1441547 1522642 3245521 3538720 3540595 0013343 0332575 1260956 0205263 1883351 0162638 1552738 0282547 0010453 0220814 0430400 1449563 2242979 1332016 0013343 0332583 0456603 1547037
 0033727 0369286 0441932 0564385 0450376 0031308 0439178 0007634 0205173 0442726 1446409 1511790 1514241 1705764 1705765 2825490 3282337 0016263 0806140 0814048
 1257986 0449450 2828360 0011306 0007634 3282337 0033036 1456795 0301838 0003320 0086045 0442808 1749467 1947910 1948047 0030956 0332197 1689985 0064858 0013618 0125179 0052919 0017814 0231441 0443218 2827483 2347578 0007600 0007635 3282338 0282547 3538720 3540595 0456981 0009013 0039194 0039215 3251824 0007634 1269647 1704653 1948049
 0439227 0564385 0054036 0304089 1524062
 0007634 3282337 1708632 2986582 3538720 3540595 3541261 1522240 0936012 0442726 0016263 0806140 0814048 1552738
 1639518 1947986 0205160 1513916 2825415 2825491 0243148 1550141 1882979 2587213 3274648 0007634 0487602 1301820 1704680 3282337 0003250
 0681814 0449450 0242629 0009013 0039194 0007634 1269647 1522642 1704653 1948049 1524063 0007634 3282337 0042216 0007634 0042214 0042776 0319157 0439663 1269647 1704653 1882406 1948049 2700323 0042216 1860991 0042216 0392148 0332197 1689985 0008269
 1321301 0027361 0237401 1414932 3537323 1300565 0369248 0332197 1689985
 1335621 1424333 1524062
 0007634 3282337 0085216 1708632 2986582 3538720 3540595 3541261
 1264633 1554103 0936012 3541261 0185117
 1264633 1554103 1609982 1825328 1300565 0369248 0030956 0879593 0011306 0936012 0442726 3541261 0032659 1257890
 0681814 1515655 0681814 0019733 3242379 0439269 1960952 2346927 0002055 0008269 0178499 0439269 1880279 1960952 2346927 0062527 0795623 0593947 0019169 2240392 0170300 0376325 0391849 0019163 0019378 0332283 0019159 0019186 0042721 0042723 0432616 0432618 0019158 0042210 0042776 0178602 0319157 0857515 0869039 1114758 1552558 0116078 1546895 0332173 0439228 0439505
 0243148 1550141 1882979 2587213 3274648 0205250 1299351 2700149 0019733 0178602 0857515 0869039 1114758 0474232 0419735 0042196 0019169
 0557651 2603343 0018898 0026531 0162791 0220845 0282423 0680240 0884358 2346499 0205540 2346845
 1321301 1516695 1516698 0441833 0687744 1257890 1552516 1552839 1705428 1705429 0019733 0242318 0185117 0392366 0002778 0936012 1524024 0016263
 0242629 0039194 0007634 3282337 1321301 1707391 0005507 0243073 0392366 0920508 1510438 1552738 0220781 0439634 1522492 0871261 1704632 1706817 2911692 1292856 1948023 1321301 0033036 1456795 1947910 1518422 0030956 0392148 0008269 0233660 0332206 1708276 0003250 2347469 0020857 1136140 0021017
 0015230 0329155 0848332 1427618 1705203 1524063 1514743 1706461 0446376
 0033036 1456795 1947910 1414932 3537323 1300565 0369248 0205171 0439044 0679994 1300565 0040679 1442762 0026381 0182400 0392148 0332197 1689985 0702093 1548982 0439509 0702093
 1883708 0070066 0231441 0443218 2827483 0146951 0133689 0242759 1720830 1823521 0003241 0205225 0439631 0453882 1705242 2986582 0003250 0086418 0166049 1720830 1823521
 0507115 1521751 0020855 1979003 0312586 0003241 0348078 0376315 1522492 0026691 1705240 1839259 2827734 2981698 1720830 1823521

 0003241 0234621 1524063 0018019 0085216 0522529 1265549 1510458 1720830 1823521

 2827734 2981698 1720830 1823521
 0022877 1619828
 0034493 2827734 2981698 1720830 1823521

 0016315 0243148 1516048 1550141 1882979 2587213 3274648 0370003 2347026 0750563 0003241
 0681814 0011306 0439294 0439269 0439509 0439526 1439852 1960952 2346927 0060527 0086140 0392148 0332197 1689985 0231441 0443218 2827483
 1710082 0487602 0936012 1704680 1524063 0009393 1550604 1705245 0179533 1654607 1706254 0329155 1427618 1705203 0348000 0037585
 0220825 1524063 1626420 0023089 0034606 0181839 0441633 0458142 1023865 1706315 1706379 2826292 0439473
 0031843 0542341 0700205 1705273 1273517 1883351 0309872 0010357 2986468 0037817 0234856 0600118 2828360
 0002778 0392762 0936012 1524024 1550369 0010834 0205146 0205449 0521449 0884358 1705242 0456786 0007634 1269647 1704653 1948049 0007634 3282337 0012634 0348080 1705253 0205449 0681814 1705242 1883727
 1274040 1546471 2825142 1882932
 0016315 0522510 0439178 1446409 1514241 2825490 2986582 2348792 0040223 1552961 2347617 3541383
 0243114 1998793 0016263 0806140 0814048 1947910 0524642 0126577 0023115 0205195 0369637 0441923 0991566 1692890 1947911 1414932 3537323 0369248 0003320 0332197 1689985
 1883708 0031310 1998793 1552738
 0031310 0038636 0205409 0439182 0439599 0812409 1161331 1444662 1548221 1708533 2698172 0016263 0806140 0814048 0936012 1552738
 0031310 0231441 0443218 2827483 1524063 0037633 0525069 0702093 0006353 0441648 1861457
 1883708 0003250 0086418 1860991 2986582 0332283 0027627 0175668 0205436 1708632 0312586 0003241 0021027 0005574 0332283 2754943 0003241 1708632 0005574 0016263 0806140 0814048 0936012
 0002778 0936012 1524024 1264633 0442726 1264633 0011306 0003320 0086045 0205090 0684010 1705242 1947910 2603358 0392148 0332197 1689985 0702093 1548982 0439083 0439087 0702093
 0681814 0439294 0439269 0439509 0439526 1947910 1960952 2346927 0060527 0717685 0086140
 0011306 1883708 1383501 1264633 0205409 1548221 1552738 0005863 0949466 0936012 1705493 0180919 1552738
 1150067 0205177 0439167 0441655 1561536 0205369 1552740 0442726 1511790 0022917 0022924 0030016 0376261 0392756 0547047 1881488 0007634 0444667 1269647 1704653 1948049 1264633 1554103 1511726 3245479
 1383501 1264633 1301820 1552738 0600209 0086972 0443299 0687118 1704732 0020985 0003250 2754943 0003241 0021027 0152036 1522005
 0439164 1268822 0178587 0042789 2707266 0037585 0444686 1441506 1443182 0086388
 0185117 1264633 0936012 1524063 0180919 0376558 0036397 0042295 1441526 1880157 1524063 0037585 1999230 0335141 1546507 0376558 0036397
 0456205 1552853 0042295 0205134 1442989 2828392 0086045
 0042295 0439211 0439242 1300565 0439526
 0871424 0002778 0936012 1524024
 1705241 1705242 0392148 0332197 1689985 0013227 0021135 1533691 2827718 1515655 0242927 1708930 0022885 0039593 0392366 0936012
 2936424 0520510
 0349966 1337208
 1547282 0008269 2349975 1257986 0449450 2828360 0011306 1512045
 0349966 1337208
 1179705 1419032 1419718 1547282 1257986 0449450 2828360
 0349966 1337208
 1179706 1335643 1419033 1547282 2986411 0008269
 0349966 1337208
 2349970 1547282 0003320 1518422 0001721 0031437 1285572
 0349966 1337208
 1179708 1419738 1861425 1547282 0443288
 0349966 1337208
 1419024 1419741 1861424 2348600 1547282 0699789 1383501 1626420 0023089 0034606 0181839 0441633 0442726 0458142 1023865 1511790 1706315 1706379 2826292
 2936424 0520510 0470187 1415570
 0043227 1521721 0002055 0178499 1880279 1709701
 0001175
 0220847 0019186 0019196 0019158 0019159 0042776 0319157 0795623

 0016118 0183683 0376243 1521721 2350008


 0221193 0079152 0543488
 1515023 2827734 2981698 1272684 1548435 1514811 1706462 0520510 0025663 0025664 0449851 1514811 1706462

 0683733 0242456 0376327 1517294 0019629 0567416 0017355 0030695 0150369 0181904 0596972 1521743 1704646 2700280
 1517844
 0310367 0750526
 0025141 0597277 1708601
 0443008 0694746 0369637 0441923


 0011306 0007634 3282337 1704689 1335533 0332255 0486805

 1417055

 0597277 1708601
 2347469



 0206431 0449450 0031308 0024432 1546706 1550652
 1418943

 0268596 2700624
 3642273
 0041703
 0439083 0439087
 0444312 1550679 2937302 0205090 0684010 2603358
 0331964 0597277 1708601




 0206430 0206431 1709694 0449450 0017355 0039194 0007634 3282337
 0349590 1262865
 0025141 1553033 0439394 1706495 3642217
 0205090 0684010 2603358
 0369718 0441922 1553036

 0439261

 0206431 0449450 3271951 0005953 0024432 0086590 0262950 0376152 0391978 1266908 1266909 1546706 1546708 1550652
 0020964
 0439086 2827736 2981702 0025141 0369637 0441923 2347469
 0369718 0441922 1553036


 0011306 1706701 0003320 0205263 0039195
 0349590 1262865
 0025141 0443008 0597277 1708601 2603362
 0016327 0439133 1553038
 2603360
 0597277 1708601
 0369637 0441923
 0443008 0369637 0441923
 1968515 2825051 2828395 0369637 0441923
 2347469



 0449450 1514468 0019630 0011306

 1417055





 0369637 0441923
 2603360
 2603362

 0369773 2603361
 2603362


 0205263 0857127 0206431 0019628 0003320 0449450

 1417055

 2347469 0369637 0441923
 0439394 1706495 3642217
 0369637 0441923
 2603362
 0369718 0441922 1553036


 0686907 0332157 0274281 0007634 3282337 0007634 3282337 0205263 1516349 0678723 0870861 1254042

 1417055



 0205090 0684010 2603358
 0016327 0439133 1553038


 0019165 0486379 0019163 0456981 0004561 0062523 0368721 0599733 0598099 0003320 0007634 0019158 0019159 0162388 0205369 0795623 1552740 1622204 3282337 0023158 0039194 0024264
 0349590 1262865
 0025141 0205090 0684010 2603358 0205090 0684010 2603358


 1257986 0449450 2828360 0011306 0013220 0020963 0220929 0231197 1704410 0020964

 2347961
 1517844
 0025141


 1704259 1705987 0019629 0017355 0441885 2698967 0021966 0221138 0449450 0456387 0567416 1705943
 0036397
 0025141 0439267

 0369637 0441923

 0439114
 0205090 0684010 2603358

 0369637 0441923



 0007634 3282337 1514559 0085175 1336929 0205263 0039195 0022686 0039194 0007634 0677881 1269647 1511636 1704653 1948049 1257985 0871133 2828360


 0025141 0439261

 0206430 0206431 1709694 0449450 0567416

 2347961
 1517844
 0025141
 0205090 0684010 2603358


 0441712 0019629 0567416 0017355 0021135 1533691 2827718 1515655 0314732 0450442 1254351 1521826 0009450 0027651 0332835 0042210
 0001483
 1517844
 0025141

 1257985 0027627 0175668 0205436 0677881 0871133 0871261 1511636 1704632 1706817 2828360 2911692 0062044 0221131 1292143 0003320 0033727 0369286 0441932 0564385 0007634 3282337 1518422 0005507 0243073 0677881 1510438 1511636 2828360

 1417055

 0369637 0439394 0441923 1706495 3642217 1319635


 1706701 0011306 0814997 1706701 0003320 1521801 0442027 0871133 3641721 0039194 0007634 3282337 1515655

 1417055

 0205090 0684010 2603358 0369637 0441923

 0369637 0441923


 0011306 0087044 0103404 0597357 0033684 0205177 0439167 0441655 0677881 1511636 1561536 1707391 1521840 2986546

 1417055

 2603360 2603362
 0597277 1708601



 0597277 1708601
 0694746 0369637 0441923
 0597277 1708601
 0443008

 1515021 0014139 0007585 0007634 3282337 1515655

 1417055

 0021966 0221138 0694746 0369637 0441923


 0011306 0205555 1704211 0336779
 0007634 1269647 1704653 1948049
 0025141 1553033 0033727 0369286 0441932 0564385
 0205090 0684010 2603358
 0016327 0439133 1553038
 0402830 0205090 0684010 2603358


 1257986 0206431 0449450 2828360 0039194 0242629 0007634 0023175 0181586 1442161 1442948 1511760 1522538 1880274 2348269 3275067 3282337 3538720 3540595

 1417055

 0439394 1706495 3642217
 0597277 1708601
 0369637 0441923
 0369637 0441923
 0694746 0369637 0441923


 1159372 1516015 1521840 0003315 0011306 1416939 1511762 0007634 0011305 0439640 0597357 1269647 1704653 1948049 0678587 0205361 1301808 1442792 3148680 0206431 0003320 0023175 0181586 0449450 1442948 1522538 2348269 3275067 1514468 3179073 0013220 0020963 0220929 0231197 1704410

 1417055

 0205090 0684010 2603358 0439267

 0033727 0369286 0441932 0564385
 2603360
 0369637 0441923
 0369637 0441923


 1882071 1515655

 1517844
 0439084 0728893 0025141 0439394 1706495 3642217
 0439394 1706495 3642217

 0016327 0439133 1553038
 2603362


 0205263 0857127 0013220 0020963 0220929 0231197 1704410 0020964

 1517844
 0439084 0728893 0025141 0205090 0684010 2603358
 0369637 0441923


 0011306

 2347961
 1517844
 0025141 0205090 0684010 2603358 0369773 2603361

 1708595 3280986

 1334043 1710082 1879547
 0349590 1262865
 0025141 0369637 0441923
 0369773 2603361


 0001551 0001552 1522673


 0439084 0728893 0025141 0369773 2603361
 0439394 1706495 3642217

 2603362


 0206431 0003320 0449450 1292856 1948023

 2347961
 1517844
 0025141 0597277 1708601 0369637 0441923
 2603360


 2603362
 2347469

 0369637 0439394 0441923 1706495 3642217
 2603362


 0425152 2937292 0670896


 0025141 3539687
 2603362

 0369637 0441923

 0016327 0439133 1553038


 2949735 0024204 0359589 1999230 0017011 1552644 2349976 0871133

 1517844
 0439084 0728893 0025141



 0020792 0205396 0239110 0718338 0020962 1291764 0439662 0449913 1553451 1704459
 0349590 1262865
 0025141 0439114 2603362
 0369637 0441923
 0999213 0021966 0221138 2603360
 0369637 0441923
 0439394 1706495 3642217

 0205090 0684010 2603358
 0369773 2603361

 0524558

 1313494 1336635 1534866 0670896 0597357 1321919 1336636 1705581 0033414 1257985 0007634 0042776 0319157 0439663 0871133 2828360 3282337
 0349590 1262865
 0025141
 0205090 0684010 2603358
 0369773 2603361


 1818858 0031310 0348078 0376315 1522492 1185625 2986730 0205410
 1418943

 0268596 2700624
 3642273
 0041703
 2603362


 0033727 0369286 0441932 0564385
 0439114


 0369637 0441923


 0031308 0441712 1706376 0024432 1546706 1550652
 0007634 1269647 1704653 1948049
 0025141 0369773 2603361 0439394 1706495 3642217
 0369637 0441923

 0369773 2603361
 2603362


 0332466 1293131 1948049 2349967 1185625 2986730
 0349590 1262865
 0025141 2603362

 2603362
 0439267

 0016327 0439133 1553038
 0369773 2603361

 0369637 0441923


 0031310 0029219
 0349590 1262865
 0025141 0016327 0439133 1553038
 0597277 1708601
 0369637 0441923

 1272460
 0687673 0205090 0684010 2603358


 1326471 0243144 0347980 0019629 0024518 1753349 0206431 0212009 0441885 0443800 2698967 0019628 2245017 0003320 0019627 0021966 0205164 0221138 0439855 0449450 0456387 1274040 1546471 1704241 1705943 2825142 1704259 1705987

 1417055

 0524558 1553033 0687673 0205090 0684010 2603358


 0449450 0301838 0003320 0205101 0205228 1441547 1749467 1948047 3245521 1515021 0007634 3282337 0031308 0425152

 1417055


 0016995 0439394 1706495 3642217


 0206431 0449450 0024518 1753349 0441885 2698967 0019627 0021966 0205164 0221138 0439855 0456387 0567416 1704241 1705943
 0036397
 0025141 1553033 2347469
 0179874 0205090 0684010 2603358
 0560020 0439267

 0439261

 3271951 0683607 0596902 0301838 0003320 1749467 1948047 0005955 0222677


 1517844
 0025141
 0205090 0684010 2603358
 0369773 2603361


 0444454 1554204 0014239 0035295 0598268 1257986 0449450 2828360

 1517844
 0025141 0597277 1708601 0205090 0684010 2603358


 0392756 0547047 0002607 1095824 0015127 1524003 0008269 0206431 0332281 0003320 0021467 0021469 0449450 1628982 3463820 0039194 0007634 3282337
 1418943

 0268596 2700624
 3642273
 0041703
 0369773 2603361 0205090 0684010 2603358

 0597277 1708601
 2346686
 2603360

 0439267


 3158982 0596952 0025255 0026237 0521451 0596901 1706182 1261552 1704379 1705117 2825408 0020336 0205263
 0029016
 0025141 0694746 0369637 0441923


 0011306 0243148 1550141 1882979 2587213 3274648
 0349590 1262865
 0025141 1705493 0369637 0441923

 0560020 0439267
 0205090 0684010 2603358
 0560020 0439267
 0205090 0684010 2603358

 0439261


 0036397
 0016327 0439133 1553038


 0206431 0449450 0007600 0007635 3282338 0427861 0011306 0079460 0376563 1149401 1332791 0079784 1524095 0079459 0009392 0021758 1334119 1522540 0018183 0021764 0024432 0332287 0439158 1314677 1521761 1527200 1947989 1948023 2827422 0041368 1323304 1456820 0333516 0760744 0027540 0027651 1334928 1521761 1578706 2827422 3273930
 1417055

 0016327 0439133 1553038 0369637 0441923




 0011306 0042153 0457083 1947944 3271951 0065684 0597357 1880310 2003864 0178735 2246374 0013081 0851285 1327622 0423866 2626739 0304207 1514468

 1417055

 2603360
 0450955
 0369637 0441923



 0052919 1999216 0018790 0237477 0392351 0521111 1522821 2987513 0597297 0597304 1623036 0033684 0243125 0699900


 0201682

 0369637 0441923
 0369773 2603361
 2603362


 0005528 1317949 3495449 1383501 0449450 0017355 0011306


 2827734 2981698 0025141
 0205090 0439267 0684010 2603358
 0439267


 0005495 0220781 0205549 1548958 1705294 2348044 1704675 0243111 1947951


 0000857 0600678 1552863 0439394 1706495 3642217 0694746 0369637 0441923
 0033727 0369286 0441932 0564385
 0033727 0369286 0441932 0564385



 0002778 0936012 1524024 1513380 0025252 1166752 0025255 0033684 0596901 1706182 2247585

 1517844
 0025663 0025664 0449851
 0025141
 0369637 0441923
 0369773 2603361
 0439114
 0369637 0441923


 0369637 0441923



 0275518 0019196 0042769 0009450 0441712


 1517844
 0025141 0597277 1708601
 0021966 0221138


 1155328 1314973 0871261 1704632 1706817 2911692 0019168
 0034850 1704259 1705987 0003320

 1417055

 0205090 0684010 2603358 0597277 1708601





 0474232 0849701 0020971 0042196 3244291 0449265 0871261 1515655

 1517844
 0205090 0684010 2603358
 0016327 0439133 1553038
 0597277 1708601
 0016327 0439133 1553038


 0871261 1704632 1706817 2911692 0205263 1305923 0014834 0014833

 1417055

 0012358 0012764 1444662 1512015 0073187
 2347469


 0028612 0025914 0025929 0026809

 1704351 2239486
 0965991
 0450387 0000857 0600678 1552863 0205090 0684010 2603358 2603362 0369637 0441923





 0678836 0524637 0205725 0010825 0086418 0439663 1518422 0017262 0017376 0017337 0185117

 1517844
 0205090 0684010 2603358


 0054036 0304089 0018790 0237477 0392351 0521111 0206431 0449450 0039195 0039194 0024264 0677881 1511636
 0036397
 0025141

 0678894 0524637
 0012632 2987623
 0349590 1262865
 0025141 0369637 0441923 0369718 0441922 1553036
 0033727 0369286 0441932 0564385
 0369637 0441923
 2986835 2603360


 0242568 1504315 1257985 0871133 2828360
 0036397
 1553033 2603362
 0243226
 0012358 0012764 1444662 1512015 0073187
 0016327 0439133 1553038
 0369773 2603361

 0205090 0684010 2603358



 0242629 0039194 0007634 1269647 1704653 1948049 1257985 0040671 0208355 0871133 1325620 1705822 1752727 2828360 1710236
 0036397
 0439394 1706495 3642217


 0033684 0449416 1705919 1257985 0871133 2828360 0003320 1515655
 1418943

 0268596 2700624
 3642273
 0041703
 0439394 1706495 3642217 0369637 0441923
 1968515 2825051 2828395 0033727 0369286 0441932 0564385
 0021966 0221138



 0597304 1539479
 0036397
 0205090 0684010 2603358
 0872005

 0206430 0206431 1709694 0024432 1546706 1550652 0449450 0567416 0017355

 1517844
 0439267 0439267


 0369637 0441923




 0243148 1550141 1882979 2587213 3274648 1511625 1880389 1883221 3541951

 1517844
 0025141 0369773 2603361


 0206431 0449450 0567416 0011306 1704259 1705987 0851285 1327622
 0005767 0005768 0229664
 0439083 0439087 0439267
 0439267



 0011306 0009013 0150312 0449450 0019629 0599796 0212009 0443800 0003320 0567416

 1517844
 0000857 0600678 1552863 0597277 1708601
 0369637 0441923



 0243144 0347980 1257986 0449450 2828360 1706211 0301838 0003320 1749467 1948047
 0152036 1522005
 0025141 1553033
 1551730

 0025914 0025929 0026809 0025266 1705241 1705242 0152036 1522005

 1517844
 0432292 1418400 2827557 0369773 2603361
 0369773 2603361
 0439267
 0016327 0439133 1553038

 0369773 2603361


 0008269 0597304



 0025141 0369718 0441922 1553036 0439267
 0369637 0441923
 0369773 2603361
 0369637 0441923
 1212549

 3541261 0013081 1744214 1739664 1142652 0042736 0017280 0033684 0019704 0242656 0449258 0237967

 0965991
 0369637 0441923 0016327 0439133 1553038 2603362
 0369637 0439394 0441923 1706495 3642217
 2347469
 0369773 2603361
 0205090 0684010 2603358
 0369718 0441922 1553036


 2708700 3272950 0011306 0031308 0007634 3282337 0150312 0449450 2828360 0487637 0023158 0003320

 1417055

 0369637 0441923
 0369773 2603361
 0369773 2603361


 0369718 0441922 1553036



 0237881 0750502 0282581 0003316 0017446 0205147 2737044 0003250 0003241 0021027 0086418 0746619 1704788 3539106

 0965991
 0450387 0000857 0600678 1552863 0332583 2603362
 0439267
 0021966 0221138


 0022702 0220865 2825046 0237886 0700314 1947906 1179841 0032120 0025252


 0000857 0600678 1552863 0369773 2603361




 0024369 2611130 0333262 0596235 0851285 0016030 0014597 1273342 0007634 0221908 3282337


 0001128 0202406 1511253 1874596 0347983

 1417055


 1527021 1554111 1705606 3541382 1527021 1554111 1705606 3541382 0918012 1552854 1637833 0239110 1706852 0557854 0239110 0205314 0423896 0456205 1706852
 1706852
 1706852
 1706852
 0600644 1516698 1704814 0439849 0445223 0039224 1706073 1706074 0456205 1552853