 0040722 0242781 1521797 0021289 0021118 0205090 0684010 2603358
 1704729 0005544 2717898 2718322 0079920 0018684 0521127 0015535 0041740 0005544 2717898 2718322 1253959 1881507 2700383 2826234 1955979 0027468 0014413 0013546 1512352 0014406 0018684 0021622 0036397 1272753 3245503 0562547 3160718 0282413
 1704729 0005544 2717898 2718322 0079920 0018684 0521127 0015535 0041740 1705493 0013849 1705961 0024492 1538057 1547565
 0034036 0034037 1514756 1704324
 0034036 0034037 1272684 1548435 1704324
 0520510 0557061 2584313 1514811 1706462 2607943 2926606 3539655 0032972 0021118 0032961 3484365 1274040 0015934 0018270 0220844 0443288 0694756 1621966 2911660 0442809
 0442809 0678226 0205448 0332307 1280500 3146286 1518422 0750591 0017337 0332152 1705850 1280500 0021118 1280500 0002085 0021118 0040722 0242781 1517001 1521797 2986417 0681850 1550501
 0557651 2603343 0021270 0019994 0238884 1510665 0004897 0221193 1292732 0332307
 0868928 1533148 0369718 0441922 1553036 0021289 1704788 3539106 0005612 0005615 0005910 0043100 1305866 1550722 1705104 3245487 0009253 0036864 0079399 1314687 1522384 0043194 0258432 1264641 1421478 0038137 0175675 0243148 1550141 1882979 2587213 3274648 0369718 0441922 1553036 0021289 1264641
 0023962 0023732 3161035 1273517 1883351 0040722 0242781 1521797 0868928 1706255 1706256 1336674 1448979
 0037179 0087136 0205171 1948062 0021118 0205217 0442805 0035647 0871667 0030551 2699423 0015671 0026591 0369773 2603361
 0021289 0040722 0242781 1521797 0369773 2603361 0040722 0242781 1521797 0369773 2603361 0040722 0242781 1521797 0033706 0200396 1414504 1521761 2827422 0017337 0369773 2603361 1709305 0332183 1517001 0040722 0242781 0332482 0456603 1521797 1547037 2919017
 0021289 0439660 0033706 0205419 0332183 2828369 1517001
 1274040 1546471 2825142 1705535 0017337 0015272 0080141 0332482 2919017 0002085
 0015528 1521761 2827422
 0015928 0220829 0243107 0678723 1527148
 0015934 0151686 0743925 0015965 0018270 0220844 0521457 1621966 2911660
 0242614 0017428 0021118 0887950
 0032529 1882417 0017296 0314603
 0000723 0150102 0022885 0033204 0039593 0392366 0456603 1547037 0150102 0022885 0033204 0039593 0392366 0456603 1547037
 0066357 0030016 0066357 0030016
 0030190 1418252 0032145 1419349 0032144 1418824 0032140 1367553 1999216 0030190 1418252 0032145 1419349 0032144 1418824 0032140 1367553 1999216
 0679560 0150102 0022885 0033204 0039593 0392366 0456603 1547037 0440471 0520510 0557061 2584313 1514811 1706462 0015934 0018270 0220844 0443288 0694756 1621966 2911660 0332183 0005612 0005615 0005910 0043100 1305866 1550722 1704788 1705104 3245487 3539106 1264641 0017504 1148461 0001779 0439671 0009253 0036864 0079399 1314687 1522384 0038137 0175675 1527178 1705938 3245503 2827734 2981698
 1948052 0242821 0460148 1268086 1547282 0027361 0700321 0012655 0220898 1264642 1547045 0011860 2984301 1320657 0011849 0441730 0011847 0332307 1547052 0012634 0010054 0010068 0018799 0012634 0018787 1281570 1517892 1704666 0740116 2827735 2981700
 0332120 0002783 0014507 0014508 0947630 1527178 1705938 1517892 1704666 0001675 1706450 0005612 0019247 0043095 0005615 0005910 0012634 0043100 0348080 1305866 1550722 1705104 1705253 3245487
 0947630 0332128 2004054 0040722 0242781 1521797 0021118 0021270 0004897 0700321 1332838 0017337 0442805 0035647 0012634 0348080 1705253 0018896 1552861 1883351 1707520
 0557651 2603343 0684224 0700287 3496591 0021118 0750591 0021270 0439086 2827736 2981702
 0206243 0699809 0439787 0849355 0557651 2603343 0398623 0015934 0018270 0220844 0443288 0694756 1621966 2911660
 0398623 0012634 0348080 1705253 1880022 0040053 0686907 0032529 0439660 0750554
 0205393 0332183 0557651 2603343 0032529 0332257 1552866 2700399 0205419 0919427 0066357 1708477 0017337 0021118 0030016
 0205419 1948052 0380964 0584960 2681926 3542419 0015498 3274393 0205309 1521761 2827422
 0021118 0033706 0200396 1414504 1521761 2827422 0017337
 0017337 1314939 0021118 0087086 1184743 1522240 1367553 0017337 0030190 1418252 0032145 0017337 0015528 0439084 0728893 0557651 2603343 0332183
 1367553 0017337 0030190 1418252 0032145 0752046 0021107 0032529 0441587 1442161 1511760 1512796 1880274 1882417 1883719 0205396 1550043 1551388 0600436 0002055 0178499 1709450 1880279 0004793 0162326 0162327 0205450 0332152 1519249 1522538 0018328 0018321 0028630
 0205543 1691010 1883351 0032529 1882417
 0002085 0017431 0030190 1418252 0032145 1150269 0542152 1319364 0032144 0332281 1418824 0474395 1419349 0021118 0032105 0032140 0205177 0205217 0439167 0441655 0442805 1367553 1550098 1561536 1999216
 0017337 0015528 0021118 0021118 0023401 1555721 1706204 0042285 0002520 2917660 0001128 0202406 0733755
 0032529 1882417 0205396 1550043 1551388
 0040018 0205145 1515974 1879547 2825164 0015528 0332281 0392747 0871208 1521761 1521828 1879547 2827422 0678594
 0032529 0332281 0010054 0010068 0018799 0012634 0018787 1281570
 0007294 0035647 0205217 0442805 1551058 0064819 0017431 0023401 1883351 0439084 0728893
 0032529 0032051 0023175 0032043 0230956 0231179 1442948 1522538 2348269 3275067 0205309 1883351 0015127 1524003
 1512571 1518422 1511726 1521721 3245479
 0021118 0557651 0040722 0242781 1521797 0030551 0680063 1518422 0750591
 0518609 0332149 1705910 2362652 0337493 2347452 2347083 1280500 2347083 1720119 1948037 0337493 2347452 0025186
 0205177 0439167 0441655 1561536 1953345 0008633 0017446 0205147 0242503 0851827 1701901 3244310 0439660
 1882365 1515273 1705313 2826302 0242614 0017428 0021118 0887950
 0205177 0439167 0441655 1561536 0858952 1953345 0008633 0017446 0205147 0017001 0036849 1326810 1442518 1705195 0680083 0815084 0015965 0376558 0521457 1306673
 0205171 1720467 0017337 0011008 0205396 1550043 1551388 2348077 0205447 0032214 0600138 0021118 0021118
 1882365 1883351 0230956 0021118 0024660 0032043 0679932 0543488 0026591 0015671 0543488 0018270 0033414 0205179 0220844 1621966 2911660 0026591 0018270 0205179 0220844 0443288 1621966 2911660
 0017337 0205309 1883351 0021118 0032043 1278988 1550656 0205431 0017263 0017337 0851285 1327622 0444454 1554204 0018270 0220844 1621966 2911660
 0021118 1825598 0243163 0699914 1314650 1561604 1875802 1999230 0015965 0521457 0232338 0806140 0005528 1317949 3495449
 0035820 1705810 0015127 0017337 0021118 0332285 1314792 1524003 0015934 0018270 0220844 0443288 0694756 1621966 2911660 0021118 0040722 0242781 0332482 0750489 1521797 2919017 0332120 0002085 0015671 0680063
 0021118 0026591 0205397
 0598175 0080141 0025186 1515273 1705313 2826302 0013126
 0012727 0205419 1705236 0021118 0680063 0310255 0021118 0032659 1257890 0549177 0678226 0441712 2987476 3146286 0687675 1517945 1882365 0205543 1691010 0040722 0242781 0332482 0456603 1521797 1547037 2919017
 0023882 0700321 2700395 0021118 0040722 0086418 0205309 0242781 0332482 1521797 2919017
 1707959 0205419 0521114 0522498 1514917 1709305
 1517945 0678226 0017296 0314603 3146286 1521761 2827422
 0348078 0376315 1522492 1274040 1546471 2825142 0021118 0040722 0242781 1521797 0038952 0220921 0017431 0680063
 0376554 0220825 1261322 0205172 0332183 0557651 2603343 0032529 1518422 0034037 1704324
 0032529 0205392 3540770 0521114 0522498 1514917 0380964 0584960 2681926 3542419 0015498 3274393 0033706 0200396 1414504 1521761 2827422 0205309 1883351 0001721 0031843 0542341 0700205 1705273 0439084 0728893 2347946 0220825 0332149 1705910 2362652
 0021118 1883351 1292732 1280500 0002085 0021118 0040722 0205214 0242781 1521797 1522138 3245511 0021289 0040722 0242781 0332482 0456603 1521797 1547037 2919017 0021118 0021289 2986417
 0520510 0520510 0683954 2348561 0032659 0557651 1257890 2603343 2348561 0032659 0557651 1257890 2603343 1552738 0021118 1522508 1561567 0439086 2827736 2981702
 0557651 2603343 0872128 2594869 0021289 0243148 0868928 1550141 1706255 1706256 1707455 1882979 2239178 2587213 2939425 3274648 1548602 1704686 0870454 0015934 0018270 0220844 0443288 0694756 1515981 1621966 2911660 0015341 0199236 0015576 0231448 0231449 0439792 0557651 1336674 1448979 1527178 1704727 1705938 2603343 1512693 0440471 0017296 0314603 0520510 0015671
 0868928 1533148 0005612 0005615 0005910 0043100 1305866 1550722 1705104 3245487 0017504 1148461 0001779 0439671 0009253 0036864 0079399 1314687 1522384 0038137 0175675 0238884 1527178 1705938 3245503 0481462 1313913 0376558 2584946 0205099 0006823 0000768 0000769 0009678 0205082 1515981 1744681 1548635
 0439531 1948053 0868928 1533148 0205397 0026591 0021118 0557651 2603343 0439165
 0243161 0036576 0185125 0243148 1550141 0005612 0005615 0043100 1550722 3245487 1264641
 0150103 0868928 1533148 1708943 0332174 0439230 0439671 0009253 0036864 0079399 1314687 1522384 0034510 1706779
 0026591 1883351 1272684 1548435 0439165
 2347083 0162371 0694698 1547941 1550673 0041633 1281286 1546555 0005767 0005768 0041638 0229664 1550235 1552938 1706500 0868928 0870454 1516695 1516698 1706255 1706256
 1272689 0183753 1261188 1706070
 1301820 0440471 0017296 0314603 0520510 0015671 1882932 0237629 0871208 0871261 1521828 1704632 1706817 2911692 1883351
 1709701 0086021 0085546 1136380 0015000 0019994 0205540 1510665 1527243 2699414
 0009797 1880840 0348078 0376315 1522492 0021430 0026591 1519316 1561610 1516698 1704814 0041633 1281286 0041638 1550235 1552938 1706500 0005767 0005768 0229664 2347083 0015671 1515981 1516698 1704814 0440471 0017296 0314603 0520510
 1285573 0392148 0380964 0584960 2681926 3542419 0678951 0032529 1524063 0020202 1300517 0005507 0243073 1510438
 1285573 1711351 0015533 0960756 0206243 0699809 0025663 0439787 0449851 0680240 0849355 0871511 1709908 0684224 0700287 3496591

 1285573 1367553 0017337 0030190 1418252 0032145 0017446 0205147 0332256 2700400 0032529 1882417 0032520 0337112 0443286 1114821 1335439 1524075 1552738
 1514468 0002085 0020202 0028953 0205369 0234621 1300517 1552740 0005507 0243073 1510438
 0025255 0034754 1705179 1524063 0596957 0006754 3146274 1709697 2728259 3484370
 0034754 1705179 0085862 0205448 0870992 1299583 0205449 0870992 1883357
 0680238 1261552 1527428 1704379 1705117 2825408 1514893 2699488 0012238 2349986 0596607 0013855 0017243 1382104
 0871424 0002778 0936012 1524024 0220825 1280500 0002085 0021118 0040722 0242781 1521797 1273517 0449445 1292724 1441414 1553874 1578820

 1441414 1553874 1578820 0449445 0439792 1527178 1705938 0023962 0023732 3161035 0683607 0242492 0035647 0080103 0205345 1547039 0002085 0037179 0087136 0205171 0439660 1948062 0030551 0079946 0439659 0725813 1550512 2699423 0871667 0002085 1316572 1317574 1369612 0021118 0301630 0392756 0441610
 0017337 0023746 0021118 0023745 0281825 0394006 0002085 0005516 0025663 0449851 0871511 1518422 2349182 0035647 1883708 0017431 0030551 0725813 0009647 0017431
 0392360 1441414 1553874 1578820 1523987
 0025663 0449851 0871511 0750591 0332307 1160186 1260875 1748461 0026591 0015671 0206243 0699809 1948062 1514983 0237753 0449788 1948062 0002085 0008059 0439660 0680063
 0679006 1947967 0025663 0449851 0871511 0679560 0150102 0022885 0033204 0039593 0392366 0456603 1547037 0205435 0205447 0205543 1279901 0150102 0022885 0033204 0039593 0392366 0456603 1547037
 3161035 1551359 2741673 2981730 0086597 0127400 0021118 0042149 1280500 1280500 1261322 1516048 0846617
 0449445 2986815 0359589 1999230 1519101 0750572 1441547 3245521 1441547 3245521 1948062 0679560 0150102 0022885 0033204 0039593 0392366 0456603 1547037 0359589 1999230 0205171 1720467 1264683 0028873 0242492 0456603 1547037
 0679560 0150102 0022885 0033204 0039593 0392366 0456603 1547037 0150102 0022885 0033204 0039593 0392366 0456603 1547037 0021118 0037585 0115922 0017431 0030551 0683607 1511726 1551393 1705492 3245479 3272743 1524063 2700035 0002045 1553907
 0025663 0025664 0449851 0021118 1709707 0037640 1707959 0030551 0019425 0008059 0680063 0007294 0560175 1706209 3273162 0033204 0037640
 0025663 0025664 0449851 0205447 0750572 0242492 0035647 0080103 0205345 1547039 0806957 0022885 0039593 0392366 0017381 0680063
 0002085 0001721 0038952 0220921 0443161 1881704 0423866 2626739
 2349179 2826544 0015934 0018270 0220844 0443288 0694756 1621966 2911660 0220825 1261322 0008059 0680063 0562342 1171285 0035173 1711411 1511726 3245479 0183683 1521721 0017431 1518422 0004277 0439849 0445223 0678804 2828394
 0023962 0023732 3161035 0359589 1999230 1519101 0750572 0086597 0127400 1280500
 1280500 0015965 0242291 1305737 0175668 0027627 0205436 0031437 1285572 0032961 3484365
 0750572 1179705 1419032 1419718 0242492 0035647 0080103 0205345 1547039 0026591 1948062 1948062 2347083 0080103 0205345 1547039 1948062
 0750572 0868928 1533148 0006539 0021118 0032659 0332516 1160186 1257890 1260875 1748461 2825575 2946465 0549177 1881534 1524063 0042153 0457083 1947944 0026591 0333957 0035647 0205217 0442805 1883708 0010222 1948027 0026591 0206243 0699809 1948062 0030551 0868928 1533148 0449774 0205352
 1335648 1824685 2697937 0242492 0024934 0750572 1527178 1707455 1874451 0449774 0242538 0728826
 0042789 1947903 1706852 1522508
 0033213 1706387 1883351 0027552 0686904 0333052 0725813 1948062 0015671 0026591

 1518422 0332257 1552866 2700399 0449381 1704675 0026591 0017431 0750591
 0450348
 0205447 1318963 0750591 1280500 0039869 1704675 0017431
 0392366 3161035 0332257 1335648 1824685 2697937 1179705 1419032 1419718 0549193 1704769 2350001 1868642 3539078 0439828 0260023 0008059 0017431 0026591 0453882 0680063 2827734 2981698 1948062 0740116 2827735 2981700 1948062 2827734 2981698 0580272 1519043 2827734 2981698 0740116 2827735 2981700 0740116 2827735 2981700
 1883351 0022885 0039593 0392366 1704675 1707455 1274040 1546471 2825142 3161035 1704675 1515273 1705313 2826302 1524063 0150102 0022885 0033204 0039593 0392366 0456603 1547037
 0040722 0242781 0332482 0456603 1283174 1521797 1547037 2919017 1555578 1706081 0015576 0021118 0243148 1550141 1704727 1882979 2587213 2986417 3274648
 1273517 0023962 0023732 3161035 0021118
 0002085 1518029 0033105 0220900 0205419 0522498 3161035 0185125 3161035 0178655 0008059 0021118 0205419 0205448 0680063 1707429 1948062 3242379 1883351 0205163 1549782 1707429 1711356 0038954 0038952 0080103 0205345 0220921 0871208 1521828 1547039 1948062 0205120 1552595 1948062
 1511726 3245479 0022885 0039593 0392366 0205163 0439185
 0520510 0557061 2584313 1514811 1706462 0005612 0005615 0005910 0043100 1305866 1550722 1705104 3245487 0015934 0018270 0220844 0443288 0694756 1621966 2911660 0871420 0012727 0205419 1442989 1705236 2828392 0439165 0870604
 0015031 0243103 0439165 0439165 0005680 0027567 0085756 0439541 0239806 0439165 0078988 0439165 0450367 0019576 0086409
 0017504 1148461 0001779 0439671 0439165 0004897 0332174 0439230 1955473 0332174 0439230 0004897
 0021289 0005612 0005615 0005910 0043100 1305866 1550722 1705104 3245487 0871420 0012727 0205419 1442989 1705236 2828392 0520511 1704711 0015031 1879937 0441833 0680174 0687744 1257890 1552516 1705428 1705429 0017504 1148461 0001779 0439671 2348205 1707689 2983265
 0030551 2699423 1280500 0015576 1527178 1704727 1705938 0021289 2239178 2939425 0025663 0025664 0449851 1273517 0150102 0022885 0033204 0039593 0392366 0456603 1547037 0679560 0150102 0022885 0033204 0039593 0392366 0456603 1547037 1705535 1979886 0162429 2987487 0021289
 0806909 1552615 2826546 0332257 3538986 0015528 0085801 1708477 0002778 0017337 0021118 0936012 1521761 1524024 2827422 0026591 0015671 0021289 0017431
 0039224 1706073 1706074 1547282 1274040 1546471 2825142
 0242492 0035647 0080103 0205345 1547039 0332281 0002085 0021289 2239178 2939425 0002085 1868642 0021118 1442162 1550718 3244317 0456984 0021118
 3539078 1280500 2348382 3539078 0549193 1704769 2350001
 3539078 0439092 0547044 1948062 0332281 0035647 0443228 1704243 1545588 1948062
 0039869 3539078 0028873 0242492 1264683 0456603 1547037 1948062 0242492 0035647 0080103 0205345 1547039 1948062
 0015528 1521761 2827422 0150312 1704675 0017431 0150102 0022885 0033204 0039593 0392366 0456603 1547037 0740116 2827735 2981700
 0369773 2603361 1511726 3245479 1518422 1547282
 0449911 0039224 1706073 1706074 0021118 0021118 0039224 1706073 1706074
 0242492 0035647 0080103 0205345 1547039 0237913 0456984 0587081 0022885 0038215 0392366 1274040 1546471 2825142 1280500 0032529 1882417 0868928 1533148 0015934 0018270 0220844 0443288 0694756 1621966 2911660 0030551 0006823 0150312 0332120 0066357 0150102 0022885 0033204 0039593 0205132 0369773 0392366 0456603 1547037 2603361 0369773 2603361 1708726 0021118 0369773 0450355 2603361 1708477 0021118 0369773 2603361 1708477 0021118 0369773 2603361 1511726 3245479 1518422 1547282
 1336674 1448979 0021289 2239178 2939425 0150312 0332120 0017337 0449774 0040722 0242781 1521797 1999230 0237944 1711411 0150102 0022885 0030551 0033204 0039593 0079946 0392366 0439659 0456603 1514873 1547037 1550512 2699423 0679560 0871667 0150102 0022885 0033204 0039593 0392366 0456603 1547037 0015576 0392760 1314939 1527178 1704727 1705938
 0021118 0557651 2603343 0015576 0021118 0040722 0242781 0332285 0332482 0456603 1521797 1547037 1704727 2919017 2986417 0806909 1552615 2826546 0332257 3538986 0380964 0584960 2681926 3542419 0015498 3274393 0085801 0002778 0021118 0205419 0936012 1521761 1524024 2827422 0026591 0015671 0021289
 0205419 0033706 0200396 1414504 0237753 0449788 0026591 0015671 0021289
 0237753 0449788 0026591 0015671 0021289
 0237753 0449788 0026591 0015671 0021289
 0521114 1336674 1448979 0680063 0205419 1273517 3161035 0023636 0329040 0449570 0022885 0039593 0392366 0150102 0022885 0033204 0039593 0392366 0456603 1547037 0023962 0023732 0205132 1527178 1705938 1708728 2986775 3161035
 0040722 0242781 1521797 0680063 1335648 1824685 2697937 0005615 1550722 3245487 0012634 0348080 1705253 0557651 2603343 0015965 0242291 1305737 1948062 0080103 0205345 1547039 1948062
 0039224 1706073 1706074 1547282 0442726 1511790 0021118 0017337 0015528 0002085 0002085
 0332120 0205419 0380964 0584960 2681926 3542419 0015498 3274393 0033706 0200396 1414504 1521761 2827422 0439792 0066357
 0017337 0002085 0242781 0332289 1521797 0439092 0332183 0547044 0021289 1517001 2986417
 0449911 0039224 1706073 1706074 0021118 0021118 0039224 1706073 1706074
 0456984 0021289 2986417 0006823 0868928 1706255 1706256 1336674 1448979 0332120 1709707 1511726 3245479 1518422 1547282 0033706 0200396 1414504 1521761 2827422 0242492 0035647 0080103 0205345 1547039 0009667 0237529 1272706 1552654 1552713 1704725 1704726
 0040722 0242781 1521797 0380964 0584960 2681926 3542419 0015498 3274393 0332290 0871208 1521828 0205171 1720467 1511726 3245479 1705535 0442805 2827734 2981698 0021118 0035647 0015934 0018270 0220844 0443288 0694756 1621966 2911660 0004897 0015965 0242291 1305737 0037179 0087136 0205171 1948062 2984172 0002085 0380964 0584960 2681926 3542419
 1261322 1516048 0185125 1632850 1879355 0023962 0023732 3161035 0332307 1160186 1260875 1748461 1336674 1448979 1336674 1448979 0205452 3538928
 0022885 0039593 0392366 0868928 1533148 0243148 1550141 1882979 2587213 3274648 1883708 1527178 1705938 0036572 0424576 2349186 0332257 1552866 2700399 1704675 0449438
 0021118 0150102 0022885 0033204 0039593 0392366 0456603 1516048 1547037 0449381 0332232 0242492 0035647 0080103 0205345 1547039
 0380964 0584960 2681926 3542419 0015498 3274393 1272695 1521761 2746065 2827422 0242492 1519101 0035647 0080103 0205345 1547039 0439086 2827736 2981702 0369773 2603361
 0520510 0557061 2584313 0376554 1514811 1706462 2607943 2926606 3539655 0730319 0015934 0018270 0021118 0220844 0443288 0694756 1621966 2911660 1555578 1706081 1709707 0021118 0021289 2986417 1518422 0684224 0700287 3496591 0002085 0205419
 1274040 1546471 2825142 1705535 0040722 0242781 1521797 3274499 0002085 0040722 0205419 0242781 1521797 1707455 2347083 1332838 0015528 0017337 0021118 0021270 1517320 1521761 2827422 0004897 0700321
 0032863 0442726 1280500 0150102 0022885 0030551 0033204 0039593 0079946 0392366 0439659 0456603 1547037 1550512 2699423 3161035 0026343 0679560 0871667 0439801 3542948 0025663 0449851 0871511 0021118 0205447 1518422 0027552 0686904 1883351 0086597 0127400 1280500
 1442162 1550718 3244317 0302523 0700325 3244290 1274040 1546471 2825142 1999230 0332120 1705535 1441547 3245521 1948062 0015928 0220829 0015965 0205390 0243107 0521457 0678723 1527148
 0332120 1705535 0015528 1521761 2827422 1314939 0021118 0087086 1184743 1522240 0332120 1547282 0032529 1882417 0392747 0443172 1705241 0031843 0542341 0700205 1705273
 1517892 1704666 0012634 0087130
 1880177 0015934 0018270 0220844 0443288 0694756 1621966 2911660
 0004083 0439849 0596306 0699792 0032529 0557651 0947630 1882417 2603343 1547282 0205160 1513916 2825415 2825491 1274040 1546471 2825142 1707689 2983265 0872128 1707689 2983265
 1280500
 1512571 1882509 0439780 1883351 0021118 1709305 2745955 0021118
 0017428 2338314 0033414 0018270 0220844 1621966 2911660 0017428 2338314 0439801 1549649 2349209 0185117 1707931 0205447 0205448 1655731 1948062 0858952 0002085
 1707959 0017355 1708477 3179163 0039290 0441885 1337112 2698967 3258294 0017337 0021118 0021641 0021966 0028630 0032529 0075804 0205214 0205341 0221138 0439828 0456387 1522138 1533581 1547730 1579433 1705914 1705943 1882417 3245511 0040722 0242781 1521797 0012655 0220898 1264642 1547045
 1280500 2348382 0017446 0205146 0205148 0678640 0021118 1825598 0005528 1317949 3495449 0678695 0015965 0521457 0232338 0806140
 1511726 3245479 0040722 0242781 1521797 3274499 0040722 0242781 1521797 1707455 2347083 0021118
 0242492 0035647 0080103 0205345 1547039 0332281 0205419 0242538 0337493 0728826 2347452 0750572 1883351 0450388 2827734 2981698
 1442162 1550718 3244317 0035820 1705810 0037088 0243095 2825141 0183683 1521721 1512571 0021118 1825598
 0021118 0678226 1979886 0021118 0021118 0086418 0205172 0205391
 1524063 3245505 2700035 0002045 1553907 1441672 0021118 0021289 0032529 0380964 0584960 2681926 3542419 0015498 3274393 0033706 0200396 1414504 1521761 2827422 0031843 0542341 0700205 1705273 0205170 0205309 3146287 0439084 0728893
 0302523 0700325 3244290 0543488 0021118 0017337 0032972 1274040
 0015450 1281591 0021118 0040722 0205238 0242781 0332285 0332482 1521797 2919017 1336674 1448979 0680063 0017404 0242614 2754720 0017296 0021118 0032659 0314603 1257890 1514983 0542559 1318139 0521874 1707455 0872128 1947971 0871511 0022885 0039593 0392366 0237941 0868928 1527178 1533148 1705938 0030551 0025663 0025664 0449851 1709707 0205397 0021118 0032659 1257890 0549177
 0025663 0025664 0449851 1518422 0040722 0242781 1521797 0030551 0008059 0680063 0558295 1548789 3543840 0557651 2603343 0079429 0017337 0002085 0015965 0038952 0220921 0439849 0445223 0521457
 0557651 2603343 0332257 1552866 2700399 1336674 1448979 1336674 1448979 0205447 0042153 0457083 1947944 0023962 0023732 3161035 1707455 0871208 1521828 0750572 0242492 0035647 0080103 0205345 1547039 0021118
 1273517 0449851 1280500 0242492 0035647 0080103 0205345 1547039 0439086 2827736 2981702 0009667 0237529 1272706 1552654 1552713 1704725 1704726 2827734 2981698 1705535 0242538 0728826 0332281 0015927 0011065 0015965 0238767 0521457 1306577 1706086 0015934 0018270 0220844 0443288 0694756 1515981 1621966 2911660 0015965 2708510 0310255
 0441468 0441469
 0035173 0684224 0700287 3496591 0453882 0453882 0002085 1518422 0150312 0021118 0021289 1548795 1634625 2982691 0000781 0015965 0150312 1550015 1609614 2708510
 0221193 1441414 1553874 1578820 0332120 1080058 0453882 0206243 0699809 0023175 0443348 1442948 1522538 2348269 3275067
 0015252 0728940 0453882 0015934 0018270 0023175 0220844 0443288 0694756 0868928 1442948 1522538 1533148 1621966 2348269 2911660 3275067 0310255 0453882 1518422 0243095 0332120 0680063
 1707478 0684224 0700287 3273238 1274040 1546471 2825142 1705535 1708477 0021118 0015528 1521761 2827422 1280500 2348382 1555578 1706081 0680063 0205419 1708477 0017337 0021118 0380964 0584960 2681926 3542419 0015498 3274393 0033706 0200396 1414504 1521761 2827422 0066357
 0439855 1704241 1274040 1546471 2825142 0027552 0686904 0598312 1883725
 0043227 0018173 1521721 1548284 0021622 0035168 0242481
 0031831 1707664 2348314 3540849
 1553387 1948035 0006823 0035168 0242481 0179847 1524106
 0221193 2986676

 0079152 0009671 0543488 1705242
 1514811 1706462 0520510 0557061 2584313 1514811 1706462 1515938 0586884 0237419 0334897 0557806 0596070
 0015934 0018270 0220844 0443288 0694756 1621966 2911660
 0162791 0220845 0282423
 0063789 3272375 0025141
 1720850
 0040833 1521798 0025141 3538705
 0021296 0021270 1514756 0002085 0003591 0007226 0332183 1517001
 0325074 0439509
 1261322 1552578
 0201682 1315013
 0035820 1705810 0021118 0042449 0348013 0852949 0012634
 0005767 0005768 0229664 0220928
 0851285 1327622 0032529 1825598
 2347379 1419704 0034678 0033727 0369286 0441932 0564385
 0032529 1882417 0521110 1879547 0001721 0678594
 0005767 0005768 0229664
 0032051 0032043 0230956 0231179 0018271 1261479 1457898 0018270 0020538 0021118 0023175 0181586 0220844 0243107 0443288 0678723 0680063 1442948 1522538 1527148 1621966 1963138 2348269 2911660 3275067
 0020538 1963138 3538705 0043127
 0332197 1689985 0015934 0018270 0220844 0443288 0694756 1621966 2911660
 0369718 0441922 1414400 1553036 3538705 0369637 0441923
 0032529 0015934 0018270 0220844 0443288 0694756 1621966 2911660
 0014507 0014508 0699910 0025141 3538705
 0243107 0678723 1527148
 0027960 0324740 0439189 1456781 1824986 2347961
 1555015
 0369637 0441923 0439267
 0021118
 0349590 1262865 0025141
 0205170 0242614 0017428 0021118 0887950 0314627 0031843 0542341 0700205 1705273
 0325074 2347961 0025141 0001905 1412243 0597277 1708601
 0021118 0012727 0205419 1705236
 0017428 2338314 0025141 0597484 1272460
 0332120
 0325074 0025141 0039462 1705540 0205090 0684010 2603358
 0005612 0017504 1148461 0001779 0005615 0005910 0006823 0021118 0043100 0439671 1264641 1305866 1550722 1705104 3245487 0242614 2754720
 0000857 0600678 1552863
 0015528 0678951 1708477 0004083 0017337 0021118 0032529 0439849 0596306 0699792 1521761 1882417 2827422 0751955 0021308
 0035173
 0005767 0005768 0229664 1550751
 0332268 1367553 0017337 0030190 1418252 0032145 0010054 0010068 1956346 0205042 0852949 1269008 0003842 0012634 0018787 0226004 0027051 0428953 2926063 0021308 0027061 1522564
 3272373 1515101 2986905
 0002085 0004793 0021118 0032529 0086860 0162326 0162327 0205214 1519249 1522138 1882417 3245511 0030190 1418252 0032145 1419349 0032144 1418824 0032140 1367553 1999216 0030190 1418252 0032145 1419349 0032144 1418824 0032140 1367553 1999216 0017337 0021755 1522428 2717940 0007634 0021118 0021764 1527200 3282337
 0201682 0201975 3539604
 0449335 0025663 0025664 0449851 0085973 0242614 2754720 2827447 0017296 0021118 0030551 0076994 0314603 0868928 0947630 1706255 1706256 0871667
 1704351 2239486 0201975 3539604 0230613
 0449445 1280500 0079613 1947931 1280500 2347083 0242614 0021118 0030551 0681850 1550501 1706203 2349001 2697811 2987476
 0325074 0025141 1420098
 0039593 0392366 1280500 0021118 0242614 0042153 0457083 1947944 0115922
 1704351 2239486 0025141 1552154 1707127
 0022885 0039593 0392366 0442726 0453882 0442805 1281905 0035647
 0325074 0025141 0034678
 0035820 1705810 1280500
 0005767 0005768 0229664 0012836 0012836
 0030190 1418252 0032145 1419349 1418824 0032144 0441729 0032140 0332307 1367553 1547052 1999216 0010054 2733225 0004153 0018787
 0450348 0369637 0441923
 0017262 0017337 0185117 2717855

 0040722 0242781 1521797 0002085 2362324 3645710 0028754 0231335 1963185
 0325074 0025141 1947960
 0398623
 2347379 0025141 3541314
 1552240 1552264 2939425 0032529 0026882
 0325074 0025141 1527021 1554111 1705606 3541382 0333052 0239110 1706852 0239110 1705565 1947976 0687676 1704687 0557854 0013849 1705961 1706852 0282420 0021118 0162443 2348205 0021118 0036397 0282111 2348205 0021118 1138432 0239110 0162443 0205314 0033213 1706387 0003738 0024552 1519021 1554162 1883712 1706852
 1706852
 0205090 0684010 2603358
 1706852
 1706852
 0205090 0684010 2603358
 0036375 0680811 0034033 0018735 2735290 0242456 1522634 0205145 0887933 0947619 0035621 0205090 0439658