 0037455 0596070 0005477 0026376 0005532 1521991
 0009015 1880022 1157963 0019046 0243125 0699900 1314939 0034036 0034037 1514756 1704324 0348078 0376315 1515981 1522492 1527075 0369637 0441923
 2827734 2981698
 2827734 2981698
 0678223 2827734 2981698 0740116 2827735 2981700 0033727 0369286 0441932 0564385
 2827734 2981698
 2827734 2981698
 2827734 2981698 2827734 2981698 0439148 1519795 1704753 1880519 0035172 0021622 1272753 0442601 0442603 0687676 1704687 0019994 1510665 0034391 0004340 0740116 2827735 2981700 0036375 0041740 0454777 0520510 1274040 1546471 2825142 1514811 1706462 0000857 0600678 1552863 0006556 1547699 2700640 2717969 0030946 1622131 1947941 0009013 0004793 0162326 0162327 1519249 0150312 1883351 2700640 1158285 0014436 0017337 1547282 1883351 0150312 0449450 0017428 2338314
 1707455 1547282 0014442 2717969 0030946 1622131 1947941 0205393 0007428 0439849 0445223
 0002518 0002520 2917660 0001128 0004793 0162326 0162327 0202406 1519249 0017982 0205145 0376322 0205448 0205280 0733755 1551058 0017982 0205145 0376322 0007427 1332805 0007428
 1511997 0012771 0007427 1332805 0007428 0024660 0150312 0162326 0150312 0449450 0419518 0445022 0007428 0042567 0205242 0333853 0678723 0870861 1254042 0023693 1306462 1881376 1711351 1420192 0332197 2699517
 1709915 1882936 0038592 0037791 1314939 1511884 1710236 0007382 2717969 0030946 0033085 1622131 1947941 1709915 1882936 0015272 0392747 0443172 1705241 0038592 0037791 0205314 0679622 1274040 1511884 1546471 1710236 2825142
 1150095 1622131 0205177 0439167 0441655 1561536 2717969 0150312 0449450 0036319 0036315 0010454 0009458 0010453 0162867 0220814 0430400 1254021 1515981 2242979 0036315 1314677
 2717969 0030946 1622131 1947941 0032214 0600138 0035820 1705810 0427458 0014772 0014792 1167395 1301820
 0036323 0005767 0005768 0040818 0229664 0015127 1524003 0027361 0205172 1881839
 0036315 0014772 0014792 0439179 1277078 0005773 0750572 0024554 0086582 1706180 1706428 1706429 0036319 0036315 0232478 0033727 0369286 0441932 0564385 2827734 2981698 1157963 0543484 0699900 1516314 0332148 0750492 0028707 0036315 0036321 0392209 1314939 1442959
 0681754 1705535 0030940 0030946 0036315 1327616 0868946 0019046 0740116 2827735 2981700 0243102 0014442 0441655 1157963 0019046 0543484 0699900 1314939 1516314 0030956 1518422 0010654 2717969 0030940 0030946 0439086 2827736 2981702 1552738 1880022 0001675 0036315 1327616 1706450 1705535 1157963 0019046 0243125 0699900 1167395 1314939 0684224 0700287 3496591 0004793 0017337 0162326 0162327 1519249 1948052 0204727 0205409 0220862 1547699 2700640 2717969 0030946 1622131 1947941
 0332255 0486805 0205265 0751608 0006556 0023621 0205409 0872147 1548221 1524063 0206415 1707689 2983265 0079160 0004793 0162326 0162327 0376298 1519249 1527178 1705938 0205117
 0332255 1708096 0182400 1273517 1704681 2347609 3536729 0220908 1305399 1705053 0751608 0023621 0872147 0370215 1875400 0009013 1522642
 1883712 1150095 1622131 0205177 0439167 0441655 1561536 2717969 0442726 1511790 1524063 0439084 0728893 2828366 0036315 0010454 0009458 0010453 0220814 0430400 0439536 1515981 1705217 2242979 3244283 0036315 1314677 0459205 0332307 1547052 0019046
 0599927 0020202 1300517 1710133 1444656 0017337 1547699 2700640 2717969 0030946 1622131 1947941 0150312 0449450 0017428 2338314 0332148 0750492 0006556 2700640 1150095 1622131 0441655
 0036315 1327616 2717969 0030946 1622131 1947941 0010654 2717970 0030940 0030946 1157963 0019046 0243125 0699900 1167395 1314939 1515655 0439086 2827736 2981702 0520510 0002518 2717969 0002520 2917660 0004015 0079160 0001128 0162326 0202406 0205250 1706765 0017446 0205147 1301820 1709915 1882936 0206293 3541260
 1883254 2603360 0002518 0002520 2917660 0079160 0004793 0308313 0001128 0162326 0162327 0202406 0376298 1519249 1527178 1705938 1524063 0039224 1706073 1706074 0028953 0045143 0173021 0175671 0206415 1552870 1709450 0072149 0032520 0677874 1273517 0332255 1708096 0080194 0456178 1518614 2987481 0751608 0023621 0872147 1428222 1538127 1707968 1962945 2827421 0023621 0751608 0872147 1999230
 0032520 0677874 1314939 0301642 0332283 1511572 0332283 0205088 0231448 1546485 1880641 0456692 0702093 1524063 3161035 1611676
 0009015 1514468 0013855 1979893 0036681 0439086 2827736 2981702 2827734 2981698 0758986 0019873 0006222 0015008 2986582
 1514468 0017243 0205409 1548221 1524063 1185738 1706132 0072149 0032136 0049896 0072149 1524063 0039213 0208356 0012854 0023689 0683758 1273517 1883351 0007635 0007634 3282337
 0007634 3282337 0001771 0010453 0220814 0430400 2242979 0002680 0242295 1947943 2348609 0021236 0021242 0016945 1412102 0016945
 0032136 0430402 0010453 0521009 1524063 1185738 1706132
 0004793 0028630 0162326 0012854 0032136 1704972 1704973 1428222 1538127 1707968 1962945 0025663 0449851 0871511 1524063 0008848 0242298 0344349 3262831 0449913 1553451 1704459 1328319
 1883254 1524063 0184661 1948041 2700391 3274430 3538935 3539779
 0002778 0936012 1524024 0002518 0002520 2917660 0001128 0162326 0202406 0884358 1524063 1704709 1709697 2728259 3484370 0333052 2607870 0441833 0687744 1257890 1552516 1705428 1705429 0043193 0037585 0017480 1524063 0598211 0030685 0391871 0439180 0680255 1283071 1963578 0950143 1710264 0030685 0391871 0439180 0450355 0680255 1283071 1963578 0242356 0993637 0178499 1511726 1626935 3245479
 0439849 1705630 1706279 3540605 1706765 2827421 1524063 0002045 1553907 0449820 0002518 0002520 2917660 0001128 0162326 0202406 0443225 1527178 1705938 1708003 0004793 0308313 2717969 0004793 0030940 0030946 0162326 0162327 1519249 0042789 1947903 0349966 1337208
 0036317 0036315 1555715 1704332 1708200 1510755 0237753 0449788 1706078 2717969 0030946 1622131 1947941
 0439849 0680022 0456387 1705943 2717969 2348205 2717969 0030946 1622131 1947941 1301820 1524063 1709697 2728259 3484370
 0441833 0687744 1257890 1552516 1705428 1705429 0332257 1552866 2700399 2717969 0030946 1622131 1947941
 0751608 0023621 0872147 0028602 1300517 0028606 0001128 0007610 0020202 0202406 0220908 1305399 1705053 1524063 0441587 1743766 1883719 1514468 1704444 0182400 1704681 2347609 3536729 1524063 0025255
 0012854 0037633 0525069 1527121 0045191 0871133 1335439 0331955 0004340 0025255 0013618 1882074 0020283 0450407 0450408 0450409 0450385 1548982 0011744 0033727 0369286 0441932 0564385 0013618 1882074 0020283 0450407 0450408 0450409 0011744 0033727 0369286 0441932 0564385 1883708 0013618 1882074 0020283 0450407 0450408 0450409 1552738 0004400 0884358 1524063 0086296 1561571 1561572 0220908 1305399 1705053
 1524063 0004651 1260957
 3272453 0012854 0017428 0887950 0599927 1710133 0020202 1300517 0036317 0080194 0456178 1518614 2987481 0080194 0456178 1518614 2987481 0034043 0991865 0006353 0031603 0031701 0036082 1601799 1549542 0439230 0009450 0321907 1947992 1548982 0010453 0220814 0430400 2242979 0021135 1533691 2827718 0302908 1304698 1546699 1561501 1698986 1273517
 0204727 0205409 0220862 0455052 1521827 0206243 0699809 0439787 0849355 1552738 2347885 0012634 0020202 0348080 1300517 1705253 0441648 1278655 0445247 0220908 0220909 1698960 1710031 1710477 0023621 0751608 0872147
 1881488 1521827 1552738 0036315 1314677 0021135 1533691 2827718 0039421 0332256 2700400 0015965 0229671 0230445 0521457 1305418 1546774 1550100 0030842 0220892 0038425 0019215 2678549 1882074 0020283 0450407 0450408 0450409 0033727 0369286 0441932 0564385 0009458 0439536 1705217 3244283 1514468 0849355 0439267 0179834 0456693 1442458 0702093 1550101 1880165 0332462 1880834 1524063 0179630 1698986
 0427716 1304757 0086045 0019046 0025663 0449851 0871511 1524063
 1150095 1622131 0205177 0439167 0441655 1561536 0444706 3541902 1524063 0205474 0031525 3541314 1552738 0439084 0728893 0005507 0243073 1510438 0142785 0597484 0000975 0037473 0369637 0441923 0884358 0444499 0601906 0020283 0450407 0450408 0450409 0086045 1446561 0369637 0441923
 0086486 0237897 0808080 1705922 1524063 0037494 1959973
 0010813 0596311 1330957 0444706 3541902 0312860
 1150149 0205177 0439167 0441655 1561536 0054871 1332807 0005507 0243073 1510438 1524063
 0030685 0391871 0439180 0680255 1283071 1963578 0444706 3541902 1552738 1698986 1710198 1440942 0369637 0441923 1720119 1948037 0142785 0000975 0037473 0597484 0444499 0601906 0020283 0450407 0450408 0450409
 0005507 0243073 1510438 0206243 0699809 0439526 0439787 0449468 0849355 1690016 1705102 2700258 0443286 1114821 0000983 0000985 0001128 0202406 0981805 1272691 1883712 0369637 0441923
 0019046 0014772 0014792 0024348 0086418 1521827 1548982 0040223 1632851 0849355 1883720 3244314 0032105 1550098 0009458 0439536 1705217 3244283 1720830 1823521
 0440266 0007703 0849355 0439267 0456693 1442458 0702093 1550101 0062245 0019046 0557351 1167395
 0019046 0439267 0036315 0036321 1439852 2828366 0439267 0601906 0020283 0450407 0450408 0450409 0033727 0369286 0441932 0564385
 1510844 0600209 0013862 0071500 0596607 0071500 0017243 0071499 0086972 0443299 0687118 0017243 0056271 0056270 0054051 0056269 0205090 0684010 1260957 2603358 2986582
 0070329 1960107 0013618 1152589 1301820 1719918 0047895 0036733 1512523 0869011 0205474 0033607 1961133 2673177 1999216 0869011
 1979963 2003903 0036315 0036321 1301820 1439852 0702093 1883712 1710236
 1274040 1546471 2825142 0557061 2584313 1519595 2700640 0206415 1273517 0075804 0173021 0175671 0206415 1549810 1552870 0032520 0677874 0751608 0023621 0872147 0728990 1514575 1705542 0175723
 0009013 0004793 0162326 0162327 1519249 0032520 0238767 0677874 1514468 1706086 0150312 1883351 1882932 0332255 0486805 1518422 1547282
 0332255 1708096 1416798 1527121 1273517 1883351 0182400 1704681 2347609 3536729 0751608 0023621 0872147
 0009013 1522642 0220908 0220909 0333463 1301820 1698960 1710031 1710477
 0441587 1743766 1883719 0004793 0162326 0162327 1519249 0150312 1883351 0332257 1552866 2700399 0600080 0242610 0009221 1095825 0079941 0080089 0034754 0175566 0180979 1705179 1705858 0332257 0242611 0009221 1095825 0600680 0017446 0205147 0032400 0071360 0747726 0600080 1882932
 1514468 0456389 0600436 0002055 0178499 1709450 1880279 1282910 1552828 1274040 1546471 2825142 3146294 0206415 0079941 0009219 0017446 0205147 0205681 0205145 0205177 0206293 1515974 2825164 3541260 0205681 0205145 0205177 0205436 0206293 0457385 0565930 1515974 1561503 1705190 1709915 1882936 2825164 3541260 0042789 1947903
 0079941 0080089 0034754 0175566 0180979 1705179 1705858 2700640
 0750591 2717969 0030940 0030946 0014442 0205214 0332253 1522138 3245511 2827421 0004793 0162326 0162327 1519249 1705175 1705176 1705177 1705178 1882348 2717969 0030940 0030946 0349966 1337208
 0424215 1415854 0007428 0024660 0450382 0322859 2717969 0001692 0026584 0030946 1256214 1515981 1622131 1947941 0750591 2717969 0030946 1622131 1947941 0007427 1332805 0007428 1880022 0450348
 1979874 2717969 0030946 1622131 1947941 1547282 0424215 2003939 0030913 0054867 1413812 2717969 0030940 0030946 0332257 0024535 0032150 0032148 3541306 0678594 0080143 1706765 0025914 0025929 0026809 0034693 0034721 0086418 0008051 0677521 1365945
 0870982 0449913 1553451 1704459 0425382 1706765 0007427 1332805 0004793 0007428 0022646 0086418 0162326 0162327 0227665 1278978 1514845 1519249 1527178 1705938
 0162326 0332128 0004793 0162326 0162327 1519249 1706765 0332453 0004793 0162326 0162327 1519249
 2717969 0030940 0030946 0002045 0680240 1515981 1553907 0014436 0750541 0017446 0205147 1710082 1709915 1882936 0017446 0205147 1515860 0004793 0162326 0162327 1519249 0137001 0429863 3537219 3539772 0061472 0220839 0439659 0007427 1332805 0007428 0017890 0086418
 0243111 1947951 0004015 0001128 0202406 0205448 1709915 1882936 0733755 0014442 0004897 1709915 1882936 1706765 0349966 1337208
 1709915 1882936 0205242 0243122 1145667 1167622 1710236 0567416 0442821 1551359 2347858 2741673 2981730 0002518 0682967 0002520 2917660 0001128 0004793 0162326 0162327 0202406 1519249 1709915 1882936
 0015272 0444793
 0017797 1709915 1882936 1710236 0028778 0332206 1533157 1706084 2828370 0733755 1709915 1882936
 0017797 0014442 1709915 1882936
 0004793 0162326 0162327 1519249 0017890 0268059 0419518 0445022 2717969 0030946 1622131 1947941 1314939 1704675 1710236 1710234 0387019 0009802 0004793 0017890 0024660 0162326 0162327 1519249 1550543
 0205145 1515974 2825164 1547282 0205419 0061736 0023401 0026584 2717969 0030940 0030946
 1883712 0004793 0162326 0162327 1519249 0033382 0071665 0419518 0445022 0007427 1332805 0007428 1709915 1882936 0040005 0036720 0419518 0445022 0419518 0445022 0205681 0205145 0205177 1515974 2825164 0007382 1880177 2717969 0030946 1622131 1947941
 0007428 0019602 0024660 1412323 1299987 0003765 0559956 0030946 1622131 1947941 1709915 1882936 0231448 0243122 0439792 1145667 1167622 0205145 1515974 1710236 2825164 2717969 0030946 1622131 1947941 0332128 0349966 1337208
 0282416 1561607 1705241 1705242 0205117 0733755 2717969 0030946 1622131 1947941 0684224 0700287 3496591 0038592 0037791 0163712 0243122 1145667 1167622 1511884 1710236
 1706765 0080143 1510755 0025914 0025929 0026809 0025914 0025929 0026809 0034693 0034721 0034693 0034721 0086418 0086418 0008051 0677521 1365945
 0870982 0449913 1553451 1704459 0007427 1332805 0004793 0007428 0022646 0086418 0162326 0162327 0227665 1278978 1514845 1519249 1527178 1705938 0086418
 1709915 1882936 0017890
 1709915 1882936 0439178 1446409 1514241 2825490 0750480 1705566 1709915 1882936 0332152 0740175 2257086 0017446 0205147 2825415 0205160 0449788 1513916 2825491 0017890
 0028778 0332206 1533157 1709915 1882936 1292748 1883351 1706765
 0679214 1709915 1882936 1709915 1882936 1709915 1882936 0017982 0205145 0376322 0057717 1521761 0010813 0596311 1330957 0030946 0205286 0439659 1622131 1947941 1709915 1882936
 0205454 0181687 0419518 0445022 1521970 1444656
 1705241 1705242 0004793 0162326 0162327 1519249 0037179 0087136 0205171 0337112 0348078 0376315 1314939 1522492 1524075 1709694 0348078 0376315 1522492 1709694 0010813 0596311 1330957 0419518 0445022 0007427 1332805 0007428 0086418 0205431
 0181687 0419518 0445022 0205101 0205148 1521991 1883351 0014442 1305923
 0010813 0596311 1330957 0184512 0205372 0678594 0004015 0001128 0202406 0008051 0677521 1365945 1518422 0332256 2700400
 2717969 0030940 0030946 0332268 1522240
 2717969 0030946 1622131 1947941 0205145 0205242 0333853 0014442 0014445 2717969 0030946 1622131 1947941 0014442 0014445 0205447 2987476 0332307 1261322 1552578
 0014442 0017982 0205145 0376322 0003995 0003995 0003995 0205145 0003995 0003995 0007428 0024660 2369992 1709915 1882936
 0024337 1521761 0007428 2717969 0030946 1515981 1622131 1947941
 0702172 1709915 1882936 0005595 0061472 0220839 0678640 0014442 0036315 0036321
 1709915 1882936 0023401 1521761 1709915 1882936 0007428 0024660 0205171 1720467 2717969 0030946 1622131 1947941
 1999230 0233820 1184743 1522240 0014442 1327616 0733993 0007531 0521375 0524461 1282864 1301906 1551056 0042789 1947903
 1511997 0023745 0007428 0150312 0449450 0014442 0033085 0036315 0036321 0332257 0625284 0010654 0419518 0445022 0625284 0010654 0419518 0445022 0625284 0010654 1335528 0017337 2717969 0017428 0205396 1550043 1551388 2603362
 2717969 0030946 1622131 1947941 1518422 1547282 0175723 0868946 1517001 1708726 1335528 0017337 0037179 0087136 0205171 1948062 0150312 0449450
 0020202 1300517 1947971 0175723 0332290
 0020202 1300517 1947971 0205450 0175723 0012854
 1442162 1550718 3244317 0205145 0150312 0449450 1274040 1546471 2825142 1705535 0392148 1335528 0017337 2717969
 0282416 1561607 0449774 0014442 0014445 1335528 2717969 0079429 0377149 0017337 0030946 0037179 0087136 0205171 1622131 1720467 1947941 1948062 0017428 2338314
 1274040 1546471 2825142 0599927 1334043 1708379 0017337 0150312 0449450 0349966 1337208
 0599927 0020202 1300517 1710133 0332255 1708096 0332256 2700400 0079941 0004793 0009219 0162326 0162327 1519249 3272453 0017428 0887950 0012854 0011516 1708639 1708639 1708639 0012238 2349986 1515981 0012238 2349986 1708639
 0038137 0175675 0205091 1552822 1547282
 1150095 1622131 0205177 0439167 0441655 1561536 1150095 1622131 0205177 0439167 0441655 1561536 0205242 0333853 0030956 0150312 1883351 1710236 0019046 0070329 0439084 0728893 0392756 0205177 0439167 0441655 1561536 2828366 0615648 0964330
 1979874 0047895 0036733 0912403 1332808 0130900 0054682 0054871 0377632 1332807 0007428 0031453 1999216 0702172 0231175 1883351 0018790 0237477 0392351 0521111 0205177 0439167 0441655 1561536 0450373 1553636
 2698651 0615648 0964330 0442758 0439086 2827736 2981702 2698651 3538928 0205177 0439167 0441655 1561536 0221106 0020283 0442808 0450407 0450408 0450409 1637379 0037640 0205177 0439167 0441655 1561536 0450375
 1979963 2003903 2828366 2698977 0615648
 0243077 0557351
 0070329 0130900 0054682 0377632 0031453 0702172 0047895
 2698651 2828366 0036317
 1150095 1622131 0205177 0439167 0441655 1561536 2717969 0312860 0444706 3541902 1524063
 1150149 0205177 0439167 0441655 1561536 0054871 1332807 0054682 0208326 0016349 0030956 0031453 1710236 0005507 0243073 1510438
 0042295 0444504 2347634 2348143 1547282 2347469
 1150149 0205177 0439167 0441655 1561536 1524063 1948052 1547282 0054871 1332807 0007428 0205177 0020283 0450407 0450408 0450409 0450380 0439084 0728893 0450375 0917903 2717969 0030946 1622131 1947941 0054871 1332807 0007428 0205177 0439167 0441655 1561536
 2717969 0030946 1622131 1947941 1150149 0441655 0442726 1511790 2828366 1515981 1518422 1547282
 0019046 0036315 0036321 0868946 0557351 1710236 1150095 1622131 0205177 0439167 0441655 1561536 2828366 1514468 0600209 0013862 0071500 0596607
 0019046 1439852 2828366 0175723 0205449 0232902 1882932 0567416 1532717 0596448 1532717 0596973 1553637
 1979874 0019046 0205197 1150095 1622131 0030946 0205177 0439167 0441655 1561536 1881707 1947941 2828366
 0175723 0205449 0456148 0549184 0332120 0487602 1704680 0444186 1947932 1553637
 0012238 2349986 0070329 0311403 1553637 0047895 0013618 1301751 1280500 2348382 1553637
 0130900 0005507 0243073 0332257 1510438 3538986 0230715 0175723 0439645 1521913 1553637
 0205177 0439167 0441655 1561536 1547282 2698651 2698651 0054871 1332807 0007428 0205177 0439167 0441655 1561536 0015272 0205177 0439167 0441655 1561536
 1157963 0243125 0699900 0020283 0450407 0450408 0450409 0054871 1332807 0007428 0587267 2698651 0020283 0450407 0450408 0450409 2717969 0030946 1622131 1947941 0015272 0023882 0700321 2700395 0205177 0439167 0441655 1561536
 1157963 0243125 0699900 0020283 0450407 0450408 0450409 1441672 0443228 1704243 1518422 1547282
 0019046 0030940 0030946 0868946 1327616 0021135 1533691 2827718 1514468
 1883712 0005507 0243073 1510438 0028778 0332206 2983591 0012238 2349986 0392148 0054871 1332807 0007428 0441655
 1883357 0002778 0936012 1524024 2828366 0332256 2700400 1150095 1622131 0205177 0439167 0441655 1561536 2717969 2698977 0019046 1167395 1979963 2003903 2698651 1273518 2348205 0615648 0964330 1552738 1282910 1552828
 1150095 1622131 0205177 0439167 0441655 1561536 2717969 2828366 0700364 1883351 0332256 2700400 0205177 0439167 0441655 1561536 0130900 0054682 0377632
 0441655 2698977 0019046 1167395 0441655 0070329 0311403 0130900
 0205177 0439167 0441655 1561536
 0021467 0021469 1628982 3463820 2828366 0070329 0021467 0021469 1628982 3463820
 2828366 0205171 0439044 0679994
 0019046 0205171 0439044 0679994
 2828366 0019046
 0019046 2828366 0070329
 2828366 0019046 0130900 0054682 0377632 0031453 0702172
 2828366 0019046 0047895
 2828366 0019046
 0733755 1532717 0596448 1532717 0596973 1532717
 0733755 0700364 0205171 1720467 0130900 1524062
 2698651
 0443286 1114821 0206243 0699809 0142785 0000975 0037473 0439787 0597484 0849355 0601906 0020283 0450407 0450408 0450409 0142785 0000975 0037473 0597484 2678549 0020283 0450407 0450408 0450409 0439084 0728893 0074757 0031603 0031701 0037473 0597484 1601799 0020283 0450407 0450408 0450409
 2828366 0205171 0439044 0679994
 0019046 0205171 0439044 0679994
 0439084 0728893 0019046 2828366
 1157963 0243125 0699900
 0019046
 0019046 0070329
 0019046 0070329
 0019046 0130900 0054682 0377632 0444499 0031453 0702172
 0019046 0130900 0054682 0377632 0031453 0702172

 0205177 0439167 0441655 1561536 0070329 0311403 2986417 0033607 1961133 2673177 1999216
 1979874 0449234 1704772 1882133 0205177 0439167 0441655 1561536 2717970 0010654 0030946 1622131 1947941 0064858 0311403
 0750489 0150312 0449450 1527178 1705938 2828366 0332256 2700400 1150095 1622131 0441655 1457900 0019046
 0002778 0936012 1524024 0028778 0332206 2983591 0012238 2349986 0441655 2828366 0332120 0233426 0332255 0700364 1532717 1708096 0012238 2349986
 1274040 1546471 2825142 0332290
 0054871 1332807 0007428 0030946 1622131 1947941 0205177 2346714 0080103 0205345 1547039 1705535 0017189 0031843 0036315 0036321 0542341 0699819 0700205 1705273
 0054871 1332807 0007428 0205177 0439167 0441655 1561536 2717969 0030946 1622131 1947941 0205391 1524063 0229671 1151254 0392752 0007427 1332805 0007428 0014442 0205171 1518422 1720467 0733993 0524461 1282864 1301906 1551056 0205095 1184740
 1150095 1622131 0205177 0439167 0441655 1561536 2717969 0205396 1550043 1551388 1327616 0007531 1278925 3463927
 0520511 1704711 0040300 0443203 2717969 0030946 1622131 1705535 1947941 0040300 1880371 1442162 1550718 3244317 0599927 0020202 1300517 1710133 1444656 0205171 1720467 0037179 0087136 0205171 1948062 0150312 0449450
 0332148 0750492 0205177 0439167 0441655 1561536 0684224 0700287 3273238 2717969 0030946 0679058 1519595 1622131 1947941 2700640
 1704259 1705987 0332148 0750492 0205549 2348044 0012238 0019046 1167395 1314939 2349986 0036315 0019046 0030956 0868946 1282927 1806781 2350002 0439086 2827736 2981702 2717969 0030940 0030946 1947941 0012238 0036315 1314939 2349986 0332257 0699919 1332804 0054871 1332807 0007428 0014442 0014445 0850310 3154893 2698651 1457900 1157963 0019046 0543484 0699900 1167395 1516314 1880177 0439086 2827736 2981702 0450348 0550447 0853363 0020283 0450407 0450408 0450409 1517001 1883351 0204695 1709305 2745955 2987508 0036315 0036321 0601906 1882074 0020283 0450407 0450408 0450409 0005767 0005768 0229664 0020283 0450407 0450408 0450409 0017189 0699819 0243148 0441712 1550141 1706376 1882979 2587213 3274648 1827101 0030940 0030946
 0205265 0030946 1622131 1947941 0007382 1704788 3539106 0442824 0443288 0332157 0205145
 0012238 0019046 1167395 1301820 1706701 2349986 0549448 0024535 0032150 0032148 3541306
 2717969 0030946 1622131 1947941 1167024 0001128 0012238 0012240 0042219 0337112 1524075 0031453 0023401 0441655 0597304 1947941 0868946 0332255 0486805 1512571 2349182 2717969 0030946 1622131 1947941 0012238 0019046 0031843 0542341 0700205 1167395 1306673 1705273 2349986 1273518
 2717969 0030946 1622131 1947941 1552738 0054871 1332807 0007428 0205177 0439167 0441655 1561536 0684224 0700287 3496591 2700400 1150095 1622131 0441655 1552738 2981279 0740116 2827735 2981700 1273518
 0014442 0014445 2717969 0030946 1622131 1947941 0054871 1332807 0007428 1948052 0557351 1883351 0441712 1706376 0036315
 1883712 0567416 1999230 0085104 1521840 2986546 0597634 0243107 0678723 1527148
 2825232 0043227 1521721 0035168 0242481 0040607 0220931 2673163 0027472 0079816 1556038 0018684 0035168 0205476 0238711 0242481 1515981 1551807 3245503
 0010186 0220812 0449719 1709471 0220808 0680264 0007961
 1706852 0522501 1706089 0949214
 0205155 1293097 1522472 1552923 1705191
 0004793 0028630 0162326 0162327 1519249 0030351 0684224 0700287 1547566 3496591 0598211 1515023 0242356 0442598 0872261 1511726 3245479 0598211
 0282413 0376649 1442065
 0254343 0796520 3272379

 0085205 1549619 1880669
 0000723 1273517 0032520 0677874 0032520 0337112 0443286 1114821 1335439 1524075
 0582519 1709450
 1514468
 3659528
 0047895 1512523
 2986676 0018896 1552861 1446468
 1514811 1706462



 0025141
 0205090 0684010 2603358
 1704648


 0450387 0025141 0678223
 0369773 2603361 0554249
 0597277 1708601
 0369773 2603361


 0310367 0750526 0025141 0554249
 0678223
 0369773 2603361 0597277 1708601

 2603362
 0544726 1823381 1881060 0369718 0441922 1553036 0369773 2603361

 0027960 0324740 0439189 1456781 1824986


 0025141 0369718 0441922 1553036
 0033727 0369286 0441932 0564385
 0003461 2939124

 0025141 0205090 0684010 2603358
 0369718 0441922 1553036
 2603362

 0007634 1269647 1704653 1948049

 0025141 0369718 0441922 1553036




 0025141 2348291 0033727 0369286 0441932 0564385 0016327 0439133 1553038 2603360 2603360
 2347379 0028606

 0025141
 0016327 0439133 1553038 0205090 0684010 2603358
 0016327 0439133 1553038

 0027960 0324740 0439189 1456781 1824986

 0562324 0439267
 1551090
 1418943

 0268596 2700624
 3642273

 2603362

 0000857 0600678 1552863
 0369773 2603361
 0016327 0439133 1553038
 1517844
 0025141
 0033727 0369286 0441932 0564385

 0025141
 2603362


 0201682
 2603362
 0021966 0221138
 0205090 0684010 2603358 0369637 0441923

 0205090 0684010 2603358 1979971
 0439267


 0000857 0600678 1552863 0112088
 2347469 0439267
 2347469
 0005135 0982158 3495134
 0027960 0324740 0439189 1456781 1824986


 0025141 0439267
 2347379 0028606
 0000857 0600678 1552863 2603360 0205090 0684010 2603358
 0369718 0441922 1553036




 0201682
 0369637 0441923
 0439394 1706495 3642217

 1704351 2239486

 2347469
 0597277 1708601
 0016327 0439133 1553038
 0369773 2603361


 0025141
 0439394 1706495 3642217 0369637 0441923
 0033727 0369286 0441932 0564385
 1417055

 0025141 2347469
 0597277 1708601
 0016327 0439133 1553038
 1417055

 0025141 2347469
 0369637 0441923
 0033727 0369286 0441932 0564385


 0450388 0025141 2347469


 0025141
 0336343
 0439267
 0016327 0439133 1553038 0205090 0684010 2603358 2347469 0439267
 2347469

 1417055

 0000857 0600678 1552863 0037455 0596070 0005477 0026376 0005532 1521991