 0037455 0596070 0005477 0026376 0005532 1521991
 0332597 1705960 0242954 0020792 0205396 0017446 0205147 0205250 0441889 0456079 1299351 1547707 2700149 2946261 0017262 0185117 0025936 0003069 0025914 0025929 0026809 0034036 0034037 1514756 1704324 0369637 0441923
 2827734 2981698 0740116 2827735 2981700 0043016 2827734 2981698 0369637 0441923
 2827734 2981698 0740116 2827735 2981700 0439086 2827736 2981702 2827734 2981698 0021622 1272753 0740116 2827735 2981700 0035172 0021622 0035168 0242481 1272753 0439086 2827736 2981702 1704729 0006754 0041740 3146274 0036152 1826357 0006754 3146274 0520510 1274040 1546471 2825142 1514811 1706462 0000857 0600678 1552863 0205396 1550043 1551388 0525013 0017446 0205147 0017262 0185117 0025936 0003069 0025914 0025929 0026809
 0004793 0162326 0162327 1519249 0582519 0582519 0017446 0205147
 0162801 0002778 0936012 1524024 0443289 0004793 0162326 0162327 1519249 0237876 0424215 2003939 0017446 0205147
 1883351 0022885 0039593 0392366 0205177 0439167 0441655 1561536 0025936 0003069 0025914 0025929 0026809 0332466 1293131 2827421 1521827 0332256 2700400 0332255 1708096 0314604 1518422 0023884 0736268 1278929 2346688 0600436 0002055 0017446 0178499 0205147 1709450 1880279 0332256 2700400 0004793 0162326 0162327 1519249
 2827421 3244092 0003595 0023884 0185117 0205250 0205369 0282641 0441889 0523511 0736268 1278929 1299351 1412481 1552740 2346688 2700149 0017446 0205147 0232741 0031843 0086222 0205054 0542341 0700205 1705273 0205177 0439167 0441655 1561536 2348205
 2607943 2926606 3539655 1705535 0205054 0205448 0243148 1550141 1551058 1882979 2587213 3274648 0017446 0205147 0017446 0205147 0017446 0205147 2698977 0017262 0185117
 1293116 1875307 0017337 1547699 2700640 0003591 0003595 0003591 0052189 0003594 0021966 0221138 0052190 0003594 1555715 1704332 0008661 0008633 2827734 2981698 0740116 2827735 2981700 0332185 0205396 1550043 1551388 1880022 0314604 0017258 0017337 1416522 0017337 0237876 1521970 1445865 1708726 0017337 0439086 2827736 2981702 1708726 0332256 2700400 0033799 0052189 0052189 0003594 0021966 0221138 0017337 0052190 0700364 1883351 0332597 0441471 1279919 1705960 1881379 0439234 0439084 0728893 0003595 0523511 1412481 0052189 0003594 0021966 0221138 0017337 0052190 0003591 0009219 0805701 0449432
 0003591 0542341
 0003595 0003591 0086597 0449297 1382187 2825073 1621296 0023688 0034821 1366529 1416912 0242972 0748025 0023823 0597357 0065059 0023820 0033684 0178587 0205251 0439849 0445223 1299352 1550472 0035820 1705810 0814002 0018270 0220844 1621966 2911660 0019868 0030664 0205469 0677042 0332185 0947630 0282443 1552617 0042789 1947903
 0052190 1412477 0052209 0003594 0003591 0178555 0035820 1705810 0031843 0542341 0700205 1705273 0087130 0018790 0237477 0392351 0521111 0007634 0178539 0243144 0347980 1705535 0035820 1705810
 0031843 0178555 0205447 0542341 0700205 1705273 0023194 1416804 0008380 0001390 0008377 0031617 0885520 0449695 2945843 0205145 1515974 2825164 0003595 1547546 0021966 0221138 1547547 0023884 0736268 1278929 2346688 0947630 1444656 0034987 0013879 0220905 1704735 0003595 0086418 0185117 0205054 0523511 1412481 1514873 0017337 0052189 0017446 0205147 0205369 0332256 1552740 2700400 0017446 0205054 0205147 0205309 0243148 1550141 1882979 2587213 3274648 0185117 0332256 2700400 0003595 0523511 1412481 1417166 0017337 0017446 0205147 0017337 0052189 0439851 1947931 3244092 0017262 0185117 0681827 0947630 0205177 0439167 0441655 1561536 0004793 0162326 0162327 1519249 1999230 0205449 0332256 2700400 1880389 1883221 3541951 1314939 0439851 1947931 0205250 0441889 0456079 1299351 1547707 2700149 2946261 0185117
 0684224 0700287 3496591 1883351 2698977 1948052 0684224 0700287 3273238 0020792 0205396 0017446 0205147 1708726
 0017446 0205147 0237876 1334043 2697616 0205543 1691010 1883351 0017446 0205147 0004793 0162326 0162327 1519249
 1883712 1547282 0017446 0205147 0700364 1883351 0332597 0441471 1705960 0205431 0033799 0052189 0333118 0162326 0205250 0441889 0456079 1299351 1547707 2700149 2946261 1515670 0185117 0025936 0003069 0025914 0025929 0026809
 0520510 0204727 0205409 0220862 1880022 0332256 2700400 1708726 0314604 0205396 0220908 0220909 1550043 1551388 1698960 1710031 1710477 0017430 0023621 0751608 0872147 0449913 1553451 1704459 3538743 0441587 1743766 1883719 0024779 1706473 1552738 0439086 2827736 2981702 0332255 1708096 0033799 0052189 0009013 0162801 0002778 0936012 1524024 0004793
 0332255 1708096 0332256 2700400 0004793 0162326 0162327 1519249 0205409 0332255 1548221 1708096 1883708 1539661 1998793 0004793 0162326 0162327 1519249 0332256 2700400 0314604 1412481 0017337 2827421 1539661 0013855 0205409 1548221 0036681
 1519355 0332256 2700400 2827421 0050952 0868946 1883708 1998793 1524063 0072149
 0162801 0002778 0936012 1524024 0004793 0004793 0162326 0028630 1524063 0008848 0242298 0344349 3262831 1553778 1561491 1524063 0683758
 1883178 0012854 1552738 0004793 0162326 0162327 1519249 0028953 0080331 1552738 0004793 0028630 0162326
 0004793 0887857 0028630 0162326 0162327 1519249 0314604 0017337 0608460 0033799 0608460 1524063 0679199 0025664 0449851
 0003069 0003062 3146294 1552738 0439297 2678549 1882074 0020283 0450407 0450408 0450409 0006353 1517102 1517101 0013935 0025914 0025929 0026809 0232904
 0205132 0005862 1148472 0200898 0002778 0012854 0039259 0205396 0936012 1524024 1550043 1551388 1710133 1524063 0182400 1704681 2347609 3536729 1552738 1707513 0237753 0449788 1948062 0005862 1148472 0013064 0002778 0872145 0936012 1524024 1710133 1709793 1524063 0179038 1706246 1136140 0022341
 3272453 0012854 0017428 0887950 0038137 0175675 1273517
 0455052 1521827 0035668 2717940 0007600 0007635 3282338 0007634 1515981 3282337 0205409 1548221 1524063 0061947 0018320 0039887 0120446 0220926 0035668 0205409 1548221 1552738 0035683 0182400 1704681 2347609 3536729 1524063 0042010 0392148 0052908 0035681 2984241 0035668 1335439
 0182400 1704681 2347609 3536729 0001271 1273517 1883351 0521093 0750484 1456348 0205163 0439185 0441889 0150312 0449450
 0002778 0936012 1524024 0884358 1552738 0450348 1524063 0439267 0370003 2347026
 0020792 0205396 0332256 2700400 0009013 1522642 0444930 1301820 1880022 2746065 0314604 1416522 0017337 3252920
 0002778 0936012 1524024 0884358 1524063 1517480 1521871 1705759 0444930 2746065 0022877 1619828 1552738 0439086 2827736 2981702 0200931 0032520 0337112 1335439 1524075 0443286 1114821 0884358 1524063 0034760 0027971 0034866
 1514468 0009013 0162801 0002778 0936012 1524024 0004793
 0035683 0182400 1704681 2347609 3536729 0441587 1743766 1883719 3146294 1524063 0042010 0392148 0216991 0035681 2984241 0035668 1335439
 0450429 1515974 0005862 1524063 0035683 0182400 1704681 2347609 3536729
 1274040 1546471 2825142 0204727 0205409 0220862 1880022 0439851 1947931 0205250 0441889 0456079 1299351 1547707 2700149 2946261 0185117 1417166 0017337 0162326 0205448 0439849 0445223 0017337 0052189 0033799 0052189 1883351 0441471 0205431 0033799 0608460 0332597 1705960 1274040 1546471 2825142 0936012 0004793 0028630 0162326 0162327 1519249 0332255 1708096
 0332255 1708096 1481598 0032136 1441547 3245521 0332256 2700400 1708726 0314604 0332185 1547282 1883351 0332256 2700400 0314604 1416522 0017337 3252920 0439086 2827736 2981702 0162801 0002778 0936012 1524024 0004793 0443289 0444930 2746065 0332256 2700400 0004793 0162326 0162327 1519249 0237876 0162775 0314644 1334043 2697616 0349966 1337208
 0314644 1334043 2697616 0017446 0205147 0004793 0162326 0162327 1519249 0079946 0439659 1550512 0031843 0542341 0700205 1705273
 0080143 1706765
 0162326 0004793 0162326 0162327 1519249 0017446 0205147 1706765 1524063 1709697 2728259 3484370
 0028630 0733755 0179400 1533124
 1136191 0029266 1704322 1704972 3539923 0336721 1444656 0162326
 0004793 0162326 0162327 1519249 0042789 1947903 1527021 1554111 1705606 3541382 0349966 1337208 0017446 0205054 0205147 0243148 1550141 1882979 2587213 3274648 1547282 0162774 0004793 0162326 0162327 1519249 0015295 0441994 0868928 1548802 1706255 1706256 2003888
 0079160 0004793 0162326 0162327 1519249 0017446 0205054 0205147 0243148 1550141 1882979 2587213 3274648 1547282
 0450429 0349966 1337208 1547282
 0004793 0162326 0162327 1519249
 0450429 1515974 0006556 0179400 1444656 1533124 1708059 0015295 3252920 1416522 0314604 0003594 0017337 0086418 0175566 0179400 1638312
 1519595 0336721 1547282
 0017446 0205147 1708726 0314604 1412481
 0024779 0026045 1706473 0332597 1705960 0332255 1708096 0205431 1708726 0205448 1948062 1274040 1546471 2825142 0017337 0162326
 0450429 1547546 0021966 0221138 1547547 1416522 0017337 0444972 1547549 0033799 0052189 0179400 0587267 1444656 1638312
 0017337 0029266 0040649 0445247 1704322 1704972 3539923 0439084 0728893
 0733755 0017446 0205147 0587267 1547282 1709367
 0450429 1515974 0332255 1708096 0332128 1547282
 1274040 1546471 2825142 1705535 0017446 0205147 0042789 1947903 0349966 1337208 0332597 0441471 1705960 0205431 0033799 0052189
 1707455 0017446 0205147 1547282 0162775 0162326 0205448 1272693 1555029 2746065 0349966 1337208 1444656
 0162326 0205396 1550043 1551388 0162326 0205548 0522506 1511726 3245479 1518422 1547282
 0332149 1705910 2362652 0205341 1705914 1882932 0332255 1708096 0332256 2700400 0314604 0017337 0608460 0332597 1883351 0348078 0376315 1522492 0449830 1441672 1708726
 0700364 1883351 0052189 0003594 0017337 0021966 0221138 0522505 0033799 0052189 0162775 0231448 0439792 0002778 0936012 1524024 0684224 0700287 3496591 0025936 0003069 0025914 0025929 0026809 3146294 1524063 0205171 1720467 0332255 1708096 0314604 1539661 0441889 0022646 0227665 0185117 1412481 0017337 0086860 0205171 0439044 0679994 0205410 1518422 0439851 1947931 0185117
 0332255 0486805 0332256 2700400 0004793 0162326 0162327 1519249 0439086 0444930 2746065 2827736 2981702 0332255 1708096 0332466 1293131 2827421 1515670 0185117 0441889 3244092 0023884 0003069 0003062
 1883351 0004793 0162326 0162327 1519249 0023884 0736268 1278929 2346688 0017446 0205147 0004793 0162326 0162327 1519249 0332256 2700400 0017446 0205147 1412481 0052202 1539661 1704837 0003595 0017337 0332255 0444930 0523511 1708096 2746065 0349966 1337208
 2827421 1539661 1273517 1883351 0025936 0003069 0025914 0025929 0026809
 0332128 0205132 0185117 0282641 0040300 0332257 0023884 0736268 1278929 2346688
 0003069 0205132 0439084 0728893 1948062
 0002778 0936012 1524024 0003069 0205132 1550648 1552960 1547282 0449774 0349966 1337208 0023884 0736268 1278929 2346688 0022646 0227665 1278978 1514845 0441889
 3244092 0441889 0040300 0684224 0700287 3496591 1524063 2827421 0332256 2700400 0004793 0162326 0162327 1519249 0004793 0162326 0162327 1519249 0004793 0162326 0162327 1519249 0439851 1947931 0023884 0205369 0736268 1278929 1552740 2346688 0017262 3244092 0185117
 1515670 0185117 0025936 0003069 0025914 0025929 0026809
 0003069 0003062 0017446 0205054 0205147 0243148 1539661 1550141 1882979 2587213 2827421 3146294 3274648 1547282
 0035668 1292533 0040300 0205409 0370003 1547928 1548221 2347026 0263541 1301820 1948062 2827421
 0439267 0936012 0332255 0486805 0013855 1514893 2699488 0071500 0017243 0071499 0332256 2700400 0041942
 0332282 0002778 0936012 1524024 0035696 0021852 1268998 1519375 0022378 1278922 0022646 0227665 1278978 1514845 0037993 0771377 1278932 0006104 1269537 0024109 0819757 1278908 0007600 0007635 3282338 2717940 0007634 3282337 0003595 0035696 0205171 0392366 0523511 1412481 1720467 1547282
 0175723 1547282 0003595 0035696 0086418 0523511 1412481 1517001 0332255 0486805
 1539661 0205171 1720467 0022646 0227665 1278978 1514845 1552738 0182400 1704681 2347609 3536729 1518422 0003595 0025914 0025929 0026809 0035696 0523511 1412481 2828360 0005507 0243073 1510438 0035820 1708726 1412481 1883351
 0332149 1705910 2362652 1708726 0017337 2587213 0027361 0237401
 2607943 2926606 3539655 0017446 0205147 0205410 0439851 1947931 0441889 0185117 1274040 1546471 2825142 0017446 0205147 0031843 0542341 0700205 1705273 1883351 0243148 1550141 1882979 2587213 3274648 0017262 0185117
 0450429 1515974 1705535 1880389 1883221 3541951 0031843 0542341 0700205 1705273 0017262 0017337 0185117
 0441655 1706449 0017446 0205147 0205195 1883351 3244092 0441889 0205447 0017337
 0441471 1947971 0332257 1552866 2700399 1880389 1883221 3541951 0750572 1883351 1709305 0033147 1279919 1881379 0439084 0728893 0025914 0025929 0026809 0034693 0034721 1708726 1412481 0332268 0205163 0439185
 1708726 0025914 0025929 0026809 1708726 0332256 2700400 0052189 0003594 0021966 0221138 1416522 0017337 0017262 0185117 0332298 0037179 0087136 0205171 1880389 1883221 2587213 3541951 1705920
 1880022 0332256 2700400 1880022 0314604 1416522 0017337 3252920 1517480 1521871 1705759 0006556 0444930 2746065 0449851 0205396 1550043 1551388 0006556 0009013 1522642 0162326 0205435 1279901 1517001 0015295 0439086 2827736 2981702 0009013 1522642 0205396 1550043 1551388 0332256 2700400 0004793 0162326 0162327 1519249 0004793 0162326 0162327 1519249 1547282 1334043 2697616 0205543 0349966 1337208
 1707455 0162326 0598211 0242356 0993637 0178499 1511726 1626935 3245479 0443289 1334043 2697616
 0005862 1148472 0200898 0002778 0936012 1524024 1710133 0332256 2700400 1708726 0314604 0439086 2827736 2981702 1547282 0182400 1704681 2347609 3536729 0017428 0332255 0887950 1708096 0332256 2700400 1416522 0017337 0231448 0439792 0522505 1511726 3245479 1518422 1547282
 0162801 0002778 0004793 0162326 0162327 0936012 1519249 1524024 0443289 0004793 0162326 0162327 1519249 0205280 0349966 1337208
 0392148 0444930 2746065 0525049 0009013 1522642 1705535 0017428 0017446 0205147 0887950 0004793 0162326 0162327 0522505 1519249 0733755 1548602 1704686 0040649
 0004793 0162326 0162327 1519249 0332268 1514562 0080206 0179400 1638312 0005456 0042789 1947903 0349966 1337208 1705535 0086860 1518422 0017446 0150312 0205147 0449450
 0332149 1705910 2362652 0004793 0162326 0162327 1519249 1882932 0015295 0947630 0086418 1416522 0017337 1999230 0332120 0017337 0015295 0205171 0205449 0332529 1720467 1705920 0439086 2827736 2981702 0872262 0002778 0936012 1524024 1524063 0182400 1704681 2347609 3536729 1518422 0442726 1519595 1511726 3245479 1518422 1547282 0004793 0162326 0162327 1519249 0205250 1518422 0023884 0736268 1278929 2346688 0441587 1743766 1883719 0521114 0522498 1274040 1514917 1519595 1546471 2825142
 0004793 0162326 0162327 1519249 1882932 1514468 1704444 0042789 1947903 0349966 1337208
 1519595 0024399 0026447 0684224 0700287 3496591 0025919 0017337 0052190 0002345 0035687 2610186 0052190 0003594 0231448 0231449 0439792 1519595 1274040 1546471 2825142 0015295 0439086 2827736 2981702 1265611 1265611 0237881 0750502 1518422 2963144 0439086 2827736 2981702 1710052 2348205 0015295 0332290 0444930 2746065 0017446 0205147 0042789 1947903 0349966 1337208
 0004793 0162326 0162327 1519249 2348205 0004793 0162326 0162327 1519249 0079160 0004793 0162326 0162327 0376298 1519249 1518422 0150312 0205117 0332197 1689985
 0079160 0004793 0162326 0162327 1519249 1518422 0004793 0017446 0150312 0162326 0162327 0205054 0205147 0243148 1519249 1550141 1882979 2587213 3274648 0349966 1337208 1705535 0017446 0205147 0750558 1710571 1519595 0683454 0021966 0221138 0332256 2700400 0017446 0205147 0162326
 0700364 1292711 0449719 1709471 0439851 1947931 0040649 0015295
 0543488 0457138 0441635 0683454 0021966 0221138 1883644 0017446 0205147 1334043 0017446 0205147 0017446 0205147 1880389 1883221 3541951 1514873 0439851 1947931 0205250 0441889 0456079 1299351 1547707 2700149 2946261 0017262 0185117
 1883712 1547282 0457138 0441635 0185117 0282641 0034987 0017446 0205147 0220905 1704735 0017446 0205147 0004793 0162326 0162327 0442726 1511790 1519249
 1552616 1706244 0205396 1550043 1551388 0314642 0004793 0162326 0162327 0220905 1519249 1704735 0017446 0205147 1708726 0314604 1412481 0017446 0205054 0205147 0243148 0439849 0445223 1550141 1882979 2587213 3274648
 0017446 0205147 0017446 0205147 0031843 0542341 0700205 1705273 1883351 0439851 1947931 0205250 0441889 0456079 1299351 1547707 2700149 2946261 0017262 0185117 0025936 0003069 0025914 0025929 0026809
 0947630 0684224 0700287 3496591 0086222 0017446 0205147 0230171 1412481 0017337 0002778 0936012 1524024 0025936 0003069 0025914 0025929 0026809 2827421 1444656 0086222 0004793 0162326 0162327 0230171 1519249
 1880389 1883221 3541951 0332256 2700400 0017337 0023884 0736268 1278929 2346688
 0035820 1708726 1883351
 2607943 2926606 3539655 1705535 1519516 0017262 0185117 1708726 0017337 0205172 0231242
 2825232 0035168 0242481 0016820 0449719 1709471 0027468 0018173 0018684 0021622 1548284 3245503 0015770 1510825 1696107
 0010186 0220812 0449719 1709471 0220808 0680264 0007961
 1706852 0522501 1706089 0949214
 0205155 1293097 1522472 1552923 1705191
 0282413 0376649 1442065 0021622 1272753 0369773 2603361
 0439114
 0179400 1533124 0036152 1826357
 0254343 0796520 3272379

 0085205 1549619 1880669
 0000723 1273517 0003591 0003591
 0582519
 0600436 0002055 0178499 1709450 1880279
 0017446 0205147


 0043016 2603362

 0369773 2603361
 0008114 1284862
 0441039 1705854 3540815
 0369637 0441923
 0600659

 0043016
 1274040 1546471 2825142


 0043016
 1274040 1546471 2825142
 2986676 0007457 0043157 0220938 0018896 0455052 0600659 1521827 1552861
 1514811 1706462 0439114 2603362

 0325074
 0025141 1420202 0205090 0684010 2603358
 0205090 0684010 2603358 0439394 1706495 3642217


 0325074
 0439083 0439087 0025141
 0043016
 0369773 2603361
 0369637 0441923
 0887950 0025141 2603362
 0043016 0369718 0441922 1553036


 0369637 0441923


 0201682
 0337841 1553033 3495095 0033727 0369286 0441932 0564385 0439394 1706495 3642217

 2347379
 0000857 0600678 1552863

 0027960 0324740 0439189 1456781 1824986

 0025141 0205090 0684010 2603358
 2603360
 0439394 1706495 3642217


 0025141 0678579 0369637 0441923

 0439394 1706495 3642217
 0036397 0025141 0582525 0439267 0439482 0597277 1708601
 0597277 1708601
 0349590 1262865 0025141 0597277 1708601
 0033727 0369286 0441932 0564385 0205090 0684010 2603358
 0205090 0684010 2603358


 0036397

 0439267 0324335 0369637 0441923
 0369718 0441922 1553036
 1414400


 0000857 0600678 1552863 0597277 1708601
 0033727 0369286 0441932 0564385 0205090 0684010 2603358
 0205090 0684010 2603358
 0439482
 0439394 1706495 3642217 0678579 0369637 0441923
 2603362


 0201682
 2603362


 0201682
 0439267
 0369637 0441923


 0025141 0369718 0441922 1553036

 0205090 0684010 2603358

 0369637 0441923
 1418943

 0268596 2700624
 3642273

 2603362

 0000857 0600678 1552863 1431628 0033727 0369286 0441932 0564385
 0439267


 0201682
 0025141
 0369718 0441922 1553036 2603362

 0369637 0441923


 0201682
 0369718 0441922 1553036
 1511325
 0439394 1706495 3642217 0554249


 2347379
 0000857 0600678 1552863
 0369718 0441922 1553036 2603362

 0439114 1551756 0369637 0441923
 0597277 1708601
 0033727 0369286 0441932 0564385 0205090 0684010 2603358

 0369637 0441923


 0201682

 0016327 0439133 1553038 2603360
 0009017 0009015
 0022877 3244292 0475311 0205090 0684010 2603358
 0326117 0439267
 0033727 0369286 0441932 0564385

 0369637 0441923

 0025141 1553033 0016327 0439133 1553038



 0000857 0600678 1552863 0369637 0441923
 0442711 0026376 0005532 1521991 0016327 0439133 1553038 0205090 0684010 2603358 0443030 0439267 0554249 0597277 1708601 0449468 0560268 1690016
 2827734 2981698
 0037683 0027976 2603362
 1708595 3280986

 1315013

 0025141 0369637 0441923

 0369637 0441923
 0033727 0369286 0441932 0564385 1333337 1705460 0369637 0441923
 0439394 1706495 3642217
 0205090 0684010 2603358
 0205090 0684010 2603358
 0887950 0025141 0369773 2603361 0439267

 0230467 0741204


 0025141 1333337 1705460 0369637 0441923
 0369637 0441923

 0439394 1706495 3642217
 0205090 0684010 2603358
 0205090 0684010 2603358 0369637 0441923
 0033727 0369286 0441932 0564385
 0887950 0025141 0369637 0441923

 1333337 1705460 0369637 0441923
 0439394 1706495 3642217
 0369637 0441923
 0033727 0369286 0441932 0564385 0205090 0684010 2603358
 0205090 0684010 2603358
 0887950 0025141 0181909 0449878 2603362
 0369637 0441923
 2347379 0028606
 0000857 0600678 1552863 0037455 0596070 0005477 0026376 0005532 1521991