 0037455 0596070 0005477 0026376 0005532 1521991
 1880022 0034036 0034037 1514756 1704324 0348078 0376315 1515981 1522492 1527075 2827734 2981698 2827734 2981698 0740116 2827735 2981700 0740116 2827735 2981700 0740116 2827735 2981700 0597277 1708601
 0870935 1423800 0740116 2827735 2981700 0439086 2827736 2981702
 0439086 2827736 2981702 0439086 2827736 2981702 2827734 2981698 1704729 0041740 1551454 1551454 0006823 0740116 2827735 2981700 0035168 0242481 1704729 0683758 0331935 0331909 0027971 0205314 0454673 0439086 2827736 2981702 0005526 0005532 0021622 0036397 0205460 1272753 0027472 0006823 0035168 0242481 1551807 3245503 1551454 2825142 1274040 1546471 1514811 1706462 1710236 0332256 2700400 1709915 1882936 0052325 0017890 0061472 0220839 0042285 0041484 0041485 1421250 1882932 3659528 1273517 1883351 1292732 0037791 1511884
 0020283 0450407 0450408 0450409 1547014 1948059 0020291 1441672 1883351 0675776 3501146 0671003 0061749 0068000 0377223 0017890 0042285 0061472 0220839 0442805 1705175 1705176 1705177 1705178 1882348 0041484 0041485 1421250
 0600115 0332256 2700400 0061472 0220839 0041484 0041485 1421250 0205103 0332297 1145667 1167622 1550465 1689898 2349209 2827755 3641140 0014442 1705535 0037791 1511884 0772162 1704675 3640814 0041484 0041485 1421250 0014442 0596260
 0699919 1332804 0007428 0030016 1417734 0024188 0020289 2717970 0010654 0030946 1622131 1947941 0205177 0030664 1521733 0012634 0348080 1705253 0332257 0003864 0026850 0026845 0333606 0442025 0027627 2939419 2939420 2827734 2981698 0740116 2827735 2981700 0439086 2827736 2981702 0439084 0728893 1710548 0030946 1150209 0441655 1272684 1548601 1709915 1882936 0369773 2603361 0733755 0011546 0439857 2698668 0002778 0936012 1524024 0443289 0205453 0441833 0687744 1257890 1552516 1552839 1705428 1705429 0601906 0020283 0450407 0450408 0450409 1514721 2348147 3542016 0001721 0243122 1145667 1167622 0031227 0243127 0443331 0002778 0936012 1524024 1710236 0243077 1710234 1706211 0002052 0002520 0015272 1510827 1706211 0772162 0002052 0002520 1710234 1547282 1883351 0015272 0558295 1549513 0003765 1547014 1948059 0332462 1880834 0205250 1299351 2700149 0459471 3173575 1301820 0332256 2700400 0003765 0003765 0031453 1705535 0392148 0441833 0687744 1257890 1552516 1552839 1705428 1705429 1710234 0439084 0728893 0424215 2003939 0439084 0728893 0521093 0750484 1883351 0061472 0220839 0017797 0061501 0061472 0220839 0702172 0162340 0037791 1511884 0037791 1511884
 1547282 0243122 1145667 1167622 1710236 0184511 0332272 0442808 1561611 1444754 1706316
 1710236 0205156 0750523 0442805
 1883712 1710234 1547282 1883351 1272684 1548601 0033382 0037791 1511884 1524063 1710236
 0205448 1710236 0042285 0031453 0150312 1705241 1705242
 0441833 0687744 1257890 1552516 1552839 1705428 1705429 1518422 0445247 1709915 1882936 1707391 1518422 1514721 2348147 3542016 0037791 1511884 0443342
 0449445 0868946 0377800 0033684
 0332255 0486805 1150171 0030946 0205177 0332284 0439167 0441655 1561536 0936012 0459471 3173575 1705535 0558295 1549513 0041249 0001898 0024337 0022192 0523728 0033382
 0205556 1274040 1546471 2825142 0332196 2828389 0302523 0700325 1964257 0369773 2603361 1521721 1710234
 0030351 1547566 0220781 1883254 0002778 0936012 1524024 0017890 0061472 0220839 0042285 0041484 0041485 1421250
 1710236 1707689 2983265 1883351 0037791 1511884
 1883712 0678592 0025320 0392747 0443172 1705241 0042295 1710236 1883351 1707455 0808080 1710234
 0600115 0206243 0699809 0439787 0849355 1710236 0332256 2700400 0061472 0220839 1301808 0041484 0041485 1421250 1517378 0233820
 0185117 0006556 0036025 0036024 2827421 1294288 0010453 0009458 0439536 1705217 1883254 3244283 1883708 0040822 0475211 0872171 1883023 0684224 0700287 3496591 0332152 1705850 0450348 0014442 1512335 1998793 1552738 2717977 0014442 0005507 0243073 1510438 0002778 0936012 1524024 0086045 1446561 0205681 0038734 0162621 0205145 0205177 1515974 2825164 2983683 1524063 1423849 0033607 1961133 2673177 2717970 0010654 0030946 1622131 1947941 1999216 0001814 0006823 0969625 3266812 0681814 0014442 3256935 0991865 0006353 0020283 0450407 0450408 0450409 0013618 0700308 0033727 0369286 0441932 0564385 1879547 1883712 0012789 0086045 1446561 1883708 0020746 0333118 0086045 1446561 1547282 1883351 0442739 2346711
 0449381 0242505 0037805 1524063 0183400 0016315 0439175 0439810 1511726 3245479 0010992 0034980 0002778 0036572 0424576 0684320 0684321 0936012 1511726 1524024 1709697 2349186 2728259 3245479 3484370 1999230
 0005507 0243073 1510438 3256935 0074757 0991865 0006353 0031603 0031701 0037473 0597484 0884358 1601799 0037494 1959973 0013618 0012403 0038770 0038771 0851343 0020283 0450407 0450408 0450409 0142825 3256468 0006353 0008857 0037473 0376259 0597484 1515981 0037494 1959973 0013618 0012403 0038770 0038771 0851343 2678549 0020283 0450407 0450408 0450409
 0429225 1979963 2003903 0205448 1710236 0300309 0052325 0300313 0052325
 0429225 1979963 2003903 0601906 2678549 0020283 0450407 0450408 0450409 1514721 2348147 3542016 1272706 1524063 0597277 1708601
 0370003 2347026 0030695 0150369 0181904 0596972 1521743 1704646 1883351 0218063 0020283 0450407 0450408 0450409 0205360 1547311
 0601906 0020283 0450407 0450408 0450409 1514721 2348147 3542016 0006353 0142825 0008857 0037473 0376259 0597484 0332529 0037494 1959973 0013618 0012403 0038770 0038771 0851343
 1882074 0020283 0450407 0450408 0450409 1514721 2348147 3542016 0006353 0074757 0031603 0031701 0037473 0597484 1601799 0037494 1959973 0013618 0012403 0038770 0038771 0851343
 1882074 2678549 0020283 0450407 0450408 0450409 1514721 1515981 2348147 3542016 0006353 0053942 0074727 0006007 0037473 0597484 0037494 1959973 0013618 0012403 0038770 0038771 0851343
 3256468 0006353 0242485 0991865 0006353 0031603 0031701 1601799 1707455 1882074 0020283 0450407 0450408 0450409 1514721 2348147 3542016 0392360 1515981 1881704 0595960
 1274040 1546471 2825142 1441672 0369773 2603361
 1511726 3245479 0960756 0205202 1521761 2827422 0242485 0991865 0006353 0031603 0031701 1601799 1272706 0442749 0439084 0728893 0008857 0376259 0991865 0006353 0031603 0031701 1601799 0185027 1552738 1710236 1261322 1552578 1280500 2348382 0006007 0991865 0006353 0031603 0031701 1601799 0185027 0205177 0439167 0441655 1561536 0991799 0006353
 1882074 0020283 0450407 0450408 0450409 1547411 1522609 0031603 0031701 1601799 0991799 0006353 1881534 1883351 0086486 0185027 0237897 0808080 1705922 1948020 0012634 0348080 1705253 0681814 1273517 1706386
 0679199 1273517 2349182 1280500 2348382
 0014440 0202165 0242485 0300309 0052325 0006353 0449913 1553451 1704459 0205174 0205341 1547282 1883351 1514863
 1510992 2825518 0014442 0441655 0243102 1882074 0020283 0450407 0450408 0450409 1441506 1515981 0456603 1547037 0449913 1553451 1704459 0050325 0960756 1521761 2827422
 0010992 0002778 0936012 1524024 0681814 1524063 0300309 0052325 0205447 0681814 1515981 1706386 1524063 0300313 0052325 1979963 2003903 1947971 0036572 0424576 2349186 1710236 0733755 0557351
 0680240 1521721 2349101 0991799 0006353
 0653858 0035191 0183683 0205208 0302909 1378566 1521721 1883254 0014003 0969625 3266812
 0028778 0332206 2983591 0740116 2827735 2981700 0439084 0728893 0441833 0687744 1257890 1552516 1705428 1705429
 0002520 1948027 1524063
 0035191 0205242 0333853 0040982 0001128 0202406 0025748 0030956 1948027 0012426 0025748 0392148
 1710236 1518681 0039798 0087111 1522326 1533734 1705169 3538994 1280500 2348382 0040982 0001128 0202406 0043047 0599638 1550678
 0052325 0052325 0119332 0052325 0052325 1521827 0308312 0557351 0037633 0150312 0332285 0525069
 0025663 0449851 0871511 0220781 1883254 0052325 0439659 1881534 0443286 1114821 0206243 0699809 0034251 0034255 0439787 0849355 0012124
 0041484 0041485 1421250 0061472 0220839 0243072
 0443286 1114821 0037638 0205173 0449913 1553451 1704459 1705764 1705765
 0025748 1273517 1883351 1549535 0002520 2917660 0001128 0202406 0450442 1254351 1521826
 0205195 0030956 0012426 1549535
 0597339 0014003
 0015252 0728940 1514873 0039798 0087111 1522326 1533734 1705169 3538994 0025748 2348236 0005903 0039476 1547703
 1710236 0000986 0003030 0981805 0034251 0034255
 1518681 0039798 0087111 1522326 1533734 1705169 3538994 1280500 2348382 2827734 2981698 0439962
 1710236 0008562 0687276 1579831 2717789 0597410 0008565 0008550 0205250 0205390 0302908 0597198 1299351 1304698 1546699 1555029 1561501 1882330 1998793 2700149 1524063 0812409 0050456 0040982 0001128 0202406
 0486616 1555710 1882508 0002520 2917660 0001128 0202406 1711411 0577559 1306372 3152252 1883073 1883073 0002778 0936012 1524024
 0332120 0183683 1521721 0020291 0020291 1710236 0678595 0030956 0443211 1272684 1524063 0596705 0013861 0013855 0030351 0205250 0598352 1299351 1547566 2700149 0443299 1514468 0699919 1332804 0007428
 0205160 1513916 2825415 2825491 0010813 0596311 1330957 0678595 0030956 0596072 0441833 0687744 1257890 1552516 1705428 1705429 0030956
 1710236 0699919 1332804 0007428 1439852 0492253 0006353 0043047 0599638 1550678 0439086 2827736 2981702
 0205197 1554962 1711411 0868946 0030351 0185125 1547566 0013855 0681850 1550501 1706203 2349001 2697811 0492253 0006353 0439086 2827736 2981702 0456693 1442458 0702093
 1710236 0868946 1514468 0205160 1513916 2825415 2825491 0010813 0596311 1330957 1709305 2745955 0678595 0030956 0205171 1720467
 0233601 1709915 1882936 0037179 0087136 0175723 0205171 0205396 0332575 0439645 1260956 1521913 1550043 1551388 0003765
 0733755 0332268 0041625 0332290 0010813 0596311 1330957 0678595 0030956
 0332197 1689985 1446409 0439787 0849355 0443286 1114821
 0038137 0175675 0086045 0557351 0868946 0332255 0486805 0456947 0027960 0324740 0439189 0441889 0442726 0456079 1456781 1511790 1547707 1824986 2946261
 0600115 0870071 0206243 0699809 0439787 0849355 1710236 0332256 2700400 0041484 0041485 1421250 0061472 0220839 0348078 0376315
 1710236 2827421 1524063 1552961 2347617 0034571 0043299 0043309 1306645 1962945 0086894 0678594 0851346 2314876 1707170 1824761 0164296 0699919 1332804 0007428 0332297 1145667 1167622 1689898 2349209 0013194 2700580 0543467 1273517 3241922
 1710236 0014442 0231441 0284447 0205103 1550465 2827755 3641140 0596391 1511539 0007009
 1883351 1947930 1998793 0596529 0178623 0026741 0014442 1704241 1710236 0180093 3146294 1524063 0332283 0424589 0542479 1442080
 0439855 1704241 0284447 0681814 0681850 1550501 1706203
 0681814 1706386 0439855 1704241 0679083 0681850 1550501 1706203 2349001 2697811 0005903 0039476 0439531 1948053 1418867 1518860 1552158
 1261552 1704379 1705117 2825408
 0025664 0184661 2700391 0206243 0699809 0439787 0849355 1524063 1709697 2728259 3484370 0331935 0331818 0449381 2349184 0440042 1521738 2346620 3539073 1707455 0034571 0043299 0043309 1306645 1962945 0086894 0678594 0851346 2314876 0699919 1332804 0007428 0243077 1705242 0439855 1704241 1547282 0733755 1518422 0392747 0443172 1705241 0243077 0243122 1145667 1167622 1705242 0014442 0205393 0567415 1948036 2987518 0439835
 1709915 1882936 0683607 1883351 0560560 0578671 1269909 1299988 2699029 0017797 0010654 0206293 3541260 0061472 0220839 0061472 0220839
 1274040 1546471 2825142 1710236 1547014 1948059 0699919 1332804 0007428
 0020283 0450407 0450408 0450409 0332462 1880834
 1705241 1705242 0700364 0678226 0442805 3146286 0597277 1708601 0441833 0687744 1257890 1552516 1555721 1705428 1705429 1706204 0449234 1704772 1882133 2985512 0441833 0687744 1257890 1552516 1705428 1705429
 0332290 0034571 0043299 0043309 1306645 1962945 0086894 0678594 0851346 2314876 1707170 1824761 0439855 1704241 0699919 1332804 0007428 0443289 1704675 0521164 1260969 1705184 0034571 0043299 0043309 1306645 1962945 0086894 0678594 0851346 2314876 1705535 0243122 1145667 1167622 0441833 0687744 1257890 1552516 1705428 1705429 2985512 0441833 0687744 1257890 1552516 1705428 1705429 0052325 1518422 1881534 0332158 0337611 1705415
 1710236 0020283 0450407 0450408 0450409 0037791 1511884 0675776 3501146 0671003 0061749 0068000 0377223 0017890 0042285 0061472 0205217 0220839 0442805 1705175 1705176 1705177 1705178 1882348 0041484 0041485 1421250 1705241 1705242 0017789 0220839 1710236
 1710236 0332256 2700400 0003765 0042285 0002778 0936012 1524024 1547282 2986811 0205436 0457385 0565930 0871208 1521828 1561503 1705175 1705176 1705177 1705178 1705190 1882348 1547014 1948059 0205217 0442805 0205171 0750482 1720467 0042295 1707455 0020283 0450407 0450408 0450409
 2678549 0020283 0450407 0450408 0450409 2986811 0205436 0457385 0565930 0871208 1521828 1561503 1705175 1705176 1705177 1705178 1705190 1882348 1547014 1948059 0441994 1548802 2003888 0020283 0450407 0450408 0450409
 0042295 2678549 0020283 0450407 0450408 0450409 0441994 1548802 2003888 0020283 0450407 0450408 0450409 1554961 1705847 1274040 1546471 2825142
 0011546 0439857 2698668 0020283 0450407 0450408 0450409 1441672 0699919 1332804 0007428 0012512 1710236 0332256 2700400 0003765 0037791 1511884 3253264 1958631 0653858 0052325 0119332 0377223 0061472 0220839 1441672 1710236 0020283 0450407 0450408 0450409 1522427 0597277 1522609 1708601 0549177 0443228 0750572 1704243 0079809 0242485
 2678549 0020283 0450407 0450408 0450409 0012634 0348080 1705253 0596260 0441849 0441833 0687744 1257890 1552516 1705428 1705429 0178812 0205172 2986411 1321095 1705648 2347093 2348338 1705535 0597277 1708601 1522609 1707455 0020283 0450407 0450408 0450409
 0042295 1710236 2348205
 1710236 0052325 0653858 1710236 0392756 0547047 2678549 0020283 0450407 0450408 0450409 0020283 0450407 0450408 0450409 1707455 1555602 0439792 1301808 1442792 3148680 0337112 0441987 1524075 1710234 0699919 1332804 0007428 2945843 0205145 0596988 1261322 1515974 1552578 2825164 0439851 0917903 1947931 0178528 0348078 0376315 1522492 0036140 0037494 0206136 0456378 1710236
 0237897 0808080 1705922 0700364 1883351 0184512 0439855 1704241 1547282 1883351 0027960 0324740 0439189 0439259 1456781 1556156 1824986 0178812 0178528 1704675 0332185 0034571 0043299 0043309 0521093 0699919 1306645 1332804 1962945 0284930 0912403 1332808 0007428 0086894 0678594 0750484 0851346 1148554 2314876 1999216 0439855 1704241 1707170 1824761 1710236 1261322 1552578 1554961 1705847 0119332 0052325 1321095 1705648 2347093 2348338 0020283 0450407 0450408 0450409 1707455 0234833 0722388 1704675 0178812 0178528
 1321095 1705648 2347093 2348338 3253264 1958631 0653858 0052325 0119332 0377223 0061472 0220839 1517001 0080103 0205345 1547039 0020283 0450407 0450408 0450409 1704675 0234833 0722388 0700364 1883351 0205432 0442805 1704675
 1511726 3245479 1882115 1883351 0332462 1551359 1880834 2741673 2981730 1321095 1705648 2347093 2348338 2678549 0020283 0080103 0205345 0450407 0450408 0450409 1441672 1547039 0020283 0450407 0450408 0450409 1710236 0442805 0596260 0061472 0220839 0348078 0376315 1522492 1707455
 0556570 0002778 0936012 1524024 0300313 0052325 1511726 3245479 0429225 1979963 2003903 0349966 1337208 1522427 0036572 0424576 2349186 3161035 1314939 0441471 3541888 0441471 3541888 1552738 0653858 0052325 0012512 0332152 1705850 1710236 1520135 0348078 0376315
 3161035 0429225 1979963 2003903
 1710236 0300313 0052325 0300309 0052325
 0205132 1882932 0036572 0424576 2349186 1524063 0552449 1552738
 1707455 0052325 0653858 1710236 1547282
 1511726 3245479 0036572 0424576 2349186 3161035 0552449 0011546 0439857 2698668 0300313 0052325 0300309 0052325 0245365 0653858 0042285 0349966 1337208 2348205 1301820 0653858 0052325 1710236 0042295 0587267 0680240 0042295 1710236
 0087130 1425527 1418610 2698696 0678226 3146286 0449719 1709471 1299586 0205265 1279901 1555582 1705685 0871208 1521828 1882074 0020283 0450407 0450408 0450409 0699919 1332804 0007428 0020283 0450407 0450408 0450409 1444783 0015127 1524003 0020283 0450407 0450408 0450409 1514721 2348147 3542016
 1511726 3245479 1705535 1704675 1710234 1273937 0237881 0441889 0449286 0542560 0750502 1518422 1546944 1561545 2348088 1274040 1546471 2825142 1704675 1446409 0439787 0849355
 0349590 1262865 0025320 0392747 0443172 1705241 0012512 1710236
 1274040 1546471 2825142 0332283 1719822
 0243122 0542479 1145667 1167622 0052325 0392747 0443172 1705241 0052325 0080103 0205345 1547039 0444686 1441506 1443182 1883351 0027960 0324740 0439189 1456781 1824986 1705535 0441833 0687744 1257890 1552516 1705428 1705429 0014442 1709915 1882936
 0037088 0243095 2825141 0034571 0043299 0043309 0699919 1306645 1332804 1962945 0108471 0284930 0912403 0939261 1332808 1588750 1824812 0007428 0086894 0439855 0678594 0851346 1521721 1704241 1999216 2314876 0449436 0439855 1704241 0521164 1260969 1705184 1707170 1824761 1881534 0332158 0337611 0439851 1705415 1947931 0205431 1522492 1704675 0012751 0450389 0243122 0542479 1145667 1167622 1514811 1706462 1441506 0243122 0542479 1145667 1167622 0337112 0441987 1524075 1710236
 0020283 0450407 0450408 0450409 0337112 0441987 1524075 0243122 0424589 0542479 1145667 1167622 1442080 0080103 0205345 1547039 0439267 0027960 0324740 0439189 1456781 1824986
 1710236 0042285 0041484 0041485 1421250 0015272 0243122 1145667 1167622 1705175 1705176 1705177 1705178 1882348
 1710236 0332256 2700400 0455769 0243122 0424589 0542479 1145667 1167622 1442080 1707455 0027960 0324740 0439189 1456781 1824986 1627358 2349975 0441889 0449286 0542560 0549177 1561545 2348088 2987476 1704675 1710234
 0205435 1279901 0332284 1959644 0441833 0687744 1257890 1552516 1705428 1705429 0441835 0441833 0687744 1257890 1552516 1705428 1705429 0429225 0020283 0205177 0205319 0439167 0441655 0450407 0450408 0450409 1280444 1561536 1979963 2003903
 0349966 1337208 1547282 1511726 3245479 0429225 0300313 0052325 0036572 0424576 0445247 0552449 2349186 1273517 1883351 0036572 0424576 2349186 1511726 3245479 1710236 0300309 0052325
 0086168 1547014 1948059 0868941 1441547 1511726 3245479 3245521 0205280
 0456603 1610540 0300313 0052325 0300309 0052325 2348205
 0205238 0300313 0052325 1710236 0337112 0441987 1524075 1705535 0243122 1145667 1167622 1273937 0237881 0439792 0750502 1518422 1546944 0184512 1704675
 0034571 0043299 0043309 1306645 1962945 0284930 0912403 1332808 0086894 0678594 0851346 2314876 1707170 1824761 1705535 0041484 0041485 1421250 1704788 3539106 1553033 1553033 0602396 1553033 0205447 1705535 2612734 0243122 1145667 1167622 0017890 0522461 0369773 2603361 0678226 0678607 0054666 0598629 3146286 1704675 0003765 0337112 0441833 0441987 0687744 1257890 1524075 1552516 1552839 1705428 1705429 1710234
 1704675 0120446 1446409 0439787 0849355
 1709305 2745955 1704675 1518422 1880177 0243122 0442824 1145667 1167622 1710236 0042789 1947903 0557061 2584313
 0020283 0450407 0450408 0450409 1707455 0052325 1547282 1705241 1705242
 0700364 0567415 0205431 1522492 1881534 1880177
 1883712 0034571 0043299 0043309 1306645 1962945 0284930 0912403 1332808 0086894 0678594 0851346 2314876 0443289 1709915 1882936 1518422 1881534 0332158 0337611 1705415 0565965 0042295 0678591 0332296 0424589 0542479 1442080 1880497 1996904 0243122 1145667 1167622 1710236 1883351 0442805 0012512 1707455 1710236 0052325
 0439070 1705160 0332120 0183683 1521721 1547014 1948059 0684224 0700287 3496591 0243122 0392747 0424589 0443172 0542479 1145667 1167622 1442080 1705241 0349590 1262865
 1710234 1547282 0558295 1549513 0441833 0687744 1257890 1552516 1552839 1705428 1705429
 0020283 0450407 0450408 0450409 1710236 0309049 2678549 0020283 0450407 0450408 0450409 0558295 1548789 3543840 0337112 0441987 1524075
 0700364 2825491 0007961 0205160 1513916 1706211 2825415 1883351 0332454 0243122 1145667 1167622
 0678226 0007961 0683283 1706211 2987476 3146286 1314939 0206293 3541260
 0178528 1273518 0243122 1145667 1167622 0442805 1707455 1518422 0700364 1883351 0007961 1274040 1546471 1706211 2825142 0206293 3541260
 0681841 0037791 1511884 0337112 0441987 1524075 0017890 1707455 0557775 1511780 1704675 0007009 0054666 0205172 0337112 0441987 1524075 0041484 0041485 1421250
 0442805 0080103 0205345 1547039 0442805 0080103 0205345 1547039 0052325 1515033 0184511 0332272 0521164 1260969 1274040 1546471 1561611 1704675 1705184 1710236 2825142 2945751 0041484 0041485 1421250
 0034571 0043299 0043309 1306645 1962945 0086894 0678594 0851346 2314876 0439855 1704241 1999216 0521164 1260969 1705184 0041484 0041485 0521164 1260969 1421250 1705184 2945751
 1511726 3245479 1705535 0337112 0441987 1524075 1881534 0332158 0337611 1705415 0521164 1260969 1705184
 1710236 0332256 2700400 0041484 0041485 1421250 0061472 0220839 1710236 0332256 2700400 0041484 0041485 1421250 0349966 1337208 0443289 0521164 1260969 1705184 0014442 0041484 0041485 1421250 2945751 3272897 0012751 1553033 0041484 0041485 1421250 1553033 3161035 0063146 0700307 0348078 0376315 1522492 0020276 0020275 0523702 0885426
 0332158 0337611 1705415 0041484 0041485 1421250 1710236 1553033
 0332158 0337611 1705415 1710234 3161035 1705535 0080103 0205345 1547039 1999216 0034571 0043299 0043309 1306645 1962945 0086894 0678594 0851346 1441672 2314876 0332290 1547282 0442805 0041484 0041485 0369773 1421250 2603361 0441848 0205088 0441833 0687744 1257890 1552516 1705314 1705315 1705428 1705429 1707455
 0557651 2603343 0443289 0872079 1704675 1880177 0027960 0324740 0439189 1456781 1824986
 1280500 2348382 0678226 1704675 2347727 3146286 1260969 0678538 0424589 0542479 1442080 3245505 0205090 0684010 1548673 2603358 0012751 0036679 0237868 1881713 0243122 0424589 0542479 1145667 1167622 1442080 0337112 0441987 0772162 1524075 1710236 1880177 0243077 0772162 0014442 0014445 0332324 1550474 0441833 0687744 1257890 1552516 1552839 1705428 1705429
 1513371 1705738 2347637 2348146 0052325
 1513371 1705738 2347637 2348146 0052325 0699919 1332804 0007428 0442632 1522290 1710236 0444626 0699919 1332804 0007428 0427896 0678594 1301820 1533132 1704641
 1710236 0424589 0542479 1442080 0025664 0184661 1517586 1552738 2700391 1524063 2349184 0440042 1521738 2346620 3539073 0013194 0037585 2700580
 0557651 2603343 0349966 1337208 0443289 0054666 0337112 0441833 0441987 0687744 1257890 1524075 1552516 1552839 1705428 1705429 0061714 0017890 1517331 2984079 0041484 0041485 1421250 1710236 1705535 0557775 1511780 1704675 0750558 1710571
 0441849 0441833 0687744 1257890 1552516 1705428 1705429 0700364 1883351 0348078 0376315 1522492 0020276 0020275 0523702 0885426 0439086 2827736 2981702 1305844 0030054 2362652 0020276 0020275 0523702 0885426 0003995
 0332152 1705850 1511726 3245479 1705535 1704675 0178528 1517378
 0750591 0010186 0220812 1314939 0120446 0007447 1704675 0332157 1518422 1517378 1704675
 0442805 1441672 0080103 0205345 1547039 0020276 0678226 2825492 0007961 0020275 0523702 0885426 1706211 1882074 3146286 1314939 0120446 0063146 0700307 2362652
 1513371 1705738 2347637 2348146 0300313 0052325
 1513371 1705738 2347637 2348146 0300313 0052325 0699919 1332804 0007428 0349966 1337208 1552738
 0557651 2603343 0332256 2700400 0178812 0061472 0220839 0349966 1337208 1547282 0007009 1881534 0332158 0557775 1511780 0337611 1705415 0521164 1260969 1705184 0442759 0439086 2827736 2981702
 1511726 3245479 1547282 0991568 1321095 1705648 2347093 2348338 0332462 1880834 0061472 0220839
 0681841 0683283 0178528
 0678538 0424589 0542479 1442080 3245505 0205090 0684010 1548673 2603358 0036679 0237868 1881713 0205319 1280444 0012751
 0557651 2603343 1547282 1277225 0560560 0178528 0080103 0205345 1547039 0947630 1710236
 0681841 0683283 2825491 0007961 0205160 1513916 1706211 2825415 1513371 1705738 2347637 2348146 0119332 0052325
 1513371 1705738 2347637 2348146 0119332 0052325 0699919 1332804 0007428 0596260 0349966 1337208 1552738
 1883351 0243122 1145667 1167622 0678226 3146286 0332158 0337611 1705415 0521164 1260969 1705184 0041484 0041485 1421250 0439792 0547044 1515981
 0020276 0020275 0523702 0885426 1314939 0063146 0700307 0030054 1881534 1880177
 1710236 0392366 0041485 1707455 0017890 0522461 0442805
 2607943 2926606 3539655 0237881 0750502 1546944 0042153 0457083 1947944 1517331 0037791 1511884 1710236 0332256 2700400 1709915 1882936 0031453 0033382 0025646 0023401 0022192 0523728
 0557651 2603343 1999230 0205172 0205197 0162340
 0231448 1880641 1704675 1880177 1546922 1706499 1533716
 2825232 0043227 0449719 1521721 1709471 0678530 0014279 0035168 0036397 0205296 0242481 1551807 0018173 1548284 0597277 1708601
 0027472 0006823 0034036 0034037 0035168 0242481 1551807 1704324 3245503
 0010186 0220812 0449719 1709471 0220808 0680264 0007961
 1706852 0522501 1706089 0949214
 0205155 1293097 1522472 1552923 1705191
 1709854
 0376649 1442065 0035172 0021622 0035168 0242481 1272753 0027472 0006823 0035168 0242481 1551807 3245503 1551454 0006823
 0376649 1442065 0442603 0557854 0027472 0006823 0035168 0242481 1551807 3245503 1551454 0006823
 0282413 0686900 0376649 1442065 0254343 0796520 3272379

 0085205 1549619 1880669
 0000723 3659528

 0740116 2827735 2981700 2827734 2981698 2827734 2981698 0439086 2827736 2981702
 2827734 2981698 1512523
 1826625 2603360
 1707170 1824761


 0369773 2603361
 2603360
 0205090 0684010 2603358
 2603362
 0600659

 0205090 0684010 2603358
 0600659

 0369773 2603361
 1511726 3245479
 0581901
 1515981

 1514811 1706462


 0205090 0684010 2603358 0035431
 0025141

 0016327 0439133 1553038 0554249 0205090 0684010 2603358


 0369773 2603361 0369637 0441923

 0033727 0369286 0441932 0564385



 0450385 0025141 0369718 0441922 1553036 2347961



 0238705 1427484 1842839 2603360
 2603360 0852885 0369637 0441923
 0205090 0684010 2603358 0597277 1708601

 1412430 0369718 0441922 1553036
 0439394 1706495 3642217
 2347469
 0016327 0439133 1553038 1315013
 1417055
 0027627 2939420 0025141 2347469
 0016327 0439133 1553038

 0006826 0998265 1306459 0025141 2347469
 0016327 0439133 1553038 0597277 1708601 2347961
 0025141 0033727 0369286 0441932 0564385
 1553033 2603360
 1553033 0205090 0684010 2603358

 0025141 0021966 0221138 0369773 2603361 0003461 2939124

 0025141 0016327 0439133 1553038 0597277 1708601

 0025141
 0033727 0369286 0441932 0564385
 0025141 2603360 0039286 0410207 1834582


 0201682

 0033727 0369286 0441932 0564385 2347469
 0554249 0205090 0684010 2603358
 0369773 2603361



 0025141 0056286 0439394 1706495 3642217
 0369773 2603361
 0554249 0205090 0684010 2603358
 0018767 2603362
 2347469 0005477 0025141 0369773 2603361 0033727 0369286 0441932 0564385 0006736 0230467 0741204


 0025141 1553033 0331857 0205090 0684010 2603358
 0369773 2603361

 0025141 2603360 1553033 0331857 0369773 2603361


 0201682
 0597277 1708601 0033727 0369286 0441932 0564385

 0025141 2347469 0033727 0369286 0441932 0564385

 0025141 0033727 0369286 0441932 0564385 0033727 0369286 0441932 0564385 0721226 1551914 0597277 1708601 2603360

 0000857 0600678 1552863 0330667
 0331857 0369773 2603361 0667830 1332667 1705065 0439394 1706495 3642217


 0201682
 0016327 0439133 1553038
 0205090 0684010 2603358 2603360
 0369773 2603361 0035853 0995005
 0205090 0684010 2603358 0205090 0684010 2603358 0039286 0410207 1834582


 0201682

 0016327 0439133 1553038
 0012854 0025141 0205090 0684010 2603358 1553033

 0016327 0439133 1553038 0369718 0441922 1553036
 0439267

 0205090 0684010 2603358 0369637 0441923
 0439267
 0439267 2603360
 1553033
 0056167 1456376
 0201682
 2603362
 0369773 2603361
 0868928 1706255 1706256

 1553033 0439267 0369773 2603361
 0597277 1708601

 0201682

 2603360
 0205090 0684010 2603358
 0369773 2603361

 0201682

 0205090 0684010 2603358
 0596527 0678594 0441712 1706376 0369773 2603361

 0033727 0369286 0441932 0564385
 1551580 1551977 0027976 0439394 1706495 3642217
 0205090 0684010 2603358
 0027960 0324740 0439189 1456781 1824986

 0025141 2603362
 0597277 1708601 0439267
 0040833 1521798 0037455 0596070 0005477 0026376 0005532 1521991