 0037455 0596070 0005477 0026376 0005532 1521991
 1514559 0023175 0181586 0342883 1442948 1522538 2348269 3275067 0025936 0003069 0025914 0025929 0026809
 0005516
 0205090 0684010 2603358

 0005516
 0016327 0439133 1553038

 2827734 2981698 0005516
 0740116 2827735 2981700
 0740116 2827735 2981700 0005516
 0033727 0369286 0441932 0564385

 2827734 2981698 1253959 1881507 2700383 2826234 0019247 0018787 1281570 0024109 0819757 1278908 0021622 1272753 0027468 0018684 0021622 3245503 0024858 1517706 0003064 0022877 3244292 0018787 1281570 0024109 0819757 1278908 0021622 1272753 0027468 0018684 0021622 3245503 0024858 0740116 2827735 2981700 1704729 0022886 0022877 0035168 0242481 1619828 0041740 0043038 0036375 0520510 2825232 1514811 1706462 0023194 1416804 0008380 0001390 0008377 0031617 0885520 0014442 2612541 0014895 0023820
 1705175 1705176 1705177 1705178 1882348 0220825 0035820 1705810 0025519 0025520 0332255 1708096 0332529 0582519 0949648 1883633 0230171 0439086 2827736 2981702 0017446 0205147 0314604 0017337 1883351 0025936 0003069 0025914 0025929 0026809
 0025936 0003069 0025914 0025929 0026809 0205132 1514559 0023194 1416804 0008380 0201950 0428466 0858034 0001390 0008377 0031617 0885520 0332462 1880834 0205250 1299351 2700149 0443211 1272684
 0005861 0002778 0936012 1524024 0599862 0332255 1708096 0332256 2700400 0012854 0004793 0162326 0162327 1519249 1883351 0439851 1947931 1519516 0017262 0185117 1517914 0023884 0736268 1278929 2346688
 0001779 1707455 0009253 0036864 0079399 0150103 1314687 1522384 1708943 0243148 1550141 1882979 2587213 3274648 0201950 0543421 0008377 0439175 0439810 1522133 0201950 0428466 0008377 0441889 0025936 0003069 0025914 0025929 0026809 0205132 0205217 0442805 0683150 0086045 2348205
 1514534 0002778 0936012 1524024 0443289 0442805 0031676 0202177 0220781 0439634 1522492
 0680220 0683150 0086045 0008387 0678226 0014898 0043194 0258432 1421478 3146286 0332290 0023194 1416804 0008380 0001390 0008377 0031617 0885520
 0683150 0086045 0085202 0003595 0523511 1412481 0019904 0025914 0025929 0026809 0205217 0205250 0442805 0491816 1299351 2700149
 0014442 0023194 1416804 0008380 0001390 0008377 0031617 0885520 0150312 1883351 0332281 0025914 0025929 0026809 0178587 0205250 1299351 2700149
 0947630 1707520 0439175 0439810 1522133 0201950 0428466 0008377 0441889 0443211 0023194 1416804 0008380 0001390 0008377 0025914 0025929 0026809 0031617 0885520 0443264 0683150 0086045
 1514559 0025914 0025929 0026809 0861064 0023175 0178587 0181586 0205250 0439775 0702240 1299351 1442948 1522538 2348269 2700149 3275067 0019409 1522133 0201950 0428466 0683317 0441889 0332281 0342883 2248593 1159709 0005528 0008377 1317949 1555029 3495449
 0023194 1416804 0008380 0001390 0008377 0031617 0885520 0023194 1416804 0008380 0001390 0008377 0031617 0885520 0014442 0032214 0600138 0035820 1705810
 0023194 1416804 0008380 0001390 0008377 0031617 0885520 0220781 1883254 0024360 3160060 0150312 0449450 2827734 2981698 0740116 2827735 2981700 0008387 0014898 1292711 0449719 1709471 0055538 1144465 0008387 0014898 0033684 0348011 0023820
 0023194 1416804 0008380 0001390 0008377 0031617 0885520 0150312 0449450 0332256 2700400 0085201 0003592 0003591 0021966 0221138 0740116 2827735 2981700 0439086 2827736 2981702 0015264 2700400 0441472 3266814
 0681850 1550501 1706203 2349001 2697811 0680220 0332281 0003592 0023820 0332256 2700400 0085201 0003592 0021966 0221138 0085202 0445604 0439234 0020792 0205396 0243067 0233820 0023194 1416804 0008380 0001390 0008377 0031617 0885520 0544701 0025519 0025520 0032214 0178587 0205250 0205307 0439166 0600138 1299351 2347086 2700149
 0030705 0023195 1291431 0011155 0162429 1623416 0039082 1558916 0342895 0016154 0015397 0012634 0015392 0016163 1280202 2349190 2700184 0023195 0011155 0162429 1623416
 0342895 0016154 0015397 0012634 0015392 0016163 1280202 2349190 2700184 0023195 0011155 0162429 1623416 0010038 0010031 0029053 0243107 0678723 1265876 1527148 1880022 0473527 0439269 1960952 2346927 3642216
 0030705 0342895 0016154 0015397 0012634 0015392 0016163 1280202 2349190 2700184 0002871 0150312 0449450 1000483 0178664 1417247
 0947630 0410000 0185027 1948020 0439084 0728893 1880022 0030705 0032105 0205409 1548221 1550098 0023195 0011155 0162429 1623416 0023194 1416804 0443289 0332198 0392148 0597177 0443211 0220781 1883254 0678723 0870861 1254042 0025519 0025520 0031843 0542341 0700205 1705273 0014442 0368909 2612541 0008377 0014895 0332296 0442123 1314939 1880497 1996904 2960476 0023194 1416804 0008380 0001390 0008377 0031617 0885520 0205171 1518422 1720467 0443264 0683150 0086045 0032214 0600138 0035820 1705810 0004153
 0023194 1416804 0008380 0001390 0008377 0031617 0885520 1441414 1553874 1578820 1883351 2611279 0243144 0347980 0597177 0024501 0439182 0812409 0040300 1883712 2612541 0014895 0597177 0023194 1416804 0008380 0001390 0008377 0031617 0885520 0700364 1883351 0205224 0597177 0150312 0178587 0205250 0449450 1299351 2700149 0008387 0014898 1883708 0005528 1317949 3495449 0023884 0736268 1278929 1947931 2346688 0003593 0023820 0332256 0348011 2700400 0441472 3266814 0055538 1144465 0008387 0014898 0033684 0040671 1705822 0205054 0243144 0347980 1704259 1705987 0031843 0542341 0700205 1705273 1883351 0442805 2248593 1159709 0005528 0008377 1317949 1555029 3495449 0007222 0007226 0012634 0205252 0243107 0678723 1527148
 0150312 0449450 1518422 0205309 1152001 0474395 2612891 1151921 0205177 0439167 0441655 1561536 1522133 0201950 0428466 0020443 0008377 0178587 0205250 0441889 1274040 1299351 1546471 2700149 2825142 3163633 1545588
 1705175 1705176 1705177 1705178 1882348 1517378 0162340 0686907 0025519 0025520 0004153 0205132 1522133 0201950 0428466 0441889 0032105 1550098
 2607943 2926606 3539655 1514559 0023175 0181586 1442948 1522538 2348269 3275067 1515926 0441889 0486616 1555710 0456389 0332290 0014442 2612541 0014895 1522133
 0947630 0443211 1152001 2612891 1151921 0205177 0439167 0441655 1561536 0023194 1416804 0443264 0086045 1515655 0702240 0332281 0342883 0086418
 0520510 0043544 0013710 0025991 0681814 1273517 1511382 1521751 0015780 0025921 0086287 0205409 0332174 0439230 0580836 1548221 1160186 1260875 1748461 1511382 0025921 0025914 0025929 0026809 0337050
 0003069 1511501 0003062 0243148 1550141 1882979 2587213 3274648 0869040 0557651 1273517 2603343 0332257 3538986 0024554 0086582 1706180 1706428 1706429 0025914 0025929 0026809
 0033268 0332255 1708096 0023194 1416804 0008380 0001390 0008377 0017337 0031617 0439751 0444667 0885520 0332529 0332257 0582519 0582519 0023194 1416804 0008380 0001390 0008377 0009013 0031617 0885520 1522642 3146294 0017430 0017428 0023621 0086418 0205409 0751608 0872147 0887950 1548221 0031831 1396851 1707664 1999230 2348314 3540849 0027468
 0025991 0332255 1708096 0055134 0178587 0439182 0812409 1998793 1552738 1948062 1266240 0043544 1622926 0013710 0024554 0086582 0232904 1167158 1706180 1706428 1706429 0015780 0086287
 0013710 1883708 0033011 0015780 0086287 0205237 0549206 0553641 0600457 0337050 1158478 1705422 0025914 0025929 0026809 0005862 1148472 0200898 0221902 0599927 0002778 0012854 0020202 0025914 0025929 0026809 0039259 0439267 0936012 1300517 1524024 1710133 0012238 2349986
 0020202 1300517 0032520 0600436 0012892 0002055 0012854 0178499 0332255 0337112 0443286 0884358 1114821 1335439 1524075 1708096 1709450 1880279 1711300 2700613 0444930 2746065 0015295 0314604 0017337 0023194 1416804 0349966 1337208
 0025914 0025929 0026809 0220908 1305399 1705053 0025936 0003069 0025914 0025929 0026809 0205396 1550043 1551388 0491816 0557651 2603343
 1514861 1882932 1883351 0025936 0003069 0025914 0025929 0026809
 0450429 1515974 1707156 3274014 3541345 1882940 0205145 0032105 1550098 0332255 1708096 0182400 1704681 2347609 3536729 0600436 0002055 0178499 1709450 1880279
 0005861 0002778 0936012 1524024 0557651 2603343 0037791 1511884 0035668 0040300 0205409 1548221 1705242 1883525 2346866 0006104 1269537 0018787 1281570 0024109 0819757 1278908 0022646 0227665 1278978 1514845 0023884 0736268 1278929 2346688 0039597 1278981 0025914 0025929 0026809 0001779 0037047 1524063 0025663 0449851 0871511 0061947 0872262 0002778 0936012 1524024 1550369 0016640 0524811 0884358 3161031 1706746 0017243 1382104 0040671 1705822 0020202 1300517 0005862 1552738 1148554 0005507 0243073 1510438 1552738 1524063
 0871208 1521828 2612541 0871208 1521828 1524063 0243148 1550141 1882979 2587213 3274648 0025936 0003069 0025914 0025929 0026809 1552738 0577559 1306372 3152252 0023194 1416804 0034580 1524063 0312586 0003241 0021027 0023194 1416804 0008380 0001390 0008377 0031617 0086418 0885520 3146294 0038137 0175675 0023194 1416804 0619865 0008380 0001390 0008377 0031617 0885520 1552738 0450348 0002778 0936012 1524024 0023820 0005767 0005768 0229664 0015663 0033727 0369286 0441932 0456962 0564385 1516695 1516698 0175730 1547937 1704474 0332256 2700400 0013618 0702093 0179834 0450376
 0444263 0370003 2347026 0086972 0443299 0687118 1510844 1698986 0332152 0002778 0016701 0677542 0936012 1524024 2826257
 0201950 0543421 0008377 0439175 0439810 0683150 0086045 0025663 0025664 0449851 1524063 1690540 1719918 0368909 0008377 0332296 1880497 1996904 0086045 0041703
 0042295 0368909 0008377 0332296 0444686 1441506 1443182 1880497 1996904 1719767 2348589 0683150 0086045
 1522133 0008377 0054452 0006675 0006726 0019134 0770546 2936886 0332293 1522326 0032105 1550098
 0054452 0006675 0006726 0019134 0770546 1439852 2936886 0005516 0560268 2349105 2348236 0005903 0039476 1547703 0332283 0007703 0086045 0312860
 1522133 0008377 1522133 0008377 0178587 0205250 0444686 1299351 1441506 1443182 2348589 2700149 0086045
 0086045 0085202 0003595 0523511 1412481 0011321 0034606 0441633 0020985 0684224 0700287 3496591 0185125 0449913 0599209 1553451 1704459 1185738 1706132 2986575 0150312 0205549 0332285 2348044 1551491 0027971
 0023820 0439445 0439526 0702093 0332256 2700400 0013618 0074721 0004492
 0439526 1264633 1516695 1516698
 0201950 0543421 0008377 0439175 0439810 0041004 0368909 0008377 0332296 1880497 1996904 0031676 0008387 0014898 1264633 1554103
 0392148 0085202 0003595 0523511 1412481 0020985 0014994 0014996 1161324
 0205132 0332256 2700400 1948062 0043544 0013710 0021485 0232904 1272883 1533685 1828121 3146294 2827421 0332256 2700400 0314604 0017337 0349966 1337208
 2827734 2981698
 0332255 1708096 0023194 1416804 0008380 0001390 0008377 0017337 0031617 0439751 0444667 0885520 0332529 0332257 3538986 0582519 0949648 1883633 0230171 0439086 2827736 2981702 0017446 0205147
 1158478 1705422 0263541 0005862 1148472 0599927 0002778 0020202 0443211 0936012 1272684 1300517 1524024 1710133 0392148 0017428 2338314 1511726 3245479 1518422 1547282
 0025936 0003069 0025914 0025929 0026809 0205132 0263541 0443211 1272684 1522133 0201950 0428466 0185117 0441889 3244092 0150312 0449450 0557651 2603343
 0023194 1416804 0008380 0001390 0008377 0031617 0885520 0023884 0736268 1278929 2346688 0034693 0034721 0332120 0006104 1269537 0039597 1278981 0023884 0736268 1278929 2346688
 1705175 1705176 1705177 1705178 1882348 0220825 0332255 1708096 0085732 1299581 0439851 1947931 0017262 0185117 1955394 0035668 0025936 0003069 0025914 0025929 0026809 0040300 0205409 1548221 1705242 0005861 1621557 0599862 0020202 0936012 1300517 1709269
 0035696 0023194 1416804 0150312 0449450 0025936 1517914 0003069 0023884 0025914 0025929 0026809 0736268 1278929 2346688 1511726 3245479 1518422 1547282 0274281 0332157 0439590 1265611 0039597 0442726 1278981 1511790 0006104 1269537 0018787 1281570 0024109 0819757 1278908 1511726 3245479 1518422 1547282
 0577559 1306372 3152252 0023194 1416804 0205177 0439167 0441655 1561536 0025936 0003069 0025914 0025929 0026809 0032105 0205132 0444706 1550098 1705242 3541902 2603360 2603360 0041014 2603360
 1707513 0237753 0449788 0005862 1148472 0599927 0020202 0750572 1300517 1710133 1514721 2348147 3542016 0023194 1416804 0008380 0001390 0008377 0031617 0086045 0086418 0885520 1707520 0205090 0684010 2603358 0032105 1550098 1511726 3245479 1518422 1547282
 0042153 0457083 1947944 0003241 0023194 1416804 0008380 0001390 0008377 0031617 0086418 0885520 3146294 0450348 0020980 0021060 0442726 1511790 0023194 1416804 0008380 0001390 0008377 0031617 0885520
 0086045 0745732 3272378 0025914 0025929 0026809 0205543 1515051 0014442 0014445
 3244092 0185117 0205251 0441889 1299352 1550472 1707455 1511501 0003062 0243148 1441672 1550141 1882979 2587213 3274648 1300565 0439526 0683150 0086045 0522501 0205217 0442805 1152001 0023194 1416804 2612891 0008380 1151921 0858034 0001390 0008377 0031617 0032105 0205177 0439167 0441655 0885520 1550098 1561536 1707520
 0205132 1550648 1552960 0041014 2603360 0577559 1306372 3152252 0023194 1416804 1152001 2612891 1151921 0205177 0439167 0441655 1561536 0023194 1416804 0332462 1880834 0439093 0443228 1704243
 1880177 0683150 0086045 0205132 1550648 1552960 0041014 2603360 0020115 0243102 0205177 0205369 0439167 0441655 1552740 1561536 0025936 0003069 0025914 0025929 0026809 2348205 0439437 0439292 0439191 0185117
 0523741 0023194 1416804 0008380 0021135 1533691 2827718 0201950 0001390 0008377 0031617 0242485 0577559 0885520 1306372 1707455 3152252 0523829 1152001 2612891 1151921 0205177 0439167 0441655 1561536 0023194 1416804 1152001 2612891 1151921 0205177 0439167 0441655 1561536 0871208 1521828 2612541 0205217 0442805 0332462 1880834 1707455 1511501 0003062 0243148 1550141 1882979 2587213 3274648 1705535 1515655 1521761 2827422 0439801 1549649 2349209 1879547 0025914 0025929 0026809
 1278073 0023779 0023820 0023194 1416804 0008380 0314604 0001390 0008377 0017337 0031617 0086418 0885520 1514559
 0001779 1707455 0009253 0036864 0079399 0150103 1314687 1522384 1708943 0243148 1550141 1882979 2587213 3274648 0003069 0205132 0015272 0442805 0008387 0014898 0442805 0871208 1521828 2612541
 1705241 1705242 0368909 0008377 0332296 1880497 1996904 1441672 0205132 0491816 1522410 1550648 1552960 0041014 2603360 0041004 2348205
 1514559 0025914 0025929 0026809 0008387 0014898 0032105 1274040 1546471 1550098 2349975 2825142 1514144 0237881 0332152 0442805 0750502 1522538 1546944 0456603 1547037
 0032931 0032932 1642401 2584299 0008377 0442805 0003069 0003062 0332281 0025914 0025929 0026809 0178587 0205250 1299351 2700149
 0002778 0936012 1524024 0443289 1707520 1522133 0008377 1152001 2612891 1151921 0205177 0439167 0441655 1561536 0023194 1416804 0349966 1337208
 1707520 1299394 0237881 0750502 1546944 0023194 1416804 0008380 0001390 0008377 0031617 0086045 0086418 0445247 0885520 0015272 0392747 0443172 0025936 0025914 0025929 0026809
 1707520 0041405 1824670 3272447 0086045 0003069 2603360 2603360 0041014 2603360 0025914 0025929 0026809
 0042295 1444656
 0021966 0221138 1707455 0025320 0392747 0443172 0023820 0003591 1152001 2612891 1151921 0205177 0439167 0441655 1561536 0025914 0025929 0026809 1511501 0003062 0243148 1550141 1882979 2587213 3274648
 0019425 1707455 0019904 1517331 0683150 0032105 0041405 0086045 0442805 1550098 1824670 3272447 0031676 0202177 0008387 0014898 1152001 2612891 1151921 0205177 0439167 0441655 1561536 0023194 1416804 0369773 2603361
 0242485 0085202 0003595 0523511 1412481 0949466 0005863 0002778 0936012 1524024 1705493 0443228 1704243 0442805 0441889 1705241 1705242 0085202 0003069 1511501 0003062 0243148 1550141 1882979 2587213 3274648
 0001779 1707455 0037047 0025936 0003069 0025914 0025929 0026809 0683150 0086045 0085202 0003595 0523511 1412481 0021966 0221138
 0349966 1337208
 0439086 2827736 2981702 1979963 2003903 0025914 0025929 0026809 2603360 0205132 0037047 1611273 0205132 1550648 1552960 0041014
 0680240 1278073 0023779 0680730 0002778 0936012 1524024 0443289 0597177 0008387 0014898 0359583 0031676 0202177 0349966 1337208 2347469 1553033
 1514559 0023194 1416804 0008380 0001390 0008377 0031617 0885520 0599209 1264633 1554103 0332256 2700400 0030608 0237883 0456389 0597177 0349966 1337208
 0002778 0936012 1524024 0599209 0443289 0520511 1704711 0023820 0032105 1550098 2348205 0450363 2986797
 0025914 0025929 0026809 0023194 1416804 0008380 0001390 0008377 0031617 0885520 0332281 0030608 0178587 0205250 0597177 1299351 2700149 0456389
 1979963 2003903 0003069 2603360 0041014 2603360 0032105 1550098
 0332445 0733755 1264633 0036681 0302647 1444656 1707156 3274014 3541345
 0597177 0025936 0003069 0025914 0025929 0026809 0032105 0150312 0449450 1550098 0008387 0014898 0031676 0202177 1268652 0442805 0441833 1999270 3537156
 0086045 1446561 0439526 0005507 0243073 0441889 1510438 1511790
 0520511 1704711 0243148 1550141 1882979 2587213 3274648 0023820 0025936
 1979963 2003903 0205132 1550648 1552960 0041014 1514559 0032105 1550098 0349966 1337208

 0003062 1979963 2003903 0599209 0597177 0456389 0349966 1337208
 0019425 0023194 1416804 0008380 0858034 0001390 0008377 0031617 0885520 0150312 1883351 0332281 0178587 0205164 0205250 0597177 1299351 2700149 0450377 2986754
 1880022 0020985 0002778 0936012 1524024 0349966 1337208 0443289 0597177 0021966 0221138 0332256 2700400 0003595 0523511 1412481 0085201 0003592 0021966 0221138 0597177 0085201 0003592 0021966 0221138 0085202
 0683150 0086045 0019904 0025914 0025929 0026809 1441672 0021966 0221138 2607943 2926606 3539655 1705535 0220781 1883254 0008387 0014898 0597177
 1265611 0442726 0599209 1264633 1511790 0439526 1511726 3245479 1518422 1547282 0023820 0150312 0439526 0449450 1264633 1441565
 0002778 0936012 1524024 0032105 1550098 0205132 1550648 1552960 0041014 0599209
 0003062 0444505 0439526 0750489
 0520511 1704711 0023820 0025936
 0020985 0002778 0936012 1524024 0243148 1550141 1882979 2587213 3274648 0025914 0025929 0026809 0041014 2603360 1264633 0332256 2700400 0443228 0549177 1704243 0021966 0221138 0439526 0547044 0700321 0023820
 0085201 0003592 0021966 0221138 0085202 0038137 0175675 1547282
 0005516 0205091 1552822 1547282
 0220781 1883254 0678723 0870861 1254042 0543484 0699900 1516314 1184743 1522240 0031843 0542341 0700205 1705273 0597357 0033684
 0596690 1416867 2262011 0023764 0205054 0055538 1144465 0008387 0014898 0033684 0040671 1705822 0023194 1416804 0008380 0001390 0008377 0031617 0885520 0597357 0700364 1883351 0032214 0600138 0035820 0008377 0011209 0559563 1274040 1546471 1705822 2825142 0007634 3282337 0023884 0736268 1278929 2346688 1184743 1522240 2248593 1159709 0005528 0008377 1317949 1555029 3495449
 0686907 0055538 1144465 0008387 0014898 0033684 0040671 1705822 0023195 0149676 0014442 0011155 0162429 1623416 0205170 1880022 3146287 0332257 1552866 2700399 0000768 0000769 0086045 1446561 1515926
 0030705 0023195 0023195 0011155 0162429 1623416 0342895 0016154 0015397 0012634 0015392 0016163 1280202 2349190 2700184 0150312 0439808 0449450 0473527 2827734 2981698 1880022 0205409 0392760 1314939 1548221 0027361 0237401 0443289 0332198 0392148 1514721 2348147 3542016 0205170 0549177 3146287 0332621 0597177 0031843 0542341 0700205 1705273 0023194 1416804 0024501
 0022702 0947630 0021966 0221138 0030705 0023195 0011155 0162429 1623416 0342895 0016154 0015397 0012634 0015392 0016163 1280202 2349190 2700184 0443289 1704207 0543484 0699900 1516314 0543484 0699900 1516314 0439093 0443228 1704243 0332294 0080103 0205345 0442805 0678226 1547039 0683150 0086045 1446561 0021966 0221138 1096202 1439335 3539666 2607943 2926606 3539655 0449719 1709471 0441889 0030705 0023195 0035647 0205217 0442805 1518422 1882120 0243107 0678723 1527148 0007222 0007226 0012634
 0597177 0023194 1416804 0008380 0001390 0008377 0011155 0030705 0031617 0150312 0449450 0885520 1636779 2246761 0007634 3282337
 0302523 0700325 3244290 0035820 1705810 0023194 1416804 0008380 0001390 0008377 0031617 0885520 0032105 0032214 0178587 0205250 0441889 0443264 0600138 1299351 1550098 2700149 2248593 1159709 0005528 0008377 1317949 1555029 3495449 0004153
 1705175 1705176 1705177 1705178 1882348 1517378 0162340 0025519 0025520 1292748 0332255 1708096 1521751 0025921 0025914 0025929 0026809 0025936 0003069 0025914 0025929 0026809 0205132 1514559 0314604 0017337 0023194 1416804
 0947630 1705535 0017262 0185117 0007450 0325090 0524517 0600436 0002055 0178499 0243148 0450389 1550141 1709450 1880279 1882979 2587213 3274648 0949645 1883644 0017446 0205147 0230171 0439084 0728893 0314604 0017337 0023194 1416804 1511726 3245479 0599780 0013879 0314604 0017337 0023194 1416804 0185117
 0332255 1708096 1883351 0003069 0003062 0332256 2700400 0600436 0002055 0178499 1709450 1880279 0949648 1883633 0017446 0205147 0230171 0439086 2827736 2981702
 0947630 0332255 1708096 0205410 0439851 1947931 3244092 0441889 1517914 0023884 0736268 1278929 2346688 0013879 0023194 1416804 0008380 0314604 0001390 0008377 0017337 0017446 0031617 0086418 0205147 0885520
 0162801 0002778 0936012 1524024 0443289 0392148 0040648 0003353 0003504 0040649 0205054 0439509 1416933 1521761 2827422 2986618 0733755 0080103 0205345 1547039
 0162326 0032214 0600138 1705810 0035820 0086597 0185117 0024554 0025266 0086418
 0002778 0936012 1524024 0003069 0003062 1152001 2612891 1151921 0441655 0444706 3541902 1524063 1710236 0205132 1705242 1514721 2348147 3542016 0332462 1880834 0205250 1299351 2700149 0025914 0025929 0026809 0150312 0205307 0439166 2347086
 0023194 1416804 0008380 0683150 0858034 0001390 0008377 0031617 0032105 0086045 0885520 1550098 0205132 1550648 1552960 1882932 0023194 1416804 0008380 0001390 0008377 0031617 0885520 1152001 2612891 1151921 0205177 0205369 0439167 0441655 1552740 1561536 2348205 0185117
 1152001 0023194 1416804 2612891 0008380 1151921 0001390 0008377 0031617 0205177 0439167 0441655 0442805 0522501 0885520 1561536 1706089 1707455 1152001 2612891 1151921 0205177 0439167 0441655 1561536 0871208 1521828 2612541 0025936 0003069 0025914 0025929 0026809 0023194 1416804 0332462 1880834 0439093 0443228 1704243 1705535 1515655 1521761 2827422 0439801 1549649 2349209 0014429 1879547 0025914 0025929 0026809
 0681841 0332257 1552866 2700399 1268722 1705241 1705242 0486616 1555710 0678612 0037791 1511884 0014898 0470187 1710236 1514559 0023194 1416804 0008387 0014898 0023175 0181586 1442948 1522538 2348269 2349975 3275067 0392747 0486616 1555710 0026377
 1705241 1705242 0085201 0003592 0021966 0221138 0023194 1416804 0008380 0001390 0008377 0023175 0031617 0086418 0392756 0885520 1442948 1522538 1879547 2348269 3275067 0178555 0681828 0947630 1705241 1705242 0072422 0332256 2700400 0025914 0025929 0026809 0085201 0003592 0021966 0221138 1511726 3245479 1518422 1547282
 1514559 0025914 0025929 0026809 0237881 0442805 0750502 1546944 1274040 1546471 2825142 0439175 0439810 0086045
 0332290 0205393 0442805 1882932 0348078 0376315 1522492 0008387 0014898
 0025914 0025929 0026809 1300565 0439526 0702240 0086045 0041004
 0439175 0439810 1522133 0201950 0428466 0008377 0441889 0023194 1416804 0008380 0001390 0008377 0031617 0086045 0885520 1446561 1707520 0205177 0439167 0441655 1561536
 0201950 0428466 3244092 0441889 0032105 1550098 0003069 0003062 0332462 1880834 0442805 0439175 0439810 1522133 0008377 0205132 1550648 1552960 0041014 1519042 0740116 2827735 2981700 0332462 1880834 0023194 1416804 0008380 0001390 0008377 0031617 0885520 0205447 0443264 0683150 0086045
 0541594 0392747 0443172 0442805 0871208 1521828 2612541 1152001 2612891 1151921 0205177 0439167 0441655 1561536 0023194 1416804 0332462 1880834 0580272 1519043 0392747 0443172 1152001 0023194 1416804 2612891 0008380 1151921 0021135 1533691 2827718 0001390 0008377 0031617 0205177 0439167 0441655 0885520 1441672 1561536 0332462 1880834 0003062 0871208 1521828 2612541 0014440 0242485 0940836
 0442805 0871208 1521828 2612541 0032105 0205173 0439175 0439810 1274040 1546471 1550098 1705764 2348205 2825142 0086045 1446561
 1880022 0025936 0003069 0025914 0025929 0026809 1515926 0030608 0456389 0597177
 0041405 1824670 3272447 0008387 0014898 0030608 0456389 0025936 0003069 0025914 0025929 0026809 0032105 0150312 0449450 1550098 0205217 0442805
 0030608 0456389 0597177 0700364 1883351 0023194 1416804 0008380 0683150 0858034 0001390 0008377 0031617 0032105 0086045 0885520 1550098 0003069 0003062 0032105 0442726 1511790 1550098 3244092 0185117 0441889
 0683150 0086045 1446561 0085202 0003595 0523511 1412481 1514559 0700364 1883351 0442805 0441889 0456389 1518422 0237753 0449788
 1514559 0008387 0014898 0023175 0181586 0220781 0439634 0443228 0549177 1442948 1522492 1522538 1704243 2348269 3275067 0031676 0202177 0359583 0332290 0014442
 0003062 1514559 0023194 1416804 0008380 0001390 0008377 0031617 0885520 1979963 2003903 0392148 0015272 1705241 1705242
 1264633 1554103 0021966 0221138 0332256 2700400 0003595 0523511 1412481 0085201 0003592 0021966 0221138 0597177 0332256 2700400 0085201 0003592 0021966 0221138 0085202
 0597177 2348205 0486616 1555710 0150312 0449450 0012984 1280551 0034693 0034721 0025914 0025929 0026809 0034493 0947630 1705535 0021135 1533691 2827718 0220781 0439634 1522492 1152001 2612891 1151921 0205177 0439167 0441655 1561536 0023194 1416804 0392148
 0020792 0205396 2348205 0025914 0025929 0026809 0683150 0003595 0025914 0025929 0026809 0032105 0086045 0205217 0442805 0449255 0523511 0542559 1412481 1550098 0003595 0523511 1412481 1883357 0023194 1416804 0008380 0001390 0008377 0031617 0885520 0032214 0600138 0035820 1705810 0597177 1515655
 0025914 0025929 0026809 0003595 0523511 1412481 0150312 0449450 0003595 0178587 0205250 0359583 0443228 0523511 0549177 0597177 1299351 1412481 1704243 2700149 1705535 0220781 1883254 0003595 0523511 1412481 0332256 2700400
 0597177 0332256 2700400 0003595 0523511 1412481 0442805 1441672 0003062 0205250 0491816 1299351 2700149 0558058 1514873 0003595 0523511 1412481 0023820 0205148 0934502 1522408 1524062 1561599 0444669 1167518 1706352 1882467 3274653
 0449255 0542559 0332149 1705910 2362652 0470187 0003595 0523511 1412481 0439801 1549649 2349209 2612541 0014895
 0337051 1509144 2349200 1265611 0439801 3542948 0309872 0185117 0025936 0003069 0025914 0025929 0026809
 0947630 1514559 0023194 1416804 0023175 0181586 0439775 0702240 1442948 1522538 2348269 3275067 0086045 0019409 0025914 0025929 0026809 0032105 0150312 0449450 1550098 0449774
 0332256 2700400 0597177 0686907
 0085732 0034821 1149327 0597357 0021135 1533691 2827718 0025936 0003069 0025914 0025929 0026809 0023194 1416804 0442805 0332256 2700400 0597177 0086597 0011209 0559563 1705822 0023884 0736268 1278929 2346688 0441712 2349975 2248593 1159709 0005528 0008377 1317949 1555029 3495449 0003062
 1514559 0023194 1416804 0686907 0599779 0003062 3161035 0025914 0025929 0026809 0055538 1144465 0008387 0014898 0033684 0040671 1705822 1705242
 0392148 0055538 1144465 0008387 0014898 0033684 0040671 1705822 0205217 0442805 1152001 2612891 1151921 0205177 0439167 0441655 1561536 0023194 1416804 0008387 0014898 0750546 1274040 1546471 2349975 2825142 3146294 0678640 0023820 0221198 0243107 0332152 0522501 0678723 1522538 1527148 1546698 1706089 0004153
 0150312 0449450 0557651 2603343 1880022 0025936 0003069 0025914 0025929 0026809 0205132 1514559 0023194 1416804 0008380 0001390 0008377 0031617 0885520
 0947630 0023194 1416804 0008380 0001390 0008377 0031617 0885520 0443264 0439175 0439810 0086045 0019409
 1514559 0025914 0025929 0026809 0023175 0041405 0181586 0237881 0439775 0702240 0750502 1442948 1522538 1546944 1824670 2348269 3272447 3275067 1705535 0683150 0086045 0086418 1273518
 0947630 1514559 1511382 0025921 0025914 0025929 0026809 0683150 0025914 0025929 0026809 0032105 0086045 0178587 0205250 0442808 1274040 1299351 1446561 1546471 1550098 2700149 2825142 1545588
 0470187 1514559 0023194 1416804 0008380 0001390 0008377 0031617 0885520 0023636 0329040 0220825 1261322 2248593 1159709 0005528 0008377 1317949 1555029 3495449 0004153
 0039224 1706073 1706074 0086045 1446561 0023194 1416804 0205177 0439167 0441655 1561536 1706449 0039224 1706073 1706074 0025936 1278073 0023779 0023820 1278073 0023779 0023820 0086045 1152001 2612891 1151921 0441655 0041014 2603360 2825232 0025936 0043227 0449719 1521721 1709471 0027468
 0010186 0220812 0449719 1709471 0220808 0680264 0007961
 1706852 0522501 1706089 0949214
 0205155 1293097 1522472 1552923 1705191
 0282413 0376649 1442065 0027468 0018684 0021622 3245503 0018787 1281570 0024109 0819757 1278908 0021622 1272753 1253959 1881507 2700383 2826234 0019247
 2951520
 0031831 1707664 2348314 3540849

 0254343 0796520 3272379

 0085205 1549619 1880669
 0000723 1273517 0023194 1416804 0008380 0001390 0008377 0031617 0885520 0023194 1416804 0008380 0001390 0008377 0031617 0885520
 0023821 0023820 0178587 0205250 1299351 2700149
 0599209 0599209 0008565 0008550 0015663 0033684 0302908 0456962 1304698 1546699 1561501
 0023823 0023820 0178587 0205251 1299352 1550472
 0085201 0003592 0021966 0221138 0085201 0003592 0003591 0021966 0221138
 0085202 0085202 0052209 0003592 0003591
 0041405 1824670 3272447 0201950 0543421 0008377 0439175 0439810
 0008387 0014898 0008387 0014898
 0368909 0008377 0332296 1880497 1996904 0368909 0008377 0332296 1880497 1996904
 0031676 0202177 0031676
 0871208 1521828 2612541 0871208 1521828 2612541
 0340427 1413520 3539652 0342895 0016154 0015397 0012634 0015392 0016163 1280202 2349190 2700184
 0023195 0011155 0162429 1623416 0023195 0011155 0162429 1623416
 0582519 0582519
 0055538 1144465 0008387 0014898 0033684 0040671 1705822 0055538 1144465 0008387 0014898 0033684 0040671 1705822
 1514811 1706462 0597277 1708601
 0205090 0684010 2603358
 1527178 1874451 0019247 0012634 0439660 0722969 0205090 0684010 2603358 1423878
 0442532 1652689 0027976

 0025141 0331809

 0439267 0331809 0032105 1550098


 2347379

 0025141 0369718 0441922 1553036
 0032105 1550098
 0439267 0402217 0033727 0369286 0441932 0564385
 2347469 1708595 3280986 0005477 0560020 0439267 0369718 0441922 1553036 1825907 0005516 0016327 0439133 1553038
 0402217 0033727 0369286 0441932 0564385
 2347469 1708595 3280986
 1315013

 0025141 2603360 0597277 1708601
 0205090 0684010 2603358


 1315013

 0025141 2603360
 0005516 0439394 1706495 3642217
 0003850 0000857 0600678 1552863
 0597277 1708601 0369718 0441922 1553036 0033727 0369286 0441932 0564385 0033727 0369286 0441932 0564385 1825907 0005516 0016327 0439133 1553038 2603360 0439394 1706495 3642217 0402217 0033727 0369286 0441932 0564385
 2347469 1708595 3280986
 1315013

 0025141
 0331842
 2603360 0205090 0684010 2603358
 2347379
 0025141 0331809

 2347379
 0025141 0439267
 0205090 0684010 2603358 0331809
 0005477 0025141 0331809 0032105 1550098
 0005516
 0331809
 0005477 0025141 0023493 1961099
 0205090 0684010 2603358
 2347379
 0025141
 0678579 0005516
 0205090 0684010 2603358
 0439267 1979971


 2347961

 2827734 2981698 2827734 2981698 0439482 0439114 0033727 0369286 0441932 0564385 0597277 1708601
 0597277 1708601
 0000857 0600678 1552863
 0597277 1708601

 0033727 0369286 0441932 0564385 0005516


 0201682
 2603362
 0023150 0220866 0728724 1947938 1947939 2603362

 0205090 0684010 2603358
 0439267 0402217 0033727 0369286 0441932 0564385
 2347469 1708595 3280986

 2347379

 0025141 2347469 0016327 0439133 1553038 0280109 0453991 2584326 0013935 0025914 0025929 0026809 1305370 3538926
 0022877 3244292 0475311
 0016327 0439133 1553038 2603360 0009017 0009015 3538926 0022877 3244292 0475311

 0205090 0684010 2603358


 0005477 0025141 0560020 0439267 0032105 1550098 0369718 0441922 1553036

 0439394 1706495 3642217
 0402217 0033727 0369286 0441932 0564385
 2347469 1708595 3280986
 2347379
 0000857 0600678 1552863 0597277 1708601
 2603360 0597277 1708601
 0205090 0684010 2603358

 1315013
 0022877

 0025141

 0439394 1706495 3642217 0999213 0033727 0369286 0441932 0564385 1553033
 1315013

 0025141 0005516 0033727 0369286 0441932 0564385
 0205090 0684010 2603358 0205090 0684010 2603358
 2347379
 0033727 0369286 0441932 0564385 2603360 1418943

 0268596 2700624
 3642273

 2603362

 0000857 0600678 1552863 0597277 1708601 0331809 1553033 0205090 0684010 2603358 2347379 0028606
 0000857 0600678 1552863
 0033727 0369286 0441932 0564385

 0021966 0221138 2347469




 0201682
 0144237 0033727 0369286 0441932 0564385
 0228539 0228540 0262254 1020282
 0005516 0205090 0684010 2603358

 2347379
 0000857 0600678 1552863

 0205090 0684010 2603358
 0699798 2945637

 0597277 1708601 0369718 0441922 1553036
 1315013
 1417055
 0678579 0005516

 2347469 0439394 1706495 3642217
 2347469 0597277 1708601 0033727 0369286 0441932 0564385 0023493 1961099
 0205090 0684010 2603358 0369718 0441922 1553036
 1414400


 0000857 0600678 1552863 2603360 0062071 2603360 1553033 2603360 0033727 0369286 0441932 0564385 0022341


 0025141 0678579 0005516

 2347469 0439394 1706495 3642217
 2347469 1553033 0005516

 0205090 0684010 2603358
 0033727 0369286 0441932 0564385 0205090 0684010 2603358 0023493 1961099
 0205090 0684010 2603358 0349590 1262865 0025141

 0032105 1550098
 0439267 0016327 0439133 1553038 0439267 0004153 0025141 0439394 1706495 3642217
 0439394 1706495 3642217 0032105 1550098

 0025141 0032105 1550098
 0439267
 0016327 0439133 1553038 0005516
 0004153
 0033727 0369286 0441932 0564385



 0003850 0000857 0600678 1552863 0032105 1550098
 0439267
 0016327 0439133 1553038 0005516



 0325074
 0025141 2603360 0439394 1706495 3642217
 0439394 1706495 3642217 0016327 0439133 1553038 0032105 1550098
 0554210
 2347379
 0000857 0600678 1552863 0439267 0369718 0441922 1553036 0005516 0205090 0684010 2603358

 2347379

 0025141
 0032105 1550098 0005516
 0033727 0369286 0441932 0564385
 0005516 0205090 0684010 2603358 2347379 0028606
 0000857 0600678 1552863 2603362
 0597277 1708601
 0021966 0221138 1511325
 0439394 1706495 3642217 1418943

 0268596 2700624
 3642273

 2603362

 0000857 0600678 1552863 0205090 0684010 2603358 0597277 1708601
 0201682
 0025141 2603360
 0032105 1550098 0597277 1708601
 0205090 0684010 2603358 0017337
 0025141 2603360
 0439394 1706495 3642217 0205090 0684010 2603358


 0201682
 0023493 1961099
 0205090 0684010 2603358 0700321
 0005516 0205090 0684010 2603358


 0201682
 0025141 1553033 2603360
 0439394 1706495 3642217 0205090 0684010 2603358


 0201682
 0252873
 0005516 0205090 0684010 2603358
 0005516

 0439267 2603362
 0005516 0349590 1262865 0025141 0037455 0596070 0005477 0026376 0005532 1521991