 0037455 0596070 0005477 0026376 0005532 1521991
 0679199 0002518 0002520 2917660 0001128 0162326 0202406 0031715 1158886 1514873 0028959 0077716 0031727 0034036 0034037 1514756 1704324 0348078 0376315 1515981 1522492 1527075

 0013227 0025118 0036375 3272372
 1514811 1706462 0000857 0600678 1552863 0679199 0079866 3146302 1883351 0162326 0796494 1428707 3539671 0439851 1947931 0031715 1158886 0031727
 0332255 0443288 0486805 0450240 0007427 1332805 0007428 0017446 0205147 0796494 0560464 1883357 0023621 0751608 0872147
 0023621 0751608 0872147 0599566 0086022 0185117 0441587 0442335 1705099 1547699 2700640 0796494 1428707 3539671 0003316 0231448 1880641
 0007634 3282337 0348078 0376315 0699040 0205148 1334189 0065688 0065684 0024742 0031603 0031701 0205208 0205390 0302909 0597357 1378566 1601799 1707391 0003241 0021027
 0032136 0014834 0014833 0020202 1300517 0004793 0162326 0162327 1519249 0450240
 0017446 0205147 0441635 0150312 1883351 0185026 1880177 0185117 0205148 0031715 1158886
 0017446 0205147 0441635 0013879 0205396 0524637 1550043 1551388 1705248 0796494 1428707 3539671 0683607 0031715 1158886 0028959
 3161035 0007382 0001056 0031727 2584321 0028959 0449450
 1293116 1875307 1261552 1704379 1705117 2825408 1521840 0024369 0524637 0031727 0031727 1521761 0237876 1522138 0020289 2827734 2981698 0740116 2827735 2981700 1704675 0024742 0031715 1158886 1274040 1546471 2825142 1709915 1882936 0028959 0020289
 1709915 1882936 0023688 0205250 1299351 1510827 2700149 0243122 1145667 1167622 0020289 1334189 0065684 0597357 0065688 0018042 0150312 0449450 0040715 2987521 0439086 2827736 2981702 0012737 0020289 0022877 3244292 1524063 1709450 0007427 1332805 0007428 0030913 0077923 0391945 1868501 0597427 0013018 1527169 0003647 0085732 0392366 0031727 0079613 1710236 0007427 1332805 0007428 0030913 0077923 0391945 1868501 0205280 0027627 0175668 0205436 0205372 0678594 0439084 0728893 0007427 1332805 0007428 0205170 3146287 0031727 0348078 0376315 1522492 1518422
 0947630 0020792 0031727 0205396 0332461 0445403 0524637 0991556 1305400 1533128 1706366 1707974 1708698 0796494 1428707 3539671 0007427 1332805 0007428 0162326 0205225 0205431 0205448 0439631 0024337 0002520
 1709915 1882936 0205410 0524637 0733755 1334043 0030913 0077923 0391945 1868501 1441672 0392148 2349975 1158886 0031715
 0917903 0013879 1292711 0449719 1709471 2700400 1880389 1883221 3541951
 1441672 0392148 0007427 1332805 0108471 1824812 0007428 0008109 0567416 0796494 1428707 3539671 0205410 0683607 0031715 1158886 0796494 0028959 0332256 2700400 1880389 1883221 3541951 1710236 0020792 0205396 0796494 1428707 3539671 0007427 1332805 0007428 0031727 0524637 1880177 0162768 0008109 0033684 0205452 1516084 1524063 0205145 0443288 1882940 2827421 0162768 0033684 0332256 2700400 0205171 1720467 0017446 0205147 0205170 1518422 3146287 0453882 0441889 0449286 0542560 1561545 2348088
 1705535 0017446 0205147 2945843 0079411 0205145 0524637 1514873 1515974 2825164 3146294 0185026 1514873
 1883351 1517331 0013879 0031715 1158886 1880177 1883727 0449445 0231448 0439792 0439801 0185125 0205313 0947630 2347409
 1881534 0237753 0449788 0332128 2004054 1883351 0023621 0751608 0872147 0023621 0751608 0872147
 0441635 0030913 0077923 0391945 1868501 0028953 0450240 0679058 2700640 0560464 0679199 1883357 0205250 0680011 1299351 2700149 1514861 1882932
 0023621 0751608 0872147 0376702 0007634 0454802 3282337 0162768 0033684 0332462 1880834 1707391 0936012
 0449445 0683607 0002778 0936012 1524024 2827421 0332152 0947630 2826257 0220908 0439234
 0681814 0017446 0205147 0185026 1880177 0185117 0205148 0017446 0205147 0033414 0031715 1158886
 3161035 1441414 1553874 1578820 1883351 1551359 2741673 2981730 1274040 1546471 2825142
 0007600 0007634 0205132 1269647 1704653 1948049 0032136 0007634 3282337 0020204 0368815 0003241 0021027 0598079 1301820
 1413086 1424489 0032136
 0525049 0009013 1522642
 0041740 1527240 0005516 0002682 2945710 0002680 0017337 0237834 1514892 1554078
 0683939 0205099 0006037
 0007427 1332805 0007428 0006556 1552738 0033727 0369286 0441932 0564385 0699952 2936473 0242210 3546791 0024658 0033684 0243122 1145667 1167622 0014158 0070345 0016327 0439133 1553038 0061642 0012906 0014442 0014445 0443288 0027965 0014282 0205314 1301820 0006353 1273517 0014442 0014445 1999230
 0039213 0208356 0012854 0023689 0039421 0376558 1301820 0006353 0023690 1273517 1442989 2828392 0016055 0544357 1546885 0027976 0005767 0005768 0205099 0205314 0229664 1301820
 0024742 0011744 0439962 0331805 1301820
 1301820
 0021966 0221138 0683758 1301820
 0030351 1547566 1301820
 0012403 0038770 0038771 0851343 0220806 1301820 3272558
 3538743
 1334189 0065684 0140079 0597357 1334189 0140079 0597357 0443224 1998793 2827486 0023884 0736268 1278929 2346688 1552738 0332300 0597357 1185738 1510827 1706132 0439187 1881839 0146951 0133689 0242759
 0056230 0036681 0009630 0043194 0258432 0331955 1421478
 0007452 0015965 0229671 0521457 1140701 1546774 1550100 0007452 0229671 0230445 1140701 1305418 1546774 1550100 1301820 0042124
 0035168 0043194 0242481 0258432 0282116 1421478
 0060520 0124209 0206359 0026381 0182400 1301820 1521991
 0051979 0869011 0008848 0242298 0344349 3262831
 0034760 1522410 1882508 0470187 0869011 1719918 0325045
 0185125 0205208 0205390 0302909 1378566 1710269 1883254 0001962 0032931 0032932 1642401 1998793 2584299
 0162326 1273517 1883351 0205145 0443288 1882940 0450240 1273517 1883351 2827421 0023621 0751608 0872147 1881534 0470187
 0441513 0007427 1332805 0007428 3146294 0007427 1332805 0007428 0028630 0332255 0332256 1708096 2700400 0450240 1706210 0030956 0003250 0444930 0028630 0332255 0332256 1708096 2700400 0006556 0332255 1708096 0000925 1883724
 1514468 0028953 0450240 1706210 0004793 0162326 0162327 1519249
 0332255 1708096 0185117 0392366 0376702 0007634 3282337 0042789 1947903
 2827421 1883178 0185117
 2827421 0332256 2700400 0004793 0162326 0162327 1519249
 0030956
 0457406 1706053 1167322 2752508 1511625 1880389 1883221 3541951 0042789 1947903
 1334189 1622199 1149502 0021666 1334091 2697754 0140079 0597358 1149301 0024554 0025266 0037657 0086418 0243122 0597357 1145667 1167622 0025268 0003241 0021027 0025252 0162768 0033684
 1334189 0140079 0597357 1947931 0060520 0124209 0206359 1708632 0004457 0999597 1522496
 0003241 0021027 1704553 0051979 0004457 0018019 0025914 0025929 0026809 0031789 0205128 0442726 0999597 1265549 1510458 1511790 1522496
 0439165 0303920 0439148 1519795 0004457 0999597 1522496
 1547282 0007427 1332805 0007428 0030913 0077923 0391945 1868501 0030956 3538720 3540595 0004793 0007457 0043157 0162326 0162327 0220938 1519249 0005680 0027567 0085756 0439541 1519623 0017446 0205147 1167322 2752508


 1266240

 0017446 0205147 1707391 0002520 0007427 1332805 0007428
 0086047 0349966 1337208
 0205145 0007427 1332805 0006556 0007428 0878517 0332256 2700400 0796494 1428707 3539671 0205145 1515974 2825164 0028630 0079870 0079866 0205145 1515974 2825164 3146302 0439851 1947931 1882940 0205145 0443288 0230171 0439084 0728893
 0017446 0205147 0006556 0004793 0162326 0162327 1519249 1524063 0017446 0205147 0449416 1273517 1705919 1261552
 0017446 0205147 0205145 0449788 0017446 0205147 0349966 1337208
 0450240 0017446 0205147 0007427 1332805 0007428 1883254 1883351 0683607 0679199 0349966 1337208
 0028953 1292748 1519179 1854580 1539867 0011516 0205145 0683607 1706853 1879748 0004793 0162326 0162327 1519249
 1293116 1875307 0052545 0125690 0061472 0206293 0220839 3541260 1539867 0017797 0621304 0023401 0042285 0206293 3541260 1514873 0024501 0237519 1881693 0004793 0162326 0162327 1519249 0205144 1706311 0017446 0205147 0535233 0024337 0031453 0041484 0041485 1421250 0017446 0205147 0063994 0022192 0042285 0523728 0017446 0205147 0022192 0523728 0017446 0205147 1143796 0033382 2987124 0392747 0443172 1293116 1444656 1875307 1274040 1546471 0004793 0162326 0162327 1519249 0349966 1337208
 1706765 0796494 0079866 3146302
 0449788 0007427 1332805 0004793 0007428 0162326 0162327 1519249 0082529 1415344 1424650 1823841 0007427 1332805 0007428 2827734 2981698 1547282
 1709915 1882936 0205280
 1707156 3274014 3541345 1882932 1882940 0205145 0443288 0008109 0205197 0567416 1527428 0456387 1705943 0017446 0205147
 1882932 0205436 0456387 0457385 0565930 1561503 1705190 1705943 0017446 0205147 1527178 1705938 0450240 1882940 0205145 0443288 1515974 2825164
 1282913 1551714 1709915 1882936 0392747 0443172 1709915 1882936 1547282 1709915 1882936 0025664 0184661 1444656 1517586 2700391 1883351 0007427 1332805 0004793 0007428 0162326 0162327 1519249
 0439659 0522501 2945843 0205145 1515974 2825164 0796494 1428707 3539671
 1709915 1882936 0031727 0524637 1552738 1274040 1546471 2825142
 0441513
 0237753 0449788 0237753 0449788 0023690
 0450240 1444656
 1552961 2347617 1514468 1704444 1521827 0004793 0162326 0162327 1519249
 1882940 0205145 0443288 1883708 1273517 1883351 1521827 0332255 0486805 0332282 1261552 1273517
 0025252 0162768 0033684
 0036576 1515021 0185117 0033684
 0332490 0000925 1883724 0011516 0940895 0023690 0332149 1514468 1705910 2362652 1274040 1546471 0007427 1332805 0007428 0205195 1947911 0441635 1707491 0017446 0205147 0332196 2828389
 0004793 0162326 0162327 1519249 0032136 0023690 1514468 1704444 1948062 0032136 1998793 1521827 1709793
 1261552 1704379 1705117 2825408 0333052 0007427 1332805 0007428 0205195 0332149 1705910 1947911 2362652 0205163 0205430 0456603 1547037 1549782 3160715 0029421 0439164 1512019 1527178 1705938 0337051 0012906 0000925 0014442 0014445 0443288 1444656 1883724
 0332255 0486805 1883708 0023690 1273517 0349966 1337208
 0237753 0449788 1261552 1704379 1705117 2825408 0349966 1337208 1444656
 0237753 0449788 1261552 1704379 1705117 1709595 2349200 2825408 0205410 1301820 1706701 0439093 0443228 1704243 0600281 1524067 0205543 1691010 0162768 0008109 0033684 0205313 1883351 2347409 0600281 1524067 2827421 0017374 0017337 0449445 1883254 3146294 0205448 1552738 0023963 1527178 1705938 1706942 0205102 0439674
 0870982 0449913 1553451 1704459 1273517 1883351 2827421 1524063 2827734 2981698 0007427 1332805 0007428
 0449913 1553451 1704459 2827421 0439084 0728893
 2827421
 0237753 0449788 0560464 3146294 1514861 1882932 1282910 1552828 0205448 2827421
 2827421 0205280 2827421 1282910 1552828
 2827421 0079867 0034656 0079866 0439605 0450240 0679199 1706210 3146294 3146302 0600091 1510813
 1444656 2827421 0332256 2700400 0002520 0332287 0030956 0242611 0009221 1095825
 0333052 1444656 1550721 0030956 0457406 1706053 1167322 2752508 1183489 0017446 0205147
 0376702 0007634 3282337 0007452 0009458 0229671 0230445 0325564 0332287 0392747 0439536 1140701 1305418 1314677 1546774 1550100 1551720 1705217 3244283 2827734 2981698 0079240 1948037 1442455 0439228
 0007634 3282337 0012854 0024348 1536403 1979842 1998793 0444679 0032931 0032932 1642401 2584299 0032483 1524063 0025663 0449851 0871511 0011051 0040669 3642200 1300565 1637390 0012854 0439267 0439526 0884358 0035168 0242481 0017436 0546866 0009458 0162867 0205430 0439526 0445247 1254021 3160715 0332256 2700400 0011051 0046079 0086140 0007634 3282337
 0040669 1273517 0439267 0007294 0560175 1706209 3273162 0449468 0086045
 1139930 0036576
 0036576 0884358 1139930 3642200 1300565 1623737 1637390 3539687 0003250 0439267 0439526 1522408 1720830 1823521 0036774 0036773 0332283 0439294 0728877 1720830 1823521 0441648 1139930 0439526 1334189 0140079 0597357 0011740 1720830 1823521 0036774 0036773 0332283 0439294 0728877 1720830 1823521 0441648
 0007634 3282337 1534709 1881714 0700308 0033727 0369286 0441932 0564385 0036576 1273517 0033727 0369286 0441932 0564385
 0007634 3282337 0391871 1139930 1283071 0120742 0543134 0036140 0037494 0037633 0206136 0525069 0019215 2678549 1882074 0020283 0450407 0450408 0450409 0439269 1960952 2346927 0007452 0015965 0229671 0521457 1140701 1546774 1550100 0013618
 0007634 3282337 0009458 0162867 0445247 1254021 1548982 0013618 0036576 1139930 1439852 0005971 1139930 3537155 1166718 0005971 1139930 3537155 0009458 0162867 1254021 0702093
 1139930 0040223 1632851 0332256 2700400 0033684
 0012854 0945818 0439526 0521108 1883712 0013618 1540850 1881488 0020746 0332283 0439526 1883712 0378372 0037494 0369637 0439084 0441923 0728893 1959973 0175730 1547937 1561954 1704730 1638411 0205430 3160715 0020746 0205091 0439583 1552822 1955160 0439267 0439509 0179834
 1550101 0031428 0070570 0185115 3541890 0001962 0007294 0035711 0439267 0560175 1537998 1706209 3273162 1882443 1273517 1883351
 0007634 3282337 0001771 0005971 1139930 3537155
 0439158 1707927 0012854 1998793 0439158 1883043 1947931 0010453 0220814 0430400 0439227 2242979 0009458 0439536 1705217 3244283 0442805 0007584 0237753 0449788
 0036576 0205409 0205447 1548221 0332490 0205448 0012854 0036576 0040669 0205251 0332490 1299352 1550472 0206243 0699809 0152060 0439787 0849355 1306235 3496294 0032136 0370215 0175723 0439645 1521913 0015252 0728940 0001674
 1167624 1947902 2827499 0025938 0439267 0597357 1521827 1880310 2003864 1720119 1948037 0439526 1720830 1823521 0935616 0439148 1519795 1704753 1880519 1880310 2003864 0004600 0205095 0460009 1995000
 1511572 0205341 1720725 1720830 1823521 1948050 0086045 1446561 0056269 0013343 0243122 1145667 1167622 1260957 0597357 0060520 0124209 0206359 1708632 0456603 1547037 0439269 1960952 2346927 0439269 1960952 2346927 0597357 0700308 0033727 0369286 0441932 0564385 2348236 0005903 0039476 1547703 2678549 0020283 0450407 0450408 0450409
 1334189 0140079 0597357 0060520 0086972 0124209 0206359 0332296 0443299 0687118 1880497 1996904 1185738 1706132 0141992
 1334189 0140079 0597357 1300565 1720830 1823521 0036774 0036773 0728877 0001924 0007452 0229671 1140701 1546774 1550100
 0487602 1704680 0005971 0012854 0032136 0439267 1139930 3537155 0332293 0041236 1522326 0033727 0369286 0441932 0564385 1883708 0849355 1139930 0120742 0543134 0036140 0037494 0037633 0206136 0525069 0019215 0007452 0015965 0229671 0521457 1140701 1546774 1550100 0013618
 0007634 3282337 0439267 2986582 1334189 0140079 0597357 0006353
 0700308 0033727 0369286 0441932 0564385 0007634 3282337 1548982 0439267 0007634 1439852 3282337 0456693 1442458 0702093
 0007634 3282337 1548982 0936012 0331782 1524063 0013194 2700580
 1167624 1947902 2827499 0012854 0439267 0020498 0033727 0369286 0441932 0564385 0020498 1300565
 0033727 0369286 0441932 0564385 0934502 1548982 0009458 0325564 0392747 0439536 1551720 1705217 1720725 1948050 3244283 0017725
 0376702 0007634 3282337 0009458 0325564 0392747 0439526 0439536 1439852 1551720 1705217 3244283 0019215 0007452 0015965 0229671 0521457 1140701 1546774 1550100 0017725 0024742 1552961 2347617 0017725 1524062 0723457 0243144 0347980
 0009458 0162867 1254021 0033727 0369286 0441932 0564385 1524062 1512335 0020283 0450407 0450408 0450409 0037494 1959973 1140111 1419854 0849355 1883720 3244314 0332296 1880497 1996904 0024742 0011744
 2734073 0520510 1516695 1516698 0934502 1522408 1561599 1548982 0006353 0020923 0020924 0036082 1720725 1948050 0006353 0020923 0020924 0024348 0036082 1882074 0020283 0450407 0450408 0450409 0146951 0133689 0242759 0003641 0031493 0016327 0021973 0013618
 0456693 1442458 0702093 1881488 1516695 1516698 0439267 0179834 0702093
 0021069 0370003 2347026 0003241 0021027 0301871 0010511 1948027 1879547 0036681
 0231458 0003241 0021027 0991566 1881488 2346972 0370003 2347026 0991566 1548982 0040223 1632851 0020283 0450407 0450408 0450409 0037494 1959973 0146951 0133689 0242759 0013618 2945590 0439526 0003641 0041175 0077281 0814229 1720092 1948045 0020283 0450407 0450408 0450409
 0033684 0991566 0444499 0025402 0456692 0702093 1882955 0991566
 0002778 0936012 1524024 0206243 0699809 0025663 0025664 0392747 0439787 0449851 0849355 1442989 1554963 2828392 0033684 0332293 0014175 0033727 0369286 0439583 0441932 0564385 1427293 1522326
 0028959 0332257 1552866 2700399 0567416 0521108 0806140
 1883708 0332293 0439294 0033417 0439269 0439526 1522326 1960952 2346927 0061534 0017953 0028959 0002778 0936012 1524024 0028959 1524063 0056230 0036681 0009630 1883351 1709707 0014175 0033727 0369286 0391871 0441932 0564385 1283071 1427293
 0028959 0332293 1522326 0456693 1442458 0702093 0849355 1883720 3244314 1709915 1882936 0031603 0067762 0001128 0202406 0036087 1546769 1608524
 0370003 2347026 1883708 0008550 0074343 0936012 0441889 0449286 0542560 1561545 2348088 0370003 2347026 0074343 1185738 1706132 1708715 0041175 0077281 0814229 0036140 0006353 0028959 1516695 1516698
 0301870 1272724 0332256 2700400 0028959 0301870 1272724 0332256 2700400 0028959
 0520510 0332293 0033417 1522326 0061642 0061534 0056230 0009630 0036681 1708715 2924614 0041175 0006353 1264633 1516695 1516698 0814229 0028959 0301870 1272724 0332256 2700400 0028959 0028959
 0681814 0441889 0456079 1547707 2946261 0391871 1283071 0028959 0056230 0009630 0036681 2924614 0066399
 0520510 0150312 1883351 0014175 0033727 0369286 0391871 0441932 0520510 0564385 1283071 1427293 1707455
 1516084 1881534 1883351 0014175 0024742 0028959 0033727 0205250 0205432 0332325 0369286 0441932 0564385 1299351 1427293 2700149 2827757 0031715 1158886
 0031715 1158886 0444686 1441506 1443182 0014175 0028959 0033727 0369286 0391871 0441932 0521108 0564385 1283071 1427293 0205447 0332287 1882074 2825492 0740116 2827735 2981700 0028959
 0042295 1719797 2911648 2349182 0332256 2700400 1709915 1882936 1510992 2825518 0028959
 0456603 1547037 0205448 0031603 0031701 1601799 0008550 0074343 1511726 1947931 3245479
 0756096 1521827 1552738 0031727 0230764 0018042 0025255 0038636 0439182 0812409 1161331 0332283 0000901 0015252 0205227 0728940 0185115 0684295 0392148 0439187 1881839 0008553 0598730 0008550 0011050 0005507 0243073 1510438 0884358 0443286 1114821 0332256 2700400 0439148 1519795 1638407 0439269 1960952 2346927 0756096
 0011744 0033727 0369286 0441932 0564385 0443286 1114821 0600209 0013862 0071500 0596607 0370003 2347026 0071500 0017243 0071499 0392756 0936012 1382104
 0017243 0056270 0054051 0056269 1260957 2986582 0332152 0004400 2826257 0849355 1883720 3244314 0034553
 0017243 2986957 0023089 0180321 0458142 0936012 1023865 1706216 1706315 0596957 1883351 1265611 0175723 1265611 0348011
 1274040 1546471 2825142 0521093 0200634 0175723 0439851 0750484 1947931 0000925 0017243 1382104 1883724
 0441513 0039593 0392366 0348078 0376315 1522492 0007427 1332805 0007428 3146294 1883351 0683607 0007427 1332805 0007428 0008109 0699040 0007634 0205148 1269647 1704653 1948049
 0185117 0007603 0036576 0333118 1514468 2827421 0332281 0699040 0007634 1269647 1704653 1948049 0683607 0007634 3282337 0206243 2827421
 2827421 0332256 2700400 0079941 0004793 0009219 0162326 0162327 1519249 0332257 0457406 1706053 1517892 1704666 1167322 2752508 1511625 0010834 0039259 0521449 0450240 1706210 1547699 2700640 0006558 0030956 0086661 0003250 0003241 0021027 0746619
 0007427 1332805 0007428 0333052 0205250 0699040 0007634 0205148 1269647 1704653 1948049 0007634 3282337 0031789 0243122 1145667 1167622 1522485 1708632 0016263 0806140 0814048 0349966 1337208 2347469
 0019409 1521970
 0243122 1145667 1167622 1334189 0140079 0597357 1547282 0699040 0376702 0007634 0205148 0454802 3282337 1149502 1622199 1149301 0597358 0243122 1145667 1167622 0376702 0007634 0442726 0454802 1511790 3282337 2827421
 1518422 2963144 0348078 0376315 1522492 0024369 1521840
 0681841 1334189 0065684 0597357 0065688 0678226 1705188 3244092 0185117 0205250 0441889 0456079 0522534 1299351 1547707 2700149 2827421 2946261 3146286
 0872129 0567416 0034850 1705822 0597357 0007586 1155839 1511572 0024369 1521840
 0002778 0936012 1524024 0031727 1514873 0036576 0796494 1428707 3539671 0031715 0441889 0456079 1158886 1547707 1880177 2946261
 0162326 1883708 0439178 0796494 1428707 1446409 1514241 2825490 2827421 3539671 0162326 0031715 1158886 1514873
 0008109 1262946 1318484 0796494 1428707 3539671 0796494 1428707 3539671 0007066 0002520 0450366
 2827421 1868112 0205170 1881878 3146287 0003459 0029045 0034650 1527389 1518422 1145667 1167622 1334189 0140079 0597357 0376702 0007634 0454802 3282337 0185117 0205148 0450366 0348078 0376315 1522492 0205171 1720467 0444499 1518422 1547282
 0004793 0162326 0162327 1519249 1709915 1882936 0441889 0456079 1547707 2946261 0205103 1550465 2827755 0349966 1337208 0450363 2986797
 0162326 0332256 2700400 0419518 0445022 1709915 1882936 0031715 0442799 1158886 1514873 0392148 0419518 0445022 0205171 0439044 0679994 1518422 0031715 1158886 1274040 1546471 2825142 1883357 1274040 1546471 2825142 1547282 0007427 1332805 0796494 1428707 3539671 0419518 0445022 1709915 1882936 0332256 2700400 1533716 0031727 1883357 0017446 0205147 1883351 0031715 1158886
 2827421 1707391 1883351 1272684 1548601 0023621 0751608 0872147 0332256 2700400 0002518 0004793 0162326 0162327 1519249 0002518 0004793 0162326 0162327 1519249
 0017446 0205147 0008109 0023621 0751608 0872147 1551058 1709915 1882936 0002520 2917660 0001128 0202406
 0184661 1948041 2700391 3274430 3538935 3539779 0376702 0007634 0454802 3282337 0567416
 0376702 0007634 3282337 0683607 1883351 0231441 1139930 0332256 2700400 1334189 0140079 0597357
 0007634 3282337 0441648 0720654 1516695 1516698 0007634 0334154 3282337 0024554 0025266 0086418
 0349966 1337208 1547282 0007634 3282337 0441833 1999270 3537156 0441833 1999270 3537156 0016327 0439133 1553038 0025663 0449851 0871511 1707391 1444656 0205197 0333668 1264633 1554103
 0007634 3282337 0086706 0021966 0221138 0439267 0439092 0547044 0332297 1145667 1167622 1689898 2349209 0231174 0680095 1444656 0849355 1883720 3244314 0439178 0007634 3282337 0007634 3282337 0439394 1706495 3642217 1518422 1145667 1167622
 0205419 1314939 0231441 1314972 0003250 0683607 0162768 0025252 0038164 0033684 0031715 1158886 1518422 1547282
 0336791 2827396 0023621 0751608 0872147 0185117 0205148 0220908 1305399 1705053 0185026 0441889 0449286 0542560 1561545 2348088
 0036576 0567416 1334189 0021666 1334091 2697754 0140079 0024554 0025266 0037657 0086418 0597357 1522408 0025268
 0007634 3282337 0003250 2986582 0051979 1708517 0036576 1139930
 0036576 0370003 2347026 1534709 1881714 0032659 1257890
 1883708 1139930 0439187 1881839
 0439165 1947971 0439092 2348686 0016315 0439148 0547044 1519795
 0441833 1999270 3537156
 0441833 1999270 3537156 0016327 0439133 1553038
 0086706 0021966 0221138 0439267

 0441513 1547706 1999269 0796494 1428707 3539671 0349966 1337208
 1184743 1522240 1301732 1524063 0449381
 2827734 2981698 0450240 1706210 0205117 0332282 1883708 0017446 0205147 0424215 2003939 2348205
 0740116 2827735 2981700 0450240 1706210 1711300 2700613 0017446 0205147 0332256 2700400 0013879 1705241 1705242
 0439086 2827736 2981702 1706853 1879748 0439093 0443228 1704243 0534010 0023690 0205447 1261552 1704379 1705117 2825408
 0332490 0450240 0441635 0162326 0917792 0012854 1553778 1561491 0681850 1550501 1706203 2349001 2697811 1948062 1273517 1883351 0332255 0443288 0486805
 0449445 0683607 0079411 3146294 1711300 2700613 0682967 0002520 0001128 0349966 1337208
 0237753 0449788 0332255 0486805 1514873 1883351 0683607 0349966 1337208
 0392747 0443172 0392747 0443172 0392747 0443172 0392747 0443172 0025664 0184661 1517586 2700391
 1709915 1882936 0332255 0443288 0486805 1292748 0679199 0349966 1337208
 2827421 1707689 2983265 1883351 0332256 2700400 0017446 0205147 1457900 0033204 0007427 1332805 0007428 2987476
 0679199 2827421
 0332490 0205195 1947911 0017446 0205147 0009013 0004793 0162326 0162327 1519249 1947931
 0237753 0449788 1261552 0205410 0453882 1261552 1704379 1705117 2825408 0023621 0560464 0751608 0872147 1293116 1875307 1274040 1546471 2825142 0185117 0376702 0007634 3282337
 0023621 0751608 0872147 3146294 0012854 0376702 0007634 0040669 0454802 1269647 1273517 1704653 1948049
 0332306 0439158 1516048 0205265 0407295 1279901 1555582 1705685 1707391
 1553778 1561491 0443211 1272684 0017446 0205147 0587267 1882932 0456603 1547037 0007427 1332805 0017446 0205147 0007427 1332805 0007428
 0037088 0243095 2825141 0020202 1300517 0007427 1332805 0007428 1710082 0004793 0162326 0162327 1519249 1705535 0441471 3541888 0023621 0079411 0751608 0872147 1709305 3146294
 0243122 1145667 1167622 1334189 0140079 1514760 0597357 0027361 0032136 0237401 1547282 0032136 0679058 2700640 0162768 0033684 0699040 0007634 0205148 1269647 1704653 1948049 0439792 0440102 1511726 3245479 1518422 1547282
 1444656 0023621 0751608 0872147 0043194 0205410 0205411 0258432 1421478 2827421 2827421 0150312 0449450
 0376702 0007634 3282337 0016318 0079603 0936012 0003241 0021027 0007634 0205392 3282337 3540770 0185117 0205148 1547282 0487602 1704680 0014239 1705535 0453882 0162768 0008109 0033684 1274040 1546471 2825142 0205170 0231175 0332462 1880834 3146287 0337094 1550550 1185625 2986730 1511726 3245479 1518422 1547282
 0036576 0036576 0332490 1139930 1273517 1883351 0002778 0936012 1517331 1524024 1707391
 0332490 0086045 1446561 0439267 0040669 1273517 0683607 0023632 0038951 0376702 0007634 3282337
 0205436 0457385 0565930 1561503 1705190 0332490 1273517 0086045 0237753 0449788 0007634 1269647 1704653 1948049 1292748 2827734 2981698 0332490 0032136 0000925 1883724 0456389 1707391 1883351 1515187 0205171 1720467 0456389 1514721 2348147 3542016 1883351 0205197 0032136 1720119 1948037 0012634 0348080 1705253 0014834 1510411
 0036576 0456389 0439158 0032136 0679058 2700640 2827421 0521093 0243122 0750484 1145667 1167622 1511726 3245479 1518422 1547282
 0036576 0032136 0439064 0747726 0332490 1883351 0441994 1548802 2003888 1514798 0026385 0332268 0441587 1743766 1883719
 1553778 1561491 1707391 2827421 2827421 0443289
 0332148 0750492 0012727 0205419 1705236 0332282 0036576 0678226 0185026 1551058 3146286 1518422 0017446 0205147 2963144 0441635 1707391 0441635 1707391
 0359583 0456148 0549184 0017446 0205147 0036536 0036537 1514873 1749467 1948047 2827421
 0332149 1705910 2362652 0079809 0242485 0441889 0332268 0017446 0205147 1883351 1880177 0524637 0567416 0042789 1947903
 1707478 1158886 0031715 1334189 0140079 0597357 0036576 1280519 1704419 0567416 0441889 0031715 1158886
 0002778 0392762 0936012 1524024 0333052 0884358 1749467 1948047 1707391 0002778 0936012 1524024 0456205 1552853 0441635
 2827421 1547699 2700640 0033684 0002778 0205088 0936012 1273517 1524024 1546485 0683607 1707455
 0002778 0936012 1524024 0162768 0033684 1327616 0376702 0007634 3282337 0002055 0178499 1880279 0444706 3541902
 0567416 0301871 0028959 0031715 0441889 0456079 0936012 1158886 1547707 2946261 0008564 0687342 0022013 0008550 0022023 0678640 1700702 0074343 1552738 2827421 0036576 1301820 0017446 0205147 0205171 1720467
 2827421 2349970 0205171 0439044 0679994 3146294
 2827421 2349970 0679058 2700640 0162768 0033684 0205170 3146287 0376702 0007634 0454802 1327616 3282337 0679058 2700640 0033684 1518422 1881707
 0017446 0205147 1518422 0185117 0007427 1332805 0007428 1441672 0017446 0205147 0185117 0205148 0332256 2700400 0007427 1332805 0007428 0017446 0205147 1551359 2741673 2981730
 0002518 0162326 1547282 0442805 1883712 0237753 0449788 0017446 0205147 0349966 1337208 1707455
 0205195 1947911 1274040 1546471 2825142 0031715 1158886 0031715 1158886 1264633 0028959 1515981 1554103 0031603 1881534 0332257 0441635 2827734 2981698 0439084 0728893 0453882 1705242
 1708698 1883351 0028959 0007427 1332805 0007428 0796494 1428707 1512693 1527178 1705242 1705938 3539671 0308313
 0026882 0205447 2945843 0017982 0205145 0376322 1292748 0079867 0079866 3146302 0332256 2700400 0007427 1332805 0007428 0441635 1547282 0031715 1158886 0733755 0031715 1158886 0733755 0349966 1337208
 0349966 1337208 1547282 1274040 1546471 2825142 1301820 0332256 2700400 0028959
 0439792 0456603 1547037 0332256 2700400 0031603 0031701 1601799 0445247 0332256 2700400 0028959 0332256 2700400 0028959
 1274040 1546471 2825142 1301820 0007427 1332805 0007428 0441635 1515981 0007427 1332805 0007428 0441635
 1979874 0017446 0205147 0441635 0439084 0728893 1547282 0031715 1158886 0349966 1337208
 0017446 0205147 0439084 0728893 0150312 0449450 1518422 0700364 1883351 0332256 2700400 1521761
 1316572 1317574 1369612 0037088 0243095 2825141 0522498 1706701 0031603 1514756 0031603
 1158886 0031715 0336789 0007427 1332805 0007428 0017446 0205147 1709915 1882936 0796494 1428707 3539671 0007427 1332805 0007428
 0376702 0007634 3282337 0162768 0033684 1704689 0028959 1708632 0024742 0011744 1522485 1708632 0162768 0033684 0009458 0162867 0205409 1254021 1548221
 0028959 0936012 1883351 0439165 1549488 1561533 0031715 1158886 0456603 1547037 0205448 0031603 0031701 1601799 0740116 2827735 2981700 2827734 2981698
 0162768 0033684 0040223 0205449 0936012 1632851 0871420 1442989 2828392 0012727 0205419 1705236 1442162 1550718 3244317
 0520511 1704711 0028959 0162768 0033684
 0162768 1705285 1883351 1880274 0205447 0017982 0205145 0376322
 0162768 0033684 0205171 1720467 0205171 1720467 0031715 0439165 0936012 1158886 1552738 2729544 0349966 1337208
 1158886 0031715 0028959 1515051 0332849
 1441506 0884358 1524063 1158886 0031715 0205447 0028959 1708632 0740116 2827735 2981700
 0441833 1999270 3537156 1704689 0205171 1720467 1882348 0150312 0005507 0243073 1510438 0031715 1158886 1947931 0022885 0039593 0392366 1512571 0007427 1332805 0007428 0017446 0205147 0439084 0728893 0028959 0031715 1158886 1514873 0349966 1337208
 1707520 0392148 0007427 1332805 0007428 0439084 0728893 0443211 1272684
 0017446 0205147 0332256 2700400 0033684 0017446 0205147 0002520 0449432 1705248 0332256 2700400 0185027 1948020 0449719
 0007427 1332805 0007428 0205250 0359583 3274651 0441635 0205224 0332268 0017446 0205147 0332268 0017446 0205147 0205170 3146287
 0031715 1158886 0162768 0033684 0336789 0007427 1332805 0007428 0017446 0205147 1709915 1882936 0796494 1428707 3539671 0007427 1332805 0007428
 0162768 0033684 1704689 0205171 1720467 0376702 0007634 0454802 3282337 0031715 1158886 0936012 1444656 2729544 0349966 1337208
 1709707 0031603 0332269 1185738 1706132 0750563
 0868928 1533148 0681814 1706386 0884358 0205449 0040223 1632851 0871420 0012727 0205419 1442989 1705236 2828392 0684224 0700287 3496591
 0868928 1533148 0031715 1158886 1510992 2825518
 0936012 0040223 1632851 2003902
 0079870 2945843 0079866 0205145 1515974 2825164 3146302 0439851 1947931 0237753 0449788 0017446 0205147 0439084 0728893 0001898 1705285 2827421 0392366 1280500 0031715 1158886
 0349966 1337208 1547282 0026882 1705285 0024337 0024337 0019602 0038925 1412323 1412362 1710425 3282898 0031715 1158886 0439086 2827736 2981702
 0392747 0443172 1517945 0205177 0439167 0441655 1561536 0439836 0392756 0547047 0728938 1550516 1274040 1546471 2825142 0031715 1158886 0026882 1705285 1707455
 0079870 0079866 0205145 1515974 2825164 3146302 0439851 1947931 1709915 1882936 0031715 1158886 1514873
 0031715 1158886 0332256 2700400 0205171 1720467 2729544 0349966 1337208
 0871420 1442989 2828392 0012727 0205419 1705236 1527178 1705938 1148554 0348078 0376315 1522492
 0026882 1705285 0702172 1301751 1280500 2348382
 1709915 1882936 0205144 1706311 0017446 0205147 1518422 0700364 1883351 0035820 1705810
 0054970 1846989 3539699 0082529 1415344 1424650 1823841 0024337 0450388 0206293 3541260 0392747 0443172 0001898 1301751 1280500 2348382
 1158886 0031715 0031727 0443211 1705241 1705242 2827421 0678226 3146286 1704675 0031727 1518422 1274040 1546471 2825142 0871208 1521828 0005528 1317949 3495449 0162768 0033684 0018042 0392366 0439064 0443302 0085732 1710236 0031727 1882726 1515653 0021135 1533691 2827718 0005507 0243073 1510438
 1265611 0007427 1332805 0007428 0441635 2827734 2981698 0439084 0728893 0007427 1332805 0007428 0441635 1704689 0205171 1720467 0596751 0003250 0003255 0008551 0003242 0003241 0008550 0021027 0746619 1510827 1998793 0012634 0348080 1705253 0024501 0392148
 2827421 0205088 0231448 0596260 1705314 1705315 0037640 0333118 0686907 2827421 0332256 2700400 1709707 1709915 1882936 1710236
 1979874 1327616 0567416 0332256 2700400 0439962 0028959 1710236
 0349966 1337208 1547282 0871208 1521828 2348668 0560020 0439267 0332462 1880834 0439093 0443228 1704243 0028959 2348668 0560020 0439267 0041119
 1707455 0031715 1158886 0332256 2700400 0332256 2700400 0205171 1720467
 0750489 0028959 0332272 0733755
 1274040 1546471 2825142 0332290 0205195 1947911 0439084 0728893 0439851 1947931 0031715 1158886 0031727
 1158886 0031715 0376702 0007634 0454802 1998793 3282337
 0756096 0028959 0205171 1720467 0025664 0184661 1517586 1552738 2700391




 0557061 2584313 1511726 3245479 0030351 0449450 1547566 0796494 1428707 3539671 0332256 2700400 0332307 0031715 1158886
 0456387 1705943 0033414 0242656 0449258 0237519 1881693 0796494 0078989 2717969 0030946 1947941 0162847 0185026
 0036849 1442518 1705195 0449719 0005516 1280500 2348382 0733755
 0205195 1947911 0796494 1428707 3539671 0013879 0205195 0524637 0596260 0796494 1428707 1705248 3539671 0150312 1883351 0028959 0031715 1158886 1514873 0733755
 2827421 1708698 2607943 2926606 3539655 0079866 0205314 0679199 0679622 1301820 3146302 0079866 3146302 0332255 0443288 1708096 0450240 0007427 1332805 0007428 0017446 0205147 0796494 0560464 1883357 0023621 0751608 0872147
 0033213 0079866 3146302 1274040 0079411 3146294 0205170 0332462 1880834 3146287 3244092 0185117 0205250 0441889 0456079 1299351 1527178 1547707 1705938 2700149 2946261 0699040 0205148
 0019409 0376702 0007634 3282337 0205177 0439167 0441655 1561536 0031715 1158886 0309872 1524063 2827421 1521761 0013879 0086597 0127400 0524637 0796494 1428707 3539671
 0002778 0936012 1524024 0683607 1514893 1706463 2699488 0031715 1158886 1514873 0017446 0205147 0185026 0442799 1514873
 0449445 1272703 0032064 0449445 1292724 1514893 1706463 2699488 1882365 1521761 1314939 0017446 0205147 0332302 0162847 0033684 0185026 1883357
 0220908 0220909 1698960 1710031 1710477 0185117 0376702 0007634 3282337 0036576 0003241 0021027 2827421 0162768 0008109 0033684 0359583 0392752 0699040 0007634 0205148 1269647 1704653 1948049
 1553778 1561491 0205396 1550043 1551388 0017446 0205147 0441635 0185117 0441635 0796494 1428707 3539671 0002518 0004793 0162326 0162327 1519249
 0078989 2717969 0030940 0030946 1947941 0033684 0796494 0039869 1883351 0231517 0004927 2707008 0243122 1145667 1167622 1710236 0243077 0450348 1704675 0439801 3542948
 0441635 1292711 0449719 1709471 0549178 0796494 0017446 0205147 0332158 0337611 1705415 1704972 1704973 0007427 1332805 0007428 1880177 0008109 0936012
 1514873 0332158 0337611 1705415 0441635 0007427 1332805 0007428 0017446 0085732 0205147 1551359 2741673 2981730 1546466 1881534 2827421 0870509 1880554
 0441635 1282927 1806781 2350002 1704972 1704973 0600140 0332158 0449719 0205360 2347098 0332158 0337611 1705415 0017446 0205147 0796494 1428707 3539671 0541749 1709743 0332158 0337611 1705415 2349187
 0205360 2347098 0937925 0002520 0001128 1880177 0449719 0185023 1947904 1999228 0442504 1704765 1882509 3496241 0080194 0456178 1518614 2987481
 0020792 0205396 0031715 1158886 1514873 0518609 0000901 0031727
 0453882 0441635 0017446 0205147 0237881 0442805 0750502 1546944 1274040 1546471 2825142 0031715 1158886 0031603 0031701 0444868 1601799 3539085 1524062 0162768 0242972 0748025 1158886 0008109 0031715 0033684 0205251 1299352 1527178 1550472 1705938 1704689 0205171 1720467
 0332149 1705910 2362652 1280500 2348382 0205360 2347098 0162768 0033684 0449450 0031715 1158886 1274040 1546471 2349975 2825142
 0441833 1999270 3537156 0007427 1332805 0007428 0441635 0332287 0162326 0392366 1515021 0332256 2700400 0017446 0205147 0007427 1332805 0007428 0439084 0728893 0150312 1883351 0031715 1158886 0332268 0205447 0238767 1706086 0441635
 0013879 0150312 0449450 0150312 0332285 0441635 1874187 0002520 0001128 0441635 0449432 1705248 0205195 1947911 0013879 1705248 1883351 0439851 1947931 0031727
 1316572 1317574 1369612 2827421 0333118 0031715 1158886 0150312 0449450 2986411 1518422 0700364 1883351 0031715 0680864 1158886 1709305 2745955
 1705313 0031715 1158886 0332291 0031715 0085862 1158886 1299583 0028959
 0007427 1332805 0007428 0004793 0162326 0162327 0596260 0796494 1428707 1519249 3539671 0205224 0035139 0559956 1555302 0004793 0162326 0162327 1519249 1518422 0085732 0332462 1880834 1327616 0031715 1158886 0348078 0376315 1522492
 0007427 1332805 0007428 0441635 2827734 2981698 0439084 0728893 0024337 0150312 1883351
 0678594 0007427 1332805 0024337 0205681 0001128 0205145 0205177 0427184 0700114 1515974 2825164 0004015 1705535 1709915 1882936 0079613 1280500 2348382 1518422 0470187 0031727 0439084 0728893 0026882 0332462 1705285 1880834 2827421 0085732 1527178 1705938 0036681 0070329 1145667 1167622 1518422 1547282
 0018563 1281583 1552914 0332157 0037638 0444626 0427896 0678594 1533132 1704641 0681842 1882327 1883351 0332157 0037638 3161035 0072034 0030913 0077923 0391945 1527178 1705938 1868501 0444626 0427896 0678594 1533132 1704641
 1709915 1882936 0031715 0033414 1158886 1314939
 0442824 0017446 0205147 0587267 1947931 0024337 0026882 1705285 1705535 1709915 1882936 1883351 0026377 0205369 0449450 1552740 0019602 1412323
 0020792 0205396 0679646 2698741 0031715 1158886 0028959 0543488 1301808 1442792 3148680 0020283 0392747 0443172 0450407 0450408 0450409 1514721 1705241 2348147 3542016 0014436 0391845 0014442 0521450 0545082 1512346 1709634 1947978 2828360 1159342 1704259 1705987
 0020283 0450407 0450408 0450409 0332256 2700400 0031727 1518422 0205309 0871010 1138565 0439182 0812409 2987476 1882074 2825492 0018042 0001128
 0003765 1550539 1553396 1554078 0019602 0332148 0750492 0348078 0376315 1522492 0348078 0376315 1522492 0348078 0376315 1522492 1522821 2987513 0309049
 0441712 1706376 0017446 0205147 0439851 1947931 0031715 1158886 0419518 0443203 0445022 0796494 1428707 3539671 1522634
 3161035 0376649 1442065 1522634 1549676 0237753 0302523 0449788 0700325 1551359 2741673 2981730 3244290
 0205435 1279901 1521761 1518422 0031843 0542341 0700205 1705273 0013879 0419518 0445022 0596260 0796494 1428707 1705248 3539671 1512977 0007634 0024660 3282337
 0013879 1705248 0018563 1281583 1552914 0700364 1883351 0031843 0542341 0700205 1705273 0150103 0332290 0796494 1428707 1524057 1708943 3539671 1999230 0026377
 0205171 1720467 1514756 0031603 0031701 1601799 1705535 1705241 1705242 0031727 1707455 1514756 0031603 0567416 3161035 0085732 0205148 0796494 1428707 1551359 2741673 2981730 3539671 1521761 0439851 1947931 0031727 0028959 0031715 0033213 0185125 0205246 0439064 1158886 1553889 0031727
 3161035 1553387 1948035 0332158 0337611 1705415 0419518 0445022 0013879 0079613 0205447 0205449 2827734 2981698 1947931 0332158 0337611 1705415 0031727 3161035
 0740116 2827735 2981700 1947931 0332158 0337611 1705415 0031727 0391845 0014442 0205171 0521450 1720467 0031727 1880165 1704675 0419518 0445022 3161035
 0439086 2827736 2981702 0029266 1704322 1704972 3539923 1704322 1883351 0683607 0589360 0444454 1554204 3161035
 0868928 1706255 1706256 0332158 0337611 1705415 0086597 0127400 0013879 0596260 0796494 1428707 3539671
 3161035 1553387 1948035 1521761 1947931 0243122 1145667 1167622 1314939 0031727 0302523 0700325 1521721 1964257 0003459 0013879 0029045 0034650 1527389 0796494 1428707 3539671 0007427 1332805 0007428 0013879 0031843 0542341 0700205 1705273 0796494 1428707 3539671 0439851 1947931 0031715 1158886 1274040 1546471 2825142 1705535 0392148 0031727 0796494 1428707 3539671
 0392360 0013879 0205224 1512977 0007634 3282337 1518422 2963144
 3161035 0031727 0332158 0337611 1705415 0391845 0014442 0442805 1510996 0221103 0301625 0439181 0728721 0086168
 1883351 0302523 0700325 1551359 2741673 2981730 3244290 0243122 1145667 1167622 0029266 1274040 1546471 1704322 1704972 1705242 2825142 3539923 1707455 0332158 0337611 1705415 1514873 1883351 0683607 0031715 1158886
 0178566 0031727 0549177 0332158 0337611 1705415 0238767 0441987 0332120 0031727 0033684 3161035 0567416 0031727 0597357 0205148 0332158 0337611 1705415 0205148 0205146 0332158 0337611 1705415 1510827 3161035 0178566 1527178 1705938 1882365 1555715 1704332 0005456 0682969 0567416 1522508 1561567 3161035 1705535 0542341 0005456 0682969 0205145 0243122 1145667 1167622 1515974 2825164 0031715 0031727 0332297 0683607 1145667 1158886 1167622 1555715 1689898 1704332 2349209
 0007427 1332805 0007428 0445237 0012222 1696141 0033204 0031715 1158886
 0449911 1704675 0442805 1373174 0086045 1446561 1552961 2347617 0031843 0542341 0700205 1705273
 0332197 1689985 0205145 1515974 2825164 1709305 1868112 2745955 2827421 0086045 1446561 1555715 1704332 1518422 1709305 2745955 0031715 1158886 1518422 1709305 2745955
 1552961 2347617 0243122 1145667 1167622 0679138 0031727 0150305 0733755 1561964 1514873 1883351 0032594 1518422 1707494 0031727 1883351 0427184 0700114 1707511 2752541 0205145
 3161035 1521761 1518422 0332158 0337611 1705415 0031727 0243122 1145667 1167622 0733755 0444454 1554204 2698651 0205681 0600499 0007382 0205145 1515974 2825164 0031727 0005516 0332297 0524637 0596260 0796494 1145667 1167622 1428707 1689898 2349209 3539671
 0028959 0598782 0205406 0205145 1515974 2825164 2825961 0311403 3463820 0028959 1253959 1881507 2700383 2826234 0439801 3542948 1522666 0014436 2349975 0237506
 0007427 0444626 1332805 0007428 0205286 0427896 0678594 1533132 1704641 1705176 1705178
 1705535 0031603 0031701 1601799 0024337 0427184 0700114 1707511 0439084 0728893 1253959 1881507 2700383 2826234 2584321 0024337 1705535 0231448 0231449 0439792 1883351 2584321
 0038925 1412362 0919386 1518422 1705483 0003995 0596012 2584321 0024337 0026377 0392747 0443172 1705241 0010813 0596311 1330957 0031715 1158886
 0017446 0205147 0205396 1550043 1551388 0596788 3244231 0043227 1704675 0031727 1704675 0449604 0205145 0524637 0183683 1521721 0018017 1571704 0007427 1332805 0007428 2985777 0237753 0449788 0442799 1514873 1521840
 0033095 0460139 1306345 0028959 0332256 2700400 0332148 0750492 0024554 0025266 0086418 0205448 0349590 0597357 1262865 1457900 0332256 2700400 0005456 0205145 0205251 0243122 1145667 1167622 1299352 1510827 1550472 0683607 0243122 1145667 1167622 0439086 2827736 2981702 0243122 1145667 1167622 2349975 0013682 0024369
 0007427 1332805 0007428 0218063
 0206243 0699809 0031603 1999230 0237506 0023688 0205195 1947911 0031603 0031701 1601799 0449738 0796494 1428707 3146294 3539671 1521761 0030351 1547566 1704788 3539106 0359589 1999230 0237506 0175668 1521840
 2825232 1261322 1552578 0449719 1521721 1709471 0041734 0699943 0018747 0034019 0041703 3244304 0683314 0018173 0018684 0557854 1301808 1548284 2825316 3245478 0166872 0027468 0035172 0004446 0018684 0021622 0035168 0242481 0546866 1515981 3245503
 0010186 0220812 0449719 1709471 0220808 0680264 0007961
 1706852 0522501 1706089 0949214
 0205155 1293097 1522472 1552923 1705191

 0376649 1442065 0030664 0205469 0677042 0019994 1510665
 0036375 3272372
 3538743
 0402112
 0376649 1442065 0006754 0041740 3146274 0036375 0036152 1826357
 0282413 0376649 1442065 0013227 0025118 0036375 0179400 1533124
 0108844 3272372
 3538743
 0085205 1549619 1880669
 0000723 1273517 0031727 0077716 0031727
 0007427 1332805 0007428
 0021666 1334091 2697754 0037657 0021666 1334091 0037657 1753359 0306438 0018284 0033706 0200396 1414504 0018270 0021641 0220844 1521761 1533581 1579433 1621966 2827422 2911660
 0060520 0124209 0206359 0060520 0124209 0206359
 0003250 0003250 0003241 0021027 0746619
 0162768 0033684
 1720830 1823521 0991865 0006353 0031603 0031701 0036082 1601799
 0033727 0369286 0441932 0564385 0014175 1427293 0033727 0369286 0441932 0564385 0699917
 0014239 0035295 0598268
 0439267
 0369637 0441923
 0086792 0009452
 2986676 1547538 0220781 1883254 0028953
 2986676 0108263 0150600
 2986676 0743223 1705555 1709915 1882936 0007427 1332805 0007428 0444626 0427896 0678594 1533132 1704641
 2986676 0043227 0023688
 0597277 1708601

 2347961

 0450382 0025141 0021966 0221138

 2347961

 0439084 0728893 2603362

 2347961

 0025141 2603360
 0369773 2603361
 0439394 1706495 3642217 2603362
 0007634 1269647 1704653 1948049 0025141 0369773 2603361 0369637 0441923

 0000857 0600678 1552863
 0439267 2603362



 0325074
 2827734 2981698 0025141 2603360
 0108263
 2347469 2603362


 0201682
 0108263
 2347469 2603360
 2603362


 0201682

 0007634 0450348 1269647 1704653 1948049 0025141 0439267
 0021966 0221138 1551458
 0369637 0441923
 0027960 0324740 0439189 1456781 1824986
 0007634 1269647 1704653 1948049

 0033727 0369286 0441932 0564385
 0205090 0684010 2603358
 2347469

 0000857 0600678 1552863 0205090 0684010 2603358
 0016327 0439133 1553038 0369773 2603361 0369773 2603361
 0027960 0324740 0439189 1456781 1824986

 0025141 0036563 1705192 1882540 2346495 2347469
 0349590 1262865 0025141 0369773 2603361

 0369637 0441923
 1418943

 0268596 2700624
 3642273

 2603362

 0000857 0600678 1552863 2603360
 0016327 0439133 1553038
 0009017 0009015 0475311 2347469

 0027960 0324740 0439189 1456781 1824986

 0025141 0369637 0441923
 0228539 0262254 0349382 2603360


 1417055

 0000857 0600678 1552863 0369637 0441923
 0369637 0441923
 0003461 2939124

 0025141 2603362


 0201682
 0369637 0441923
 0439394 1706495 3642217 2603362

 0025141 2603360
 1418943

 0268596 2700624
 3642273

 2603362

 0000857 0600678 1552863 0108263
 2347469 2603362


 0201682
 2347469 0335912
 2347469 0282635
 2603360 2603360
 0439394 1706495 3642217


 0325074

 2603360 2603360
 0369637 0441923
 0205090 0684010 2603358
 0205090 0684010 2603358
 0144237


 1418943

 0268596 2700624
 3642273

 2603362

 0439083 0439087 0000857 0600678 1552863
 2603362


 0201682



 0036397 0025141 0205090 0684010 2603358
 0439267 2347469
 0033727 0369286 0441932 0564385 2347469 2347469
 0005477 0450355 0025141
 0001483

 0201682

 0025141 2603360
 0205090 0684010 2603358
 2347469 0205090 0684010 2603358


 2347961

 0025141 0037455 0596070 0005477 0026376 0005532 1521991