 0037455 0596070 0005477 0026376 0005532 1521991
 1704675 0002716 0011560 0030956 0611285 1518960 0026377 0034036 0034037 1514756 1704324 0348078 0376315 1515981 1522492 1527075 0002716 0011560 0611285
 2827734 2981698 0439086 2827736 2981702 2827734 2981698 0740116 2827735 2981700 2827734 2981698 2827734 2981698 0587475 1704729 0000872 0027976 0565990 1552471 0041740 0205099 0205314 0205476 0027976 0205314 0027976 0205314 0740116 2827735 2981700 1136140 0022271 0439086 2827736 2981702 0587493 1704729 0565990 1552471 0683939 0205099 0079816 1556038 0000876 1514811 1706462 0000857 0600678 1552863 1521970 1706388 2346469 2348519 0011560 1705760 0333562
 0449432 1705248 1874187 0033684 0679006 1947967 0002716 0011560 0611285 0860902 0038164 0033684 0205307 0439166 2347086 2987476 0005889 0302908 1521806 0002716 0011560 0205309 0611285 1749467 1948047
 0035648 0035647 1521761 2827422 0242538 0728826
 0003595 0003591 0543483 0699748 1314939
 0332120 0003595 0002723 0003592 0002716 0003591 0011560 0439851 0611285 1704675 1947931 2987476
 1955473 1547282 0003595 0003591 0002716 0011560 0611285 0333463 2936349 0021135 1533691 2827718 0012634 0348080 1705253 0003595 0003591 0033414 0597196 0678594
 0521116 1301746 1547673 1149098 0205250 0243122 1145667 1167622 1299351 1510827 2700149 0052199
 1704675 0002716 0011560 0030956 0611285 1301808 1442792 3148680 1518960 1273517
 1547282 1280500 2348382 0162807 0597196 0002716 0011560 0027627 0030956 0175668 0205265 0205436 0611285 0678594 1279901 1555582 1705685
 2247768 0243122 1145667 1167622 0002716 0011560 0030956 0611285 0026377 0449719 1704712 1709471 0003595 0003591
 0011560 1705760 0333562 0205447
 1179435 0449432 1705248 0333463 0333562 0348078 0376315 0392079 1522492 2931784 0002716 0011560 0042373 0611285 1880018 0033684 0002716 0011560 0030956 0611285 2827734 2981698 0740116 2827735 2981700 0439086 2827736 2981702 0439084 0728893 0002716 0011560 0611285 1514570 0597304 1441547 1709694 1947941 3245521 1709634 1515273 1705313 2826302 0085151 3538722 1456454 0033665 0002716 0011560 0033684 0611285 1709634 0933845 2936349 0333562 0019409 0369718 0441922 1553036 0443228 1704243 0333463 2936349 0002716 0011560 0205409 0392079 0611285 1548221 0740116 2827735 2981700 0439086 2827736 2981702 1441616 0205474 0947630 1705535 0002716 0011560 0611285 0002716 0011560 0332529 0611285 1705920 0002716 0011560 0439509 0611285 0332255 0486805 0225328 0021135 1533691 2827718 1301725 1609436 0042285 0439509 0439792 1705417 0023175 0181586 1442948 1512571 1522538 2348269 3275067 0002716 0011560 0611285 1511545 1512571 0332185 1522634 0348078 0376315 1522492 0036243 1539696 1825840 3539736 0007806 0007807 0005889 0150312 0302908 0444611 1704353 0032105 1550098 0030705 0450348 0348078 0376315 1522492 0332256 2700400 0002716 0011560 0439509 0611285 0750554 0332257 1552866 2700399 0002716 0011560 0611285 0002716 0011560 0030956 0611285 2987476 0348078 0376315 1522492 0225328 1515981 1948066 0333463 0392079
 1511726 3245479 1522634 0332621 0439168 1515655
 0681828 0947630 1547282 3544412 1327133 0220781 0439634 1522492 0851827 1701901 3244310 1444754 1706316 0002716 0011560 0611285 0020283 0450407 0450408 0450409 0022023 1511726 3245479 0441835 0441833 0687744 1257890 1552516 1705428 1705429 0368670 1456454 0002716 0011560 0033684 0332281 0611285 0443264 1184743 1522240
 0003595 0003591 0205447 1547282 1515655 0332281 0002716 0011560 0611285 0002716 0450355 1441414 1553874 1578820 0003595 0003591 0032214 0600138 0002716 0011560 0030956 0611285 0026377 2349187 2362652 0450355 0003595 0523511 1412481 0205214 0205449 0597298 1522138 3245511 3539520 1537525 0392148 0332197 1689985 1709915 1882936 2827447 0947630 1547282 0242538 0728826 0035648 0050325 0960756 0035647 1521761 2827422 0442797 0206132 0001779 0872146 0449238 2926735 0052201 2984964 0205410 0015127 1524003 0007294 0700364 1883351 1550025 1704782 1708715 0237753 0449788 0003595 0003591 0543483 0699748 1314939
 1707959 1280500 2348382 0439509 2982836 1705535 1704675
 0012634 0348080 1705253 0003595 0003591 1145667 1167622 0205431 1522492 1704241 0332325 2827757 0747055 0037638 1697819 0205265 1705241 1705242 0243122 1145667 1167622 0150312 1547282 0052201 2984964 1145667 1167622 0002716 0011560 0030956 0611285 0557651 2603343 0851827 1701901 3244310 0003595 0003591 0332281 0023779 0002716 0011560 0611285 0003595 0003591 0033414 3544412 0220781 0439634 1522492 0597551 0030956 0012634 0348080 1705253 0869040 0947630 1273517
 0035173 0003595 0003591 0033414
 0205474 0947630 1444656 0003595 0003591 0439855 1704241 1515655 0333463 0392079 0002716 0011560 0611285 0002723 2936349 0002716 0011560 0229671 0333562 0611285 1546774 1550100 0021038 1302674 0021027 0023693 0337112 1306462 1524075 1621846 1881376 1515655 1511726 3245479 0021135 1533691 2827718 1705535 0035820 1705810 1706803 1515655
 0349590 1262865 0002716 0011560 0611285 1883351 2986669
 1947946 2948600 3540471 3540472 1883351 1548958 1705294 1521761
 0597551 0030956 1883254 0332282 0680536 3272563 1115660 1518000 1710198 1273517 0332283 1719822 1719918 0002716 0011560 0439509 0611285 1115660 1518000 1710198 0205543 1691010 1883351 0439509 0002716 0011560 0611285 1115660 1518000 1710198 0002716 0011560 0611285 1115660 1518000 1710198 0002716 0011560 0611285 1115660 1518000 1710198 0002716 0011560 0611285 1115660 1518000 1710198
 3541314 0002716 0011560 0439509 0611285 1115660 1518000 1710198 0439509
 0205099 0002778 0936012 1524024 1157407 0220781 1883254 0006736 0027976 1879958 0030956 1883254 0002716 0011560 0439509 0611285 0439509 0017797 1709915 1882936 0068000 0017890 1709915 1882936
 0002716 0011560 0439509 0611285 0439509 1419589 0002716 0011560 0611285 1883254
 0369637 0441923
 0016617 0205314 3540513
 0030956 0008562 1185738 1538326 1706132 1998793 3541325 0439182 0812409 0050456 0040982 0001128 0202406 2826285 0806140 0871208 1521828 0439445 0702093
 1882508 0008562 0936012 1538326 1711411 3541325 0037813 0436196 0577559 1306372 3152252
 0037633 1881534 0439294 0439526 0040982 0001128 0202406 0002520 2917660 0001128 0002778 0202406 0936012 1524024 1532950 0449913 1553451 1704459 0683758
 0180093 0002716 0011560 0611285 0002716 0011560 0439509 0611285 1301820 1552738 0030956 1549535 0439294 0439526 2678549 1882074 0020283 0450407 0450408 0450409 0332174 0439230 1439852
 0007703 0439267 0456692 0702093 0002716 0011560 0611285 0050456 1549535 0002520 2917660 0001128 0002778 0202406 0936012 1524024
 0030956 0008562 0936012
 0014834 0014833 0052199 0005574 1301820 0205246 1553889 0022271 0757769 1115660 1518000 1710198 0052198 0052199 0052201 2984964 0683758 0869011
 0043193 0052199 0052201 2984964
 0008813 0596436 0936012 1282913
 0030956 0991865 0006353 0031603 0031701 1601799 1549535 2678549 1882074 0020283 0450407 0450408 0450409 0086045 1446561 0439294 0439526 0179834 1883351 0849355 1883720 3244314 0520510
 1883073 2827424 0034869 1524063 0007634 1269647 1704653 1948049 0022341 0332298 0009622 0238190 2587213 0037585
 0034746 0040223 0871261 1704632 1706817 2911692 3541383 0312860 0370003 1883727 2347026 0168634 1442488 0002055 0178499 0205132 1550648 1552960 1880279 1719767 2348589 0028263 0392756
 1274040 1546471 2825142 0026367 1515273 1705313 2826302
 1883073 2827424 0002045 0936012 1553907 1883712 0242485 0002716 0011560 0030956 0611285 0008559 0016107 0017243 0681850 1382104 1550501 1706203 2349001 2697811 1185738 1706132 0331955 1516048 1301808 1442792 3148680
 1185738 1706132 0041175 0077281 0814229 2678549 1882074 0020283 0450407 0450408 0450409 0037494 1959973 0439445 0702093 1268822 2825050 1264633 0312860 0444706 3541902
 1704675 0003595 0003591 0014441 2717977 0005507 0014442 0021075 0205208 0205390 0220825 0243073 0302909 1378566 1510438 1517892 1704666 0450382 2937289 0441255 1709027 1139930 1442989 2828392 0022877 0387011 0002716 0011560 0030956 0439509 0611285 1522408 0086045 1446561 0439275 0439526 0005367 0006353 0973231 2722820 0020283 0450407 0450408 0450409 0011744 0033727 0369286 0441932 0564385 0450346
 2347325 0205170 3146287 0012634 0348080 1705253 0030956 0005971 0332297 1139930 1145667 1167622 1689898 2349209 3537155
 0205145 0036774 0036773 0728877 0017237 1145617 0439583
 0441648 1720830 1823521 0003595 0003591 0185125 0439583 0086045 1446561 0312860 0036774 0036773 0728877 0001924 0007452 0229671 1140701 1546774 1550100 1720830 1823521
 0332282 1139930 1548982 0040223 1632851 0003595 0003591 0003595 0003242 0003250 0313106 0947659 0003241 0003591 0021027 0746619 0332120 0079240 0185125 1948037 1720830 1823521 0011744 0033727 0369286 0441932 0564385 0450346 2348236 0005903 0039476 1547703
 0332282 0441648 0003241 0021027 1517892 1704666 0079240 0185125 1948037 1720830 1823521 0702093 2348236 0005903 0039476 1547703
 0441648 0002059 1318717 0031678 1149880 1979842 0068854 0031603 0031701 0443289 1601799 0006353
 0443286 1114821 0037517 0037473 0220853 0369637 0441923 0597484 1553404 2348570 0312860 0182258 1514743 1706461 0039421
 1511726 3245479 0002045 0036572 0424576 0684320 0684321 0936012 1553907 2349186 1423644 0814195 0037585 1826357
 0243148 1550141 1882979 2587213 3274648 0205170 3146287 0030956 0003241
 1883351 1510827 1115660 1518000 1710198 0947630 0884358
 1139930 0002716 0011560 0439509 0611285 1522408 0205134 0522534 0003595 0003591
 0332282 0233660 0332206 1265611 1524062 0312860 0086045 1446561 0369637 0441923 0449468 1690016 1705102 2700258
 0679932 0683607 0030956 0030956 0037633 0150312 0332285 0525069 1441506
 0003595 0001721 0003591 0332255 0486805 0002716 0011560 0611285 1115660 1518000 1710198 1273517 0005507 0243073 1510438 0076466 0002716 0011560 0030956 0611285 0369637 0441923 1549535 0052198 0052202 0003595 1422268 1440942 0003591 0369637 0441923 0030956 0003595 2825550 0003591 0026367 0456603 1547037 2827734 2981698 0041175 0077281 0814229 2678549 1882074 0020283 0450407 0450408 0450409 1510844
 1442459 0439228 0370003 2347026 0439526 1720119 1948037 0017890 0522461 1719918 0020283 0450407 0450408 0450409 0016327 0034754 0439133 1553038 1705179 0549255 0233929 0449819 2349995 0312860
 0034606 0441633 2826292 0884358 0042295 1510992 2825518 1883351 1947971 0034754 1705179
 0205170 3146287 0002716 0011560 0439509 0611285 1522408 0443289 0243122 1145667 1167622 1512045 0522534
 0242356 0993637 0205156 1511726 1527178 1552607 1705938 3245479 0597526 0243122 1145667 1167622 0597277 1708601 0312860 0444686 1441506 1443182 2603362
 1510827 0052199 0052198 0012634 0348080 1705253 0043194 0258432 1421478 1514721 2348147 2348205 3542016 1511726 3245479 1518422 1547282
 0681814 0443526 0003595 0003591 0332183 0597298 0884358 0086418 0052199
 0681814 0003595 0003591 0884358
 1301808 0001721 0597277 1708601 0002716 0011560 0611285
 0205134 0522534 0002716 0011560 0611285
 0002716 0011560 0439509 0611285 2347325 0205170 3146287 0003595 0003591 0031082 0079240 0392148 1439852 0312860
 0003595 0003591 0443289 1524063 0003250
 1524063 0036572 0424576 2349186 1522609 0312860 0444686 1441506 1443182
 1511726 3245479 1882932 0042295 0444504 2347634 2348143 2603362 0205173 0884358 3539942
 1883351 0005456 0682969 2945843 2247768 0205145 0243122 1145667 1167622 1515974 2825164 0002716 0011560 0439509 0611285 1273517 0005507 0243073 1510438 0301626 1524063 0332255 0486805 0683607 1883351 0003595 0003591 0037633 0150312 0332285 0525069
 0085732 0018790 0237477 0392351 0521111 2247768 0243122 1145667 1167622 0002716 0011560 0439509 0611285 0392366
 0002716 0011560 0030956 0456148 0549184 0611285 1282927 1806781 2350002 1883357 1711300 2700613 0567416 0085732 1299581 0018790 0237477 0392351 0521111 1704675
 0150312 1521761 1704675 0233426 1547011 1879746
 0021467 0021469 1628982 3463820 1704675 1524063 1282927 0002716 0011560 0030956 0611285
 0021467 0021469 1628982 3463820 0002716 0011560 0611285 0002716 0011560 0439509 0611285
 2347469 1707455 0002716 0011560 0439509 0611285 1419589 0002716 0011560 0439509 0611285 0002716 0011560 0611285 0002716 0011560 0439509 0611285
 0042295 0449450
 1511726 3245479 1882932 0042295 0444504 2347634 2348143 2603362 0205173 1272695 2746065 3539942
 1883351 0220825 1510827 0003595 0003591 0947630 1524063 0002716 0011560 0611285 0757769 1115660 1518000 1710198
 0030956 0061472 0220839 1709915 1882936 0002716 0011560 0611285 0015576 0150312 0205419 0241888 0068000 0017890 1709915 1882936 0015576 0150312 0241888 0332307 1547052 0700364 1883351 0205265 0423896 0456205 1274040 1279901 1546471 1555582 1705685 2349187 2825142 0205250 1299351 2700149 2827666 0162807 0175668 0027627 0205265 0205436 0439849 0445223 0678594 1279901 1555582 1705685 0450385 0332128 1510827 0002716 0011560 0611285 0002716 0011560 0611285 1115660 1518000 1710198 0243071 0180093 0085732 0018790 0237477 0392351 0521111 2247768 0243122 1145667 1167622 0002716 0011560 0611285 0005971 1139930 3537155 0349966 1337208
 0042295 0312860 0369637 0441923
 1705241 1705242 0003595 0003591 0002716 0011560 0030956 0150312 0611285 0237876 0205280 0220807 0220806 0678594 3272558
 1510827 0002716 0011560 0611285 1547282 0332283 0002716 0011560 0611285 0002716 0011560 0611285
 0002716 0011560 0439509 0611285 0002716 0011560 0439509 0611285 1419589 1547282 1510827
 1883712 1510827 0052199 1947931 0444706 3541902 0005971 1139930 3537155 0522534 0205134
 1705241 1705242 1511726 3245479 1518422 1547282
 1883351 0220825 1510827 0003595 0003591 0002778 0936012 1524024
 0002716 0011560 0439509 0611285 2827734 2981698 0870432 1883073 2827424 0312860 0806909 1552615 2826546 0002716 0011560 0439509 0611285 0439509 0439509 1419589 1547282 0678594 0312860 1547282 0349966 1337208
 0008559 0016107 0017243 1382104 0002716 0011560 0030956 0611285 0596973 0596448 1511726 3245479 1518422 1547282
 0449450 1510827 1273517 0700364 1883351 0162807 0027627 0175668 0205436 0678594
 0030956 0002716 0011560 0611285 0870432 1510827 0002716 0011560 0439509 0611285 0439509 1419589 2349187 0243077
 0002778 0936012 1524024
 0030956 2984063 0439294 1631070 0439269 0439526 1960952 2346927 1549535 3256935 0991865 0006353 0179834 1883073 2827424 0034869
 1883073 2827424 1708632 2827734 2981698
 0002716 0011560 0030956 0611285 0002716 0011560 0439509 0611285 1419589 0002716 0011560 0439509 0611285
 1883073 2827424 0036572 0424576 2349186 1524063 0002045 1553907 0423896 0456205 1547282
 0443211 1272684 0162807 0597196 0027627 0175668 0205436 0678594 1273517 1510827 1707520 1511726 3245479 0002716 0011560 0030956 0611285 0884358 0392148 0332197 1689985 0444706 3541902 1265611 1524063 0005507 0243073 1510438 0076466 0052199 2349975 0439792 0439828
 1547282 0678594 1948023 0205393 0423896 0456205 1948023 0439092 0547044 0349966 1337208
 1280500 2348382 0002716 0011560 0611285 1441672 1705535 0030956 0004793 0162326 0162327 1519249 1521840 2986546 0002716 0011560 0611285
 0456148 0549184 0002716 0011560 0030956 0611285 1547282 0442805 0003595 0003591
 0016315 0392148 1439852 0332197 1689985
 0002716 0011560 0030956 0611285 1439852 0439294 0439526 0439294 0439526 0052198 0052202 0003595 1422268 1440942 0003591 0369637 0441923 0003595 0003591 2825550 0002716 0011560 0026367 0456603 0611285 1547037 1510844 1442459 0439228
 0016315 0312860 0444706 0549255 3541902 0233929 2349995 0444504 1522609 2347634 2348143 2603362
 0557061 2584313 1524063 0205208 0205390 0302909 1378566 0005507 0243073 1510438 1547282 0003595 0003591 0002716 0011560 0611285 1145667 1167622 1947971 1522609 0205250 0243122 1145667 1167622 1299351 1510827 2700149
 1522609 0636163 0332185 0086418 0684224 0700287 3496591 1998793 0052199 0439509 1524063 0597731 0205148 0231881 0459800 0684213 0036243 1539696 1825840 3539736 0439855 1704241 2987476 0003595 0003591 0003595 0523511 1412481 2987476 0230704 0023779 0597177 1515981 0012634 0348080 1705253 1510827 0002716 0011560 0611285 0441994 1548802 2003888
 1510827 0055966 1413514 2609437 2827446 0040223 1632851 0205250 1299351 2700149 0003595 2247768 0002716 0003591 0011560 0150312 0243122 0611285 1145667 1167622 0450382 0680240 0242210 0033684 0243122 1145667 1167622 0036243 1539696 1825840 3539736 0231162 0012634 0348080 1705253 0055966 1413514 2609437 2827446 0085732 1299581 1510827 0002716 0011560 0611285 0162807 0027627 0175668 0205436 0678594 0030956
 1547282 0003595 0003591 1510827 0423896 0456205 1148751 1149098 0030956 0034656 0243122 0439605 0444764 1145667 1167622 1413568 1705946 0205251 1299352 1550472
 0332290 0332529 0332185 1547282 0333463 2936349 0002716 0011560 0611285 2349187 0003595 0003591 0439855 1704241 0332255 0486805 1547282 1280500 2348382 0851827 1701901 3244310
 2349187 0205171 0750482 1720467 1948023 0162807 0027627 0175668 0205436 0678594 1948023
 0004927 2707008 0002518 0002520 2917660 0001128 0004793 0162326 0162327 0202406 1519249 0681841 1301820 1706701 2825142 1274040 1546471
 0002716 0011560 0205396 0611285 1550043 1551388 1709915 1882936 1521840 2986546 1280500 2348382
 0003595 0003591 1948023 0332462 1880834
 0449719 1547282 1883351 0557651 2603343 1547282 0002716 0011560 0611285 1709915 1882936 1149098 0002716 0011560 0030956 0243122 0611285 1145667 1167622 1514873 0333463 2936349 0450387 0004793 0162326 0162327 1519249 0003595 0003591 1280500 2348382 0332281 3247466 0017446 0150312 0205147 1883351 0442805 1521761 2827422 1547282 1883351 0033414 3544412 0220781 0439634 1522492 0007447 0062503 0017446 0205147 1145667 1167622 0449719 1521840 2986546 3245505 0205198 1706082 0301641 0034656 0205265 0392747 0439605 0443172 0444764 0521102 1279901 1413568 1555582 1705241 1705685 1705946 2349187 1706803 1709305 2745955
 0021017 0052201 0392148 2984964 1517892 1704666 0027361 0237401 0002085 1550025 1704782 1708715 0012634 0348080 1705253 0557651 2603343 1518422 0243095 1705241 1705242 0021017 0002716 0011560 0439509 0611285
 1273517 0052199 0002716 0011560 0439509 0611285 0597277 1708601 1441672 1511726 3245479 1518422 1547282
 0805874 0870077 1446409 0439787 0849355 0205419 0002716 0011560 0030956 0611285 0150312 0455052 1521827 0003595 1273517
 1510827 0002716 0011560 0030956 0611285 1518422 0023745 0052201 0439849 0445223 2984964
 1883351 1514873 2247768 0243122 1145667 1167622 0003595 1280500 2348382 0003595 0003591 0870432 1705417 1149552 0205177 0439167 0441655 1561536 0443264 0567416 0425382 0184512 0162807 0027627 0175668 0205436 0678594
 0162807 0027627 0175668 0205436 0678594 0681842 0242485 1547282 0003595 0003591 0332256 2349187 2700400 0423896 0456205 0750482 0851043 0023779 0205217 0332197 0442805 1689985 0332838 0450388 0205392 0270814 2349187 3540770 0348078 0376315 1522492
 1514562 0079613 0221457 0556993 0002716 0011560 0030956 0611285
 0021135 1533691 2827718 0332185 1547282 0003595 0003591 0079613 1883351 0442805 0423896 0456205 0002716 0011560 0611285 1145667 1167622 0003595 0003591 1704675 1280500 2348382
 1704675 2247768 0243122 1145667 1167622 0036243 1539696 1825840 3539736 0023175 0181586 0205393 0220781 0225328 0439634 0443264 1442948 1522492 1522538 1948066 2348269 3275067
 0205156 1552607 1511726 3245479 1547282 0332621 0439168 0003595 0003591 0392148 1518422 0441889 0456079 1547707 2946261 0030956 1441672
 0557651 2603343 1518422 0003595 0003591 0392148 0392760 1314939
 2825550 0026367 0456603 1527178 1547037 1874451 2349187 0030956
 0180093 0392747 0443172 1705241 0014653 1547026 0003595 0003591 0333312 1753316 0205393 0728990
 1518422 0311403 1521761 2827422 0596012 2584321 0205250 0441889 0456079 1299351 1547707 2700149 2946261 0162807 0027627 0175668 0205265 0205369 0205436 0678594 1279901 1552740 1555582 1705685
 3161035 0178566 0450355 0233577 0450389 1441414 1553874 1578820 1552616 1706244 1547282 2247768 0243122 1145667 1167622 0002716 0011560 0030956 0611285 0423896 0456205
 0449719 1709471 0439855 1704241 0003595 0003591 0333463 0392079 0023882 0036243 0040223 0445247 0700321 0750519 1539696 1825840 2700395 3539736 3541383 0150312 0003595 0003591 0439855 1704241 0005889 0302908 1521806
 2607943 2926606 3539655 0543483 0699748
 2825232 0035168 0242481 0027468 0018173 0018684 0021622 1521721 3245503 0004446
 2347469

 0010186 0220812 0449719 1709471 0220808 0680264 0007961
 1706852 0522501 1706089 0949214
 0205155 1293097 1522472 1552923 1705191
 0282413 0376649 1442065 0039725 0039738 1420718 0000872 0027976 0565990 1552471 0041740 0205099 0205314 0205476 0108844 0027976 0205314 0027976 1879958
 0254343 0796520 3272379

 0085205 1549619 1880669

 0059804 0000723 1273517 0002395 1521724 0012634
 0333463 0392079 0333463 0392079
 0002716 0011560 0030956 0611285
 0008562 1538326 3541325 2717789 0597410 0008562 0687276 1579831 0008565 0008550 0205250 0205390 0302908 0597198 1299351 1304698 1546699 1555029 1561501 1882330 2700149
 1720830 1823521 0991865 0006353 0031603 0031701 0036082 1601799
 0036243 1539696 1825840 3539736 0002716 0011560 0611285
 2986676 0031831 1707664 2348314 3540849
 0557061
 1514811 1706462 0439267
 0439267



 2347379

 0025141 0444649
 0439267 0369718 0441922 1553036
 0439267 2347469
 0439394 1706495 3642217 0597277 1708601
 1418943

 0268596 2700624
 3642273
 0002716 0011560 0611285 0041703
 0000857 0600678 1552863 0016327 0439133 1553038
 0439267
 0439267 2347469


 0025141
 0442982
 0205090 0684010 2603358 0369637 0441923
 2347469 0439394 1706495 3642217
 0597277 1708601


 0025141
 0597277 1708601

 1706910 0369637 0441923
 2347469



 0025141 0402830
 0021966 0221138
 0489654 2603362
 0861352
 0597277 1708601 0597277 1708601
 0230467 0741204


 0025141 2603360 0369637 0441923
 0205090 0684010 2603358 2347469


 0025141 0033727 0369286 0441932 0564385
 0439267
 0444649
 0597277 1708601
 0033727 0369286 0441932 0564385 0439267 0597277 1708601 0442532 2347469
 0349590 1262865 0025141 0369637 0441923
 0021966 0221138 0439114


 0036397 0025141 0369718 0441922 1553036
 0597277 1708601 0369718 0441922 1553036 0439267 0033727 0369286 0441932 0564385
 0369637 0441923
 1418943

 0268596 2700624
 3642273
 0002716 0011560 0611285 0041703
 0000857 0600678 1552863 0205090 0684010 2603358

 0021966 0221138
 0439394 1706495 3642217
 0016327 0439133 1553038 0205090 0684010 2603358
 0439394 1706495 3642217
 0349590 1262865 0025141

 0043217 0442548
 0205090 0684010 2603358
 1706910 0369637 0441923

 1418943

 0268596 2700624
 3642273
 0002716 0011560 0611285 0041703
 0439083 0439087 0000857 0600678 1552863 2603360 0998924 0369718 0441922 1553036 0033727 0369286 0441932 0564385 0369718 0441922 1553036
 0027882 0025141 1416988 1538267 0597277 1708601 2945617 0016327 0439133 1553038 0033727 0369286 0441932 0564385
 2603362
 0439267
 0369637 0441923
 2347379
 0025141 2945617 0016327 0439133 1553038 1416988 1538267 0597277 1708601 0033727 0369286 0441932 0564385
 2603362
 0439267
 0369637 0441923
 0025141 0439267
 1708595 3280986 0439394 1706495 3642217
 0439394 1706495 3642217
 0439394 1706495 3642217
 0016327 0439133 1553038 2347469



 0000857 0600678 1552863
 0016327 0439133 1553038 0369773 2603361
 2347469


 2347379

 0025141 2347469 1553033


 0201682
 1553033 2347469 0444649
 0439394 1706495 3642217 0597277 1708601

 0027960 0324740 0439189 1456781 1824986

 0025141
 2603360
 0369773 2603361 0369773 2603361
 2603360 1708595 3280986
 0005477 0025141 2603362
 0439267


 0025141 2603360 1979971 2347469


 0025141 0369773 2603361 1553033 0016327 0439133 1553038 0033727 0369286 0441932 0564385 1553033 0205090 0684010 2603358 0205090 0684010 2603358
 0021966 0221138
 2347469
 0349590 1262865 0025141 2603360
 2603360
 2603360 0439394 1706495 3642217
 0064494

 0205090 0684010 2603358 2347469 2603362
 0439267
 0036397 0025141
 0033727 0369286 0441932 0564385 0369773 2603361 2347469

 1418943

 0268596 2700624
 3642273
 0002716 0011560 0611285 0041703
 0439083 0439087 0000857 0600678 1552863 0369637 0441923
 0439267 0205090 0684010 2603358 0439394 1706495 3642217 0369773 2603361


 2347379

 0025141 1553033 0369773 2603361 0021966 0221138
 2347469


 0025141 1551802
 0369773 2603361
 2603360 0369637 0441923
 0439267

 0027960 0324740 0439189 1456781 1824986

 0025141 0330099
 0021966 0221138
 0033727 0369286 0441932 0564385 0439267
 0369773 2603361
 0016327 0439133 1553038 0597277 1708601 0444649
 0439394 1706495 3642217 0205090 0684010 2603358

 0036397 0025141 1553033 0080045 0369718 0441922 1553036
 2603362



 0025141 2603360 2347469


 0025141 0033727 0369286 0441932 0564385 3613423 0597277 1708601
 2347379
 0025141 2603360

 2603360 2347469



 0000857 0600678 1552863
 0597277 1708601
 0033727 0369286 0441932 0564385 1979971 2603362
 0205090 0684010 2603358
 2603360 2347469 0035853



 1315013

 0025141 0402217 0033727 0369286 0441932 0564385
 2347469 1708595 3280986 0051767 0057671 0336168 0033727 0369286 0441932 0564385
 0349590 1262865 0025141 0205090 0684010 2603358

 0036397 0025141
 0033727 0369286 0441932 0564385


 0369773 2603361
 0439267
 0035853

 0439394 1706495 3642217 0369637 0441923

 0036397 0025141

 0439267
 0035853

 1418943

 0268596 2700624
 3642273
 0002716 0011560 0611285 0041703
 0439083 0439087 0000857 0600678 1552863


 2347469

 2603362
 0033727 0369286 0441932 0564385 0369637 0441923
 0035853

 1418943

 0268596 2700624
 3642273
 0002716 0011560 0611285 0041703
 0439083 0439087 0000857 0600678 1552863 2347469
 0369773 2603361
 0597277 1708601
 0033727 0369286 0441932 0564385 0205090 0684010 2603358
 0205090 0684010 2603358

 0036397 0025141 2347469
 0369773 2603361 0597277 1708601
 3538705 0369718 0441922 1553036 0205090 0684010 2603358
 0205090 0684010 2603358



 0201682
 0205090 0684010 2603358
 2347469
 0369773 2603361 0205090 0684010 2603358




 0025141 2603360
 2347469


 2347379

 0025141 0439394 1706495 3642217
 0439114 1553033
 0205090 0684010 2603358 0369718 0441922 1553036 2603362
 0439394 1706495 3642217 0439394 1706495 3642217
 0027882 0025141
 0597277 1708601
 0033727 0369286 0441932 0564385
 0439394 1706495 3642217
 0439267

 0035853

 1418943

 0268596 2700624
 3642273
 0002716 0011560 0611285 0041703
 0439083 0439087 0369637 0441923
 0369637 0441923
 2603360

 0439267




 0201682
 0369637 0441923
 2603360
 0871754

 0439267
 0369637 0441923
 2603360


 0201682
 1553033
 0016327 0439133 1553038 0205090 0684010 2603358
 0369637 0441923

 0025141 0597277 1708601

 0369773 2603361
 0439267 0597277 1708601
 0033727 0369286 0441932 0564385 0369773 2603361
 2603360 1708595 3280986
 1418943

 0268596 2700624
 3642273
 0002716 0011560 0611285 0041703
 0000857 0600678 1552863 2603360
 2603360 2347469
 0777169 0025141
 0016327 0439133 1553038 1419788 3274822 3274823 2347469


 0201682
 1553033 2347469


 0025141 2603360 0597277 1708601
 0033727 0369286 0441932 0564385 0369637 0441923
 0021966 0221138 0033727 0369286 0441932 0564385
 2603362
 1708595 3280986 2603360


 2347469 0033727 0369286 0441932 0564385 0205090 0684010 2603358

 1418943

 0268596 2700624
 3642273
 0002716 0011560 0611285 0041703
 0000857 0600678 1552863 0562547 3160718 0597277 1708601 0439267

 0003461 2939124

 0025141 2347469


 0201682
 0033727 0369286 0441932 0564385 0597277 1708601 2603360 0597277 1708601
 0022877

 0450387 0025141 2603360
 2347469


 0025141
 0016327 0439133 1553038 2603360
 0205090 0684010 2603358
 1553033 2347469


 0025141
 2603360


 0025141 0369637 0441923
 0021966 0221138 0021966 0221138 0032863 0369637 0441923
 2603362
 0439267 0179376 1633989 0439267
 2603360

 2347469
 0036397 0025141 2603360 2347469


 2347379

 0025141

 0033727 0369286 0441932 0564385


 0025141 0597277 1708601 0033727 0369286 0441932 0564385
 2603360 0033727 0369286 0441932 0564385
 0369637 0441923
 2603362
 0439394 1706495 3642217 0206461 0007457 0043157 0220938

 1706910 0369637 0441923
 2603362

 0205090 0684010 2603358 0439394 1706495 3642217
 0439267
 0005595 2603360
 0439267




 0325074
 0025141 1553033
 0369637 0441923


 0025141 1553033
 0205090 0684010 2603358
 0205090 0684010 2603358
 1553033 2347469


 0025141 0369718 0441922 1553036
 0033727 0369286 0441932 0564385 2603360 2347469


 0025141 1553033
 2347469 0369718 0441922 1553036



 0201682

 0369773 2603361
 0205090 0684010 2603358
 0205090 0684010 2603358 0369773 2603361
 0024171 0024176 2697939



 0005477 0025141 0439394 1706495 3642217
 0369773 2603361
 0205090 0684010 2603358 0597277 1708601
 0033727 0369286 0441932 0564385 0205090 0684010 2603358



 0027960 0324740 0439189 1456781 1824986

 0025141 0597277 1708601
 0033727 0369286 0441932 0564385 0205090 0684010 2603358
 0369637 0441923



 0201682
 2603360
 0597277 1708601
 2347469



 0000857 0600678 1552863
 0439267
 1553033 2603360
 0369637 0441923
 0037455 0596070 0005477 0026376 0005532 1521991