 0598429 0332287 0574084 0342727 2697314 0278026 0332307 0439086 1547052 2827736 2981702 0023746 0023745 0281825 0394006 0600600 1883633 0600680 0017446 0205147 0598429 0029124 0015392 0029144 0333641 0332287 0574084 0342727 2697314 0278026 0332307 0439086 1547052 2827736 2981702 0023746 0023745 0281825 0394006 0600600 1883633 0600680 0017446 0205147 0216045 1508293 0022037 0041740 1555231 0008848 0022037 1555231 3262831 1947960 0041703 0015535 0041740 0254343 0796520 3272379 0022271 0022877 3244292 0565990 1552471 0205099 0205476 0022271 1552462 0439148 1519795 1704753 1880519 0019994 1510665 0022877 3244292 0041703 1514756 1527075 1272684 1548435 0029124 0015392 0029144 0333641 0332287 0012634 0348080 1705253 0221061 0029124 0086588 0015392 0029144 0231330 0333641 1880022 2939166 0814120 0277793 0026650 0012634 0026649 0342727 2697314 0278026 1521970 1706388 2346469 2348519 0332257 1552866 2700399 0037772 0030486 0443306 3278191 0004134 0011155 0162429 1623416 0013362 0012634 0022422 0178443 0205396 0598429 1512692 1550043 1551388 1556087 0439849 0205393 0027361 0237401 0439673 0557651 2603343 0023745 1524063 0679199 0884358 2947996 0220908 1305399 1705053 0332283 0178587 0205250 1299351 1552603 1706202 2700149 0441635 0027361 0237401 0017446 0205147 0017428 0205265 0205396 0220908 0332464 1279901 1305399 1550043 1551388 1555582 1705053 1705685 2338314 0023956 0449820 2247199 0034865 0179630 0205341 1301820 1547730 1705914 1705968 0600600 1883633 0600680 0017446 0205147 1508293 0751455 0017337 0216045
 1272706 1552654 1552713 1517331 0333164 1524062 0005516
 0023746 0023745 0281825 0394006 0205397 0205452 1882417 0005516 1272706 1552654 1552713
 0017446 0205147 0205170 1880022 3146287 0332256 2700400 1332838 0017337
 0039082 1558916 0449432 1705248 0031437 1285572 0205396 1550043 1551388 2827734 2981698
 0700364 1883351 0012634 0348080 1705253 0348078 0376315 1301725 1609436 0439084 0728893
 0348078 0376315 1522492 0029124 0015392 0029144 0333641 0814036 0008633 1521299 0024779 1706473
 0557651 2603343 0684224 0700287 3273238 1283195 0022422 0178443 0205396 0598429 1550043 1551388 1556087
 0039082 0029124 0015392 0029144 0333641 0332287 0950133 0441731 0205309 0278026 0332307 1547052 0221061 0029124 0086588 0015392 0029144 0231330 0238767 0333641 1880022 2939166 0342727 2697314 0278026
 0814120 0277793 0026650 0012634 0205397 0868928 1533148
 3278191 0004134 0205397 2825407 0868928 1533148 0679466 0162429 2987487
 0444868 1521970 3539085 1833334 0332162 1279919 1551058 0009678 1744681 0205329 1518422
 0030705 0037771 0221166
 0342727 2697314 0278026 0030705 0205397 0332299
 0205103 1550465 2827755 1705535 0011155 0162429 1623416
 0012634 0332281 0278026 0205396 1550043 1551388
 0342728 0342727 2697314 0441729 0278026 0332307 0439086 1547052 2827736 2981702 0332281 0011155 0162429 1623416 0205177 0439167 0441655 1561536 0439836 1314939 0047420 0047420 0439086 0700307 2827736 2981702
 0016030 0205177 0439167 0441655 1561536
 1883712 0342728 0342727 2697314 0441729 0278026 0332307 0439086 1547052 2827736 2981702 0031437 1285572 0441889 0449286 0542560 1561545 2348088 1550335 0030705 0221102 0441731 0332307 1547052
 0332197 1689985 1332838 0017337 0220908 1305399 1705053 0023745 1552603 1706202

 0598429
 0679214 1882932 0027361 0237401 0679214 1882932 0027361 0237401
 0017431 1547282
 0030705 0205265 0796345 0002778 0023745 0220825 0936012 1285529 1524024
 0015576 0205449 1704727 0521447 0015576 1704727 0598429
 0028574 0086282 0012634 0348080 0392760 0445247 1314939 1705253 0557651 2603343
 0015576 1704727 0022422 0178443 0680043 1556087
 0030705 1277411 0022271 0004897 0030551 0205393
 0027361 0237401 3242379 1883351 0205214 0205386 0263541 1522138 3245511 0204727 0205409 0220862 0032659 1257890 0392148 0678236
 0424215 0680043 1527178 1705938 2003939 1708726 0424215 2003939 0679199 1273517 1883351 0884358 2947996 0220908 1305399 1705053 0019904 1552603 1706202 0017446 0205147 0027361 0237401
 0332283 0002778 0237876 0441635 0936012 1522138 1524024 0521093 0750484 1456348 0023745 0017428 0205225 0205396 0220908 0332464 0439631 1305399 1550043 1551388 1705053 2338314
 0037088 0439175 0439810 0551759 0552336 0205309 0015780 0043210 0086287 1705497 1705498 0024554 0086582 1706180 1706428 1706429 0220825
 0029124 0015392 0029144 0333641 0150312 0449450 0015217 0546834 0015214 0332281 0234621 0439590 1444748 3245505
 0013867 0848894 0205307 0439166 2347086
 0030705 0205393 0814120 0277793 0026650 0012634
 0030705 0205453 0724000 0037771 0221166
 2825407 0030705 3278191 1859521 0004134
 2825407 0013362 1518422 2003902 0030705 0004134
 0030705 0221102 0504085 2699704 0047595 0854059 0001128 0202406 1150973 0205177 0439167 0441655 1561536 0450138 1272578 0016030 0444099 0444706 1123023 1278993 3541902 0205307 0439166 2347086
 0243173 0428279 0441889 0205250 1299351 2700149 0001779 0150103 1708943 0243148 1550141 1882979 2587213 3274648
 1283195 1524063 1709595 0220908 1305399 1705053 0005516 0012634 1517892 1704666 0884358 0220908 1305399 1705053 0370003 2347026 0470187 1524063 0679199
 0332283 0002778 0237876 0441635 0936012 1522138 1524024 1637379 1883351 0521093 0750484 1456348 0023745 0012854 0205396 0220908 1305399 1550043 1551388 1705053 2349200
 0679199 0424215 0680043 2003939 0027361 0237401 0237876 1953345 0008633 0017446 0205147 0205214 0439660 0870134 1522138 3245511
 1265611 0027361 0237401 0015576 1704727 2347469 0349966 1337208 2347469 0037179 0087136 0205171 0205195 0337051 1509144 2349200
 0337051 1509144 2349200 0012854 1881534 0037047 0030551
 0337051 0728990 1273517 1517480 1521871 1705759 1519303 0032529 0023745 0086418 0205099 0679729
 0333052 2607870 0005516 0559956 0814229 1299987 1519303 1273517
 0337051 0220908 1305399 1705053 1519303 0032529
 1514468 0071500 0017243 0071499 0936012 1293950 0037125 0234621 0487602 0947651 1305285 1318876 1704680
 1442158 0449774 0337051 1707455
 0337051 1509144 2349200 0027361 0237401 1547282 0301630 0392756 0441610 0019904 0005516 1708726 1509144 0337051 1707455 2349200 2986417 0370003 2347026 0005516 1547282 0449774 1442158
 0220908 1305399 1705053 0205396 1550043 1551388 0439175 0439810 0700364 1883351 1547282 0333051 2347509
 0002778 0936012 1524024 1637379 0023745 0237876 1522138 1706202 0441635 0017446 0205147 0027361 0237401
 0005516 1707391 0005516
 0005516 1524063 0017431 0392760 1273517 1314939 0027361 0012854 0332257 0337051 1509144 2349200 3538986
 0205447 0012854 0205396 0220908 1305399 1550043 1551388 1705053 2349200 1547282 0237876
 0439178 1446409 1514241 2825490 0017446 0205147
 0008663 0008633 0205457 0445482 0237876 1522138 0002085
 0205455 0392760 1314939 0027361 0237401 0019904
 0005516 1547282 0332120 0027361 0237401 0598429
 0017446 0205147 1555600 0439792 0005516 0017428 0220908 0332464 1273517 1305399 1705053 2338314 0442809 0005516 0936012
 0332120 1527178 1705938 0005516 0936012 0349966 1337208
 0205108 0008663 0008633 0237876 1522138 0002085
 1511726 3245479 1301820 0005516 0017446 0205147 0332290
 0242239 1706074 1511726 3245479 0008631 2919538 2347469 0073187
 0017296 0314603 0599777 0024779 1706473 0575519 0446516 1269078 1269612 0008661 0008633
 0012751 0582522 1547282 1704458 0441833 0687744 1257890 1552516 1705428 1705429 1709061
 0024779 1706473 0008661 0814036 0242356 0993637 0008633 0024779 0034865 1511726 1527178 1705938 1706473 3245479
 0205128 1547282 0002085 0237876 1704788 3539106 0392760 1314939 0027361 0237401
 1709061 0017446 0205147 0242356 0993637 1511726 1527178 1705938 3245479 0022877 1999230 3244292 3245503
 0040203 1882932 0444499
 0017337 0017446 0205147 0004793 0162326 0162327 1519249 1511726 3245479 0470187 0179407 1547282 0582519 0004793 0162326 0162327 1519249
 0871424 0002778 0936012 1524024 0521093 0750484 1456348 0023745 0680022 2347469 0073187 0005516 0017431 0017446 0205147 0002778 0936012 1524024 0884358
 0023956 0449820 2247199 0179630 0205341 1301820 1547730 1705914 1705968 0600600 1883633 0600680 0017446 0205147 0600600 0600680 1420099 1540171 1414085
 0005516 2986490 0030705 0019904
 0005516 0017428 0162326 0887950 2346631 0022877 3146294 3244292 3245503 0349966 1337208
 0162326 0022877 0282111 0444454 1704732 3244292 3245503 0598211 1517892 1704666 1705803 0021415 0005574 0205099 1533716 3245503
 0162326 0205341 1547730 1705914 0150312 0589434 1527021 1554111 1705313 1705606 3541382 1552603 1706202 1524063 0243095
 0162326 0230171 0205341 1547730 1705914 1707391
 0205449 0205452 0005516 0205396 1550043 1551388 2986490 0205448 1514798 0027361 0237401 1517892 1704666
 0017431 0015576 1704727 1547282 0015576 1704727 0002085 0017446 0205147 0237876 0442797 1705175 1705176 1705177 1705178 1882348
 0370003 2347026 0016327 0439133 1553038 0005516 0017431 0017446 0205147
 0027361 0237401 0019904 0005516 0017446 0205147
 0037047 0456148 0549184 2986417 0030551 0019904
 0017446 0205147 0002085 0237876 1704788 3539106 1441672 0441471 3541888 0230171 0012751 0017296 0314603
 0017446 0205147 0015576 1704727 0019904
 0332197 1689985 1272706 1552654 1552713 1517331 0333164 1524062 0005516
 0206415 0008661 0008633 0017428 0162326 0887950 1301820 1285529 0162326 0587081 3146294 3245503 0237753 0449788 1442162 1550718 3244317 1708200 1510755 0237753 0449788 1706078 2981742 0237753 0449788
 0002778 0936012 1524024 1413435 1707134 0314611 0017337 0012634 0024779 0026045 1272706 1552654 1552713 1706473 0349966 1337208
 0017337 0750591 1527178 1705938 0441889 0010294 1561535 0042036 0042037 2963137
 0206415 0004793 0017428 0162326 0162327 0887950 1511726 1519249 3245479 1707391
 1551362 1999244 0004793 0162326 0162327 1519249 1301820 1554961 1705847 0206415 0079941 0009219 0185027 0017446 0205147 0205145
 0332255 0486805 0026882 0936012 0005507 0243073 1510438 0243031
 0205419 0022422 0032659 0150312 0178443 1257890 1556087
 1514468 1705175 1705176 1705177 1705178 1882348 0004793 0162326 0162327 1519249 0521093 0750484 1456348 0243031 1274040 1546471 2825142
 0162326 0007294 0150103 1708943 0004793 0162326 0162327 1519249
 0557061 2584313 0029124 0015392 0029144 0333641 0332287 1524063 2349200 0449445 1883351 0884358 2947996 0220908 1305399 1705053 0332283 0002778 0237876 0441635 0936012 1522138 1524024
 0023956 0449820 2247199 1301820 0005516
 0179630 1705968 0205341 1547730 1705914 1947971 0023956 0449820 2247199 0034865
 1517331 0023745 0183683 1521721 0002085 0205231 0237876 0027361 0237401 0598429 1519303 0032529 1272706 1552654 1552713
 0027361 0237401 0237876 0018591 0183683 1521721 0205313 0424215 0680043 2003939 2347409 1708726
 1881534 0024841 0205309 1527178 1705938 0204727 0205409 0220862 0022422 0032659 0178443 0205397 1257890 1556087 0678236 0683971 0032659 1257890
 0029124 0015392 0029144 0333641 0332287 0029124 0015392 0029144 0039082 0333641 1558916 0449774 0242538 0728826 0814120 0277793 0026650 0012634 0026649
 0029124 0015392 0029144 0333641 0332287 0497552 0000768 0000769
 0029124 0015392 0029144 0333641 0008633 1521328 1517892 1704666 0205171 1720467 0029124 0015392 0029144 0333641 0024779 1706473
 0029124 0015392 0029144 0333641 0332287 0039869 1883351 0348078 0376315 1522492 0027765 0012634 0450348
 0004134 0013879 1705248 0205397 0022422 0030705 0178443 0205171 1556087 1720467 2825407 0342727 2697314 0278026 1518422 0030705 0150312 0221061 0039082
 0221061 0039082 0029124 0015392 0029144 0333641 0332287 0002085 1518422 1554077 2828389
 0025663 0449851 0871511 1273517 1883351 1517892 1704666 1708726
 1707959 0557651 2603343 0005516 0005516 0220908 1305399 1705053
 0005516 0012854 0205396 0220908 1305399 1550043 1551388 1705053 2349200
 1705175 1705176 1705177 1705178 1882348 0243095 0023745 0220908 1305399 1705053 0027361 0237401 0884358
 0027361 0237401 0439178 1446409 1514241 2825490 0005516 0017431 0005516 0183683 1521721 1511726 3245479
 0205447 0237876 0017446 0205147 1518422 1547282 0237876 0005516
 0557651 2603343 0679199 1273517 1883351 0442726 0205146 0027361 0237401
 0205146 0012854 0205396 1550043 1551388 2349200 1883708 1637379 0002085 0237876 0220908 1305399 1705053
 0015576 1704727 0869040 0557651 1273517 2603343 0443203 0439849 0445223 0683607 1883351
 0017446 0205147 0439064 1514798 1704788 3539106 0027361 0237401 0237876
 0237753 0449788 0027361 0237401 1441672 1552658 1552723 2004062 0332268 0017446 0205147 1517331 0333164 1524062 0005516
 0359589 1999230 0012634 1272706 1552654 1552713 2700395 0086282 0205171 0443203 1720467 0205313 0263541 0439849 0445223 2347409
 0015576 1704727 0683607 1883351 0205168 0332463 0333164 1272706 1552654 1552713 0237876
 1511726 3245479 0599777 0024779 1706473 2346631 0022877 3146294 3244292 3245503 0035201
 1511726 3245479 0683607 0079411 3146294 0205448 0002085
 0599777 0024779 1706473 0683607 1883351 1705175 1705176 1705177 1705178 1882348 0005516 0332218 1705175 1705176 1705177 1705178 1882348
 0599777 0024779 1706473 0683607 1883351 1332838 0017337 1413435 0010291 0010287 0010286 0031727 0216045 0027126 0033640 0410226 0031727 0033684 0333606 1414085 0031686
 0544545 1518422 0678226 3146286 0014442 0205177 0439167 0441655 1561536 0030705
 0205448 0014442 0014445 3495435 0047420 0024188 1156699 0243125 0699900 0020374 0063164 1415615 0047420 0030016 0599474 0005572 0008377 0220781 1314939 0678226 0887940 0017337 0024779 0733755 1554077 1706473 2828389 3146286 1521474
 1707134 0017337 0010287 1707391 0010294 0042027 0221102 0442802 0504085 1524119 1527178 1561535 1705938 2699704
 0014442 0443286 1114821 0010286 0348078 0376315 1522492 0031634
 1457869 1861101 0428255 0860942 0428279 0441889 0221102 0504085 2699704 0010286 1511695 0348078 0376315 1522492 0010294 1561535
 0029124 0392776 0333641 0600688 0678226 1280500 1407029 2348382 2987476 3146286 0428279 0441889
 0205419 0079941 0004793 0009219 0017337 0150312 0162326 0162327 1519249
 1150462 1150423 0205177 0439167 0441655 1561536 0150312 1883351 0848894 0205307 0439166 2347086 0086792 0009452
 1332838 0017337 0332257 1552866 2700399 0216045 0027126 0033640 0410226 0031727 0033684 0333606 0031686
 0030705 0027126 0410226 1552738 0205108
 0162735 0026882 1552961 2347617 0017337 0150312
 0332149 1705910 2362652 0162735 2924612 0596611 0026882 1552961 1705285 2347617 0015127 1524003 0031437 1285572
 1707959 1367578 1335671 0017337 0034786 1447749 0015127 1314792 1524003 0521329 0026846 0026845 0333641 0442025 0162735 0596611 0026882 1552961 2347617 0015127 1524003 0936016 1367578 0015799 0205070 0450355
 0024779 0026045 1706473 0017337
 0086282 1517488 0031686 0031678 0031689 1149880 0031686 0031678 0031689 1149880 1515877 1879547 0020374 0063164 1415615 0047420 0030016
 0020374 0063164 1415615 0047420 0030016 0439836 0599474 0005572 0220781
 0020374 0063164 1415615 0047420 0030016 0205177 0047420 0023175 1442948 1522538 2348269 3275067 0541749 1709743 1719958 0014653 1547026
 1332838 0017337 0521116 1292732
 0520510 0679830 0220825 1261322 0030705 1514756 0205486 1306597 0200149
 0031809 0024485 1552358 0028580 0917874 1551403 0011923 0024488 0034606 0079595 0231881 0441633 0459800 0563532 0684213 2826292 0013867 0015214 3245505 0884358
 0449438 0332152 1285573 2826257
 0220908 1305399 1705053 0178913 0005767 0005768 0229664 0370003 1521827 2347026 1518384 0442711 1507394 1522729 2348563
 0086045 0034754 1706688
 0370003 2347026 0439297 1720119 1948037 0034754 0205265 1279901 1527178 1555582 1705685 1705938 0034754 1705179 1883727 1883351 0521093 0750484 1456348 0086045 1446561
 0012854 1709595 2349200 0337051 1509144 2349200 1883708 0439297 0086045 0205088 1446561 1546485 1720119 1948037
 0337051 1509144 2349200 0030551 0445247 1521827
 0370003 2347026 0332257 0337051 3538986 0337051 0032520 0677874 1519303 1519302 0039290 0032529 0075804 0205341 1282927 1547730 1705914 1806781 2350002 0218063 1517480 1521871 1705759 1883351 0022885 0039593 0392366 0337051 0558058 0017270 0439603 0332257 0337051 3538986
 1517480 1521871 1705759 0439509 0884358 1709595 2349200 0012854 0006353 0020283 0041175 0077281 0450407 0450408 0450409 0814229 0024472 0017237 1145617 0369637 0441923 0045186 0045191 0057430 0076582 0439192 1953384 0206415 1335439
 0005516 0332149 1705910 2362652
 0439962 0439509 0681850 1511572 1550501 1706203 2349001 2697811
 1514468 0936012 0041942 0071500 0017243 0071499
 0071500 0017243 0071499 1293950 0037125 0234621 0487602 0947651 1305285 1318876 1704680
 0017393 0600223 0017296 0314603 0005516 0024779 0026045 1706473 0869040 0557651 1273517 2603343 0023745 0086418 0205099 0679729
 0036849 0220908 0220909 0333052 1442518 1519303 1698960 1705195 1710031 1710477 2607870 0205349 0392747 0814229 1883712 1519303 0032529 1554078 0005516 0282524 0017428 0220908 0332464 1273517 1305399 1705053 2338314
 0002778 0936012 1524024 0005516 0439178 1446409 1514241 2825490 0005516 0230171 0439178 1446409 1514241 2825490 0002778 0237876 0441635 0936012 1273517 1522138 1524024
 1285573 1883708 0027361 0237401 0884358 0370003 2347026 0015576 1704727 1524063 0005516
 1285573 0884358 1524063 0439962
 0017393 0600223 0005516 0004793 0162326 0162327 1511726 1519249 3146294 3245479 2346631 0022877 3146294 3244292 3245503
 1511726 3245479 0470187
 1704732 0598211 1517892 1704666 1705803 0021415 0005574 0205099 1533716 3245503
 0162326 1527021 1554111 1705606 3541382 1519303 1519302 0039290 0032529 0075804 0205341 1282927 1547730 1705914 1706202 1806781 2350002 1524063 0243095
 0206415 0230171 0205341 1547730 1705914 1707391 0243064 0017398 0017399 0035168 0242481 0869011
 0015576 0205450 0443299 0884358 1704727 2347469 1524063 0205547
 0012634 3242379 1883351 0441748 0596142
 0017270 0439603 3242379 1883351 0205163 1549782
 0206415 2717880 0004793 0017428 0162326 0162327 0887950 1519249 1707391
 0370003 2347026 0019425 0027361 0032520 0677874 1524063 0012634 0348080 1705253 1301808 1442792 1282910 1552828
 0332255 0486805 0018837 2348236 0005903 0039476 1547703 0013855 0071499 0050587 0017861 0146923 0006353 1552738
 0012854 1293950 0037125 0234621 0487602 0947651 1305285 1318876 1704680
 0332255 0486805 0004793 0162326 0162327 1519249 1524063 0851166 1705818 3205287 0332282 0302828 1442085 3263700
 1423524 3273411 3273412 1883351 2986676 0086282 0557651 2603343
 0043227 0018173 0027468 1521721 3642225 3642225 0237935 1515981 3245466 3642225 0439493 1513009 0369637 0441923
 0043227 0884358 1511776 0424589 0542479 1442080 1704729 0237753 0332522 0449788 1705564
 1514811 1706462 0718133 0016327 0439133 1553038 1512018 0369637 0441923
 0037771 0221166 0029124 0015392 0029144 0333641 0011265 0497327 2986892 0302523 0700325 3244290


 0205090 0684010 2603358 0205090 0684010 2603358
 1838578 0085584 1963101 0037769 0684276 0029124 0015392 0029144 0333641 1850055 0039082
 1315013
 0325074
 0205090 0684010 2603358
 0151686 0018270 0220844 1621966 2911660 0002170 0399352 1504306 0029124 0015392 0029144 0333641 0406723 0039082 0747307 0684224 0700287 3273238 0282441 0282443 1552617



 0325074

 0011065 0231800 1704631



 0439084 0728893
 0036877 1285162 0012634 0917796 0029124 0332281 0015392 0029144 0333641
 0017399 1547011 1879746
 0325074


 2827854 0027960 0324740 0439189 1456781 1824986
 0015576 1704727


 0325074
 0369773 0597277 1708601 2603361 0439114
 0221061 0039082 0015576 1704727 0015272 0242538 0728826


 3642273
 0369773 2603361
 0221061 0338508 0029124 0086588 0015392 0029144 0333641 0205210 2827447 0199236 0557651 2603343
 2827734 2981698
 0033727 0369286 0441932 0564385 2347469 0369773 2603361 1979969 0369773 2603361
 0338508 0029124 0015392 0029144 0333641 1527180 1953345 0814036 0008633 0017446 0205147 1521299 0024779 1706473
 0021966 0221138
 0796345 0002778 0023745 0936012 1524024

 0027960 0324740 0439189 1456781 1824986
 0325074 0439086 2827736 2981702
 1553033 0439394 1706495 3642217 0439394 1706495 3642217 0582525 0439267
 0017446 0205147 0030761 0338508



 0325074
 0033727 0369286 0441932 0564385 0369718 0441922 1553036 0003645 1427290 0369718 0441922 1553036 0033727 0369286 0441932 0564385
 0039082 0026650 0012634 0026649 0030486
 0027855
 0439114 0033727 0369286 0441932 0564385 0205090 0684010 2603358 0369637 0441923 0597277 1708601
 0342727 2697314 0278026 0332287 0039082



 0439114 1553033 0033727 0369286 0441932 0564385 0021966 0221138
 0039082 1558916


 0597277 1708601 0369637 0441923 0597277 1708601 0439394 1706495 3642217 2603362
 0011155 0162429 1623416 0037047 0342727 2697314 0278026

 1315013

 0205090 0684010 2603358 0005680 0027567 0085756 0439541 0597277 1708601 2603360 0439267 0597277 1708601 0006736 0369637 0441923
 0020792 0205396 0008666 0008633 0220825 1261322 1283195

 0027960 0324740 0439189 1456781 1824986
 0325074 0439086 2827736 2981702
 0205090 0684010 2603358 2603360 0005680 0027567 0085756 0439541 0597277 1708601 0597277 1708601 0006736 0369637 0441923

 1524063 0042153 0457083 1947944 1708726

 0027960 0324740 0439189 1456781 1824986
 0325074
 0006736 0369637 0441923
 0449445 1292724


 0325074
 0439084 0728893
 0597277 1708601 0369773 2603361
 0220908 0220909 1698960 1710031 1710477 0441635 1283195 0079429 0017337
 0325074
 0557775 1511780 0369637 0441923
 1283195
 1315013
 1417055
 0002111 0020517 0489531 1314973 3539909 0439073 0439082
 0582525 0033727 0369286 0441932 0564385 0718133 0073187 0597277 1708601 1553033 0439394 2603362 0439267 2603360 2603360 0456715 0369637 0441923
 1516698 1704814 0005516 0282521 1273517 1883351 0024779 0026045 1706473

 0027960 0324740 0439189 1456781 1824986
 0325074
 0369637 0441923 1512018 0369637 0441923 0369773 2603361
 0009015 1517491 0008630 1283195 1520855



 0325074 0439509
 0205090 0684010 2603358 2346686 0033727 0369286 0441932 0564385 3539687
 1707134 0314604 0017337 1514583 0348078 0376315 1522492 0017337 0052190 1412477 3539062 0003591 0015249 0043240 0374711



 0325074
 0687673 0205090 0684010 2603358 0439114
 0221061 0039082 0342727 2697314 0278026



 0033727 0369286 0441932 0564385 0021966 0221138 0205090 0684010 2603358
 0017337 0008643 0814036 0008633 0024779 0026045 0086418 1706473
 0325074
 0006736 0369637 0441923 0439114 2347469
 0271829 2697428 0039082 0814036 0008633 0024779 0026045 1521639 1706473 0205102 0439674 1457869 1861101 0015127 1524003
 0325074
 0718133 0073187 0205090 0684010 2603358 0597277 1708601 0006736 0369637 0441923
 1708726 0012854 0205396 1550043 1551388 2349200 1524063 0598429



 0325074
 0006736 0369637 0441923
 1708726 0007758 0012854 0205396 1550043 1551388 2349200 0023746 0023745 0281825 0394006 1552603 1706202 0032659 1257890 0007481 0022130

 0027960 0324740 0439189 1456781 1824986
 0325074 0439084 0728893
 0597277 1708601 0369637 0441923 2347469 0369773 2603361 0442999 1621797 0439267 0033727 0369286 0441932 0564385 2603360
 0599777 0814036 0024779 1706473
 0325074
 0033727 0369286 0441932 0564385 0016327 0439133 1553038 0439267 0597277 1708601 0205090 0684010 2603358 0369773 2603361 0033727 0369286 0441932 0564385 0439267
 0020375 3495435 0024188 0047420 0009015 1880022 1283195 0017337
 0017428 2338314
 0016327 0439133 1553038 0582517 0021966 0221138 0016327 0439133 1553038 1553033 0205090 0684010 2603358
 0204727 0205409 0220862 1880022 1516050 0030016 0020374 0063164 1415615 0047420 0030016

 0325074 0450389
 0205090 0684010 2603358 0369637 0441923 2347469 0033727 0369286 0441932 0564385
 0026882 0026846 0026845 0333641 0442025
 0349590 1262865

 1527178 1874451 1883073 2827424 1367578 1335671 0017337 0034786 1447749 0002844 0237834 1514892 3536949

 1315013

 0450348
 0402830 2603362 0112081 0073187 0016327 0439133 1553038
 0184661 1948041 2700391 3274430 3538935 3539779 0427861 1180059 0007634 1979936 3282337
 2347379 0028606
 2347469 0439267 0369637 0369773 0441923 2603361
 0015663 0456962 1293950 0487602 1704680 0071500 0017243 0071499
 0003461 2939124


 0022885 0392366



 0325074
 0597277 1708601 0439230 0369637 0441923
 0002778 0030761 0376691 0936012 1524024 1709697 2728259 3484370 0325045
 0325074
 0439084 0728893
 0073187 0006736 0369637 0441923
 0036667 0312418 0427965 1511883 1522640 2346484 2349185 1555721 1706204
 0887950
 0000857 0600678 1552863 0282413 0376649 1442065 1704732 1314677
 0039677 0039958
 1292711 0449719 1709471
 0041740