 0042153 1512032 0596988 0085201 0003353 0003504 0084821 1415629 0185117 0034036 0034037 1514756 1704324 0348078 0376315 1515981 1522492 1527075
 0035853 0995005 0205090 0684010 2603358
 1826357 0520510 1514811 1706462 0000857 0600678 1552863 1524063 1510800 0086022 0442335 1512032 0596988 0332128 1880177 0085201 0003353 0003504 1515670 0185117
 1514559 2346662 0023175 0181586 0332462 0442805 1442948 1522538 1880834 2348269 3275067 0185117 0052191 0009450 0441889 0456079 1547707 2946261
 0681814 1524063 0007600 0677626 0007634 0023903 0205132 1269647 1704653 1948049 2239176 0085201 0003353 0003504 0003591 0185117 0851285 1314939 1327622 0205132
 1280500 2348382 0185117 0085201 0007600 0205132 0226890 1280750 0014609 0021853 1441547 3245521
 0178238 0009450 0001483 0001486 1552907 0443228 1704243 0442805 0441889 0456079 1547707 2946261 0035696 0085201
 1274040 1546471 2825142 0085201 0003353 0003504 1515670 0185117 1705535 1511545
 1293116 1875307 0003591 1305923 1148636 0005528 1314939 1317949 3495449 1156530 0025519 0025520 0041004 0031676 2827734 2981698
 0033684 1521970 0025519 0025520 0243144 0347980
 1136352 0000768 0220810 0017296 0243067 0314603 0005572 0220781 0596846 1278073 0154251 1550030 1836348 0005528 0012634 0023175 0023779 0032105 0205082 1317949 1442948 1522538 1550098 2348269 3275067 3495449 0243107 0678723 1527148 0008972 0205210 0947630 1397014 0442805 0035647 0740116 2827735 2981700
 0040649 1445865 1184743 1522240 0725066 0243148 1550141 1882979 2587213 3274648 0185117
 0449719 1709471 0424215 2003939 0162326 0086982 0037080 0037083 1160185 1704259 1705987 1710082 0243148 1550141 1882979 2587213 3274648 3244092 0441889 0456079 1547707 2946261
 0084821 1415629 0872184 0227525 0521447 0669372 1521761 2827422 2827734 2981698 0680022 2698041 0023899 1518434 0023884 0205409 0521447 0736268 1278929 1548221 2346688 0439084 0728893
 0035696 0150312 0449450 0022646 0227665 1278978 1514845 0030274 1278931 0023884 0736268 1278929 2346688 0439084 0728893
 0150312 0449450 0023688 0205396 1550043 1551388 0205543 1691010 1883351 0680022 2698041
 0023688 2987476 1518422 0205309 0332197 1689985 0023688
 0678594 0205250 0442824
 0424215 2003939 0086418 1552118
 0947630 0162326 0003591 0086860 0332257 0085201 0003353 0003504 0052191 1547548 0439084 0728893
 1883351 0035820 1705810 0085201 0003353 0003504 0185117 0052191 1510800 0086022 0442335 1883559 0332307 0445392 1547052 1512032 0596988
 1145667 1167622 0012854 1518422 0700364 1883351 0348078 0376315 1522492 0086282 0332257 0140283 0140278 1421546 0035339 0597357 3536891 0140278 0597357 0034843 0019929 0040135 1367453 0019932 0040132 0597357
 1883727 1706214 0596988 0332268 2266866 0205177 0439167 0441655 1561536 1148673 0018790 0237477 0392351 0521111 0162493 1879547 0220781 0439634 1522492 1883559 0441732 0332307 0445392 1547052 0332529 0596988 1510996
 0085201 0003353 0003504 1445865 0017337 0052191 1517892 1704666 0700364 1883351 0237876 0034987 0013879 0220905 1704735 2827421 1510800 0086022 0442335 0441732 0683607 1883351 1280500 3244092 0185117 0441889 0085201 0003353 0003504 1445865 0017337 0052191
 0520510 0599566 0086022 0442335 0335038 1522485 1705915 1709908 2827421 0085201 0003353 0003504 0003591 0011516 0582519 1709450 2827734 2981698 0332255 1708096 0072279 0205409 1548221

 2827421 0004793 0162326 0162327 1519249 0033413 0017446 0086860 0205147 0205280 1709908 0684224 0700287 3496591 0011516 0868946 0868946
 0332255 1708096 1998793 0868946 1866552 3273616 0072149
 2827421 0868946 0332255 1708096 0332256 2700400 0085201 0003353 0003504 0003591 0162326 0205409 1548221 1883351 1706214 3244320
 1883357 1881534 0086860 0085201 0439084 0728893 1883708 1979934
 0086022 0442335 1705099 1706214 1524063 0439084 0728893 0439084 0728893 0206415 0032520 0337112 0443286 1114821 1335439 1524075 3272453 0012854 0017428 0887950 1706214 3244320 0332255 1708096 0052191 0003591 0086860 0332256 0450348 1547548 2700400
 1514468 1704444 1883708 3541894 0205145
 0086860 0052191 0004793 0162326 0162327 1519249 1883708 0332255 1708096 1866552 3273616 0868946 1706214 3244320
 1883351 2827421 0599566 0086022 0442335 0332255 1708096 0439084 0728893 0205435 1279901 3541894
 3541894 1706214 3244320
 0079866 3146302 0032520 1273517 1883351 1883712 0162326
 1707531 1706214 0332255 0486805 1415629 1708096 2827421
 0596988 1706214 1524063 0206415 0032520 0337112 0443286 1114821 1335439 1524075
 1706214 3244320 1414407 1418599 3540812
 0596988 0032520 0004793 0162326 0162327 1519249
 0040669 0282560 0007634 3282337 0884358 1552738
 0040669 0332257 3538986 0086943 0086942 0682460 0035826 0042776 0319157 1261473 0016955 0042295 1882115 0042295
 1274040 1546471 2825142 1882932 0040669
 0001483 0001486 0443225 1444754 1514798 1552907 1706316 0009013 1524063 0205145 1706214 3244320
 0001483 0001486 1514798 1552907 1521827 1998793 0475208 1552738
 0009450 0449822 0021966 0221138 0007634 0439165 1522410 1549488 1561533 3282337 0439663 0009450 0332283 0487602 1704680 1150051 0205177 0439167 0441655 1561536
 0030956 0002520 0034693 0034721 0010654 1883254 1948027
 0030956 1883708 0064332 0018999 0324030 0522529 2350000
 0324547 0027978 0007457 0034493 0043157 0205314 0220938 1720154 0030956 1517892 1704666 1524063 0025664 0184661 2700391 0021499 0021485 0439269 0443315 1533685 1828121 1960952 2346927
 0521447 1518434 2828366 0596608 0949632 0001483 0001486 0439663 1552907 1521827 1552738 0450348
 0427716 1304757 0086045 1524063 0025663 0449851 0871511
 1148673 0033618 0033684 0243122 1145667 1167622 0005507 0243073 1510438 1518434 0521447 1272695 1439852 2746065 2828366 0450376 0019215 1882074 0020283 0450407 0450408 0450409 0024472 0012789 0017861
 0205370 0750540 1524062 0182400 1704681 2347609 3536729
 0449468 1690016 1705102 2700258
 1704241 0071500 0017243 0071499 0086972 0443299 0687118 0006007 0041175 0077281 0814229 0020283 0450407 0450408 0450409 0006353
 1518434 0521447 2828366 0949466 2717940 0001483 0001486 0007634 0439663 1441547 1552907 3245521 3282337 0071500 0017243 0071499 0086972 0443299 0687118 0332283 0040671 1705822 0025255 0596901 1706182
 0025255 0028778 0332206 2983591 1524063 0041175 0077281 0814229 0020283 0450407 0450408 0450409 0037494 1959973 0041415 0444499 0991850 0026131 0349374 0444318 2825079 2348236 0005903 0039476 1547703 1883708 1439852 1442450 0020960
 1548982 0040223 1632851 1883708 1439852 0020960
 0205449 0441648 0175723 0442726 1511790 1524063 0162524 1450278
 0035668 0005861 0040284 1524063 0022885 0039593 0392366
 0370003 2347026 0013855 1708639 0348011 0683758 0442711 1507394 1522729 1552738 2348563 0947322 1705426 1999230
 0035696 0442726 1511790 1524063 0182400 0052191 0600436 0002055 0003591 0086418 0178499 0332255 1547548 1708096 1709450 1880279 3146294 0332255 1708096 0332255 1708096 0017857 2260086 0030016
 0012634 0348080 1705253 0441648 1524063 0449913 1553451 1704459 0005526 0036397 0947322 1552738 1705426
 1883351 1709793 1705241 1705242 1274040 1546471 2825142 0936012 0596957 0017857 2260086 0017855 0428304 0017854 0030016 0031603 0031701 0441889 0456079 1547707 1601799 1710082 1882115 2946261
 1512032 0596988 0035820 1705810 0040649 1445865 2827421 0599566 0086022 0442335 0009219 0443225 1444754 1706316 0006556 0348078 0376315 1512032 0205160 0348078 0376315 1513916 1522492 1527180 2825415 2825491 0450344 1553633
 0332256 2700400 1442161 1511760 1880274 0332257 1552866 2700399 1511662 1148673 0012854 0243122 1145667 1167622 1880389 1883221 3541951
 0231175 1883351 1705417 2266866 0205177 0439167 0441655 1561536 1511726 3245479 1518422 1547282 1512032 0040649 0079613 0205160 0205263 1513916 1527180 2825415 2825491 0376525 0441732
 0301630 0392756 0441610 1511662 1148673 0012854 0243122 0596988 1145667 1167622 1880389 1883221 3541951 0680022
 0349966 1337208
 2827734 2981698
 1879547 1512032 0185117 0205160 0311403 1513916 1527180 2825415 2825491
 1514861 1882932
 0237753 0449788 0002520 2917660 0546742 0001128 0202406 0205543 0237753 0449788 0205284 1522411 2828371 1334043 2697616 1880389 1883221 3541951
 0017446 0205147 1511662 0179400 1533124 1882932 0150312 0449450
 2347469 2717940 0007634 3282337 0178602 0869039 1114758 0439212 0007634 3282337 1707156 3274014 3541345 1707156 3274014 3541345
 2717940 0007634 3282337 0007634 3282337 1707156 3274014 3541345 1707156 3274014 3541345 0178602 0869039 1114758
 0040669 1514756 1265611 0007634 3282337
 1707156 3274014 3541345 1882932 0871420 0012727 0205419 1442989 1705236 2828392
 0012634 0348080 1705253 0205174 0884358
 0333052 2607870 0016094 0180853 1522646 2827421 0332256 2700400 1948062 0449719 0086860 0085201 0599566 0086022 0442335 0332462 0439509 1880834 1274040 1546471 2825142 1151115 0474395 0024075 0205177 0439167 0441655 0442805 1561536 0450345
 0205419 0348078 0376315 0700364 1883351 1515877 1879547 0441889 0449286 0542560 1561545 2348088
 1883351 0596988 1511662 0018790 0237477 0392351 0521111 0040649 0441889 2717940 0007634 3282337 1265611
 0596988 0028778 0332206 2983591 0205177 0439167 0441655 1561536
 1274040 1546471 2825142 0596988 1512032 0205160 1513916 1527180 2825415 2825491 0376525
 1274040 1546471 2825142 0700364 1883351 0205369 1552740 1301751 1280500 2348382 1148772 1152633 0205177 0439167 0441655 1561536 1511726 3245479 1518422 1547282
 0185117 0947630 0085201 0033413 0003353 0003504 0003591 0017446 0086860 0205147 1145667 1167622 2827421 0332256 2700400 1948062 0683317 0441889 0871261 1704632 1706817 2911692 0332120 0442808 0456950 0441889 0456079 1547707 2946261 0023175 0181586 0237881 0442805 0750502 1442948 1522538 1546944 2348269 3275067 1325281 0205177 0439167 0441655 1561536 0227525 0007634 3282337
 0681841 0007600 0677626 0007634 0023903 0205132 1269647 1704653 1948049 2239176 0869040 0947630 1273517 0332256 2700400
 1883351 0376649 1442065 2717940 0007634 3282337 2827421 0085201 0003353 0003504 0003591 0086860 0332256 2700400 1517892 1704666 0311727 0024075 0162328 0599566 0086022 0442335
 0205171 0392747 0443172 0700321 1720467 1274040 1546471 1325281 0205177 0439167 0441655 1561536 0349966 1337208 2347469
 0392756 0185117 1705535 1880177 0017262 0085201 1445865 0003353 0003504 0003591 0017337 0185117 0007600 0007634 0205132 1269647 1550648 1552960 1704653 1948049
 2717940 0007634 3282337 0085201 0003592 0003353 0003504 0003591 0332462 1879547 1880834 1274040 1546471 2825142 1705052 2986796
 0231175 1883351 0001721 1325281 0205177 0439167 0441655 1561536
 0349966 1337208
 0740116 2827735 2981700
 0001721 1325281 0205177 0439167 0441655 1561536 0427385 1318444 0007634 0031437 0725813 1269647 1285572 1704653 1948049
 2717940 0007634 3282337 0178602 0869039 1114758
 2347469 2717940 0007634 3282337 0178602 0869039 1114758 0439212 0007634 3282337
 2717940 0007634 3282337 0178602 0869039 1114758
 0073187 0282560 0007634 3282337 0178602 0869039 1114758
 0282560 0007634 3282337 0178602 0869039 1114758
 0040669 1514756 1265611 0007634 3282337
 1707156 3274014 3541345 1882932 0871420 0012727 0205419 1442989 1705236 2828392
 0012634 0348080 1705253 0205174 0884358
 0333052 2607870 0016094 0180853 1522646 0052191 0003591 0086860 0332256 0450348 1547548 2700400 1517892 1704666 0311727 0024075 0162328 0332462 1880834 1274040 1546471 2825142 1151115 0474395 0024075 0205177 0439167 0441655 0442805 1561536 0349966 1337208 2347469
 2348205 1441672 1524063 2827421 0085201 0003353 0003504 0003591 0439064 1948062 0332529 0205145 1515974 2825164 0238767 0348078 0376315 1706086 0600508 0013879 0871261 1704632 1705248 1706817 2911692 3245505
 1883351 0376649 1442065 0052191 0003591 0086860 0185117 0205112 1314939 1547548 0007634 3282337 1265611
 0392756 0547047 1274040 1546471 2825142 0205177 0439167 0441655 1561536 0450366
 0349966 1337208
 0439086 2827736 2981702
 1325281 0205177 0439167 0441655 1561536
 2717940 0007634 3282337 1265611 2347469
 2717940 0007634 3282337 1265611 0439212 0007634 3282337
 0040669 1514756 1265611 0007634 3282337
 1707156 3274014 3541345 1882932 0871420 0012727 0205419 1442989 1705236 2828392
 0012634 0348080 1705253 0205174 0884358
 0333052 2607870 0016094 0180853 1522646 0079411 3146294 0185117 0332218 0017263 0851285 1327622 0086860 2827421 0332268 0314642 0162326 0220905 1704735
 1883351 0376649 1442065 0449295 3146294 1510800 0086022 0442335 1512032 0205160 0596988 1442161 1511760 1513916 1527180 1880274 2825415 2825491
 0007600 0007634 0205132 1269647 1704653 1948049 1510800 0086022 0442335 0009450 0683607 1883351 1280500 2348382 1512032 0678941 0596988
 0085732 2717940 0007634 0009450 0392366 3282337 0475208 0001483 0001486 1552907 0007634 3282337 0439663 1511726 3245479 1518422 1547282 0332283 0455052 1521827 2828366 0020985 1524063 0020960 0205369 1552740
 0009450 0205217 0441889 0442805 0450382 1305923 1532717 0020960 0007634 1707455 3282337 0001483 0001486 0439663 1514798 1552907 0016955 0450373 1553636 1708639
 0275524 0185117 1305923 1524062 1274040 1546471 2825142 3152252 0577559 1306372 0450373 1553636 1708639
 0275524 1518422 1280500 2348382 0450373 1553636
 0349966 1337208

 1274040 1546471 2825142 0205245 0542341 2700217
 0185117 0020985 0002778 0521447 0936012 1524024 1518434 2828366 2717940 0007634 3282337 0033727 0369286 0439663 0441932 0564385 1708639 1708639 0021966 0221138 0369637 0441923 0021966 0221138 0369637 0441923 1708639 1708639
 2347469 0425245 0449580 0005507 0243073 1510438 0884358 1524063 0028953 0086860 0085201
 1708639 0439267 2717940 0007634 3282337 0021966 0221138
 1708639 0007634 3282337 0021966 0221138 0369637 0441923
 1708639 0007634 3282337 0021966 0221138 0369637 0441923
 0005507 0243073 1510438 0884358
 1708639 0007634 3282337
 1708639 0007634 3282337 0439663 0021966 0221138 0369637 0441923 0021966 0221138 0369637 0441923
 0336721 0439855 1704241
 0175723 0439645 1521913 0182400 1704681 2347609 3536729
 0333052 2607870 0016094 0180853 1522646 1518434 0521447 2828366 2717940 0007634 3282337 0009450 1547282 0442805 0085201 0003353 0003504 0003591 0450375
 0439855 1704241 1518434 0205431 0521447 0007634 3282337 0332256 2700400 0020960 0450375 1708639
 0275524 1512032 0596988 1883559 0205216 0392756 0442797 1148673 0012854 0243122 1145667 1167622 1707455 2828366 0007634 1301820 3282337 0439663 0205171 0439044 0679994 0450376
 0009450 2717940 0007634 3282337 1547699 2700640 1512032 0596988 1280500 2348205 1274040 1546471 1325281 0205177 0439167 0441655 1561536 0681814 1301820
 0009450 2346662 0023175 0332462 0442805 1442948 1522538 1880834 2348269 3275067 1151115 0205177 0439167 0441655 1561536 0009450 0392756 0547047 1274040 1546471 2825142 0185117 0349966 1337208
 0205177 0439167 0441655 1561536 0086022 0442335 1705099 2986417 0205216 0392756 0442797 0009450 1512032 1511726 3245479 1518422 1547282
 0349966 1337208
 0439084 0728893
 0001483 0001486 0086597 0127400 1514798 1552907 0185117 0443264 1325281 0205177 0439167 0441655 1561536 2717940 0007634 3282337
 2717940 0007634 3282337 0007634 1269647 1704653 1948049
 1707156 3274014 3541345 1882932 0871420 0012727 0205419 1442989 1705236 2828392
 0012634 0348080 1705253 0205174 0884358
 0333052 2607870 0016094 0180853 1522646 1883351 1280500 2827421 1883351 0023745 0017296 0314603 0052191 1547548 0013879 0205214 0220905 1522138 1704735 3245511 0034987 1274040 1546471 0007634 3282337 0439663
 0441889 1301820 0007600 0007634 0205132 1269647 1704653 1948049
 1299582 0439093 0443228 1704243 0007587 0007634 0011065 1269647 1306577 1704653 1948049 0947630 1444662
 0428304 0441889 0456079 1547707 2946261 2986417 0597363 0042776 0521026 0042769 0009450 1518422 0205370 0750540 0017262 0001721 0007634 0017337 0178539 0185117 0349966 1337208
 0040669 0040704 0205374 1441672 0005507 0243073 1510438 2827421 2717940 0007634 3282337 0441889 0456079 1547707 2946261 2986417 0349966 1337208 0021966 0221138
 1883712 0332462 0442805 1274040 1546471 1880834 2825142 0185117 0085201 0007634 3282337 0009450 0085201 1515670 0003592 0003353 0003504 0003591 0035696 0185117 0205263 0857127 1274040 1546471 2825142 1514733 0007600 0814997 0007634 0021853 0034693 0034721 0205132 1269647 1550648 1552960 1704653 1948049 0349966 1337208 0021966 0221138
 0009450 0015127 1524003 0392756 0547047
 3244092 0441889 0456079 1547707 2946261 0205251 1299352 1550472 1883712 1518422 0392747 0035696 0441889 0021966 0221138
 0349966 1337208

 0443264
 0035668 0007600 0007634 0205132 0205409 1269647 1442464 1548221 1550648 1552960 1704653 1948049 0009450 0001483 0001486 1552907 0013855 1708639 0025255 0028736 0596901 0740034 1706182 0007512 0006556 0182400 1444656 1553631 1708632
 1274040 1546471 2825142 1882932 0185115
 0333052 2607870 0016094 0180853 1522646 0021966 0221138
 0441889 0035668 0040284 0009450 0370215 1875400 1510800 0086022 0442335 1553631 0020202 1300517 1524063 0596957
 0205369 0243122 1145667 1167622 1552740 1301820 1710082
 1274040 1546471 2825142 0205369 0243122 1145667 1167622 1552740 0007600 0007634 0205132 0205369 0243122 0332849 0445247 1145667 1167622 1269647 1550648 1552740 1552960 1704653 1948049 0042776 0243148 0319157 0439663 1550141 1882979 2587213 3274648
 0042769 0009450 1518422 0001721 1515670 3244092 1515563 0185117 0441889 0456079 1547707 2946261 0007600 0007634 0205132 1269647 1704653 1948049
 1274040 1546471 2825142 1882932 0185115
 1553631 0020202 1300517 1524063 0596957
 0205369 0243122 1145667 1167622 1552740 1301820 1710082
 1274040 1546471 2825142 0205369 0243122 1145667 1167622 1552740 0007600 0007634 0205132 0205369 0243122 0332849 0445247 1145667 1167622 1269647 1550648 1552740 1552960 1704653 1948049 0042776 0243148 0319157 0439663 1550141 1882979 2587213 3274648
 0042769 0009450 1518422 0001721 1515670 3244092 1515563 0185117 0441889 0456079 1547707 2946261 0007600 0007634 0205132 1269647 1704653 1948049
 1274040 1546471 2825142 1882932 0185115
 0007600 0007634 0035696 0052191 0085201 0205132 1269647 1412468 1412478 1550648 1552960 1609817 1704653 1948049 2698168 2825881 1280500 2348382 0185117 0085201 2717940 0007634 3282337 0185117 0205217 0442805 0441889 0456079 1547707 2946261 0009450 0205216 0392756 0441889 0442797 0470166 0349966 1337208
 0443289 0442805 0009450 0392756 0547047 0021966 0221138
 0521093 0750484
 1299582 0442726 0185117 0007634 3282337 0001486 0009450 0231175 1883351 0205263 1511726 3245479 1518422 1547282
 0680022 2698041 0023884 0736268 1278929 2346688 0021852 1268998 1519375 0680220 1883254
 2698977 0162326 0085201 0003591 0150312 0449450 0003593 0003591 0052191 1547548 0086860 0052181 1412470 1441414 1553874 1578820 1883351 0017262 0185117
 0332120 0004793 0162326 1527178 1705938 0086860 1145667 1167622 0681814 0040669 2827421
 1883351 0009498 0681814 1514559 2827421 0596988 0332268 1511662 1148673 0012854 0243122 1145667 1167622 1880389 1883221 3541951
 0012854 1145667 1167622 0596988 0332256 2700400 0162326 0348078 0376315 1522492 0596448 1510996 2348205 0596988 1552738 0034843 0019929 0040135 1367453 0019932 0040132 0597357 0034804 1414461 1521863 0014939 0597357 2936882
 0231175 1883351 0348078 0376315 1522492 0597357 1705535 1512032 0596988 0040649 0079613 0205263 0205369 1552740 1999216
 0596988 2266866 0205177 0439167 0441655 1561536 0028778 0332206 1533157 1706084 2828370 0040649 0348078 0376315 0376525 0004793 0162326 0162327 1519249 0205088 0392747 0443172 0596260 1705241 1705314 1705315 1880389 1883221 3541951
 1518422 0442726 0001721 0205177 0439167 0441655 1561536 0175996 0178719 0205263 0597357 0332149 1705910 2362652 1880389 1883221 3541951
 0680240 0947630 0740116 2827735 2981700 0085201 0001721 0003353 0003504 0003591 0086860 0185117
 0185117 2717940 0007634 3282337 0023175 0392756 0439509 0547047 1442948 1522538 2348269 3275067 0185117 1705535 0085201 0003353 0003504 0003591 0185117 1880177 3161035
 1510800 0086022 0442335 0231448 0231449 0439792 2607943 2926606 3539655 1445865 0017262 0017337 0185117
 1280500 2348382 0035696 0441889 2717940 0007634 3282337 0441889 1518422 0392747 0443172 1705241 0185117 0085201 0185117 0392756 0547047 1515670 0185117
 1514559 0023175 0181586 0332462 0442805 1442948 1522538 1880834 2348269 3275067 0035696 0441889 0007600 0205132 1550648 1552960 0185117 0301630 0392756 0441610 0035696 0085201
 1274040 1546471 2825142 0332290 0456950 3244092 0441889 2717940 0007634 3282337 1280500 2348382 0007600 0205132 1550648 1552960 0700364 1883351 0456950 3244092 0441889 1511726 3245479 1518422 1547282
 1514559 0700364 1883351 1280500 2348382 0226890 1280750 0014609 0021853 1441547 3245521
 0040669 0547043 0851285 1282911 1151115 1325281 0205177 0439167 0441655 1561536 0332462 1880834 2827421 0682610 0007600 0332185 1552738

 0009450 1510800 0086022 0442335 1705099 1547699 2700640 1515670 0185117 0332462 1880834
 0007600 0007634 0205132 0238767 1269647 1704653 1706086 1948049 0700364 1883351 0001721 0205101 0205228 1883712
 0205263 0857127 1524063 0001483 0001486 1552907 1705535 0035820 1705810 0185117 0085201 0003353 0003504
 1883351 1705241 1705242 0439849 0445223 1552738 0017446 0205147 0052191 0314613 1445865 0003591 0017337 0332256 1547548 2700400 1517892 1704666 0017446 0205147 0332256 2700400 0600508 0013879 0871261 1704632 1706817 2911692 0017262 0085201 1445865 0003353 0003504 0003591 0017337 0185117 1880177 0814997 0007634 3282337 0450355
 0005507 0243073 1510438 2717940 0007634 3282337 2827734 2981698 0348078 0376315 0861064 0023175 0181586 0185117 0205217 0335038 0442805 1442948 1522485 1522538 1705915 1709908 2348269 3275067 2827421
 0205263 0857127 0052191 0003591 0035696 0441889 0456079 1441672 1547548 1547707 2946261 0332282 0001486 0009450 1547699 2700640 0441732
 0205172 0009450 0392756 0547047 0035696 0441889
 0052191 1325281 0003591 0086860 0205177 0439167 0441655 1514873 1547548 1561536 1705535 0443264 0023175 0237881 0392747 0443172 0750502 1442948 1522538 1546944 2348269 3275067 0441889 0456079 1547707 2946261 0185117 0052191
 0441889 0020557 1522137 0015663 0041004 0205217 0442805 1550565 0030705 0026339 3161035 0449913 1553451 1704459
 0008972 0205210 0947630 1705535 0020557 0542495 0041004 0229671 1546774 1550100 1563937 0392885 0023822 0023821 1522133 0065055 0201950 0428466 0008377 0023820 0178587 0205250 0441889 1299351 1707520 2700149 0850664 0035648 0050325 0679238 0960756 1281905 0035647 1521761 2827422
 0443264 1882932 1521840 2986546
 1522634 0205177 0439167 0441655 1561536 0851285 1518422
 0332197 1689985 0023688
 0023688 0150312 0449450 0150312 1883351 0868928 1706255 1706256 0166418 1418776 0600434 0597357 0752063 1879547 2984308 0298537 1417825 1421546 0597357 1879547
 1522634 1518422 0023688 0040649 0947630 0598783 1517898 0023779 0025519 0025520 0007222 0007226 0012634
 2825232 0010186 0220812 0449719 1709471 0220808 0680264 0007961
 1706852 0522501 1706089 0949214

 0282413 0376649 1442065 1826357 0024492 1538057 1547565 0023688 0000723 1273517 1415629 0084821 1415629 0872184 0227525 0521447 0669372 1521761 2827422
 0085201 0003353 0003504 0085201 0003353 0003504
 0052191 1547548 0052191 1547548
 0021966 0221138 0009450 0449822
 2986676 0031831 1707664 2348314 3540849
 0001483 0001486 1514798 1552907
 2986676 0031831 1707664 2348314 3540849

 2986676 0031831 1707664 2348314 3540849
 0031831 1707664 2348314 3540849
 0600659
 1514811 1706462 0678579 0369637 0441923

 0439394 1706495 3642217
 0036397 0025141 0439394 1706495 3642217
 0439394 1706495 3642217



 0025141 0369637 0441923
 0033727 0369286 0441932 0564385 0439114 0597277 1708601 0439114
 0369773 2603361 0369773 2603361 0369773 2603361
 0597277 1708601 0369773 2603361 2603360

 0369718 0441922 1553036
 1414400

 0000857 0600678 1552863 0605411 0369637 0441923
 1511325

 0033727 0369286 0441932 0564385

 1553033 0205090 0684010 2603358
 0369637 0441923




 0000857 0600678 1552863 0016327 0439133 1553038
 0443021


 0000857 0600678 1552863 0439394 1706495 3642217 0369718 0441922 1553036


 0201682
 0369637 0441923
 0439114 2347469


 2347961

 0025141
 0205090 0684010 2603358
 0369637 0441923
 0007634 1269647 1704653 1948049 0025141 0369773 2603361 0522501 0369773 2603361
 0007634 1269647 1704653 1948049 0025141 1077817
 0369773 2603361
 2347469 0999213 0439394 1706495 3642217 0016327 0439133 1553038

 0439267
 0205090 0684010 2603358
 0349590 1262865 0025141 0016327 0439133 1553038
 0439267
 1077817
 0016327 0439133 1553038

 2603362
 0597277 1708601
 0027960 0324740 0439189 1456781 1824986
 0007634 1269647 1704653 1948049

 0000857 0600678 1552863
 1511325
 0439394 1706495 3642217 0016327 0439133 1553038
 0369637 0441923


 0201682
 0016327 0439133 1553038
 1553033 2347469
 0017337
 0025141 0033727 0369286 0441932 0564385 0369718 0441922 1553036

 2347379 0028606
 0000857 0600678 1552863 0033727 0369286 0441932 0564385
 2603362
 0597277 1708601 1416988 1538267 0369773 2603361
 2347379 0028606
 0000857 0600678 1552863 0439267 0439394 1706495 3642217 0597277 1708601 0016327 0439133 1553038
 0369637 0441923
 0027960 0324740 0439189 1456781 1824986
 0007634 1269647 1704653 1948049

 0000857 0600678 1552863
 0439267 0443058 2603360

 0021966 0221138 1511325
 0439394 1706495 3642217


 0201682
 2603362
 0597277 1708601
 0021966 0221138 1511325
 0439394 1706495 3642217
 1418943

 0268596 2700624
 3642273
 0041703
 0000857 0600678 1552863 2603362
 0369773 2603361


 2347469
 0369773 2603361
 0027960 0324740 0439189 1456781 1824986

 0000857 0600678 1552863 2603360 2603360


 0025141 1832110 2603362
 0033727 0369286 0441932 0564385
 0205090 0684010 2603358

 0597277 1708601 0439394 1706495 3642217
 0205090 0684010 2603358
 0017337
 0025141
 0453946
 2603360 0205090 0684010 2603358

 2347469


 0201682


 0027960 0324740 0439189 1456781 1824986
 0007634 1269647 1704653 1948049

 0000857 0600678 1552863 0369637 0441923
 0369637 0441923
 0003461 2939124

 2347469
 2945617 1553033 0033727 0369286 0441932 0564385
 0033727 0369286 0441932 0564385
 0027960 0324740 0439189 1456781 1824986

 0439086 2827736 2981702 0000857 0600678 1552863 0205090 0684010 2603358
 0369718 0441922 1553036
 0027960 0324740 0439189 1456781 1824986
 0007634 1269647 1704653 1948049

 0000857 0600678 1552863 1553033 0369773 2603361 0016327 0439133 1553038 0369773 2603361 0369773 2603361

 0450389 0000857 0600678 1552863 0439394 1706495 3642217
 0033727 0369286 0441932 0564385 0369718 0441922 1553036
 0033727 0369286 0441932 0564385 2603362
 0439114 2347469
 0369637 0441923

 0017262 0017337 0185117 0025141 0369718 0441922 1553036
 0021966 0221138 0021966 0221138
 2347379 0028606
 0000857 0600678 1552863 0439267
 2603362
 0597277 1708601

 1315013

 0025141 0369718 0441922 1553036 0597277 1708601 1511325
 0439394 1706495 3642217

 2347379
 0000857 0600678 1552863 0439267 0369773 2603361
 0597277 1708601 0402830 0369773 2603361
 0025519 0025520 0025141 1415618 0369718 0441922 1553036 1511325
 0439394 1706495 3642217
 0036397 0025141 0369718 0441922 1553036 3495095 0033727 0369286 0441932 0564385 0369773 2603361 2603362
 0033727 0369286 0441932 0564385


 0201682

 0369773 2603361



 0025141 0439267
 1704648


 0033727 0369286 0441932 0564385
 0369718 0441922 1553036 0597277 1708601

 0016327 0439133 1553038
 0027960 0324740 0439189 1456781 1824986

 0000857 0600678 1552863 2347469
 0999213 0521363 1522409

 2603360
 0439394 1706495 3642217
 2603360 2603360
 0205090 0684010 2603358

 0007634 1269647 1704653 1948049 0025141 0037455 0596070 0005477 0026376 0005532 1521991