 0233820 0000934 0392673 1513736 0525015 0024485 0025664 0028580 0449851 0034036 0034037 1514756 1704324 0348078 0376315 1515981 1522492 1527075 0369637 0441923


 0441833 0687744 1257890 1552516 1705428 1705429 0018266 0441833 0687744 1257890 1552516 1705428 1705429 0031843 0542341 0700205 1705273 1704729 0001914 0041740 1030330 1514811 1706462 0052177 0439070 1705160 1709915 1882936 2347167 0680022 2698041 0031843 0542341 0700205 1705273 1883351 0184512 0443602 0023820
 0150312 0449450 0557651 2603343 0150312 0449450 0162807 0027627 0175668 0205436 0678594 0332462 1880834 0450363 0525015 0877853 0024485 0028580 0037812 0205449 0681814 1441547 2713504 2984732 3245521
 0441635 1709915 1882936 0442825 0024485 0028580 0205450 0449381 1880022 1627358 2349975 0033727 0332158 0337611 1705415 1709450 0918012 1552854 1637833 1948027 1547014 1948059 0681079 0678640 0871208 1521828
 0449830 1301820 0205166 0521447 1514721 1527178 1627358 1705938 1706317 2348147 2349975 3542016
 0678594 0443289 0029237 0029246 0220885 1300196 1522486 2348205 0073187 0205090 0684010 2603358 0205090 0684010 2603358 0439267 0023150 0220866 0728724 1947938 1947939 0033727 0369286 0441932 0564385 0205170 3146287 0369637 0441923 0021966 0221138 0033727 0369286 0441932 0564385 0005477
 0018882 0229304 1704821 1705682 0001128 0017446 0205147 0205396 1550043 1551388 0018882 0229304 1704821 1705682
 0018882 0229304 1704821 1705682 1883351 0032214 0600138 0035820 1705810 0589507 1158830 1704686
 1274040 1546471 2825142 1709915 1882936 1999230 1527178 1874451 0023779 0332296 1301808 1442792 1880497 1996904 3148680
 1705535 0205360 2347098 0301641 0392747 0443172 1705241
 0557651 2603343 0052177 0439070 1705160 0119082 0205088 1705314 1705315 1880389 1883221 3541951
 3245505 0947630 0003591 0679217 0023779 0205177 0205460 0332281 1301808 1442792 2362652 3148680 0542341
 0023820 1706853 1879748 0033684 1515273 1705313 2826302 0003591
 0003591 0871968
 0003591 0449432 0003591 0184512 1149323 0023820 0031843 0542341 0700205 1705273 0243067 0017446 0205147
 0003591 0205309 1883351 1158917 0598783 1517898 0025519 0025520 0542341 0023688 0034800 0699040 0007634 0205148 0597357 1269647 1704653 1948049
 0011008 2348077 0003591 0205409 1548221 1880022 2827734 2981698
 1516240 0348078 0376315 1522492 1704675 1882932 0031843 0542341 0700205 1705273 0003591 0237876 1522138 0205224
 0032105 0441889 1550098 0012634 0086418 1707520 0332257 0242339 0007222 0007226 0012634 0740116 2827735 2981700
 1707959 1514559 0025936 0003069 0025914 0025929 0026809 0392756 0547047 1274040 1546471 2825142 0858034 0008377 0439086 2827736 2981702 0206745 0025914 0025929 0026809 0015272 0004153 0205252 0332152 1522538 0439084 0728893
 0678594 0947630 0018882 0229304 1704821 1705682 0359589 1999230 1514562
 0725066 0947630 1524063 0206755 0034571 0043299 0043309 1306645 1962945 0010424 0086894 0851346 2314876 0450363 0205449 0678594 0003595 0003591 0052177 0439070 1705160 0052177 0439070 1705160 0998387 0998386
 0678594 0023779 0332296 1301808 1442792 1880497 1996904 3148680 0237876 0003737 0018882 0229304 1017315 1704821 1705682 2700400
 0119082 0205088 1705314 1705315 1880389 1883221 3541951 0018882 0205450 0229304 1704821 1705682 2987476 0052177 0439070 1705160 0018882 0205451 0229304 1300196 1704821 1705682
 0018882 0229304 1017315 1704821 1705682 0230037 1289210 0015450 0015450 0037638
 0004083 0439849 0596306 0699792 0032930 1444748 0301641 0392747 0443172 1705241 0419518 0445022 0017446 0205147 0031843 0457406 0542341 0700205 1705273 0567416 0175566 1883351 1883708 0470187
 0011008 2348077 0596845 0678594 0470187
 0725066 1148554 0175168 1510464 0449851 1272460 1706839
 1955473 1547282 0024485 0025664 0028580 0449851 1273517 1883351 0450363 0175168 1510464 0205449 0678594
 0003591 1550543 0449295 0023779 0332197 0750490 1689985 1706221 0185125 1947919 2347934 3539080
 0035173 0024485 0028580 0557651 2603343 0030935 0030956 0332255 0486805
 0011008 2348077 0037633 0525069 0003591 0205266 0678594 1554187 0684224 0700287 3496591
 1148554 2346874 1273517 1883351 0557651 2603343 0026377 0025320 0392747 0443172 0332296 1880497 1996904 1301808
 0003591 1148554 0024485 0028580 0150312 0052177 0439070 1705160 2347167 0243161
 0444626 0427896 0678594 1533132 1704641 0684224 0700287 0004611 1510439 2347473 0556154 0678226 0007004 0392148 0439855 1704241 2362652 3146286 0023779 0332296 1301808 1442792 1880497 1996904 3148680
 0018563 1281583 1552914 0052177 0439070 1705160 0242619 0242620 0332268 0004611 1510439 2347473 1514559
 0424215 2003939 0033684
 0018017 1571704 1883351 0162340 1853126 1527178 1874451 1148636 0023779 0243122 1145667 1167622
 1722730 1261552 1704379 1705117 2825408 0684224 0700287 3273238 0162807 0027627 0175668 0205436 0678594 0332462 1880834 0450363 0525015 0024485 0028580 0205449 0681814 1441547 3245521
 0376554 1882932 1148554
 1882932 0205447 0678594 1524063 0024485 0025664 0028580 0449851
 0024485 0028580 0678594 0359589 1999230 0233820 0359589 1999230 0392360 2699007 0205148
 0185117 0243114 1998793 0022261 1167624 1947902 2827499 0206243 0699809 0439787 0849355 1552738

 0681814 0007585 0007634 0010453 0220814 0430400 1269647 1704653 1948049 2242979 0009458 0439536 1705217 3244283 1720119 1948037 2827734 2981698 0560268 2349105 0332256 2700400 0220853 0017725 0028158 1550581 0449416 1705919 0010453 0220814 0430400 2242979
 0042295 0683623 0079240 1948037 0009458 0162867 1254021
 0033727 0369286 0441932 0564385 0450367 2584321 1171362 0185117 0205263 1883712 2945717 0086045 1446561
 1709908 0684224 0700287 3496591
 1265611 0010454 0009458 0010453 0220814 0430400 0439536 1705217 2242979 3244283 0332282 0205263 0857127
 0052177 0439070 1705160 0007585 0007634 0010453 0220814 0430400 0521108 1269647 1704653 1948049 2242979 0441436 0993610 0007634 3282337 1516698 1550101
 0439526 0010453 0220814 0430400 1550101 2242979 0033727 0369286 0441932 0564385
 0033684 0043047 0599638 1550678 1549535 0008562 0008565 1305710 0008550 0033095 0205250 0302908 0460139 1299351 1304698 1306345 1546699 1561501 2700149 0681850 1550501 1706203 2349001 2697811 1185738 1706132
 1882508 0600209 0013862 0071500 0596607 0596495 0037813 1516801 0436196 0577559 0596801 1306372 1880022 3152252
 1524063 0442711 1507394 1522729 2348563 1552738 0439269 1960952 2346927 0205173 1705764 1705765 1708632 0439269 1960952 2346927 0007585 0007634 0010453 0220814 0430400 0475211 1269647 1301820 1704653 1948049 2242979 1882508 0022262
 0301642 0052177 0614861 0023779 0332296 0439070 0557651 0947630 1705160 1880497 1996904 2603343 1519445 0008813 0037812 0596436 1282913 2713504 2984732 0030695 0150369 0181904 0596972 1521743 1704646 0443289 0027960 0324740 0439189 1456781 1824986
 0332290 0040227 2349982 0557651 2603343 0681814 1442450 0030695 0150369 0181904 0596972 1521743 1704646 1547282 0052177 0439070 1705160 1882074 0205360 1547311 0033727 0369286 0441932 0564385
 0444505 0033684 1301808 1442792 3148680 0040223 1632851 0205166 0700364 1706317 1511726 3245479 1518422 1547282
 0681812 0947630 0024485 0028580 0030695 0150369 0181904 0596972 1521743 1704646 0037088 0243095 2825141 1274040 1546471 2825142 0052177 0439070 1705160 0205360 1547311 1442457 0439230 0074721 0004492 2678549 0020283 0450407 0450408 0450409
 0006353 0332624 1442450 0439534 1879533 3539083
 0599864 0599866 0681814 0681814 0052177 0439070 1705160 0071778 0031603 0031701 0032821 0597277 1601799 1549535 0020283 0450407 0450408 0450409 0074721 0427716 1304757 0086045 1446561
 0006353 0052177 0439070 1705160 0450363 0205449 0557351 1850406 0599866 0681814
 0370003 2347026 0332256 2700400 1265611 0001128 0202406 0220806 0333051 3272558
 0877853 0024485 0028580 0037812 2713504 2984732 0024485 0028580 0681814 0206243 0699809 0439787 0849355 0183395 1710143 0205449 0439799 1706095 0182400 1704681 2347609 3536729 0439148 1519795 1704753 1880519
 0733755 0450363 0024485 0028580 0205449 0440102 1273517 0332283 1719822

 1442450
 1883073 2827424 0450348 0449956 1880155 0237753 0439661 0439855 0449788 1704241 3245488 0332283 1552961 0040223 1632851 1706701
 1442450 0040704 0687129
 0122131 1883073 2827424 0449956 1880155 0237753 0439855 0449788 1704241 0034869 0332283 1552961 1719822 2347617 0040223 1632851 1706701
 1442450
 0487742 0439534
 0024485 0028580 1883073 2827424 0002482 0007009 0439661 3245488 0370003 2347026 0237753 0449788 1552961 2347617 0040223 1632851 1706701 1442450 0040704 0687129
 1850406 1442450 0040704 0687129
 0439182 0440042 0599866 0812409 1521738 1947910 2346620 2349184 3539073 1883073 2827424 0205173 0370003 0439661 1705764 1705765 1708632 2347026 3245488 1277697 0040223 3541383
 0449381 1442450

 0439509
 1883073 2827424 0040223 0205430 1632851 0034869
 0449381 1442450

 1442450
 0450348 0599864 0868955 0450348 0599866 0868955 0450355 0681814 0052177 0370003 0439070 1705160 1708632 2347026 0034869 1524063 0036667 0312418 0427965 1511883 1522640 2346484 2349185 1947910 0450076 0025663 0449851 0871511
 0599864 0206243 0699809 0439787 0849355 0449809 0040223 1632851 2348792 0040223 1632851 1706701
 1442450

 0449956 1880155 0237753 0449788 0040223 1632851 1706701 0599866 1273517 0040223 3541383
 1516050 0052177 0439070 1705160 0599864 1883073 2827424 1273517 0678226 0033684 0349590 1262865 3146286
 1883073 2827424 1273517 1883351 0521093 0750484 1456348 1516050 0599864 1301820 0868955 1883073 2827424 1883351 1516050 1709915 1882936 1518422 0678226 0268059 1516050 1551393 1552601 1705492 3146286 3272743 1707489 1883073 2827424
 0023401 0024337 0052177 0439070 1705160 1516050 1524063 0679199
 0567415 1516050 1552601 1524063 0599866 0599864 0599866 1883073 2827424
 1883073 2827424 0038817 0376223 1522240 1524063 0037585

 1516050 1524063 0037585
 2348589 0033727 0268059 0557351 0439534 0442726 1511790 1706701
 1883073 2827424 1522240 1706701 0439534 0205120 1552595
 0439582 0681842 1273517 1883351 0205173 1705764 1705765 1710082
 0184661 1948041 2700391 3274430 3538935 3539779 1273517 1883351 1710082 0040480 0205143 1265748 1301820 0681814
 0681814 0444505 2828360 1534709 1881714 1547014 1948059
 1547014 1948059 0444505 0456603 0522510 1301820 1547037 0443198 0444505 2828360 1883073 2827424 1709915 1882936
 0681079 0678640 0871208 1521828 0043047 0444505 0522510 0599638 0750572 1550678 1321564 1883073 2827424
 1709915 1882936 0444505 1321564 0678640 0917903
 0868928 1533148 0522510 0009458 0439536 1705217 3244283 0043047 0599638 1550678 0444505 1321564 0009458 0439536 1705217 3244283 0678640 0917903
 0679199 0456389 1514721 2348147 3542016 0332624 0032854 0439534 0542537 1442450 2700379
 1883073 2827424 0052177 0439070 1705160 0439187 0185027 1948020 0439187 1441672 1514721 2348147 3542016
 1979874 0332624 0549177 1272745 0036679 0237868 1881713
 0025663 0025664 0449851 1273517 1883351 1301820 1706701 1516050
 0205447 0002482 0033727 1707489 0599864 1533716 0450363 0205449 0599866 1301820 0868955
 1418824 1418824 1707489 1850406 0681814
 1883073 2827424 0033684 0021966 0221138 1418824 0150312 0439509
 1999230 1707489 0037949 0567415 1267072 1273517 1516050 1706222
 0868928 1533148 0185027 1948020 0017446 0205147 0023401 0024337 1883073 2827424 1999230 1546922 1706499 1533716
 1707959 1883073 2827424 1947971 0444505 2828360 1442989 2828392 1709915 1882936 1883073 2827424
 0349966 1337208
 2827734 2981698 1547282 0039676 0040223 0185115 0205430 0599864 1883073 2349943 2827424 3539704 3541383 3541890 0868955 0052177 0439070 1705160 0332306
 0017446 0205147 0439187 1547282 0449774 0004793 0162326 0162327 1519249 1418824 0021966 0221138 0444505 0021966 0221138 0963236 1425233 3540559 0021966 0221138 0444505 2828360 1709915 1882936 0425382 0162807 0027627 0175668 0205436 0678594
 1707959 1321564 0444505 2828360 0443198 0444505 1441672
 0444505 0220806 0333051 2347509 3272558 0444505 0220806 0333051 2347509 3272558
 1516050 1552601 0444505 0444505
 1316572 1317574 1369612 0185027 1948020 0599864 1049866 1441672 0011164 1880269 0567415
 1707959 0220806 0333051 2347509 3272558 0011164 1880269 1709915 1882936 0349966 1337208
 1546466 1273870 1883351 1516050 0037949 0268059 1267072 0567415 1883073 2827424
 0349966 1337208
 2827734 2981698
 0185115 3541890 1883073 2827424 0052177 0439070 1705160
 0205132 2986575 0444505 2828360 0679199
 1516050 0237753 0449788 1709915 1882936 1547282
 0004457 0999597 1522496 0027365 1547383 0450429 1515974
 0333052 2607870 0016094 0180853 1522646 0349966 1337208
 0740116 2827735 2981700 1547282 1418824 1418824 1707489 1883073 2827424 1418824 1418824 1707489 0205396 0681814 1550043 1551388 1706386 0052177 0439070 1705160
 1516050 0205448 1301820 1527178 1874451 1273517 1883351 0521093 0750484 1456348 1516050 0599864 1441547 3245521 0868955 1883073 2827424
 1709915 1882936 0702172 1707489 0150312 0185027 1948020 0033727 0268059 1441672 1516050 1518422 0599864 1527178 1874451 1883073 2827424 0868955 1881534 0205171 0439044 0679994
 0868928 1706255 1706256 1883073 2827424 1273517 1883351 1301820 1706701 1516050
 1516050 0002778 0599866 0936012 1301820 1524024 0599866 0599864 1883073 2827424
 1883073 2827424 1547282 1707489
 0599866 1999230 1883073 2827424 0868928 1533148 0185027 1948020 1049866 1441672 1706214 3244320 2346729
 0868928 1533148 0599864 1883073 2827424 1273517 1883351 0521093 0750484 1456348 1516050
 0349966 1337208
 0740116 2827735 2981700
 0185115 3541890 1850406 0441833 1999270 3537156 2347469 0024485 0028580 1883073 2827424 0052177 0439070 1705160
 1547282 1418824 1418824 1707489 1418824 1418824 1707489
 0004457 0999597 1522496 0027365 1547383 0450429 1515974
 0333052 2607870 0016094 0180853 1522646 0349966 1337208
 0439086 2827736 2981702 1547282 1516050 0071778 0031603 0031701 0032821 0597277 1601799 1882074 0020283 0450407 0450408 0450409
 1883073 2827424 0006353 0012634 0348080 1301820 1442989 1705253 2828392 0071778 0031603 0031701 0032821 0597277 1601799 2678549 0020283 0450407 0450408 0450409 1547282 0185027 0205099 1883073 1948020 2827424 1881534 0332218 0444505 2828360
 0454907 0017446 0205147 0332624 2348205
 1709915 1882936 1947971 0349966 1337208
 0678226 0061596 0002482 0015663 0017890 0033727 0205448 0439086 0456962 0522461 0678640 2827736 2981702 3146286 1882074 0020283 0450407 0450408 0450409 0020283 0450407 0450408 0450409 0444505 2828360 0017890 0205451 0522461 1441672 1709915 1882936
 0444505 2828360 0205132 0872145 1879655 1879656 0349966 1337208
 0439086 2827736 2981702 0002508 0337112 0441987 1441547 1524075 1879694 3245521 0003995 0441833 0687744 1257890 1552516 1552839 1705428 1705429 1709915 1882936
 0444505 2828360 1959638 0017446 0205147 1883073 2827424
 0332185 0684224 0700287 3496591 0679199 1274040 1546471 2825142 1167624 1947902 2827499
 1883073 2827424 0370003 2347026 0521093 0750484 1516050 1511726 3245479 1518422 1547282
 0349966 1337208
 0439086 2827736 2981702
 0024485 0028580 1883073 2827424 0031603 0031701 1601799 1882074 0020283 0450407 0450408 0450409
 1516050 0027365 1547383 1709915 1882936 1547282 0009219 0805701 0237753 0449788
 0444505 2828360 0205132 0872145 1879655 1879656 0002508 0337112 0441987 1441547 1524075 1879694 3245521 0003995 0441833 0687744 1257890 1552516 1552839 1705428 1705429 1709915 1882936
 0333052 2607870 0016094 0180853 1522646 0162807 0027627 0175668 0205436 0678594
 1282927 1806781 2350002 1707489 0681079 0678640 0871208 1521828 1547014 1948059 1511726 3245479
 1514721 2348147 3542016 0740116 2827735 2981700 0021966 0221138 1515146 0021966 0221138 0021966 0221138 0963236 1425233 3540559 0021966 0221138 0021966 0221138 0963236 1425233 3540559 0021966 0221138 0678595 0030956 0425382 0332462 0678594 0018882 0229304 1704821 1705682 0683454 1709915 1882936 0205341 0678594 1547730 1705914
 0681079 0678640 0871208 1521828 1705535 0033727 0309872 1292733 0678640 0332290
 0918012 1552854 1637833 0376298 0012727 0205419 1705236 0162807 0013879 0027627 0175668 0205369 0205436 0678594 1552740
 0868928 1706255 1706256 0052177 0439070 1705160 0033684 0332290
 0332268 1709915 1882936 0332197 1689985 0052177 0439070 1705160
 0392148 0439482 1708059 1282913 1547282 1551714 0349966 1337208 0359589 1999230 0332120 1709915 1882936
 0290627 0015127 1524003 2346729 1524063 0042153 0457083 1947944 0023636 0329040 0020792 0205396 0002518 0004793 0033684 0162326 0162327 1519249
 0449381 0349966 1337208 1547282
 0017446 0205147 1709915 1882936 0442825
 1511726 3245479 0680240 1551058 1533716 0052177 0439070 1705160 0021585 0770740 1546678 0033684 0237876 0424215 2003939
 0052177 0439070 1705160 0024485 0028580 1511726 3245479 0443289 0018882 0229304 1704821 1705682 0018882 0229304 1704821 1705682 1515273 1705313 2826302 0018882 0229304 1704821 1705682
 0018882 0229304 1704821 1705682 0332257 1552866 2700399
 0521093 0750484 0009458 0205171 0439536 1333964 1514721 1518422 1705217 1707618 1720467 2348147 3244283 3542016 0681079 0002482 0033727 0678640 0439834 0871208 1521828 1547014 1948059 0243161
 0349966 1337208

 1552616 1706244 1514721 2348147 3542016 1707489 0681079 0678640 0871208 1521828 0918012 1552854 1637833 1948027 1511726 3245479
 0009219 0805701 0002520 0808080 0522510 1280412 1444656
 1707489 0740116 2827735 2981700 0033727 0205369 1441672 1552740 1709450 0205132 0205208 0302909 1378566 1444656 1550648 1552960 1709915 1882936
 0681079 0678640 0871208 1521828 0025664 0184661 1517586 1552738 2700391 1524084 0332283 1719822 0179400 1533124 0681079 0678640 0871208 1521828
 0179400 1533124 0681079 0678640 0871208 1521828
 0179400 1533124 0681079 0678640 0871208 1521828
 1882932 0918012 1552854 1637833 0220806 0333051 3272558
 1709915 1882936 1709915 1882936 0017446 0205147 0205160 1513916 2825415 2825491
 1282913 1551714 1882932 1547014 1948059 0439482 1282913 1551714 1882932 1547014 1948059 0443228 0549177 1704243 1316572 1317574 1369612 0033684 1441672
 1709915 1882936 1282913 1551714 0150312 0449450 1547014 1948059 0439482 1514721 2348147 3542016
 0179400 1638312 0017446 0205147 0024485 0028580 0449381 1704788 3539106 0018882 0229304 1017315 1704821 1705682 0449788 1527021 1552738 1554111 1705606 3541382
 0333052 2607870 0016094 0180853 1522646 0018882 0229304 1017315 1704821 1705682 0018882 0229304 1704821 1705682 2986575 0205447 0419518 0443220 0445022 1282927 1709915 1806781 1882936 2350002 0441635
 1707959 0205453 0419518 0445022 1709915 1882936 2986575 0002520
 0021966 0221138 0021966 0221138 0150312 1709915 1882936 0678594
 0033382 1518422 1881704 0018882 0229304 1704821 1705682
 0033684
 0021966 0221138 1515146 0021966 0221138 0021966 0221138 0021966 0221138 0449381 1709915 1882936 1518422 0425382 0162807 0027627 0175668 0205436 0678594
 1709915 1882936 0700364 1883351 0443220 0015663 0456962 0221191 0681079 0678640 0871208 1521828 1547014 1948059
 1552616 1706244 1707455 0021966 0039224 0221138 1706073 1706074 1547282
 0021966 0221138
 1707455 0369637 0441923 0628135 0378071 0045550 0806636 1883310 0243402 0018882 0229304 0450355 0450387 1444754 1704821 1705682 1706316 2347469 1709915 1882936 0162807 0027627 0175668 0205436 0678594 0369637 0441923 0024485 0025664 0028580 0449851 1301820 0162807 0027627 0175668 0205436 0678594 0034571 0043299 0043309 0444626 1306645 1962945 0086894 0427896 0678594 0851346 1533132 1704641 2314876

 0332158 0337611 1705415 0449381 0349966 1337208 1547282
 0162807 0013879 0027627 0175668 0205436 0678594 1273517 1883351 0002812 0205372 0678594
 0033727 1709450 0444499 0439084 0728893 1883067 0002520 0017446 0205147 0004793 0162326 0162327 1519249
 0349966 1337208
 0439084 0728893 0599864 1441547 3245521 0868955 1883073 2827424 0040223 3541383
 0681494 1547282 0052177 0162807 0027627 0175668 0205436 0439070 0678594 1527178 1705160 1705938 0024485 0028580 0205396 0376298 0449381 1550043 1551388 1552738 1282910 1552828
 0018882 0229304 1704821 1705682 0598629 0205148
 0002778 0936012 1524024 0018882 0229304 1017315 1704821 1705682 0425382 0423866 2626739 0029266 1704322 1704972 3539923
 1707959 0018882 0229304 1704821 1705682
 1441672 1709915 1882936
 0029266 1704322 1704972 3539923 0029266 1704322 1704972 3539923
 0018882 0150312 0229304 1704821 1705682 0018882 0229304 1704821 1705682 1705535 0332158 0337611 1705415
 0018882 0229304 1704821 1705682 0018882 0229304 1704821 1705682 0018882 0229304 1704821 1705682
 0332158 0337611 1705415 1444754 1706316 0018882 0229304 1017315 1704821 1705682
 0205396 1550043 1551388 0205171 0205448 1720467 1709915 1882936
 0018882 0229304 0332158 1704821 1705682 0449830
 0439175 0439810 0018882 0150312 0229304 1704821 1705682 0018882 0205448 0229304 0439751 0444667 1017315 1441672 1444754 1704821 1705682 1706316
 0349966 1337208
 0439084 0728893
 0039676 0040223 0205430 0599864 1441547 2349943 3245521 3539704 3541383 0868955
 0681494 1547282 0052177 0162807 0027627 0175668 0205436 0439070 0678594 1527178 1705160 1705938 0024485 0028580 0205396 0376298 0449381 1550043 1551388 1282910 1552828
 0333052 2607870 0016094 0180853 1522646 0332158 0337611 1705415 0052177 0439070 1705160 0598629 1709915 1882936 0023401 0042285 0022192 0523728 0031453 0001898
 0332158 0337611 1705415 0015264 0441722 0563538
 0349966 1337208
 0439084 0728893 1709915 1882936 1709915 1882936 0018882 0229304 0444669 0598629 1167518 1704821 1705682 1706352 1882467 3274653
 1706211 1709915 1882936 0470187 1709915 1882936 0242972 0748025 2350440 0033684 0205102 0205251 0205360 0439674 1299352 1550472 1880177 2347098 0023779 0332296 1301808 1442792 1880497 1996904 3148680
 0205396 1550043 1551388 1709915 1882936 0018882 0229304 1704821 1705682 1709915 1882936 0018882 0229304 1704821 1705682
 0018882 0229304 1704821 1705682 0587267 1514583 0018882 0229304 1704821 1705682 1705535 0002812
 0181687 0205396 1550043 1551388 2986575 0018882 0229304 1017315 1704821 1705682
 1707959 0332158 0337611 1705415 0150312 1709915 1882936 0018882 0229304 1704821 1705682
 0419518 0445022
 0419518 0445022 1515981
 0683607 1883351 0332462 1880834 0205372 0678594
 0205372 0678594 0349966 1337208
 1547282 0681494 0205372 0678594
 0681494 0229304 0678594 0614861 0052177 0439070 1705160 2348205 0003737 0003595 0003591
 0018882 0229304 1704821 1705682 0018882 0229304 1704821 1705682 2986575 0018882 0229304 1704821 1705682 1295725 3272860 0018882 0229304 0444930 1704821 1705682 2746065 0733755
 0556030 0004083 0439849 0596306 0699792 0018882 0229304 1704821 1705682 0815043 1527118 0031843 0033684 0175566 0542341 0700205 1705273 1882151 0033625 1548602 1704686
 0018882 0229304 1704821 1705682 0150312 0449450
 0349966 1337208

 0681494 0002812 0332462 1880834 0229304 0018882 0678594 1282927 1704821 1705682 1806781 1883357 2350002 0018882 0229304 1704821 1705682 2986575 0018882 0229304 1704821 1705682
 0333052 2607870 0016094 0180853 1522646 0024485 0028580 0947630 0332255 0439801 0486805 0700321 3542948 1514721 2348147 3542016 1524063 0024485 0025664 0028580 0449851
 1707959

 0024485 0028580 0678594
 1292732 0871161 1292721 0052190 1412477 0052209 0003594 0003591
 0557651 2603343
 0597196 0678594 1709915 1882936 0085201 0003592 0003591 0021966 0221138 0332255 0486805 1514721 2348147 3542016 0439855 1704241 0037506 0074769 0058632 0037473 0038720 0475337 0597484 3536965 0025938 0058643
 1524063 0449445 0678594 0052177 0439070 1705160 0392148 0150312 0449450 0557651 2603343 1710548 0684224 0700287 3273238 0024485 0028580 0678594
 1705535 0231448 1880641 0332281 1301808 1442792 3148680 0003591 0557351 0023779 0058643 0025938 0031716 0205148 2924612 0035168 0242481 0449738 1552961 2347617
 0332282 1552603 1706202 0024485 0028580 0681814 0150312 0052177 0439070 1705160 0205360 1547311 1442457 0439230 2678549 0020283 0450407 0450408 0450409
 1261552 1704379 1705117 2825408 0052177 0439070 1705160
 0205156 0205309 0301642 1552607 0557651 0947630 2603343 0052177 0439070 1705160 0231204 2827758
 0205360 2347098 0871161 1882134 2347695
 1707959 1880389 1883221 3541951 0003595 0003591 0150312 1883351 0018320 0120446
 0085202 0003592 0052209 0003591 0086418 3171719 0052181 1412470 0003592 0003591 0086418 0150312
 1880177 0052177 0024485 0028580 0205396 0369637 0439070 0441923 0678594 1550043 1551388 1705160
 0678607 1704675 1880177 0349966 1337208
 0439084 0728893 1709915 1882936 1709915 1882936 0018882 0229304 1704821 1705682
 1705535 1706211 1709915 1882936 0392752 0567416 0813984 0017446 0205147 0052177 0205251 0205360 0439070 1299352 1550472 1705160 1880177 2347098
 1512571 0079870 0449604 0079866 0205145 0205369 0392366 0681814 1515974 1552740 2825164 3146302 0301642 0947630 1948027
 0205360 2347098 1149323 2266866 0023820 0205177 0205309 0205343 0243122 0439167 0441655 1145667 1167622 1514873 1561536
 0052177 0444626 0427896 0439070 0678594 1527178 1533132 1704641 1705160 1705938 1441414 1553874 1578820 0175566 0457406 1706053 0017446 0205147 0332157 0023779 1947931 0205148
 3161035 0052177 0449436 0024485 0028580 0439070 0678594 1521721 1705160 0449450 0557651 2603343
 0175566 1882151 0332454 0332158 0337611 1705415 0205172 0018882 0035139 0205432 0229304 0332282 0559956 1555302 1704821 1705682 0332158 0018882 0023779 0229304 0337611 1704821 1705415 1705682 1704675
 0004083 0439849 0596306 0699792 0175566 1882151 0043791 0205148 0205263 0392752 0423896 0456205 0872351
 0018563 1281583 1552914 0086168 0332156 0023820 0043791 0333668 0423896 0456205 1274040 1546471 2825142
 0028910 0086168 0230704 0023779 0486616 0597177 1548384 1555710 1609990
 0449261 0023636 0329040 0033684 0004083 0031843 0086168 0439064 0439849 0441471 0542341 0596306 0699792 0700205 1705273 3541888 0032105 1550098
 0052177 0444626 0427896 0439070 0678594 1533132 1704641 1705160 1707455 0024485 0028580 0678594 0443289 0003737
 1705241 1705242 0392148 0018882 0229304 1704821 1705682 0052177 0439070 1705160
 0018882 0229304 1704821 1705682 0034571 0043299 0043309 0444626 1306645 1962945 0086894 0150312 0427896 0678594 0851346 1533132 1704641 2314876 0205088 1705314 1705315 1880389 1883221 3541951
 0003595 0003591 0018882 0229304 1704821 1705682 1709915 1882936 2986575 1295725 3272860
 0018882 0229304 1704821 1705682 0052177 0024485 0028580 0150312 0369637 0439070 0441923 0678594 1705160 0029266 1704322 1704972 2348205 3539923
 1316572 1317574 1369612 0018882 0229304 1704821 1705682 0681079 0678640 0871208 1521828 0015663 0456962 0018882 0229304 1017315 1704821 1705682
 0029237 0029246 0220885 1300196 1522486 2700400 0013879 1705248 1704675 0205148
 0018882 0229304 1704821 1705682 0733755 3161035 1548602 1704686 0332158 0337611 1705415
 1441414 1553874 1578820 0026349 3161035 1704675 0872351 0024485 0028580 0947630 1527178 1553628 1705938 1707689 2983265 1883351 0220825 0425245 0449580 1883207
 3161035 1705535 1706214 3244320 0005456 0682969 0205145 0243122 1145667 1167622 1515974 2825164
 1707520 0043791 0065050 0423896 0456205 1153627 2987476 0243122 1145667 1167622 0052177 0332185 1999230 0439851 1947931 0332120 0597177 0205309 1883351 1145667 1167622 0052177 0439070 1705160
 0043791 0031676 0205148 1706214 3244320
 1457869 1861101 0052177 0205340 0243122 0439070 1145667 1167622 1705160
 1522634 0678607 1704675 1273518 1704675 0392752 0052177 0439070 1705160 0150305 0733755 1561964 0033684 0243067 1707531 0043791 1706214 0872351
 0205170 3146287 0449450 1512571 0589507 1158830 1704686 0003591 0023820
 1512571 0441712 1706376 0205148 1441414 1553874 1578820
 1722730 1261552 1704379 1705117 2825408 1184743 1522240 0002520 0052177 0001674 0439070 1705160 0332529 1457869 1861101 0043791 0392148 0015127 1524003
 0332283 0175566 1882151 0033684
 0205170 3146287 1705535 0052177 0439070 1705160 0023401 0181687 0018882 0229304 1017315 1704821 1705682 1273518
 1555306 1948033 0018882 0229304 1704821 1705682 1149323 0023820 0031843 0205360 0243122 0542341 0589507 0700205 1145667 1158830 1167622 1547311 1704686 1705273
 0178566 1511997 0012771 0014279 0947630 1521721 1704675 0018882 0229304 0332256 0444930 0567416 1704322 1704821 1705682 2700400 2746065
 0018882 0229304 1704821 1705682 0332256 2700400 1709915 1882936 0205450 0850310 3154893 0337112 0441987 1524075
 0038659 1705535 1704675 0018882 0229304 1704821 1705682 1999230 0392752 0052177 0439070 1705160 0205148 0947630 1521721 0031676
 1720092 1948045 1184743 1522240 0043791 0032930 1444748 0018882 0175566 0229304 1704821 1705682 1882151 0332294 0205360 0220781 0243122 0439634 0678226 1145667 1167622 1522492 1547311 1704675
 0221191 0119082 0205088 1705314 1705315 1880389 1883221 3541951 0332256 2700400 0018882 0229304 1704821 1705682 0441712 1706376 0003591 0023820 0086418 1704675 1705535
 0681814 1514873 1883351 1513371 1705738 2347637 2348146 0332148 0750492 0178566 0033684 3161035 0205246 1553889
 2825232 0043227 0018173 1521721 0079816 1556038 0035168 0205476 0242481 1551807 0006823
 0010186 0220812 0449719 1709471 0220808 0680264 0007961
 1706852 0522501 1706089 0949214

 0282413 0376649 1442065 0565990 1552471 0683939 0205099 0001914 0041740 1030330 0006823
 0254343 0796520 3272379

 0085205 1549619 1880669
 0013849 1705961 0024492 1538057 1547565 0000723 1273517 0003595 0003591 0003595 0003591
 0052177 0439070 1705160 0052177 0439070 1705160
 1707520
 0521447 1280500 2348382
 0599864 0037812 0521447 1280500 2348382 2713504 2984732
 0599866 0037812 0439175 0439810 1707520 2713504 2984732
 0033727 1707520
 1850406 0007009 0007009 0028158 1550581 1707520
 0033727
 0599866 1707520 1524063 0037812 0439175 0439810 1707520 2713504 2984732
 1948027
 0918012 1552854 1637833


 2347469 0600659
 2986676 0031831 1707664 2348314 3540849
 1999230 0450363 0525015 0024485 0028580 0162326 0205449 0232117 0391850 0681814 1947910 0206243 0699809 0439787 0557651 0849355 2603343
 2986676 1513822 1705739 1882071 0042153 0457083 1947944 0009622 0183395 1710143
 0018896 0449851
 1514811 1706462
 0369773 2603361

 0439267 2603362
 1553033 0439267
 0369637 0441923
 0001483
 0201682
 0025141 1511325
 0439394 1706495 3642217

 2347961

 0025141 0033727 0369286 0441932 0564385 0369718 0441922 1553036 2603360 0597277 1708601 2603360 1553033 0016327 0439133 1553038
 1418943

 0268596 2700624
 3642273
 0041703
 0000857 0600678 1552863 2603362
 0033727 0369286 0441932 0564385 0205090 0684010 2603358

 0369718 0441922 1553036
 0036397 0025141
 0554249
 2603360 0597277 1708601
 0439267 0252873
 1511325
 0439394 1706495 3642217
 0007634 0450389 1269647 1704653 1948049 0025141
 0369773 2603361 0443013 0369637 0441923
 0597277 1708601 0011198 0017480 3541240 0033727 0369286 0441932 0564385
 0439267
 0439267
 0369637 0441923

 2347379
 0000857 0600678 1552863 1553033 0369637 0441923
 0205090 0684010 2603358 0597277 1708601
 0033727 0369286 0441932 0564385 0205090 0684010 2603358


 0036397 0025141
 0205090 0684010 2603358 0369637 0441923
 0205090 0684010 2603358 0369637 0441923
 0439267 0023150 0220866 0728724 1947938 1947939
 0033727 0369286 0441932 0564385 0205170 3146287 0369637 0441923
 0021966 0221138 0033727 0369286 0441932 0564385
 0369637 0441923
 0005477 0025141 0597277 1708601
 0033727 0369286 0441932 0564385
 0001483
 0201682
 0025141 0439267

 0369637 0441923
 0036397 0025141 0369773 2603361 0439267 0439394 1706495 3642217
 2347469 2603362




 0000857 0600678 1552863 0439267
 0205090 0684010 2603358

 0080384
 2347379
 0025141 0439267
 0205090 0684010 2603358



 0025141 0439267 0439267
 0597277 1708601
 0326937
 2603360 0205090 0684010 2603358

 0005477 0025141 1415719 1420597 1855840 0597277 1708601


 0369773 2603361 0557775 1511780

 0005477 0025141 0369773 2603361

 0597277 1708601 0557775 1511780
 0205090 0684010 2603358
 0439114
 0005477 0025141
 0597277 1708601 0369773 2603361
 0205090 0684010 2603358
 0439114
 0369773 2603361 0369773 2603361 0023150 0220866 0728724 1947938 1947939
 0033727 0369286 0441932 0564385


 0201682

 0597277 1708601 2603362
 0205170 3146287 0369637 0441923
 0016327 0439133 1553038
 0023150 0220866 0728724 1947938 1947939
 0033727 0369286 0441932 0564385


 0201682
 0205090 0684010 2603358
 0439114 0597277 1708601
 0439394 1706495 3642217
 2347469

 2347379
 0000857 0600678 1552863 0557775 1511780
 0205090 0684010 2603358
 0439114 0369637 0441923
 2603360
 0016327 0439133 1553038
 0023150 0220866 0728724 1947938 1947939
 0033727 0369286 0441932 0564385
 0039725 0039738 1420718


 0201682
 0205090 0684010 2603358
 0016327 0439133 1553038
 0080045 0443048

 2347469

 0032863 0205090 0684010 2603358


 0024485 0028580 0025141 0205090 0684010 2603358
 0439114 0597277 1708601
 0369637 0441923


 0201682
 0439114 0439394 1706495 3642217

 0369773 2603361



 0024485 0028580 0025141 0439394 1706495 3642217
 0219474 0812198



 0439394 1706495 3642217




 0205090 0684010 2603358 0439394 1706495 3642217




 0219474 0812198


 0201682

 0439394 1706495 3642217
 0439267
 0335076

 0205090 0684010 2603358




 0439473 2603362

 0205090 0684010 2603358 2603360
 0439394 1706495 3642217





 0205090 0684010 2603358 2603362

 0005477 0025141 0439394 1706495 3642217
 1883069 2603362

 0219474 0812198


 0201682

 0439394 1706495 3642217
 0369773 2603361 2603360


 0201682


 0205090 0684010 2603358 0369718 0441922 1553036 0439267
 2603362
 0033727 0369286 0441932 0564385 0439394 1706495 3642217




 2603362
 2347469
 0205090 0684010 2603358
 0439114
 1826596
 0201682
 0016327 0439133 1553038 0439267
 0439267 0219474 0812198


 0024485 0028580 0025141
 0032863 0205090 0684010 2603358
 0439267
 0369637 0441923



 0369773 2603361
 0439394 1706495 3642217
 0369773 2603361
 2603360 0219474 0812198
 0439267
 0369637 0441923
 0005477 0025141 0439267 0219474 0812198



 0033727 0369286 0441932 0564385 0016327 0439133 1553038 0219474 0812198


 0024485 0028580 0025141 0597277 1708601
 0024485 0028580 0028606 0001128 0007610 0037683 0027976
 2347469


 0025141 0439267
 0205090 0684010 2603358

 0005477 0025141 0369773 2603361



 0025141
 0205090 0684010 2603358 0439394 1706495 3642217
 0369773 2603361 2603362
 1708595 3280986 0597277 1708601
 0033727 0369286 0441932 0564385


 0201682




 0201682
 0000857 0600678 1552863 0205090 0684010 2603358
 2347469 0369637 0441923
 2603362


 0201682
 0000857 0600678 1552863 0205170 3146287 0369637 0441923
 0205090 0684010 2603358
 0439114
 0597277 1708601 0023150 0220866 0728724 1947938 1947939
 0033727 0369286 0441932 0564385


 0201682
 0033727 0369286 0441932 0564385 2347469
 0205090 0684010 2603358
 0439114
 0005477 0450355 0025141 0033727 0369286 0441932 0564385 2347469
 0205090 0684010 2603358
 0439114
 0005477 0025141 0205090 0684010 2603358
 0439114



 0205170 3146287 0369637 0441923
 0439267
 1418943

 0268596 2700624
 3642273
 0041703
 0000857 0600678 1552863

 0439267 0205090 0684010 2603358
 0439114


 0201682
 0205090 0684010 2603358
 0033727 0369286 0441932 0564385 0205090 0684010 2603358
 0369718 0441922 1553036 0205090 0684010 2603358
 0439114
 0005477 0025141 0037455 0596070 0005477 0026376 0005532 1521991