 1704675 0017968 0021966 0221138 0064417 0086597 0127400 1880389 1883221 3541951 0005532 0020124 0017398 0017399 0086418 0041740 0004348
 0557061 2584313 1514811 1706462 0003591 0023820 0003591 1547282 1883351 0015982 0722236 0085430 0450129 0449432 0850664 0035648 0679238 1281905 0035647 1521761 2827422 0086418
 0031843 0542341 0700205 1705273 0003591 0037943 0228341 2239920 2603362 0441712 1706376 0003591 0032105 0037943 0205250 0228341 0441889 1299351 1550098 2239920 2603362 2700149 0442805 0035647 0439673
 0020792 0205396 0023688 0031843 0542341 0700205 1705273 0871161 1292721
 1273517 0441730 0441732 0064417 0332307 1547052 0439828 1883351 0220908 1305399 1705053 0751608 0023621 0872147 0599647 1961118 0449913 1553451 1704459 0599649
 0439178 1446409 1514241 2825490 0009013 1522642 0220908 1305399 1705053 0009013 0205396 1550043 1551388 0017968 0021966 0221138 0205447
 0681814 0521093 0750484 0017968 0021966 0221138 0003591 0544357 0032105 0086418 1550098 0007585 0010453 0220814 0430400 2242979 1550101
 1704675 0035820 0016017 1305868 0004368
 0557061 2584313 1514811 1706462 0003591 0023820 0003591 0544357 0032105 0086418 1550098 0023823 0023820 0178587 0205251 0205447 1299352 1550472 0017968 0003591
 0017337 0008669 0008670 0008633 0392752 1367553 0017337 0237876 0162775 0004793 0162326 0162327 0205231 1334043 1519249 2697616 0205447 0441730 0441732 0064417 0332307 1547052 0150312 0449450 0017337 0332294 0032529 0205231 0456389 0678226 1882417 0017337 0035696 0033684 0237753 0449788 0205341 1547730 1705914 0683150 0003591 0032105 0037943 0086045 0228341 1550098 1707520 2239920 1514721 2348147 3542016 0439269 0205136 1960952 2346927 3642216 1707520 1277690 1113667 1281905 0035647 1547282 0003591 0850664 0035648 0679238 1281905 0035647 1521761 2827422 0282443 1709940 1705535 0086045 1446561 0032105 1550098 0237753 0449788 0035647
 0441712 0033414 1281905 0035647 0205217 0442805 0277564 0162775 0004793 0162326 0162327 1334043 1519249 2697616 0032140 1367553 0005789 1521761 2827422 0078057
 0031843 0542341 0700205 1705273
 1704675 0023688 0542341 0003591 0205392 3540770 0025936 0003069 0025914 0025929 0026809 0521093 0750484 0332257 1512280 2249823 0021467 0021469 1628982 3463820 0205309 1883351 0032214 0600138 0035820 1705810 1515655
 0162340 0031843 0542341 0700205 1705273 0392756 0003591 0441889 0205314 0332152 0679622 1522538 0028778 0332206 1533157 1706084 2828370 0232164 0031843 0542341 0700205 1705273 0038454
 0205117 0332282 1883708 0023688 0013715 1705651 0015982 0722236 0597357 0023688 2987476 1518422 0681842 1334043 1882327 2697616 0032140 1367553 1516084 1883351 0033684 0557351 0449913 1553451 1704459
 0449445 0872079 0872306 0007582 0033684 1704675 0016163 2349190 2700184 0033684 0751608 0003591 0006556 0023621 0872147 0392360 0064417 1880389 1883221 3541951 0231448 0439792 0597177 0037633 0525069 1293132 1273517 1883351 0231441 1314972 0003591 0597177 0869040 0003591 0037179 0087136 0205171 0557651 1273517 2603343 0064417 1880389 1883221 3541951
 0205396 1550043 1551388 0023688 0017968 0021966 0221138 0003591 0205314 0679622 0023688
 0520510 0557061 2584313 1514811 1706462 0080194 0456178 0009458 0162867 1254021
 0017431 0599647 0020205 0205448 0220908 0220909 1273517 1698960 1710031 1710477 0327149 1150840 2240229 0700256 1421165 1421168 1333223 1705129 1861281 3540595 1416832 2240229 0022959
 0017431 1273517 1883351 0022885 0039593 0392366 1704675 0332466 1293131 0327149 1150840 2240229 0700256 1421165 1421168 1333223 1705129 1861281 3540595 1416832 0022959 0022877 1619828
 0038128 1442989 2828392 0012634 0348080 1705253 0699759 0009458 0439536 1705217 3244283
 0599647 0020205 0205448 0220908 0220909 1698960 1710031 1710477 0204727 0205409 0220862
 0599647 0020205 0036025 0043392 0043393 0205448 0220908 0220909 0717551 1698960 1710031 1710477 0751608 0006556 0023621 0023884 0086418 0736268 0872147 1278929 2346688 0086022 0442335 1705099 0022877 1619828 0947322 1552738 1705426 0009458 0013135 0036576 0439536 1705217 1883254 3244283 0005971 1139930 3537155 0023401 0019602 0041249 0332256 2700400 1532563 0439190 0740116 2827735 2981700 0040880 1439852 1547085 0439228
 1150051 0205177 0439167 0441655 1561536
 0439158 1150051 0016955 0205177 0439167 0441655 1561536 0005507 0243073 1510438 0439158 0180860 0009458 0036576 0439536 1705217 3244283 0442504 1704765 1882509 3496241
 1139930 0439228 1439852 0180860 0206244 0260055 1550121 0028158 0302908 1304698 1546699 1550581 1561501 0457385
 2348236 0005903 0039476 1547703 1710378 0180860 0180860 0581406 1522664 1704449 1704684 1875155 0442504 1282913 1551714 1704765 1882509 3496241 0049081 0037633 0522534 0525069 1705188 1322960 0020498 0007634 3282337 0547043 1282911 1439852 0439583 1444656
 0032136
 0009013 0443225 1444754 1706316 0006556 1524063 0032520 0337112 0443286 1114821 1335439 1524075 0206415 0032520 0337445 0439084 0728893 0439084 0728893
 0439084 0728893 0439084 0728893 0878517 1883351 1706214 3244320 0444930 0080089 0034754 0180979 1705179 1705858 0162768 0033684 0332466 1293131 0449255 0542559 1511662 1148673 0012854 0243122 1145667 1167622 1880389 1883221 3541951
 2827421 0205396 1550043 1551388 0521093 0002778 0443288 0750484 0936012 1524024 0162326 0917792 1553778 1561491 1524063 0206415 1416832 0439084 0728893 2984538 2984539 2984540 1416832 0439084 0728893
 0020985 0873195 0036025 0043392 0043393 0717551 2828366
 1441375 0439175 0439810 0009458 0041249 0332268 0439536 0439583 1705217 3244283 1273517 1883351 2987620 0009458 0439536 1705217 3244283
 0439164 1268822 0178587 0042789 2707266 0312860 0007634 3282337 0441436 0993610 1998480 1548982 2699156 0007634 0439526 3282337 0006353 1882074 0020283 0450407 0450408 0450409 0037494 1959973 0044508 0068941 0439509 1706141 2827734 2981698 0037500 0037473 0086123 0597484 0013618 0064858 0031493 0016327 0016701 0677542
 0370003 2347026 0600209 0013862 0037506 0058632 0071500 0596607 0074769 0071710 0016327 0025255 0348011 0596901 1706182 0004348 0162768 0033684 0332466 1293131 0442726 1511790 1524063 0443640 0003241 0021027 0332283 0003591 0027021 0031179 0034493 0301869 1318719 1979849 0034760 0683758 0489786 0020898 0021764 0022271
 0040669
 0007601 1513410 0026438 1504085 0007600 0376702 0553257 0007634 0022646 0026447 0027567 0038975 0205132 0227665 0332583 0454802 1269647 1278978 1510411 1514845 1550648 1552960 1704653 1948049 0682523 0427861 0227525 0007600 2717940 0007634 0205132 1269647 1550648 1552960 1704653 1948049 0598079 0010453 0220814 0332307 0430400 0596070 1301820 1516698 1547052 1704814 2242979 0598079 0010453 0220814 0430400 2242979 0034866 0598079
 0040669 0007634 3282337 0444499 2347578 0162339 0003591 0007634 0178587 0205170 3146287 3282337 0036563 0205170 3146287 0005971 0009458 0325564 0392747 0439536 1139930 1551720 1705217 3244283 3537155 0007452 0015965 0229671 0521457 1140701 1546774 1550100 0242295 1947943 2348609
 0439227 0007634 3282337 0012925 0012854 0020498 0032136 0439267 1282913 1412820 0947322 1552738 1705426
 0040669 0007585 0007634 0010453 0220814 0430400 1269647 1704653 1948049 2242979 1550101 1512335 0031493 1532563 0016327 0439190 0456081
 1449705
 0007585 0007634 0010453 0220814 0430400 1269647 1704653 1948049 2242979 1550101 0444263 0370003 2347026 0439526 1439852 0036681 0439227 0991566 2346972 0450376 1883708 0301871 0439583 0450376 0003241 0086045 1446561 0060916 0332283 0439227 0991566 2346972
 0301871 0007703 1516695 1516698 0470296 0439232 0700321 0702093 1282918 2347166 0582523 0450376 0040223 1632851
 0949466 0005863 0002778 0936012 1524024 1705493
 0301871 0600209 0013862 0037506 1318391 0058632 0071500 0596607 0074769 0242301 1546559 0086972 0443299 0687118 0017243 0017890 0041175 0077281 0522461 0814229 1826357
 0020985 0002778 0936012 1524024 1524063 0443640 0884358 0370188 0017968 0021966 0221138
 0017480 1635169 0229671 0439526 1273517 1546774 1550100 0036681 0060916 0450442 1254351 1521826 0002778 0936012 1524024
 0015502 1333523 1414497 0869011 1273517 1300565 0450376
 0003591 1704675
 0003591 0041609 1521827 1709027 1139930 0011318 0205170 1522408 3146287 1300565 0439526 0003591 0205163 0439185 0003591 0205163 0439185 0006353 0074722 0020283 0450407 0450408 0450409 1439852 0439583 0450376
 0457192 0205145 0991865 0006353 0028778 0031603 0031701 0036082 0332206 1601799 2983591 0007332 0205170 3146287 0456693 1442458 0439232 0700321 0702093 1282918 2347166
 1139930 1548982 0040223 1632851 0991865 0006353 0031603 0031701 0036082 0041420 1457900 1601799 1261552
 1301820 0205170 3146287 0015502 1333523 0003250 1414497 0086045 1446561 1292425 0439227 0332283 0027021 0031179 0301869 1318719 1979849 1442450 0439227 0564385 0439294 0439526
 1514811 1706462 0220908 0220909 1698960 1710031 1710477 0242210 0033684 0243122 1145667 1167622 1524063 0449913 1553451 1704459
 1516084 1883351 0003591 0242210 0033684 0243122 1145667 1167622 0557351 0449445 1524063 1880389 1883221 3541951 0441730 0441732 0064417 0205250 0332307 1547052
 0086418 0441730 0441732 0064417 0332307 1547052 0006556 0009013 0032520 0337112 0443286 1114821 1335439 1524075 1524063 0206415 0032520 0878517 1883351 1706214 3244320 0444930 0080089 0034754 0180979 1705179 1705858 1517332 1171362 0185117 0449255 0542559 1511662 1148673 0012854 0243122 1145667 1167622 1880389 1883221 3541951
 0205448 0332466 0441587 0682323 1293131 0683607 0085862 1299583 1511668 0185026
 2827421 0205396 1550043 1551388 0521093 0002778 0443288 0750484 0936012 1524024 0162326 0917792 1553778 1561491 1524063 0206415
 1883351 0185117 0162768 0033684 0332466 1293131 2700289 0007634 0036025 0043392 0043393 0717551 3282337 0032136 0064417 0185117 1510411 0012854 0031249 0243148 1550141 1882979 2587213 3274648
 0007634 3282337 0439584 0456696 1442770 0439227 1514468 0013855 0681850 1550501 1706203 2349001 2697811 0020985 0442726 1511790 1524063 1262035 0443640 0003241 0021027 0349966 1337208
 0681814 1706386 1547282 0185117 0033684 0332466 1293131 0162768 2700289 1819995 0007634 3282337
 0449911 0333052 2607870 0597277 1708601 0557702 1272706 1704674 0557702 1272706 1704674 0349966 1337208
 0949466 0005863 1514534 0002778 0936012 1524024 1705493 0036025 0043392 0043393 0080194 0456178 0717551 1518614 2987481
 0599647 0020205 2827421 0036025 0043392 0043393 0080194 0456178 0717551 1510411 1518614 2987481 0442726 1511790 1524063 0003250 0003241 0021027 0746619 0205369 1552740
 0336721 0733755
 1883351 0006556 0009013 1522642 0033684 0441730 0441732 0064417 0332307 1547052 1510411 0206243 0036576 1416832 0206414 0017262 0314611 1416522 0017337 0751608 0023621 0872147 0162493 1519594 0040649 0699952 1416832 1879547 1880389 1883221 3541951
 0033684 0013715 1705651 0023688 0872079 0033684 1704675 1511662 1148673 0012854 0243122 1145667 1167622 1880389 1883221 3541951 1519594 0162493 0040649 0577538 1879547 1880389 1883221 3541951 0001283 0031843 0542341 0700205 1705273
 0439175 0439810 0036576 2347644 0017296 0018270 0220844 0314603 0439178 1446409 1514241 1621966 2825490 2911660 0681850 1550501 1706203 2349001 2697811 1139930 0332256 2700400 1532563 0439086 0439190 2827736 2981702
 0439158 2986582 1150051 0016955 0205177 0439167 0441655 1561536 0439232 0700321 0702093 1282918 2347166
 1883351 0017255 1879547 0009013 0558058 0872079 1704675 0009013 1522642 0036025 0043392 0043393 0439158 0717551 0036025 0043392 0043393 0080194 0445247 0456178 0717551 1518614 2987481 0332197 1689985 0392148
 1510411 0023688 0032136 0185117 1457900 0032136 1511662 1148673 0012854 0243122 1145667 1167622 1880389 1883221 3541951 0003591 0033684 0205370 0699952 0750540 0079419 1705526 1518422 1517001 1883351 0033684 1145667 1167622
 0205171 0439044 0679994 0023688 0038975 0243148 1550141 1882979 1883357 2587213 3274648 1518422 1515877 1879547 0086860 0205170 3146287 1511726 3245479 1518422 1547282
 0205447 0085732 1299581 1515877 1879547 0017262 0185117 0332197 1689985 0079419 0392148 1416832 1705526 0009013 1522642 0439158 0205369 1552740 1879547 0185117
 0009013 0004793 0162326 0162327 1519249 1524063 0206415
 1552603 1706202 1524063 0950136 0242575 0242356 0993637 0002055 0178499 1511726 1880279 3245479 0205396 1550043 1551388 0009013 1522642 0006556 0162326 0009013 0424215 2003939
 0449911 0333052 2607870 0597277 1708601 0557702 1272706 1704674 0557702 1272706 1704674 0349966 1337208
 0009013
 0009013 0751608 0003591 0006556 0023621 0023884 0086418 0220908 0220909 0736268 0872147 1278929 1301820 1698960 1710031 1710477 2346688 1547282
 0017968 0021966 0221138 1704458 1547282
 1880389 1883221 3541951 0205132 1444656 0872145
 0037081 0030956 1710082
 1515099 0205341 0376298 1282927 1547730 1705914 1806781 2350002 1515099 0205341 0376298 1282927 1547730 1705914 1806781 2350002
 0002518 0162326
 0009013 1522642 0699952 0080089 0180979 1705858
 0017446 0205147 0185027 1948020 0917903 1704675 0017968 0021966 0221138 0004793 0162326 0162327 1519249 0332256 1419305 2700400 0017968 0021966 0221138 0349966 1337208
 1883351 0022885 0039593 0392366 0004083 0439849 0596306 0699792 0017968 0021966 0221138 0441730 0441732 0064417 0086597 0127400 0332307 1547052 0884358 0752172 0599647 0005507 0020205 0205448 0243073 1510438 1524063 0064417 0441732 1960442 0064417 0332307 1547052
 0005507 0243073 1510438 1547282 0441732 1960442 0064417 0332307 1547052 0085732 1299581 0017968 0021966 0221138 1145667 1167622 1511726 3245479 1518422 1547282
 1274040 1546471 2825142 1705535 0017968 0021966 0221138 0064417 1880389 1883221 3541951 1882932 0023688
 0521091 0750484 1704675 1524063 0005507 0243073 1510438
 1883351 0521093 0750484 1456348 1704675 0017968 0021966 0221138 0544357 0032105 0086418 1550098 0301871 1882443 0020985 0936012 0020960 0205369 1552740
 0349966 1337208 1547282 0544357 0032105 0086418 1550098 0017968 0021966 0221138 1524063 0221138 0370188 0003241 0872079 1704675 0544357 0032105 0086418 1550098
 0449911 0333052 2607870 0597277 1708601 0557702 1272706 1704674 0557702 1272706 1704674 0349966 1337208
 1449705 0003591 0017968 0021966 0221138 0544357 0032105 0086418 1550098
 0301871 0032105 0205431 1550098 1524063 1442738 1418237 0746619 0015502 1333523 1414497 0003241 0017968 0021966 0221138 0442818 0229671 1546774 1550100
 0884358 1524063 0003250
 0021069 0443640 1883676 0243148 0439178 1446409 1514241 1550141 1882979 2587213 2825490 3274648
 0175723 0439645 1521913 0026691 0205397 1705240 1839259 1882932 1440809 1420192 0337112 0439539 1524075
 0449911 0333052 2607870 0597277 1708601 0557702 1272706 1704674 0557702 1272706 1704674 0349966 1337208
 1621831 0017968 0021966 0221138
 0205170 3146287 1709027 1522408 1998793 0003591 0007332 0017968 0021966 0221138 1439852 1998793 0243122 1145667 1167622 0014441 2717977 0005507 0014442 0021075 0243073 0442726 1510438 1511790 1517892 1704666 0520510 1552738 0025663 0025664 0449851
 1149286 1621831 0243122 1145667 1167622 0003591
 0599647 0020205 0205448 1274040 1546471 2825142 0017968 0021966 0221138 0085862 1299583 0003591
 1883351 0521093 0750484 1456348 1704675 0443211 1272684 0449913 1553451 1704459 0014441
 0003591 0205170 3146287 0017968 0021966 0221138 1439852
 0243122 1145667 1167622 0017968 0021966 0221138 0332297 0442726 1145667 1167622 1511790 1689898 2349209 0003250 0279694 0015502 1333523 1414497 0332283 0003241 0003591 0021027 0027021 0027627 0031179 0175668 0205436 0522529 1318719 1883712
 0003250 0279694 1301820 1274040 1546471 2825142 0013715 1705651 1621831 0017968 0021966 0221138 0003591 1441672
 0449913 1553451 1704459 0003591 1273517 1290905 0003591 0013682
 0872079 1524063 0003591 0033684 0079809 0205556 0242485 1273517 1704675
 0017968 0021966 0221138 0684224 0700287 3496591 1883351 0332281 0544357 0032105 0086418 1550098 1704675 1883676 0243148 0439178 1446409 1514241 1550141 1882979 2587213 2825490 3274648
 1621831 0017968 0021966 0221138 1441672 0003250 0279694 0015502 1333523 1414497 0442726 1710082 0003591 0037943 0228341 1522408 2239920 0017968 0021966 0221138 1511726 3245479 1518422 1547282
 1274040 1546471 2825142 0349966 1337208 1547282 0017968 1947931 0205171 1518422 1720467 0003591
 0002778 0936012 1524024 1883351 1145667 1167622 0017968 0021966 0221138 1524063 1512167 0185117 1257857 0376702 0007634 3282337
 1517331 1883351 0521093 0750484 1456348 0017968 0021966 0221138 0012634 0348080 1705253 1273517 1257857 0376702 0007634 3282337 1518422 0003593 1299582 0348078 0376315 1522492 0003591 0040669 0597298 0205280 0205341 0237753 0449788 1705914 0205090 0684010 2603358 1000376 1549908 0205341 1547730 1705914 0205090 0684010 2603358 0205341 1705914
 0332282 0040669 1998793 0017968 0021966 0221138 1257857 0376702 0945818 0007634 0454802 1269647 1524062 1704653 1948049 1550101 1621831 0017968 0021966 0221138 1547282 1524063 0005507 0243073 1510438
 0349966 1337208 1547282 1449705 0017968 0021966 0221138 1441672 1524063 0003250 0279694
 1707478 0017968 0021966 0221138 1883351 0085732 1299581 1145667 1167622 0003591
 0449911 0333052 2607870 0597277 1708601 0557702 1272706 1704674 0557702 1272706 1704674 0349966 1337208
 1449705 0963236 1425233 3540559 0017968 0021966 0221138
 1257857 0376702 0007634 3282337 0031249 0086022 0243148 0442335 1550141 1705099 1880497 1882979 2587213 3274648 0441833 1999270 3537156 0597298 0205090 0684010 2603358 1000376 1549908 0441833 1999270 3537156 0205090 0684010 2603358 0441994 1548802 2003888 0441833 1999270 3537156
 0332282 0040669 1998793 0017968 0021966 0221138 0376702 0945818 0007634 0178539 0454802 1524062 1550101 1621831 0017968 0021966 0221138 2603362 1547282 1524063 0005507 0243073 1510438
 0301871 0205431 1524063 0003250 0279694 0015502 1333523 1414497 0017968 0021966 0221138 0229671 1546774 1550100
 0021069 0443640 0003250 0003241 0021027 0746619 1883676 0243148 0439178 1446409 1514241 1550141 1882979 2587213 2825490 3274648
 0301871 1514893 2699488 0596607 0013855 0017243 1382104 0020985 0002778 0936012 1524024 1524063 0003250
 0003591 0597177 0150312 1883351 0332297 1145667 1167622 1689898 2349209 0017968 0021966 0221138
 0427861 2717940 0227525 0007634 0023884 0736268 1278929 2346688 3282337 0205309 1883351 1327616 0017968 0021966 0221138 1511726 3245479 1518422 1547282 0205448 1705242 0032136 0205090 0684010 2603358 1416714 0205341 1547730 1705914 0205090 0684010 2603358 0205341 1705914 0003591 0597177 0009458 0162867 0348078 0376315 1254021 1522492 0150312 1883351 2717940 0699040 0007634 0332297 1145667 1167622 1269647 1689898 1704653 1948049 2239359 2349209 1327616 0017968 0021966 0221138
 1517331 0004083 0439849 0596306 0699792 0017968 0021966 0221138 0349966 1337208
 0449911 0333052 2607870 0597277 1708601 0557702 1272706 1704674 0557702 1272706 1704674 0349966 1337208
 1449705 0017968 0021966 0221138
 2717940 0007634 3282337 0017968 0021966 0221138 1705242 0597298 0205090 0684010 2603358 1416714 0031249 0243148 1550141 1882979 2587213 3274648
 1550101 1512335 1524063 0370191 0312586 0221138 0370188 0003241 0021027 1442738
 0021069 0443640 0003250 0003241 0021027 0746619 1883676 0243148 0439178 1446409 1514241 1550141 1882979 2587213 2825490 3274648
 0301871 1514893 2699488 0596607 0013855 0017243 1382104 0020985 0002778 0936012 1524024 1524063 0003250
 1514811 1706462 0449432 1705248 0597177 0015219 0024660 1720725 1948050 0018866 1265465 1720092 1948045 0870134 0033147 1720092 1948045 0031843 0542341 0700205 1705273 0010139 0043474 0205198 0205314 1706082 2603362 0005767 0005768 0229664 0441712 1706376 0003591 0037943 0205250 0228341 0441889 1299351 2239920 2603362 2700149 0442805 0035647
 0003591 0441655 0332257 1552866 2700399 0679932 0016006 1167394 2587184 0015982 0679932 0302070 0450348 0679932 0005456 0679932 0076317 1539092 1627358 2349975 1707919 1704675 0003591 1552738 0003591 0442805 2265920 2265821 1622501 0600210 1533574 1881827 1135918 0334094 1514485 1879547 0015982 0076317 1539092 0033684 0005778 0302148 0016055 0079323 1333498 0033684 0015350 1547282 1883351 1145667 1167622
 0003591 0005528 1317949 3495449 0008377 0043240 0043250 0205249 0879626 0003591 0233535 0441987 1280500 2348382 0032930 1444748 0333576 0333562 2936350 0333463 0333482 0018790 0237477 0392351 0521111 0333562 0939261 1588750 1704241 0221198 1515981 1547282
 0150312 0449450 0557651 2603343 0439673 1524062 1706202 0023688
 0020792 0205396 1517331 0031843 0542341 0700205 1705273 0871161 1292721
 1516084 1883351 0243095 0033684 0449913 1553451 1704459 0751608 0023621 0872147
 1707391 0441730 0441732 0016163 0064417 0332307 1521840 1547052 2349190 2700184 2986546 0033684 0064417 1880389 1883221 3541951 0439064 1709305 1948062 2745955 1518422 0039259 0205145 1515974 2825164 0013715 1705651 1293132 0003591 1704640 1706515
 0220908 0220909 1698960 1710031 1710477 0205396 1550043 1551388 0439178 1446409 1514241 2825490 0009013
 0009013 0220908 1305399 1705053 0016055 0009013 1522642 0009013
 0016055 0021135 1533691 2827718 0205309 0557651 0947630 2603343 1883351 1145667 1167622 0003591 1274040 1546471 2825142 0205171 1518422 1720467 0231448 0439792 0037088 0243095 2825141 1547282 3245505 0449445 1883351 0023688 0597427 0033684
 1522427 0376554 0040223 3541383 0599647 1961118 0020205 0036025 0043392 0043393 0205448 0449913 0717551 1553451 1704459 0597427 0033684 1273517 1327616
 0009013 0162774 1334043 0032120 0036825 0032105 0033684 1550098 0053358 1412484 0003591 0033727 0205309 0369286 0441932 0564385 1704675 0003591 0521093 0750484 0681828 0021135 1533691 2827718 2348480 1515655 1524063 0032105 1550098 1550101 1704675 1515655
 1274040 1546471 2825142 1301820 1524063 0003250 0221138 0370188 0443640 0003241 1881534 1704675 0010357 0872139 1880190 2828360 0205332 0750558 1710571
 1511726 3245479 0014441 2717977 0681814 1547282 1704675 1518422 0086597 0127400
 0023820 0205166 1706317 0205309 1883351 1145667 1167622 0017968 0021966 0221138 1704675 1883351 0558058 1510827 0031676 0023820 0449445 0014441 2717977 1547282 1621831 0243122 1145667 1167622 0003591
 1883357 1511726 3245479 0023882 0700321 2700395 0870444 0017968 0021966 0221138 0003591 0544357 0032105 0086418 1550098
 1274040 1546471 2825142 1524063 1704675 0017968 0021966 0221138 1518422 0064417 0443288 0064417 0086597 0127400 1710548 1515655 1704675 0017968 0021966 0221138 0086597 0127400
 1522634 0442818 1274040 1546471 2825142 0035820 1705810 0018896 1552861 1883351 0871161 1292721
 0035820 1705810
 0017968 0021966 0221138 0205435 1279901 0205409 1548221 0002518 0002520 2917660 0001128 0004793 0162326 0162327 0202406 1519249 0699759 1709915 1882936 0205341 0205451 0009498 0033684 0243148 1550141 1882979 1883220 2587213 3274648 2945843 0205145 1515974 2825164 0023884 0736268 1278929 2346688 0002778 0936012 1524024 1880109 1547282 1621831 0243122 1145667 1167622 0009498 0033684 0086597 0127400 0243148 1550141 1882979 2587213 3274648 0679006 1947967 1515099 0205341 0376298 1282927 1547730 1705914 1806781 2350002 1880389 1883221 3541951
 1547282 1883351 0009528 2984768 1305959 0006599 0009498 1521761 1879547 2827422 0033684 0009498 0522527 0033684 0243148 0332297 1145667 1167622 1550141 1689898 1882979 1883220 2349209 2587213 3274648 0017968 0021966 0221138 1518422 0035820 1705810 0003591 0030664 1441414 1521733 1553874 1578820 1704259 1705987 1883525 2346866 0031843 0311400 0542341 0700205 1524026 1705273 2707259 0033684 1516050 1552601
 0729650 0023820 0178587 0031843 0542341 0700205 1705273 0750591 1705535 0017968 0021966 0221138 0032214 0600138 0035820 1705810 0017968 0021966 0221138 1547282 1883351 0015272 0871161 1292721 1704259 1705987 0032176 0677599 0920267 0005821 0332621 0439168 2256521 0205177 0439167 0441655 1561536 0542341 0443264 1704675 0003591 1999230 0441712 1706376 0003591 0005778 0302148
 2987476 0683579 1704675 0444868 3539085
 0011008 2348077 0205145 1515974 2825164 0441712 1706376 0597177 0032105 0849355 1550098
 1621831 0243122 1145667 1167622 1882932 0013153 0449444 1879941 0032105 0521097 1550098
 1705535 1537068 1705654 0227525 0019169 0019163 0019378 0042760 0019186 0042721 0019158 0019159 0042776 0086597 0127400 0319157 0597177 0795623 1704675 0023820 0025248 0017968 0021966 0023884 0025255 0221138 0332281 0596901 0736268 1278929 1706182 2346688 0679213 0243144 0347980 0019169 0003591 1522196 0227525 0007634 0023884 0736268 1278929 2346688 3282337
 0035820 1705810 0597177 0003591 0597177 1883727 0024432 1546706 1550652 1416912 0597357 0017968 0021966 0221138 0003591 0439855 1704241 0017968 0021966 0221138
 0243144 0347980 0024432 1546706 1550652 0205447 1148642 0243122 1145667 1167622 0007188 0031623 0301704 1706214 3244320 0003316 0162595 0003241 0004358 0017968 0021966 0221138 0032120 0036825 1515655 0815043 0027361 0237401 0040053 0012634 0023175 0087086 0243107 0332183 0678723 1442948 1522538 1527148 2348269 3275067 0008073 0004083 0205397 0439849 0596306 0699792 0007188 0024141 2984317 0409974 0024131 0024138 0205373 0003873 2697391 0003864 0450382 0004083 0439849 0596306 0699792 0441889 0243132 1554210 2745955 0030705 0012634 0392760 1314939 1518422 0162340 0205447 0003591 0439855 1704241 0032930 1444748
 2607943 2926606 3539655 1517892 1704666 0003591 0004368
 1274040 1546471 2825142 0599647 1961118 0020205 0036025 0043392 0043393 0205448 0449913 0717551 1553451 1704459 0359589 1999230 1704970 0033684 0003591 0003591
 0017968 0021966 0221138 0700364 1883351 1882932 0205447
 1704675 0086597 0127400 0064417 1880389 1883221 3541951 2347946
 0205172 0043227 1883351 1883351 2347946
 1511726 3245479 0175566 0542341 0871161 1292721
 2825232 1515023 0450355
 1272684 1548435
 0597277 1708601 0016327 0439133 1553038 1880177 0557651 2603343 0237876 0004351
 0449719 1521721 1709471 0018173 0040676 0085551 0010186 0220812 0237876 0332030 1522138 1709701 0442598 0872261 0027496
 3273171 0686900 1272683 1522634 0021622 1272753 0020124 0017398 0017399 0086418 0041740
 0004348
 0034036 0034037 1704324 0010186 0220812 1706852 0449719 1709471 0220808 0680264
 1706852 0522501 1706089 0041703 0205155 1293097 1522472 1552923 1705191

 0017480 0439267
 0017480 0205090 0684010 2603358 2827421 0020960
 1514811 1706462 0557061 2584313 1514811 1706462 2827734 2981698
 0439267
 0036397 0025141 0740116 2827735 2981700
 0454673 1550752 3642216 0546866 2951520 0004793 0006556 0162326 0162327 1519249
 0349590 1262865
 3538933 0062941 1384665 1414862 1853126 1527178 1874451 0019409 0085117 0596607
 1315013 0025141
 0439526 3642216 2951520 0003591 0019409 2348184 0162326 0205341 0237753 0439828 0439849 0445223 0449788 1547730 1705914 0035696
 0005477 0025141 0439084 0728893
 0439267 0025424 2347108 2347109 2348272 0020268 1413512 0025424 2347108 2347109 2348272 0003591 0031437
 0242538 0728826 0080103 0869014 0683150 0086045
 1315013 0025141
 0025424 2347108 2347109 2348272 0439267 0003591 0017337 0003591 0023820 0086045 1446561
 0325074 0439083 0439087 0025141
 0025424 2347108 2347109 2348272 0016327 0439133 1553038 0016327 0439133 1553038 0439267 0003591 0237753 0449788 1277690 1113667 1281905 0035647

 0439267 0003591 0023820 0043459 1413398 1861559 0311400 1524026 2707259 1853126 0178499 1626935
 0027976 0205314 0027976 1879958 0442532 0369773 2603361
 0023031 0546866 0013715 1705651 1527178 1874451 0003591 0332281 0023820
 0349590 1262865 0025141
 0023031 0546866 0038088 2681928 0013715 1705651 1704675 0005456 0007634 3282337
 0025141
 0145779 3540468 1412573 2350443 3539770 0439254 2951520 2984916 1325281 0205177 0439167 0441655 1561536 1515655 0003591 0025936 0003069 0025914 0025929 0026809 0332325 2827757
 1426489 0025141
 0012836 0279759 0279766 1418864 3538934 3538935 1412573 2350443 3539770 2951520 2249824 1879547 0003069 0003591 0311403 0025914 0025929 0026809
 0349590 1262865 0025141
 0016016 1149323 2247768 0243122 1145667 1167622 0016006 1167394 2587184 0015982
 0041703 0268596 1418943 2700624 3642273 0000857 0600678 1552863
 0016327 0439133 1553038 0003591 0023820 0079411 3146294 0032143 1367601 0019633 0032144 2713035 0032140 0040300 0332307 1367553 1547052 1547928 0021135 1533691 2827718 0003591 0032105 0557651 0947630 1550098 2603343
 0003850 0000857 0600678 1552863
 0439526 0003591 1704675 0557651 2603343 0332255 0486805
 0005477 0450355 0025141
 1419337 3539667 0003591 0023820 0443264 0035820 1705810
 0349590 1262865 0025141
 0369637 0441923 1880022 0332120 0032140 1367553 0003591 0023820 0205145 0445247 1515974 2825164
 0005477 0025141
 0003591 0023820 0016055 1145667 1167622 1150095 1622131 0205177 0439167 0441655 1561536 2717971 2698977
 0000857 0600678 1552863
 0559522 1283795 0449913 1553451 1704459 0442726 0872079 0033684 1704675
 0349590 1262865 0025141
 3540513 0205090 0684010 2603358 0221102 1524063 0449913 1553451 1704459
 0025141
 0546866 1621831 0243122 1145667 1167622 0023820 0520511 1704711
 0025141
 2951520 0597277 1708601 3538705 0439255 0597277 1708601 0015219
 0233820
 0201682 0450348
 0369637 0441923 0546866 0003591 0023820 0243122 1145667 1167622 1622667 0032140 1367553 1879547
 0003850 0000857 0600678 1552863
 0022337 0369637 0441923 0013754 0560132 1704677 0003591 0023820 2612057 0021467 0021469 1628982 3463820 0032143 1367601 0019633 0032144 2713035 0032140 0040300 0332307 1367553 1547052 1547928
 2347379 0025141
 0679213 0032140 1367553 0242210 0033684 0243122 1145667 1167622 0076317 1539092
 2347379 0025141
 3540812 1419337 3539667 0003591 0023820 0185117
 0441712 1706376
 0201682
 0023031 0003591
 0025141
 3540812 0003591 0023820 0018790 0237477 0392351 0521111 0079411 3146294 0205227 1999216
 0007634 1269647 1704653 1948049 0000857 0600678 1552863
 0012836 2951520 1658578 2246389 0596290 0334094 1514485 0003591 0023820 0033414
 0036397 0025141
 0039676 2349943 3539704 0039401 0220924 1548344
 0349590 1262865 0450355
 0369637 0441923 0369637 0441923 1511790 1709793 0507850 0677535 0030705
 0003850 0000857 0600678 1552863
 2951520 2986904 0439267 1563937 0003591
 0349590 1262865 0025141
 0439526 2247768 0003591 0243122 1145667 1167622 1514798 0079323 1333498 0033684 0015350
 0000857 0600678 1552863
 0053358 1412484 0017968 0021966 0221138 0330390 0439096 2004068
 0871161 1292721 0053358 1412484 0033727 0369286 0441932 0564385
 0201682
 0597277 1708601 0033727 0369286 0441932 0564385

 0230613 0031843 0439849 0542341 0678594 0700205 1705273 2700217 0923800 1179435
 0310367 0750526 1517844 0025141
 0012836 1516050 0053358 1412484 0017968 0021966 0221138 0330390 0439096 2004068
 1148554
 0007634 0325074 1269647 1704653 1948049 0450355 0025141
 0037943 0228341 2239920 0006409 1824728 1883220
 0342895 1418943 0025141
 0031623 0301704 0021966 0221138 0003591 0009528 2984768 0006599 0009498 0332255 1708096 1879547 1518422 0001721 1879547 0243125 0699900
 0004153 0025141 0439509
 1718783 0019046 1879547 0017968 0021966 0221138
 2347379 0025141
 0033727 0369286 0441932 0564385 0439267 0947630 0034693 0034721
 0025519 0025520
 2986904 0032529 1882417 0053358 0035820 1705810
 0001483 0023779 2347379
 0053358 1412484 0017968 0021966 0221138 0330390 0439096 2004068 0032105 1550098 1999216
 0005767 0005768 0229664 0000857 0600678 1552863
 0033727 0369286 0441932 0564385 0546866 0053358 1412484 0017968 0021966 0221138 0330390 0439096 2004068 0053358 0033727 0369286 0441932 0564385 0018790 0237477 0392351 0521111 0427572 0443286 1114821 0332621 0439168
 0004153 0025141
 0020283 0450407 0450408 0450409 0033727 0369286 0441932 0564385 0546866 0020115 2256521 0205177 0439167 0441655 1561536 0053358 1412484 0017968 0021966 0221138 0311403 0330390 0439096 2004068
 0025141
 0033727 0369286 0441932 0564385 0439254 0205090 0684010 2603358 0597277 1708601 0019168 1440684 2709990 0019165 0062523 0744841 0003342 0003339 0003320 0205148 0019169 0053358 1412484 0003591 0033727 0369286 0441932 0564385 1145667 1167622
 0450387 0965991 0000857 0600678 1552863
 2986463 0007634 0034848 1514760 0597357 1269647 1704653 1948049 0019169 0019186 0019163 0019378 0019158 0019159 0042776 0319157 0795623 0059249 1332095 0065042 0053358 1412484 0033727 0369286 0441932 0564385 0019169 0019163 0019378 0019186 0042721 1268456 0019158 0019159 0023779 0042776 0319157 0449432 0795623 1145667 1167622
 0042762 0205466 0025141
 0279759 0279766 1418864 3538934 3538935 0053358 1412484 0017968 0021966 0221138 0330390 0439096 2004068 0033684 0332281 0023828 0442824 0521097 1637379 1515655 1705535 0035820 1705810 0597177
 0201682
 1261082 1551056 2981682 3537453 3642216 2951520 1704675 0003591 0023820 0024432 1546706 1550652
 1315013 0025141
 0036243 1539696 1825840 3539736 0003320 0003591 0439855 1704241 0439851 1947931 0332257 1552866 2700399 1999216 0053358 1412484 0017968 0021966 0221138 0330390 0439096 2004068 0053358 1412484 0033727 0369286 0441932 0564385
 0041703 0268596 1418943 2700624 3642273 0000857 0600678 1552863
 0369637 0441923 0020268 1413512 0035448 0201660 0748398 0162596 0003241 0439851 1947931 0007188 1518422 0032120 0036825
 0777169 0025141
 0454673 1550752 0036243 1539696 1825840 3539736 0020792 0205396 1511545 1621287 0205177 0439167 0441655 1561536 0162596
 0041703 0268596 0439083 0439087 1418943 2700624 3642273 0000857 0600678 1552863
 0004083 0439849 0596306 0699792 0085240 0311370 0003280 0175630 0848112 3536711 0040053
 0025141
 1550751 0162596 0003241 0035435 0012634
 0003864 0035431 0025141 0450382
 1552950 1850406 0085278 0039082
 0025141
 0369637 0441923 0033727 0369286 0441932 0564385 0033727 0369286 0441932 0564385 0369637 0441923 0021966 0221138 0597277 1708601 0583325 0032105 0441889 1550098 0030705 0205250 3163633 0085278 0162595 0003241 0021027 0039082
 0450389 0025141
 0054868 3540479 1419366 0003591 0023820 0441889
 0025141
 0369637 0441923 0003591 0023820 0162596 0003241 0042373 0003873 2697391 0003864
 0025141 1515949 0018943 0037455 0200627 0596070