 1280500 1883016 1883017 0023779 0052208 1412483 0003591





 0022877 3244292 1514958 1704729 0475309 0205099 0039711 0041740 0369637 0441923 0557806 1883167 0039711
 0205099 0565990 1552471 0205099 0205476 0337728 0425343 0520510 2825232 1514811 1706462 0016327 0439133 1553038

 0332583
 1280500 1883016 1883017 0023779 0003591
 1858559

 0040704 0205374 0205615 0205178 0040607 0220931 2673163 0205191 1280500 0522510 0596192 0005767 0005768 0023779 0229664 0003591 0008377 3642216 0005910 0043100 1305866 1705104 0336809 1552514 0456698 0040223 1632851 1883016 1883017 0030054 0243144 0347980 0369718 0441922 1553036 0205081 1881878 0030054 0243144 0347980 0369718 0441922 1553036 0522510
 0428462 0023779 0003591 0003591 0086045 0032127 0032105 0449468 1550098 1690016 1705102 2700258 0456081 0444706 3541902 0205548 1442464 0521114
 1511726 3245479 0936012 1524063 0205449 0205341 0079809 0242485 1879489 0002780 0026777 0002778 0936012 1524024 1711260 2348152 0002780 0332283 0002778 0936012 1524024 1711260 2348152 0025664 0184661 2700391
 0040607 0220931 0444706 2673163 3541902 2348792 0040223 1552961 2347617 3541383
 0041004 0085639 0238715 0201950 0543421 0008377 0439175 0439810 0023822 0023821 1522133 0065055 0008377 0023820 0178587 0205250 1299351 2700149 0085201 0021966 0221138 0003592 0003593 0035853 0995005 0033727 0369286 0441932 0564385 0040607 0220931 2673163 0522510
 0201950 0543421 0008377 0439175 0439810 0085201 0021966 0221138 0003592 0003593 0441994 1548802 2003888 0205250 1299351 2700149 0040607 0220931 2673163
 0015259 0040607 0220931 1522704 2673163 1883016 1883017 0015264 1280500 0003591
 1274040 1546471 2825142 0183683 1521721 0237607 3245512 0439092 0547044 0332173 0439228 0439505 1301820 1706701 0023820
 0023822 0023821 1522133 0065055 0008377 0023820 0178587 0205250 1299351 2700149
 0023824 0023823 0860920 0065055 0008377 0023820 0178587 0205251 1299352 1550472
 0419120 0015259 1522704 0020476 0034866 0039798 0087111 0440102 0681797 1522326 1533734 1705169 3538994 0441472 3266814 0023779 0003591 1883351 2981722 1456706 0441994 1548802 2003888 0035647 0035648 1553898 0035647 1521761 2827422
 0183683 1521721 2986512 0035168 0242481 1527178 1705938 0681850 1550501 1706203 2349001 2697811
 0681850 0947630 2985574 0521114 0522498 1514917 1274040 1546471 2825142 0205258 1629507
 1519977 0015259 0040607 0220931 1522704 2673163 0392747 0443172 1274040 1546471 2825142 0596192 0005767 0005768 0023779 0229664 0680226 1518422
 0040607 0205410 0220931 0449468 1690016 1705102 2673163 2700258 0449238 2926735 0033414 0442805 0023822 0023821 1522133 0065055 0008377 0023820 0178587 0205250 1299351 2700149 0003591 0085201 0021966 0221138 0003592 0041004 0392756 0547047 0392747 0443172 0040607 0220931 2673163 0205272 0441889 0449286 0449581 0542560 0684224 0700287 1561545 2348088 3496591
 0681841 0205179 2607943 2926606 3539655 3639994 0332257 1552866 2700399 1705241 1705242 0012155 1442959 1519433 2983588 0043096 2911645 0005910 0043100 1305866 1517945 1705104 0005885 0242821 0460148 0486616 1268086 1555710 0449468 1690016 1705102 2700258 0522510
 0681841 0449243 1704250 1883016 1883017 1274040
 0750489 0424589 0542479 1442080 0419120 0015259 0037179 0087136 0205171 0441516 0518031 0699784 1522704 1883016 1883017 2598169 0392747 0598783 1517898 0023779 0025519 0025520 0678227 0392747 0443172 0086045 0023779 0392747 0443172 0520511 1704711 1705241 0023820 0439227 0439228
 0151718 1868135 0518017 0201950 0543421 0008377 0439175 0439810 0041004 0023823 0023820 0178587 0205251 1299352 1550472 0023824 0202117 0008377 0086045 0023822 1522133 0023821 0065055 0008377 0023820 0178587 0392747 0443172 1705241 0332183 0040607 0220931 2673163 0449234 1704772 1882133 0205548 0444706 3541902 0027361 1292423 1515981 0205197 1554962 0015259 0031809 0205485 1509143 1522704 0450355
 0040223 3541383 1518422 2587213 1709305 0033727 0369286 0441932 0564385 0680220 0947630 2607943 2926606 3539655 0040607 0220931 2673163 0449234 1704772 1882133 0040704 0205374 0392747 0443172 0427728 0699870 1313904 0596192 0005767 0005768 0023779 0086045 0229664 0239313 0015259 0205263 0332185 1522704
 2607943 2926606 3539655 1441414 1553874 1578820 0814225 0439092 0547044 0449719 1709471 0871261 1704632 1706817 2911692 0332185 0332189 1513491 0015259 1522704 2603362
 0205179
 0205087 0004448 0392366 2347946 0034019 0699943 3244304 0018684
 0871261 1704632 1706817 2911692 0040607 0220931 0392747 2673163 0439534
 0392747 0443172 0003591 1547282 1883351 0015259 0037179 0087136 0205171 1522704 1709305 1883016 1883017 2745955 0336809 1552514 1707455 0027361 0237401
 0023175 0181586 1442948 1522538 2348269 3275067 0040607 0220931 2673163 0598783 1517898 0023779 0025519 0025520 1280500 2348382 0205319 1280444 0439092 0547044 0449719 1709471 0871261 1704632 1706817 2911692
 1512571 1518422 0023981 0040607 0205127 0220931 0392366 0557651 2603343 2673163 2985574 0449910
 2985627 0018017 1571702 2827734 2981698 1883351 0040704 0205374 0205615 0205178 0040607 0220931 2673163 0205191 1280500 0596192 0005767 0005768 0023779 0229664 0086045 0740116 2827735 2981700 1883351 0439792 0871261 1704632 1706817 2911692 0040607 0220931 0392747 2673163
 0332185 0684224 0700287 3496591 0522510 1518422 0025320 0392747 0443172 0086045 1442464 1709305 0015259 1522704 0025266
 1518422 0805874 0870077 1446409 0439787 0849355 0040607 0220931 2673163 0871261 1704632 1706817 2911692 0205349 0392747 0522510 0015259 1522704 0884358
 0183683 1521721 1999230 2607943 2926606 3539655 1979962 0023822 0023821 0065055 1522133 0008377 0023820 0086045 0178587 0205250 0442805 1299351 2700149 0029053 1291138 3276464 1709305 2745955 0336809 1552514 0205250 1299351 2700149 0015259 0205251 0522510 1299352 1522704 1550472 1707455
 0681832 1285529 1883351 0022885 0039593 0392366 1512571 0040607 0220931 2673163 1979962 0023779 0392747 0443172 1705241 0003591 0037179 0087136 0205171 0205250 1299351 1709305 1883016 1883017 2700149 2745955 1513375 0015259 0205081 0522510 1522704 1707455 1881878
 0520510 0025663 0025664 0449851 0681850 1550501 1706203 2349001 2697811 0025266 0332147 0750491 0086045 0039711 0041740 0369637 0441923 0557806 1883167 0009462 0557651 2603343
 0042960 0679823 0949214 0015535 0041740 0442504 1704765 1882509 3496241 0034036 1515258 1515981 1705541 0025266 0332158 0337611 1705415 0020443 0008377 0201950 0041740 0338037 0002424 0442592 0032098 0205276 0870840 1515981
 0680251 0243161 0332257 3538986 0201950 0543421 0008377 0439175 0439810 0439269 3642216 0001701 0582191 0015259 1510824 1522704 0522473 1301624 0079164 0015259 1522704 1524063 0040335 0040336 0543414 0841002 0042153 0457083 1947944 0013227 0205309 1883351 0392747 0598783 1517898 0023779 0025519 0025520
 0042960 1550543 0243161 1947971 0021430 1511481 1522154 1554192
 0205452 0724000 0205197 0585064 1067936 0040607 0220931 0439083 0439087 2673163
 1511726 3245479 0332257 3538986 0002778 0936012 1524024
 0008902 1522133 0518017 0005767 0005768 0008377 0205250 0229664 1299351 2700149 0439269 1960952 2346927 3642216 1522133 0518017 0005767 0005768 0008377 0205250 0229664 1299351 2700149 0439269 1960952 2346927 3642216
 1853126 1527178 1874451 1518422 0681850 1550501 1706203 2349001 2697811
 0038659 1705535 0020443 1522133 0332120 1266852 0518017 0005767 0005768 0080103 0229664 0348000 0869040 0557651 1273517 2603343
 0745777 2699029 0009671 1705648 1546466 0138547 0015259 1522704
 0023779 1521970 1705242 0205197 0557651 2603343 0871472 0022885 0039593 0392366 2603360 0369773 2603361
 1507394 2348563 0442711 0557651 1522729 2603343
 0025664 0184661 2700391 0086911 0039711 0041740 0205540 0282443 0369637 0441923 0972401 1552617 1948070 0086418 0080105 0035168 0242481 0681850 1550501 1706203 2349001 2697811
 0545082 1512346 2826704 0022877 3244292 0449438 0002778 0936012 1524024 1711411 0681850 1550501 1706203 2349001 2697811 1883351 0205197 0205476 0034394
 0681850 1550501 1706203 2349001 2697811 0556656 0243161 1883351 0332156 0022877 3244292 0025664 0184661 0557651 1522154 2603343 2700391 0034754 1705179 1519316 1561610 0205540 0348000 0021430 0015260 0497977 0014672 0015259 0039593 0220824 0392366 1522704 1523994 2827396 0302828 1442085 3263700 0012157 0012155 0034869 1442959 1519433 1548330 1553414 2983588
 0556656 0243161 0205390 0557651 2603343 0332529 1883016 1883017 1883067 0558295 0449295
 0205463 1261322 0205197 0205436 0457385 0545082 0565930 1512346 1561503 1705190 2826704 0022877 3244292
 0205449 0681850 1550501 1706203 2349001 2697811 0332156 0040223 3541383 1516050 1552601 0205081 1881878 0030054 0205289 0243144 0347980 0806909 0205250 1299351 2700149 1276393 0441833 0687744 1257890 1552516 1705428 1705429 0205197 0442711 1507394 1522729 2348563
 0025266 0439659 0040607 1709697 2728259 3484370 0442711 1507394 1522729 2348563
 0025664 0184661 2700391 0205341
 0025664 0184661 2700391 0439548 0040223 0150103 0332173 0439228 0439505 1708943 3541383 0439511 0700308 0033727 0369286 0441932 0564385
 0015259 1522704 0033727 0369286 0441932 0564385 0178913 0370003 2347026 0015259 0439659 0442711 1507394 1517586 1522704 1522729 2348563 0013113 0349966 1337208
 0349966 1337208
 2827734 2981698
 2985882
 1439922
 1979962
 0033727 0369286 0441932 0564385 0456696 1442770
 0033727 0369286 0441932 0564385 1442464
 0030054 0243144 0347980
 0333052 2607870 0016094 0180853 1522646 0025664 0184661 2700391
 0681850 1550501 1706203 2349001 2697811 1883351 0024501 0086152 0871454 0012155 0018464 2699635
 1516084 1881534 1883351 0392747 0486616 1555710 0006777 1512806
 0086152 0012155 0018464 2699635 0205450 0443299 1516048 0039593 0392366 0439531 1948053
 1261322 1516048 0681850 1550501 1706203 2349001 2697811 1883351 0034869 1286104 1512806 0332257 0332173 0439228 0439505
 0012157 0012155 0034869 1548330 1553414 2699635 0006777 0439175 0439810 0936012 1512806 0007004 1515981 0424612 0033684 0486616 1555710 1524063 0037585 1709697 2728259 3484370 1826357
 0841536 1261322
 0424612 0424678 0518010 0242821 0460148 0577559 1268086 1306372 3152252 0178519 0444706 3541902 0035190 0429713 0802961 0449468 1609982 1690016 1705102 2700258 0740116 2827735 2981700
 0205682 0019552 0022122 0230097 0456603 1280087 1610540 3538851 0028754 0205147 0205276 0444706 0600653 0918012 1563743 1947913 3541902
 0015260 0015259 0022885 0039593 0205289 0392366 0806909 1522704 0162691 0180748 1511572 0004927 0337108 1706206 3161035 1524063 0442711 1507394 1522729 2348563 0687712 0332283 0442805
 0005823 1271104 1272641 0005767 0005768 0033095 0229664 0460139 1306345 0018810 0018787 0871208 1281570 1521828 0429689 0871208 0013798 0023175 1442948 1522538 1547122 1623258 1705651 2348269 3275067 0348000 0043038 0205088 3258105 0205390 0444930 1300072 1306673 2746065 0034869 0015264
 0678640 0597393 0030054 0243144 0347980 1709366 0444706 3541902 1272706 1510992 1524063 0449913 1553451 1704459 0026339 3161035 0449913 1553451 1704459
 0030054 0243144 0347980 1441672 1522410 1704788 3539106 0439445 0702093
 0205448 0243161 0015260 0015259 0022885 0039593 0392366 1514873 1522704 0750591 2349099 2827734 2981698 0001072 0702093 0806909 1552615 2826546 0740116 2827735 2981700 0429689 0871208 0439086 2827736 2981702 0429702 0429743 0456603 0521346 0678640 1546767 1547037 0015264 0205289 0806909 2827734 2981698 2964353 1517331 0085122 0442805 1548633
 0442711 1507394 1522729 2348563
 0681850 1550501 1706203 2349001 2697811 0200370 0551621 0022877 0684224 0700287 3244292 3496591 0332170 0033727 0369286 0441932 0564385 0015663 0456962 0043047 0599638 1550678 0683607 1879743 0178913 0370003 2347026 0035253 0277814 1283233 1622890 0013113 0025664 0184661 2700391 1552738
 1516698 1704814 0178913 0370003 2347026 0681850 1550501 1706203 2349001 2697811 0439659 0015259 1522704
 0442711 1507394 1522729 2348563 1301862 0205449 0702093 0332529 0332283 0015259 1522704 0522510 0205081 1881878 0205250 1299351 2700149 0449238 2926735 1514873 1883351
 0449238 2926735 0702093 0332849 0871208 1521828 0014272 0015316 0424589 0542479 1442080 0702093
 0871208 1521828 0030054 0205163 0424589 0439185 0444686 0542479 1441506 1442080 1443182 0450348 0429702 0429743 0456603 0521346 0678640 1546767 1547037 0030054
 0678640 0597393 0456603 1547037 0018810 0018787 0871208 1281570 1521828 0005823 1271104 1272641 0005767 0005768 0033095 0229664 0460139 1306345 0456692 0444706 0702093 1272706 3541902 1883016 1883017 0085122 1548633 0456081 0024501 0522510
 0178913 0370003 2347026 1301820 1979962 0683454 0021966 0221138 1979962 1883708 0033727 0369286 0441932 0564385 0205087 0439548 0439511 0040223 3541383 2587213 0700308 0033727 0369286 0441932 0564385
 0015259 1522704 1442464 1444662 0205197 1554962 1883016 1883017 0025664 0184661 2700391 0205197
 0005834 0190979 0002778 0936012 1524024
 0035253 1622890 0005767 0005768 0229664 0333138 0013113 1275965 1276271 0042449 1278960 1549091 0175730 1547937 1704474 0332256 2700400 0017243 1382104 0331782
 0018935 0518014 0019029 1314664 1318517 0019046 0086045 0205173 3539942 0370231 1546552 1608383 1608936 0005767 0005768 0229664 0444667 1273517 1883351 0750572 0392747 0443172 1883016 1883017
 0229671 1546774 1550100 0205409 1442460 1516698 1548221 1704814 0450376 0007703 0720544 0439267
 0023821 0023820 0178587 0205250 1299351 2700149 1858114 2612461 2697537 0086972 0229671 0443299 0687118 1546774 1550100 1510844 0032931 0032932 1642401 2584299
 0229671 1546774 1550100 0023821 0023820 0178587 0205250 1299351 2700149 1264633 0016701 0677542
 1510844 0015259 0442711 1507394 1516695 1516698 1517586 1522704 1522729 2348563 0681850 1550501 1706203 2349001 2697811 0040607 0205197 0220931 0439531 1554962 1948053 2673163 0201950 0543421 0041004 0023822 0023821 1522133 0065055 0008377 0023820 0178587 0205250 1299351 2700149 1858114 2612461 2697537 0439086 2827736 2981702
 0683149 0086045 1446561 0444686 1441506 1443182 1705241 1705242 0023822 0023821 1522133 0065055 0008377 0023820 0178587 0205250 1299351 2700149
 0750572
 0370003 2347026 0039593 0392366 0003593 1710378 0205197 0557651 0936012 1554962 2603343 2348557
 0370003 2347026 3274438 0035953 0445247 0600140 0936012 1704688 2346414 0005507 0243073 1510438 0205173 0884358 3539942 1883708 0871424 0002778 0038215 0936012 1524024 1510992 2825518
 0597937 0034378 1561524 1610034 0243148 0332306 1550141 1882979 2587213 3274648 0035953 0600140 1314677 1704688 2346414 1524063 0428462 0229671 1546774 1550100 0423896 0456205
 1879649 1705241 1705242 0439531 1948053 0237881 0750502 1546944 0002780 0002778 0936012 1524024 0369773 2603361 0332269
 0681921 0205419 1707429 0023822 0023821 0065055 1522133 0008377 0023820 0178587 0205250 1299351 2700149 0201950 0543421 0041004 0085201 0085202 0003592 0003591 0003593 0442759 0003591 0439086 2827736 2981702
 0015259 0040607 0220931 1522704 2673163
 0015259 0040607 0220931 1522704 2673163 0332529 0180748 1511572 0441833 0687744 1257890 1552516 1705428 1705429 1883016 1883017
 0871208 1521828 0085122 1548633 2708665 0449238 2926735 0030054 0424589 0439185 0444686 0542479 1441506 1442080 1443182 0015259 0442711 1507394 1517586 1522704 1522729 1552738 2348563
 0442711 1507394 1522729 2348563 0037640 0681850 1550501 1706203 2349001 2697811 1550543 0489460 1514873 1272706
 0014272 0015316 0424589 0542479 1442080 0205217 0442805 0444505 0332174 0439230 0040607 0220931 2673163
 0588464 0033080 1521941 0442805 0456081 0439230 0444706 3541902 0218063 0522510 0009830 1947907 0557651 1314677 2603343
 0871424 0002778 0936012 1524024
 1521761 2827422 0015259 1522704 0522510 0205081 1881878 0441833 0687744 1257890 1552516 1552839 1705428 1705429 0040607 0220931 2673163 0439531 1948053 0040223 3541383 1883016 1883017 0015259 1522704 0033727 0369286 0441932 0564385 0033727 0369286 0441932 0564385
 0439828 0851827 1701901 3244310 0201950 0543421 0008377 0439175 0439810 0041004 0023822 0023821 1522133 0065055 0008377 0023820 0178587 0205250 1299351 2700149 0085201 0021966 0221138 0003592 0086045
 0871424 0002778 0936012 1524024 0205197 1524063 1511726 3245479 1511726 3245479 0201950 0543421 0040607 0220931 0444706 2673163 3541902 1518422 1704711
 1706074 1511726 3245479 0740116 2827735 2981700 2826314 0205313 0439148 0449450 1519795 2347409 0439269 3642216
 0522510 0439531 1948053 0002780 0026777 0002778 0936012 1524024 1711260 2348152 0871881 0079809 1879489 0205436 0457385 0565930 1561503 1705190 1521761 2827422 0002778 0205246 0557351 0936012 1524024 2348867 0023779 0439828
 0025664 0184661 2700391 0332257 3538986 0205341 0079809 0242485 1879489 0522510 0439531 1948053 0002780 0002778 0006539 0025664 0040223 0184661 0936012 1524024 1711260 2348152 2700391 3541383
 0022885 0039593 0392366 0002778 0557351 0687676 0936012 1524024 1704687 1548787
 0205463 1511726 3245479 0936012 1524063 0740116 2827735 2981700 0522510 0439531 1948053 0002780 0002778 0936012 1524024 0871881 0079809 1879489 1521761 2827422 0039224 1706073 1706074
 0022885 0039593 0392366 0557351 0687676 1704687 0002778
 0010101 0002778 0936012 1524024 1273517 1883351 0439849 0444686 1441506 1443182 1705241 1705242 0042295 0005910 0043100 1305866 1705104 0205682 0019552 0022122 0230097 0456603 1280087 1610540 3538851 0023779 0003591
 0349590 1262865 0557651 2603343 0441889 0456079 1547707 2946261 0036849 1442518 1705195 0237913 0022885 0392366
 0441889 0456079 1547707 2946261 1550608
 0086045 0015259 0444706 1517586 1522704 3541902 0033727 0369286 0441932 0564385 0033727 0369286 0441932 0564385 0392747 0443172 0456081 0032127 0032105 0449468 1550098 1690016 1705102 2700258
 0039224 1706073 1706074
 1521970 1511726 3245479 0025266 0040607 0220931 2673163 0001779 0489786 0005910 0043100 1305866 1705104 0022718 0439209 0439393 0439394 0702093 1706495 3642217 0021966 0221138 0456649 0332173 0439228 0439259 0439505 1556156 0424612 0033382 2987124 0201950 0042295 0344329 0392748 0441833 0522510 0687744 1257890 1552516 1552839 1705428 1705429
 0035253 1512899 0488055 0871470 1306620 0005823 1271104 1272641 0005767 0005768 0033095 0039155 0229664 0460139 1306345
 0035253 1512899 0428883 1305849 0005823 1271104 1272641 0005767 0005768 0012000 0033095 0229664 0460139 1306345
 0030054 0243144 0347980
 0021966 0221138 0750572 1286104 0006777 1512806
 0750572 0425425 1286104 0489461 1512806 0012170
 0033382 2987124 0750572 0425424 1286104 0012177 0489617 0012155 0033684 1512806 2699635
 0201950 0750572 0566611 1286104 1512806 0008395
 0679214 1552846 1705241 1705242 0369773 2603361
 0039224 1706073 1706074
 0023779 1511726 3245479 0439230 0040607 0220931 2673163 0439230 0040607 0220931 2673163 0439230 0040607 0220931 2673163 0201950 0543421 0008377 0439175 0439810 0205250 0522510 1299351 2700149 0205081 1881878 0041004 0205250 0522510 1299351 2700149 0205081 1881878 0205250 0522510 1299351 2700149 0205081 1881878 0023822 1522133 0023821 0065055 0008377 0023820 0178587 0205250 0450381 0522510 1299351 2700149 0205081 1881878 0205250 0450348 0450382 0450385 0522510 1299351 2700149 0205081 1881878 0205250 0439509 0450387 0522510 1299351 2700149 0205081 1881878 0085201 0003592 0021966 0221138 0205250 0522510 1299351 2700149 0205081 1881878 0003593 0205250 0522510 1299351 2700149 0205081 1881878 0042295
 0522510 0522510 0369718 0441922 1553036
 0522510 0369718 0441922 1553036
 0201950 0543421 0008377 0439175 0439810 0201950 0543421 0008377 0439175 0439810
 0041004 0041004
 0023824 0023823 0860920 0065055 0008377 0023820 0178587 0205251 1299352 1550472
 0023822 0023821 1522133 0065055 0008377 0023820 0178587 0205250 1299351 2700149 0023822 0023821 1522133 0065055 0008377 0023820 0178587 0205250 1299351 2700149
 0023821
 0023821
 0085201 0021966 0221138 0003592 0085201 0003592 0003591 0021966 0221138
 0003593 0003593 0003591 0237913 0022885 0392366 0237881 0750502 0884358 0439531 1948053 1704675 0349966 1337208
 0522510 1704675 0349966 1337208
 0205225 1280500 1542147 0349966 1337208
 0205225 1280500 1542147 0349966 1337208
 1521970 0012155 1442959 1519433 2983588 0442686 0042295 0439828 0344329 0392748 0522510 0002778 0441833 0687744 0936012 1257890 1524024 1552516 1552839 1705428 1705429
 0039224 1706073 1706074 1547282 0040607 0030054 0220931 0442818 0518031 1709697 2598169 2673163 2728259 3484370 0700321 1274040 1546471 2825142 0043096 0301630 0392756 0441610 0022718 0439209
 0006777 1512806 0486616 1555710 0392747 0443172 0332174 0439230 0557651 2603343
 0023779 0003591 0042295 0003591 0441833 0687744 1257890 1552516 1705428 1705429 0439531 1948053 0039224 0449450 1706073 1706074
 1521761 2827422 0332257 3538986 2827734 2981698 0439531 1948053 1704675 0740116 2827735 2981700 0522510 1704675 0439086 2827736 2981702 0205225 1280500 1542147 2348382 0205225 1280500 1542147 2348382
 0002780 0683962 0002778 0936012 1524024 0443289 0439531 1948053 1704675 0183683 1521721 1707478 0025320 0392747 0443172 1705241 1883016 1883017 0015259 1522704 0040607 0220931 0392747 2673163 0349966 1337208
 0522510 1704675 0237881 0750502 1546944 1705535 0871261 1704632 1706817 2911692 0522510 0725813 0015259 1522704 0884358 0349966 1337208
 0392747 0443172 0041004 0023822 0023821 1522133 0065055 0008377 0023820 0178587 0205250 1299351 2700149 0085201 0021966 0221138 0003592 0086045 0237881 0750502 1546944 0040223 3541383 0237881 0750502 1546944 0392747 0443172 0003591 0871261 1704632 1706817 1709305 2911692 1883016 1883017 0015259 1522704 0522510 3176928 0449438 0349966 1337208
 0681850 1550501 1706203 2349001 2697811 0040607 0220931 2673163 0237881 0392747 0443172 0750502 1546944 1705241 0201950 0543421 0008377 0439175 0439810 0085201 0021966 0221138 0003592 0086045 0349966 1337208
 1707520 0023779 0392747 0443172 1705241 0439828 0429627 0030054 0243144 0347980 0005910 1305866 0043100 0242821 0460148 1268086 1705104 0205682 0019552 0022122 0230097 0456603 1280087 1547037 3538851 0449445 0237881 0750502
 0349966 1337208
 0740116 2827735 2981700
 0541594 0392747 0443172 0871261 1704632 1706817 2911692 0439531 1948053 0040223 3541383 1704675 0005834 0190979
 1704458 1707156 3274014 3541345 0040223 3541383 0033727 0369286 0441932 0564385 0033727 0369286 0441932 0564385
 1707156 3274014 3541345
 1511276 1552825 1185738 1706132 2348143 1704970 0439531 1948053
 1552840 1704970 0040223 3541383
 0441994 1548802 2003888 1552846 0392747 0443172
 0441994 1548802 2003888 0042295 0369773 2603361
 0040607 0220931 0439531 0687760 1551065 1707156 1948053 2673163 3274014 3541345 0282413 2347469 1705242 0369773 2603361
 0333052 2607870 0016094 0180853 1522646 0349966 1337208
 0439086 2827736 2981702
 0023821 0023820 0178587 0205250 1299351 2700149 0023821 0023820 0178587 0205250 1299351 2700149 0086045 0522510 1704675 0439587
 1707156 3274014 3541345 1704970 0040607 0220931 0344329 0392748 0439531 1521761 1948053 2673163 2827422
 1707156 3274014 3541345
 1705241 1705242 0369773 2603361 0439587 0015259 0040223 1522704 3541383 0033727 0369286 0441932 0564385 0441842 1959638 0033727 0369286 0441932 0564385 0205081 1881878 0522510 0282413 1524084 1705242 2347469 1553033 0332281 1511726 3245479
 1705241 1705242 0441833 0687744 1257890 1552516 1552839 1705428 1705429 0033727 0369286 0441932 0564385 1516077
 0333052 2607870 0016094 0180853 1522646 0349966 1337208

 0392747 0443172 0041004 0023822 0023821 1522133 0065055 0008377 0023820 0178587 0205250 1299351 2700149 0003591 0085201 0021966 0221138 0003592 0086045 0205225 1280500 1542147
 1707156 3274014 3541345 1704970 0344329 0392748 0441833 0522510 0687744 1257890 1552516 1705428 1705429 1521761 2827422
 1707156 3274014 3541345
 1442103 1547049 1705241 1705242 0033727 0369286 0441932 0564385 0033727 0369286 0441932 0564385 0282413 1524084 1705242 2347469 1553033 0332281 1511726 3245479
 0333052 2607870 0016094 0180853 1522646 0349966 1337208
 0439084 0728893
 0392747 0443172 0085201 0021966 0221138 0003592 0086045 0205225 1280500 1542147
 1707156 3274014 3541345 1704970 0344329 0392748 0441833 0522510 0687744 1257890 1552516 1552839 1705428 1705429 0040225 1521761 2827422 0439587
 1707156 3274014 3541345
 1705241 1705242 0439828 0282413 1524084 1705242 2347469 1553033 0332281 1511726 3245479
 0333052 2607870 0016094 0180853 1522646 0557061 2584313 0205435 1279901 1547282 1521970 1883016 1883017 0015259 1522704 0025266 0040607 0220931 0449438 0725813 2673163 3176928
 0040607 0220931 2673163 0086045 1446561 0702240 0042295 0205250 1439922 3163633 0033727 0369286 0441932 0564385 0040607 0220931 0233535 2673163 0332120 0085639 0238715 0750482 0011744 0033727 0349966 0369286 0441932 0564385 1337208
 0042295 1707455 2348792 0040223 0444706 3541383 3541902 0040607 0220931 2673163 0439421 0033727 0369286 0441932 0564385 0040607 0220931 2673163 0033727 0369286 0441932 0564385 0040607 0220931 2673163
 0522510
 0040607 0220931 2673163 1260953 0025266 1883016 1883017 0015259 1522704
 1280500 2348382 0871261 1704632 1706817 2911692 2827768 0086045 1446561 1522609 0344329 0392748 0522510 0040225 0040223 3541383 1521761 2827422 1518422 0040607 0220931 0392747 0443172 1705241 2673163 0205225 1280500 1542147 2348382 1273937 0237881 0750502 1546944 0037088 0243095 2825141 0332290 0681850 1550501 1706203 2349001 2697811
 1274040 1546471 2825142 1883727 1883357 1705535 1280500 2348382 1883351 0392747 1158917 0025519 0025520 1883351 0015127 1524003 0392747 0443172 1705241
 0004448 0034037 1704324
 1261322 1552578 0750490 1706221 0684224 0700287 3496591 0683150 0086045 0441994 1548802 2003888 0336809 1552514
 0086045 1446561 0332156 0168634 1442488 1439922 0456696 1442770 0205360 1547311
 0557651 2603343 1708760 0332283 1439922 0033727 0369286 0441932 0564385 0439092 0547044 0040607 0220931 2673163
 1552961 2347617 0040607 0220931 0332161 0599946 2673163
 0683954 0947630 1979874 0025266 0086045 0442739 2346711 0015259 1522704 0439084 0728893
 0205171 1720467 2607943 2926606 3539655 1955473
 0681850 1550501 1706203 2349001 2697811 0580836 0206243 0699809 1709707 0424612 0681850 0439849 0445223 0947630 1550501 1706203 2349001 2697811 1521761 2827422 0598783 1517898 0023779 0025519 0025520 0392747 0871261 1704632 1706817 2911692
 0598783 1517898 0023779 0025519 0025520 0205309 1883351 0332307 0871261 1704632 1706817 1710548 1880177 2911692 0015259 1522704 0681850 1316572 1317574 1369612 1550501 1706203 2349001 2697811
 0015127 1524003 1511726 3245479 1705535 0040607 0220931 2673163 1882115 0871261 1704632 1706817 2911692
 1280500 2348382 0871261 1704632 1706817 2911692 0392747 0443172 0522510 0522510 1704675 0349966 1337208
 1442464 1513375 0015259 1522704 0035853 0995005 0086045 1446561 0442739 2346711
 1979874 0015259 0205250 0205548 0522510 1299351 1522704 2700149 0086045 1446561 0042295 0392756 1439922 0332156 0168634 1442488 0456696 1442770
 0086045 1446561 0085639 0238715 0750482 1883708 0035853 0995005 0033727 0369286 0441932 0564385
 0237881 0750502 1546944 1705241 1705242 1708698 0441833 0687744 1257890 1552516 1552839 1705428 1705429 0205250 1299351 2700149 0033727 0369286 0441932 0564385
 2348792 0040223 1552961 2347617 3541383 1705241 1705242 0237881 0750502 1546944
 0392747 0443172 0015259 0205250 0522510 1299351 1522704 2700149 1285553 3640814 0035647
 1511726 3245479 0034037 1704324 1274040 1546471 2825142 0442809
 1955473 0439849 0445223 0947630 0025266 0392747 0443172 0086045 1518422 0015259 0522510 1522704
 2607943 2926606 3539655 0023779 0439828 0522510 1547282 1883351 1363844 0201950 0543421 0008377 0439175 0439810 0023822 0023821 1522133 0065055 0008377 0023820 0178587 0205250 1299351 2700149 0086045
 1299582 2607943 2926606 3539655
 1547011 1879746 0443299 1280500 0040704 0205374 0205178 1280500
 2347946 0596192 0005767 0005768 0229664 0040607 0220931 0332185 1442464 1516695 1516698 1883016 1883017 2673163 1515981 0333051 0032127 0032105 0449468 1550098 1690016 1705102 2700258 0680220 0947630 0023779 0684224 0700287 3496591
 0444706 3541902 0596192 0023779 1516695 1516698 0033727 0369286 0441932 0564385 0231175 1883351 1547282 0392747 0443172 0023822 0023821 1522133 0065055 0008377 0023820 0178587 0205250 1299351 2700149 2986411 2981722 1456706
 0442726 0392747 0443172 0040607 0220931 2673163 2607943 2926606 3539655 1955473 0678226 0814897 0032863 0038215 0043194 0258432 0332268 1421478 3146286 0242767 1186763 0748864 0242618 0456389
 0025320 0392747 0443172 0439269 1960952 2346927 3642216 0023822 0023821 1522133 0065055 0008377 0023820 0178587 0205250 1299351 2700149 0439269 1960952 2346927 3642216 0449770 0444706 3541902 0686907 0205463 0750558 2987476 0150312 1883351 0237881
 0035168 0242481 1705535 0023779 0040607 0220931 0392747 0443172 1705241 2673163 1518422 0043096 0332291 2911645 0005910 0043100 0085862 1299583 1305866 1517945 1705104 2987476
 0043096 2911645 0005910 0043100 1305866 1517945 1705104 0022718 0439209 0205437 0205439 0205447 0449286 1704240 1317750 1831145 0023779 0684224 0700287 0947630 3496591 1707689 2983265 1883351 1280500 0043096 2911645 0005910 0043100 1305866 1517945 1705104 0805874 0870077 1446409 0439787 0849355 0392756 0547047 0230097 1280087 0079809 0242485 1698986 1563742 0040607 0220931 2673163 0041004 1708698 3640814 0023822 0023821 1522133 0065055 0008377 0023820 0178587 0205250 1299351 2700149 0392747 0443172 1705241 0681850 1550501 1706203 2349001 2697811
 1883351 1707520 0332174 0439230 0005911 0005910 1305866 0043100 0242821 0392747 0443172 0460148 1268086 1705104 1705241 0022718 0439209 1514721 2348147 3542016 1515981 0392747 0443172 0023779 0003591
 1707520 0150312 1883351 0183683 1521721 1512571 0005911
 0043096 2911645 0005910 0043100 1305866 1517945 1705104 1521761 1547282 0043095 0015259 0040607 0220931 1522704 2673163 0548934 1515926 0439092 0547044 0497406 0025266
 1280519 0043096 2911645 0005910 0043100 1305866 1517945 1705104 0033414 0392747 0443172 0020443 1522133 1997138
 0332268 1280500 2348382 0040704 0205374 0392747 0443172 1519104 0005516 0015259 0037179 0087136 0205171 1522704 1883016 1883017 0349966 1337208
 0557651 2603343 0557651 2603343 2985574 0178913 1303103 0370003 2347026 1442464 1516695 1516698 0015259 1522704 0205217 0442805 0023822 0023821 1522133 0065055 0008377 0023820 0178587 0205250 1299351 2700149 0424099 0086045 0040607 0220931 2673163 0449234 1704772 1882133
 1274040 1546471 2825142 0040223 3541383 1883016 1883017 1516084 1883351 0079809 0242485 0814225 1705535 1883351 0009676 0023175 1442948 1522538 1963086 2348269 3275067 0040704 0205374 0205191 1280500
 2607943 2926606 3539655 0449719 1519104 0005516 0037179 0040607 0087136 0205171 0205197 0220931 1442464 1554962 1883016 1883017 2673163 1512571 0205179

 0392747 0443172 0041004 0023822 0023821 1522133 0065055 0008377 0023820 0178587 0205250 1299351 2700149 0003593 0086045 1709305 0033727 0369286 0441932 0564385 0349966 1337208 1280500 1518422 3176928 0040607 0220931 0449438 2673163 0522510
 0004448 1707689 2983265 0023981 0205127 0947630 1707455 1274040 1546471 2825142
 0449286 1704240 0449243 1704250 0552389 0023866 0034036 0205155 0684224 0700287 2828360 3496591
 0680220 0947630 0025266 0858034 0201950 0543421 0008377 0439175 0439810 0041004 0085201 0021966 0221138 0003592 0086045 1518422 0392747 0439084 0728893 0023822 0023821 1522133 0065055 0008377 0023820 0178587 0205250 1299351 2700149 0205250 3163633 1292423 0015259 1522704
 0085201 0021966 0221138 0003592 0003593 0205420 0086045 0150312 0449450 0557651 2603343 1316572 1317574 1369612 1521970 0020443 0008377 0871261 1704632 1706817 2911692 0392747 0443172 1518422 0205349 0015259 0040607 0220931 0392747 1522704 2673163
 0040607 0220931 2673163 1280500 1518422 2348382
 0201950 0543421 0008377 0439175 0439810 0085201 0021966 0221138 0003592 0086045 1705242 0681850 1550501 1706203 2349001 2697811 0332174 0439230 0040607 0220931 2673163 0349966 1337208 1280500 0332148 0750492 0558058 0205166 1706317 0040704 0205374 0000934 0392673 0015259 1522704 0522510 1709305 2745955 3641650 1254545 0040223 3541383 0015259 1522704
 0006777 1512806 0486616 1555710 0205360 1547311 0439531 1948053
 0750558 1710571 0023779 0871261 0012155 1442959 1519433 2983588
 1274040 1546471 2825142 1285553 0009932 0243148 0441833 0687744 1257890 1550141 1552516 1705428 1705429 1882979 2587213 3274648 1518422 0035171 2983265 2986888 0332257 0557651 1707689 2603343 3538986 0805874 0870077 1446409 0439787 0849355 1511726 3245479
 0009491 0034037 1704324 0301630 0441610 0041004 0023822 0023821 1522133 0065055 0008377 0023820 0178587 0205250 1299351 2700149 0040607 0220931 2673163 0684224 0700287 3496591
 0205420 0557651 2603343 1158917 0025519 0025520 0023821 0040607 0220931 2673163 1518422 0750489 0086045 0444706 3541902 0558058 2248593 1159709 0005528 0008377 1317949 1555029 3495449
 0086045 0040607 0220931 0444706 2673163 3541902 0025266 0043096 2911645 0005910 0043100 1305866 1517945 1705104
 0442805 0392756 0547047 0039869 1883351 1273518 0085201 0021966 0221138 0003592 0040607 0220931 2673163 0681850 1550501 1706203 2349001 2697811
 1511726 3245479 0205171 1720467 1280500 2348382 0040607 0220931 1709305 2673163 0681850 1550501 1706203 2349001 2697811 0683454 0021966 0221138 0543484 0699900 1516314 2349975 0220781 1883254 0205216 0392756 0442797 0205195 1947911 1883351 0015127 1524003 0085639 0238715
 1955473 1547282 1883254 0871208 1521828 0085201 0441994 1548802 2003888 0205307 0439166 2347086 0681850 1550501 1706203 2349001 2697811 1705535 1517892 1704666 0449438
 0025519 0025520 0085201 0020443 0392760 1314939 1522133 1883351 0392756 0547047 0332290
 0003593 0522498 0015259 0444706 0947630 1522704 3541902 0332120 1705535 0043096 2911645 0005910 0043100 1305866 1517945 1705104 0015259 1522704 1514873 1883351 0205263 0392756 0547047
 1274040 1546471 2825142 1518422 0183683 1521721 0027552 0686904 0301630 0441610 1709305 0681850 1550501 1706203 2349001 2697811 0392747 0443172 0005910 1305866 0043100 0242821 0460148 1268086 1705104
 1511726 3245479 0332174 0439230 0005911 0005910 1305866 0043100 0242821 0392747 0443172 0460148 1268086 1705104 1705241 1518422 0392747 0443172 0086045
 1707478 1547282 1883016 1883017 0392747 0443172 0086045 1705242 0015259 0040607 0220931 1522704 2673163
 0588464 0033080 1521941 0441994 1548802 2003888 1113667 1281905 0242444 2987720 0035647 0541594 0392747 0443172 0041004 1882932 2265833 0871261 1704632 1706817 2911692 0231193 0871261 1704632 1706817 2911692 0015259 0040607 0220931 1522704 2673163
 0392747 0443172 0205081 1881878 0015259 1522704
 0015259 0040607 0220931 1522704 2673163 0700364 1883351 1280500
 0015259 0037179 0087136 0205171 1522704 1883016 1883017 1705535 1547011 1879746 0040607 0220931 0392747 2673163
 0301630 0441610 0085201 0021966 0221138 0003592 0086045 0040607 0220931 2673163 0392747 0443172 1518422 0040607 0220931 0392760 0522510 1314939 2673163
 0041004 0023822 0023821 1522133 0065055 0008377 0023820 0178587 0205250 1299351 2700149 0237284 0205342 0557651 2603343 0805874 0870077 1446409 0439787 0849355 0589105 0679199 0043096 2911645 0005910 0043100 0205195 1305866 1517945 1705104 1550569 0205251 0424612 1299352 1550472 0311170 3536712 0860920 0008377 0012155 0205251 1299352 1442959 1519433 1550472 2983588 0392747 0443172 1955473 0681850 1550501 1706203 2349001 2697811
 1511726 3245479 1547282 0392747 0443172 0003591 0439590 1442464 1883016 1883017 0015259 1522704 0034866 0015259 1522704 0884358 0332173 0439228 0439505 0024501 0814225 0206243 0699809 0205341 0439231 0439787 0750729 0849355 0311400 1524026 2707259 0443252 0000934 0392673
 0947630 1707689 2983265 1883351 0022885 0039593 0392366 1280500 2348382 0023779 0015259 1522704 1444662 0033727 0369286 0441932 0564385 0332189 0015259 0040704 0205374 0243148 1280500 1522704 1550141 1882979 2587213 3274648
 0455052 1521827 0600659 1515981
 0010995 1511726 1516698 1704814 3245479
 2825232 0557651 2603343 0002458 0004083 0018787 0439849 0596070 0596306 0699792 1281570 1521721 0018173 0039711 1510825 1548284 1696107
 0022877 3244292 0681834 1514958 1704729 1704729 0557806 0475309 0205099 0039711 0041740 0369637 0441923 0205145 0043227 0205197
 0376649 1442065 0022877 3244292 0681834 0018684 0039711 0041740 0369637 0441923 0557806 1883167
 1514756
 0205088 0348078 0376315 1272684 1522492 1546485 1548435
 1514811 1706462 2827734 2981698


 2603362

 0439267 2603362

 0369773 2603361

 0016360 1424823
 1148554
 1315013
 0201682

 0740116 2827735 2981700
 0016327 0439133 1553038
 2603360


 0002778 0936012 1524024 0439617 0558347 1527075

 0268596 2700624
 3642273
 0025141
 0439086 2827736 2981702
 0439267 0033727 0369286 0441932 0564385

 1148554 0042153 0457083 1947944 0014442 0014445
 1315013
 0201682


 2603362
 0016327 0439133 1553038 2347469

 0439114

 0205090 0684010 2603358


 2603362
 0332583 0033727 0369286 0441932 0564385

 0439394 1706495 3642217

 0392747 0443172 0003591 0025266 1522133 0008377 0021399

 1858559


 0439084 0728893
 2603362

 0369773 2603361


 0392756 0547047 0015259 1522704 0449864
 0025519 0025520 0450355 0025141

 0369773 2603361
 0439267
 0369773 2603361

 0439394 1706495 3642217

 1280500 1278073 0023779 0003591

 1858559




 0369773 2603361 2347469

 0419120 0015259 0040607 0220931 1522704 2673163 0023820 1277690 1113667 1281905 0035647

 1144859

 0025141

 1256256 1260544 1457892
 2347469
 0439394 1706495 3642217

 1441506 0365302 0005850 0005767 0005768 0229664 0392747 0443172 0449468 1705241 0032105 1550098 0014792 0007634 0332575 1260956 3282337

 1858559



 2347469
 1705175 1705176 1705177 1705178 1882348 0205090 0684010 2603358


 1280500 0023820
 0025519 0025520 0025141


 0439394 1706495 3642217
 0439394 1706495 3642217

 1280500 1278073 0023779 0023820
 0015259 1522704 0282443 0868955
 0439114

 0004716 0369773 2603361


 2603362
 1158917 0025519 0025520 0023821

 2347379
 0025141

 0591517 0439267 2603362


 2603362
 1396851 0033727 0369286 0441932 0564385
 0085639

 0021966 0221138
 0445567
 0814225 0034866 0376691 0596070 1709697 2728259 3484370
 1710187 2699414 0015259 1522704 0700431 0018787 0034991 0034992 1306847 1522601 0007189 1555719 0002458 0004083 0018787 0439849 0596070 0596306 0699792 1281570
 0005775 1516559 0025141


 2603360 0205090 0684010 2603358


 2603362

 0680844 0681916 0750572 0032105 1550098 0042153 0457083 1947944
 1315013
 0201682


 0439394 1706495 3642217
 0021966 0221138 0439267

 0402830 0369637 0441923
 0369637 0441923
 2603362
 0033727 0369286 0441932 0564385


 0036679 0237868 1881713 1709793 0184661 1948041 2700391 3274430 3538935 3539779

 2347379
 0450348 0000857 0600678 1552863

 0369773 2603361
 0016327 0439133 1553038
 0439394 1706495 3642217
 0369773 2603361
 2603362



 0332319 0597277 1708601
 0016327 0439133 1553038
 0332083 0205090 0684010 2603358


 1280500 1158917 1156530 0025519 0025520 0023822 0023821 1522133

 3642273

 0025141


 0439394 1706495 3642217
 0686907 0162340 0798503 0805586 3274764 0178602 0869039 0871261 1114758 1704632 1706817 2911692

 3642273

 0025141




 2603360


 0541594 0392747 0443172 0015259 1522704 0522510

 1858559




 0439114
 2603362
 0439267
 2603360
 0597277 1708601

 1280500 0428462 0023779 0025266






 0597277 1708601



 0021966 0221138
 0439114
 0205090 0684010 2603358

 1280500 2348382 0023820 0936233 0008976 1096775 0205210 2587213 0036806 0023821 0023820 0178587 0205250 1299351 2700149
 0005775 1516559 0000857 0600678 1552863


 0033727 0369286 0441932 0564385
 0597277 1708601
 0205090 0684010 2603358

 1707919 1537044 0441655 0000768 0000769 0544704 0020445 0745103 1366529 0015576 0020443 0241888 1522133


 2347379
 0025141

 0369637 0441923

 0369637 0441923
 0369773 2603361
 0369718 0441922 1553036
 0331828 0369773 2603361


 0442805 0332282 0015259 1522704
 0025519 0025520 0025141

 0369637 0441923

 0369637 0441923
 2603362
 0369773 2603361
 0369773 2603361
 0369718 0441922 1553036
 0331828 0369773 2603361


 0015259 1522704 0442805 0023822 0023821 1522133 0065055 0008377 0023820 0178587 0205250 1299351 2700149 1149837 0023816 1149836 1416902 1292728 0023764 0023820 0205177 0439167 0441655 1561536 0025266
 0025519 0025520 0025141
 0450348

 0016327 0439133 1553038
 0021966 0221138

 0439394 1706495 3642217

 1516990 0031842 0031843
 0031525 3541314

 0150562 0008377 0013621 0013622 0013658 0039401 1709697 2728259 3245503 3484370
 0205436 0457385 0565930 1561503 1705190 0441833 0684224 0700287 1999270 3273238 3537156 1511790 0220825 1261322 0596197 0039798 0087111 1522326 1533734 1705169 3538994 0001675
 0043038 0027468 0018684 0021622 3245503

 0369773 2603361
 0205090 0684010 2603358

 1847322 0205090 0684010 2603358
 0205090 0684010 2603358 0369637 0441923
 2603362
 0369718 0441922 1553036

 0439394 1706495 3642217





 0439267





 2603362
 2347469
 0033727 0369286 0441932 0564385

 0205090 0684010 2603358
 2603362
 0597277 1708601
 0369637 0441923
 0439394 1706495 3642217
 0328442 0453004
 0369637 0441923


 0033727 0369286 0441932 0564385

 0026606 0031809 0205177 0205485 0439167 0441655 1509143 1561536 0034019 0699943 3244304 0018684 0034866 0681647 0038040 0013227 0025118 0038039 0557806 0596070 1552306
 1422839 0000857 0600678 1552863

 0871051 0033727 0369286 0441932 0564385


 0439267

 0443013

 1280500 1278073 0023779 0336809 1552514 0238598 0001675 0332239

 1858559



 0369718 0441922 1553036 0369637 0441923


 0005507 0243073 1510438 0021966 0221138 2347469
 1315013
 0201682


 0033727 0369286 0441932 0564385
 0205090 0684010 2603358
 0033727 0369286 0441932 0564385

 0035820 1705810 0039798 0087111 1363945 0020476

 1315013
 0439084 0728893 0025141


 0016327 0439133 1553038
 0205090 0684010 2603358
 2603362
 0369773 2603361

 0518017 0201950 0428466 0008377 0441889 0871208 1521828 0428462 0023779 0023820 0020443 1522133 0025266
 0004153 0025141

 0023493 1961099
 0205090 0684010 2603358
 0021966 0221138

 0597277 1708601
 0369637 0441923

 0040671 1705822 0032105 1550098 0035820 1705810 0055538 1144465

 1315013

 0025141
 0450355
 0369773 2603361

 0439394 1706495 3642217
 0439114
 0369773 2603361
 0369718 0441922 1553036
 0331828
 1280500 0428462 0023779
 0025519 0025520 0025141

 0369773 2603361

 0369637 0441923
 2603362
 0369773 2603361
 0369637 0441923
 0369637 0441923

 0369718 0441922 1553036
 0369637 0441923


 0439394 1706495 3642217
 0369773 2603361
 0369718 0441922 1553036
 0331828
 0541594 0392747 0443172 0025519 0025520
 0005775 1516559 0000857 0600678 1552863

 0369773 2603361
 2603362
 0369637 0441923
 0369637 0441923
 0369637 0441923

 0369637 0441923


 0439394 1706495 3642217
 0369773 2603361
 0369718 0441922 1553036
 0331828
 1280500 2348382 0043096 2911645 0005910 0043100 1305866 1517945 1705104 1158917 0025519 0025520 0023821 0025266
 0025519 0025520 0025141




 1280500 0428462 0023779 0023820 0441889 0205397 0392747 0443172 0005910 1305866 0043100 0242821 0460148 1268086 1705104
 1422839 0000857 0600678 1552863

 0439267
 0205090 0684010 2603358


 0220825 1261322 0023822 0023821 1522133 0065055 0008377 0023820 0178587 0205250 1299351 2700149

 2347379
 0450385

 0369773 2603361
 2603360 0205090 0684010 2603358
 0369637 0441923
 0597277 1708601
 0369637 0441923


 0369773 2603361
 0073187
 0043217
 1280500 0015259 1522704 0012155 1442959 1515981 1519433 2983588 0085201 0021966 0221138 0003592 2612461 0030608 0456389 0520511 0597177 1704711 0025266
 0025519 0025520 0025141

 0043217 0369773 2603361

 0439394 1706495 3642217
 2603362
 0369718 0441922 1553036
 0369773 2603361
 2603360
 0205090 0684010 2603358
 0369637 0441923
 0016327 0439133 1553038
 2603360


 0369773 2603361
 0033727 0369286 0441932 0564385
 1832110


 0441889 0456079 1547707 2946261 0683150 0086045 1446561 0439234 0439508 0034656 0681867 0557651 2603343
 0025519 0025520 0450355 0025141

 0043217 0369773 2603361
 0369637 0441923
 0439394 1706495 3642217

 0369637 0441923
 2347469
 2603362

 0369773 2603361
 2603360
 0033727 0369286 0441932 0564385
 0205090 0684010 2603358
 2603362
 0369773 2603361


 0597277 1708601
 0369637 0441923
 0369718 0441922 1553036
 0369637 0441923
 0205090 0684010 2603358
 2347469

 0439394 1706495 3642217

 0392747 0443172 0023820 0043096 2911645 0005910 0043100 1305866 1517945 1705104 2945766 0015259 1522704 1707455
 0369718 0441922 1553036
 1414400

 0000857 0600678 1552863

 0043217 0369773 2603361
 0369637 0441923
 0439394 1706495 3642217
 0369773 2603361
 2603360

 0439394 1706495 3642217

 1280500 0015259 1522704 0025266 0043210
 0369718 0441922 1553036
 1414400

 0000857 0600678 1552863
 0009993 0439073 0439082 1552856 0037455 0205463 0596070