 1514559 0025936 0003069 0025914 0025929 0026809 0392756 0547047 0003593 0003591 0332256 2700400 0023821 0023820 0178587 0205250 1299351 2700149 0332120 0596690 1416867 2262011 0023764 0205054 0003595 0023688 0079613 0523511 1412481 0243144 0347980
 0441039 1705854 3540815 0003595 0523511 1412481
 0003595 0523511 1412481
 0033727 0369286 0441932 0564385
 0439267
 0369637 0441923

 0021622 1272753 0007222 0007226 0012634 0035172 0021622 0035168 0242481 1272753 0587482 1704729 0030664 0205469 0677042 0013227 0025118 0031842 0031843 0006754 0041740 3146274 0036152 1826357 0557061 2584313 1514811 1706462 1883351 0441712 0003593 1158917 0003591 0023820 0025519 0025520 0332256 1880177 2700400 0023821 0023820 0178587 0205250 1299351 2700149 1515655 0025936 0003069 0025914 0025929 0026809
 1452370 0596690 1416867 2262011 0023764 0205054 0021044 0392752 0023884 0736268 1278929 2346688 0001613 0007776 1176472 1515981 2700441
 1881036 0019904 0025914 0025929 0026809 1149837 2262011 0020115 1149836 0205177 0439167 0441655 1561536 0023816 0205217 0442805 0332462 1880834 0201950 0428466 0858034 0008377 0441889 0205216 0392756 0442797
 0025914 0025929 0026809 0342895 0521974 0301585 0012155 1442959 1519433 2983588 0442805 0023820 0858034 0008377 0205216 0392756 0442797
 1976850 0023820 0023821 0023820 0178587 0205250 1299351 2700149 0392756
 1883351 0231448 0439792 0302523 0700325 1964257 0282641 1452370 0003069 0003593 0086418 0011155 1636779 0003595 0523511 1412481 0025914 0025929 0026809 0238767 1706086 0583325 0032105 0441889 1550098
 1316572 1317574 1369612 0025936 0003069 0025914 0025929 0026809 0869040 0947630 1273517 1881036
 0025936 0025914 0025929 0026809 0003595 0523511 1412481 0025914 0025929 0026809 0858034 0008377 0205216 0392756 0442797
 0392756 0547047 0558058 0003593 0332256 2700400 1264633
 1883351 0020115 2262011 1149836 0243102 1264638 1547012 0205177 0439167 0441655 1561536 1452370 0547047 1514873 1452370 0596690 1416867 2262011 0023764 0205054 0007450 0325090 0524517
 1149837 0020115 2262011 1149836 0441655 2348205 0003595 0523511 1412481 0025914 0025929 0026809 0558058 2262011 0020115 1149836 0205177 0439167 0441655 1561536 0521093 0750484 0007450 0325090 0524517 0205254
 1149837 2262011 0020115 1149836 0205177 0439167 0441655 1561536 0023816 0205250 1299351 2700149 0025914 0025929 0026809 0185117
 0441889 0032105 1550098 0003595 0523511 1412481 0003595 0523511 1412481 0025914 0025929 0026809
 0858034 0008377 0023820 0441889 0441994 1548802 2003888 1565124 0025914 0025929 0026809 0025914 0025929 0026809
 0023821 0023820 0178587 0205250 1299351 2700149 0205171 1720467 0392756
 2262011 0243102 1264638 1547012 0020115 1149836 0205177 0439167 0441655 1561536 1511545 0023821 0023820 0178587 0205250 1299351 2700149 1280500 1518422 0023820
 1274040 1546471 2825142 1999230 0332120 1452370 0596690 1416867 2262011 0023764 0205054 0023688 0079613 0849355 1883720 3244314 0023820
 0557061 2584313 1514811 1706462 0596690 1416867 2262011 0023764 0205054 1452370 0596690 1416867 2262011 0023764 0205054 2827734 2981698 0544422 0014442 1883254 1327616 0023884 0736268 1278929 2346688 2827734 2981698
 0062503 0205148 0227525 0227525 1179581 0225336 1179028 0007634 0014257 3282337 0439084 0728893
 1158917 0025519 0025520 0232741 0542341 0001386 0020289 0238767 1706086 0041004 0065063 0023820 0178587 0205103 1550465 2827755 0023821 0023820 0178587 0205250 1299351 2700149 0023821 0023820 0178587 0205250 1299351 2700149 2827734 2981698 0031672 2261240 0031671 1515981 2827734 2981698
 1858114 2612461 2697537 0000901 0008377 0040300
 0040300 0001625 0020291 0040671 1705822 0007634 3282337
 1452370 0596690 1416867 2262011 0023764 0205054 1518422 0001625 2262011 0020115 1149836 0205177 0439167 0441655 1561536 1452370 1142652 1840635 0033684 1452370 0586608 0034693 0034721 0040300 1547928
 0520511 1704711 0040300 1547928 0439673 0035820 1705810 1158917 0025519 0025520 0023821 0205435 1279901 0034693 0034721
 0574032 0018790 0237477 0392351 0521111 0243102 0014442 0205177 0439167 0441655 1561536 1274040 1546471 2825142 0032105 1550098 0558058 0332268 1858114 2612461 2697537 0450348
 0185117 0003069 1265608 0023821 1291139 0023820 0178587 0205250 1299351 2700149
 0035820 1705810 1709694 0003591 0023820 0023825 0023823 0442811 0023820 0178587 0205251 0442824 1299352 1550472 0065063 0023820 0178587 0205103 1550465 2827755 0023823 0023820 0178587 0205251 1299352 1550472 1291138 0003593 0023820 0205217 0332256 0441889 0442805 2700400 1452370 0596690 1416867 2262011 0003241 0023764 0086418 0205054 0574032 0678226 1827465 0034693 0034721 0024399 0026447
 0332290 0030705 1452370 0232902 0065063 0023825 3272697 0023823 0023823 0065060 0023820 0178587 0205251 1299352 1550472 0023821 0023820 0178587 0205250 1299351 2700149 1511726 3245479 1705535 1452370 0596690 1416867 2262011 0023764 0205054 0023688 0086597 0243122 1145667 1167622 0243144 0347980 0242972 0748025 1416912 0597357 0033684 1704259 1705987
 0681828 0947630 1627358 2349975 0243102 0332291 1264638 1547012 0007382 0043194 0085862 0205177 0258432 0439167 0441655 1299583 1421478 1561536 0003595 0523511 1412481 1514873 0014442 0062503
 1452370 0596690 1416867 2262011 0023764 0205054 0243144 0347980 0023825 0023823 0442811 0023820 0178587 0205251 0442824 1299352 1550472 0021135 1533691 2827718
 1627358 2349975 0449719 1709305 1709471 2745955 3540560
 3158645 0243122 1145667 1167622 3540560 0441833 0687744 1257890 1552516 1552839 1705428 1705429 0332257 0243144 0347980 1452370 0596690 1416867 2262011 0023764 0205054 2349975 0007634 0178539 0243144 0347980
 0243144 0347980 0086597 0127400 0449719 1709471 1704259 1705987 0062503
 1511726 3245479 0021135 1533691 2827718 0023820 1452370 0596690 1416867 2262011 0011155 0023764 0030705 0086418 0205054 1636779 1452370 0596690 1416867 2262011 0023764 0205054 0449297 1382187 2825073
 1883351 0443211 0441712 1158917 0003593 0023820 0025519 0025520 0332256 1880177 2700400 0023821 0023820 0178587 0205250 1299351 2700149 1515655 0025936 0003069 0025914 0025929 0026809
 0032105 1550098 0441889 0441889 0205435 1279901 1280500 0023821 0023820 0178587 0205250 1299351 2700149
 1883351 1280500 0023820 0205263 0441889 0012155 1442959 1519433 2983588
 0205263 0441889 0025936 0003069 0025914 0025929 0026809 0003069 0003593 0086418 1706907 0439509
 1883351 0443211 1280500 0007382 0205217 0442805 1274040 1546471 2825142 0023688 0079613 1452370 0596690 1416867 2262011 0023764 0205054 0007450 0325090 0524517
 0520510 0557061 2584313 1514811 1706462 0025936 0003069 0025914 0025929 0026809 0025925 0025914 0025929 0026809 0006159 0022877 0337050 0869011 1619828 0011198 0017480 3541240
 0282641 1527178 1705938 2827421 0441039 1552738 1705854 3540815
 0332256 2700400 0006556 1452370 1452370 0596690 1416867 2262011 0006556 0007450 0023764 0086418 0205054 0325090 0524517
 0006556 1452370 0032520 0079870 0079866 0205145 0337112 0443286 1114821 1335439 1515974 1524075 1527178 1705938 2825164 3146294 3146302 1292748 0599156 2700061 1452370 0596690 1416867 2262011 0006556 0023764 0086418 0205054
 0007382 0035139 0036720 0559956 1555302 1274040 1546471 2825142 0017890 0522461 0002520 2917660 0428321 0014442 1452370
 2827421 0023884 0185117 0205369 0736268 1278929 1552740 2346688 1707689 2983265 0332256 2700400 0162326 0015295 0021920 0028630 0449682 1705686 2945843 0205145 1515974 2825164 0449719 0525013 0017446 0205147
 0025936 0003069 0025914 0025929 0026809 1452370 0596690 1416867 2262011 0023764 0205054 0596988 0006556 1452370 0025664 0443211 0449851 1272684 3146294
 0005862 1148472 0200898 0002778 0012854 0039259 0205396 0936012 1524024 1550043 1551388 1710133 0182400 1704681 2347609 3536729
 0263541 0025914 0025929 0026809 1254211 1260875 1301820 1706701 0025914 0025929 0026809
 1254211 1260875 1883351 1301820 1706701 0003062
 0025936 0003069 0025914 0025929 0026809 1452370 0025936 0003069 0003593 0025914 0025929 0026809 0086418 0006159 1704650 0003069 0003593 0086418 0439509 0003595 0011155 0523511 1412481 1515981 1636779 0003595 0523511 1412481 0025914 0025929 0026809 1883351 0003595 0523511 1412481 0025936 0003069 0025914 0025929 0026809
 0032105 1550098 0025936 0003593 0086418 0220908 1305399 1705053 0949466 0005863 0005507 0243073 1510438 1705493 0003250 0003241 0021027 0746619 0003593 0003595 0332197 0523511 1412481 1515981 1689985 0312586 1979003 0003242 0003241 0021027 0022877 3244292
 1705241 1705242 0025936 0003069 0025914 0025929 0026809
 0025914 0025929 0026809 0342895 0324335 0424612 0450367 0205369
 0681814 1273517 0025914 0025929 0026809 1314939 0025914 0025929 0026809 1273517 0025914 0025929 0026809
 0243148 1550141 1882979 2587213 3274648 0205132 0557651 2603343
 0243114 1998793 0003261 0033268 1452370 0596690 1416867 2262011 0023764 0205054 0162518 0009458 0009647 0439536 1705217 1998793 3244283 0677626 0007634 0023903 2239176 3282337 1452370 0596690 1416867 2262011 0006556 0023764 0086418 0205054
 0007634 3282337 0009458 0325564 0392747 0439536 1551720 1705217 3244283 0039421 0019134 0770546 0331806 0442532 0027971 2347816
 0017861 0392148 1512335 0560268 2349105 0243102 0014442 0205177 0439167 0441655 1561536
 0009458 0439536 1705217 3244283 0724532 0003255 0003438 0003241 0003440 0021027 0086418 0185125 0439070 1185738 1510827 1705160 1706132 0449468 1690016 1705102 2700258 1719918 0150312 0205549 0332285 2348044 0449468 1690016 1705102 2700258 0331955 0038995
 0006353 0074757 0031603 0031701 0037473 0597484 1601799 0332529 1882074 0020283 0450407 0450408 0450409 0017861 0037494 1959973 0002072 0560267
 1452370 0596690 1416867 2262011 0023764 0205054 0062515 0019134 0036681 0770546 1185738 1706132 0439182 0812409 0037494 0369637 0441923 1959973
 0242485 0443211 1272684
 0243148 1550141 1882979 2587213 3274648 0009458 0439536 1705217 3244283 0025664 0184661 0243114 0445247 1998793 2700391 0681850 1550501 1706203 1518422 0003255 0003438 0724532 0003241 0003440 0021027 0185125 0439070 1185738 1510827 1705160 1706132
 1264633 0336635 0017596 0175730 1516695 1516698 1547937 1704474 1947936 0332256 2700400 0439526 0033684 1441565 0030695 0150369 0181904 0596972 1521743 1704646 1268822 2825050 2262011 0020115 1149836 0205177 0439167 0441655 1561536 1452370
 1264633 1452370 2262011 0596690 1149836 1416867 0020115 0023764 0086418 0205054 0205177 0439167 0441655 1561536 1709595 2349200 0051706 0002611 0005367 0205450 0392747 0443172 0973231 2722820 0020283 0450407 0450408 0450409 0456695 0450376 0332283 0016698 0337174 1698986 1753314
 0324547 0027978 0007457 0034493 0043157 0205314 0220938 0872291 1272706
 0020960 0000854 0220777 2347023 2347080 2698776 2825050 0033684 0007634 0009458 0149566 0439536 1705217 1998793 3244283 3282337
 0003241 0849355 0036681 0178576 0332220 2828360 1517892 1704666 0003438 0724532 0003440 0439070 1705160
 0003264 0037791 1511884 0949466 0005863 0005507 0243073 1510438 1705493 0349966 1337208
 0449911 0333052 2607870 0557702 1272706 1704674 0557702 1272706 1704674 0349966 1337208
 2827734 2981698
 0949466 0005863 0005507 0243073 1510438 1705493 1452370 0596690 1416867 2262011 0023764 0205054
 0003438 0724532 0003440 0439070 1705160
 0023816 1416902 0023764 0023820 0041740 1551442 3245499
 1998793 0033684 0009458 0439536 1705217 3244283
 0086418 0332152 0740175 2257086 0032105 1550098
 0003593 1442989 2828392 1452370 0013855 1514893 2699488 0071500 0017243 0348011 0600190 1452370 0596690 1416867 2262011 0003241 0021027 0023764 0086418 0205054 1439852
 0185117 1452370 0035668 0205409 1548221 0014241 0035541 0035542 0936012 1545588 0182400 1704681 2347609 3536729 1452370 1552738
 0035668 0025936 0003069 0025914 0025929 0026809 1452370 0005861 1621557 0005507 0243073 0936012 1510438 1709269
 0032105 1550098 0025936 0013618 0175730 0332256 1516695 1516698 1547937 1704474 2700400 1508277 0022718 0439209 1171362 0033684 0185117 0936012
 0949466 0032105 1550098 3641682 1452370 0596690 1416867 2262011 0003242 0003241 0021027 0023764 0086418 0205054 0884358 1552738 1282910 1552828
 1452370 1565124 0596690 1416867 2262011 0023764 0025914 0025929 0026809 0086418 0205054 0205447 1711239 2825407 0032105 0175630 1550098 1883351 0442726 0010357 0872139 1880190 2828360 0444263 0370003 2347026 0450382
 2262011 0243102 1264638 1547012 0020115 1149836 0205177 0439167 0441655 1561536 0332152 0740175 2257086 0032105 1550098 0017861 0041073 0392148 0037494 1959973 1552738
 0002778 0936012 1524024 0201950 0543421 0858034 0008377 0032105 0439175 0439810 1550098 0428475 0041004 0441889 2717977 1442989 2828392 0005507 0243073 1510438 0008377 1883073 2827424 0562547 3160718 0020898 0021764 0022271
 0041004 0812225 1150635 1705212 1705213 3273202
 0032105 1550098 0019080 0025914 0025929 0026809 0039259 1301820 0033727 0369286 0441932 0564385
 0023820 0008559 0008565 0008550 0015663 0016107 0017243 0302908 0456962 0597198 1304698 1382104 1546699 1561501 1882330 1979893 1185738 1706132 0331955

 0002778 0936012 1524024 0991865 0006353 0013618 0031603 0031701 0036082 0205430 0332256 1601799 2700400 3160715 0449468 0439175 0439810 1690016 1705102 2700258
 1185738 1706132 0991865 0006353 0013618 0031603 0031701 0036082 1601799 2826285 0806140 0871208 1521828 0702093 1264633 1516695 1516698
 2717977 0005507 0243073 1510438 1510844 1273517 1883351 0079809 0242485 0008377 0428475 0041004 0441889 0042789 1947903 1282910 1552828
 0680730 0858034 0008377 0032105 0205202 1550098 0237820 1514721 2348147 3542016
 0557651 2603343 1883351 0205263 0441889 0243148 1550141 1882979 2587213 3274648 0025936 0003069 0025914 0025929 0026809 1452370 0521974 0301585 1522133 0008377 0012155 0205250 0424612 1299351 1442959 1519433 2700149 2983588 0008395 0332529 0424612 1709500 2919747 2827734 2981698 0008377 1709500 2919747 0444499 0142823 0037473 0109497 0597484 0043193
 0439175 0439810 0065055 0008377 0086045 1552738
 0947630 1441616 0033727 0369286 0441932 0564385 0025936 0003069 0025914 0025929 0026809 1452370 0021493 0021485 0084847 0442120 1272883 1533685 1720436 1828121 0439294 0439267
 0023038 0022718 0439209 0331806 0032718 0226735 1281393 1305775 0042449 0205054 1278960 1720154 0027551 1704318 1882041
 0027551 1704318 1882041 0849355 0184898 2338258 0439844 1999244 0025914 0025929 0026809 0333118 0687712 0021485 1272883 1533685 1828121
 0039991 0884358 0225811 0277909 1522410 0033119
 0225897 1269892 0018827 0205091 1552822 2355627 0456638 0456564 1521879 0331782 0037098 0042124 0042458 1269024 1306232 0005767 0005768 0229664 0991865 0006353 0016382 0031603 0031701 0036082 1601799 0185023 0728733 1522662 0070066 0884358 0991865 0006353 0031603 0031701 0036082 1601799 2348236 0005903 0039476 1547703
 0023884 0000925 1883724 2982836 0231441 0443218 2827483 0070066 0439583 0450376 0016701 0677542 0205198 1706082 0085185 0030415 1707903
 0586608 0040300 1522240
 0370003 0001933 1260957 2986582 0015350 0521119 1704640 1706515 1709793 0032105 1550098 0003595 0523511 1412481 0003595 0523511 1412481 0003595 0523511 1412481 0025914 0025929 0026809 1452370 0032105 1550098 0441833 0687744 1257890 1552516 1552839 1705428 1705429 0003595 0523511 1412481 0003595 0523511 1412481 1709595 2349200 0185125 0205174 1883351 0205173 0205341 1883725 0071500 0017243
 0013855 0017243 1382104 1318876 2986582 0025255 0596901 0600190 1706182
 0025255 0596901 1706182 0003242 1979003 0003241 0003593 0021027 0025914 0025929 0026809 0034493 1439852 1708632 0103839 0003593 0205666 0003593 1548982 0034553
 0205134 0936012 0150312 0332285 2348042 2826345
 0681814 1706386 0032105 1550098 0003595 0523511 1412481 0003595 0523511 1412481 0003595 0523511 1412481 0007450 0325090 0524517 1709595 2349200 0037506 0058632 0071500 0074769 0017243 0037473 0038720 0071499 0086972 0443299 0475337 0597484 0687118 1382104 3536965 0348011 0025255 0596901 1706182
 0025255 0596901 1706182 0003242 1979003 0003241 0003593 0021027 0025914 0025929 0026809 0034493 1439852 0003241 0021027 0205436 0457385 0565930 1561503 1705190 0812225 1150635 1332684 1705212 1705213 3273202 0454842 0041700 1708611 0166872
 0020985 0011321 0017243 0936012 1382104 0449913 1553451 1704459 0037585 0683758
 0871424 0002778 0936012 1524024 0022885 0039593 0392366 1273517 1883351 0237881 1709380 0038215 0750502
 0557061 2584313 1514811 1706462 1880022 0597416 0014241 0035541 0035542 1545588 0005507 0243073 1510438 0040300 0037179 0087136 0205132 0205171 1550648 1552960 0025936 0003069 0025914 0025929 0026809 1547282 0185117 0023884 0736268 1278929 2346688 0349966 1337208
 0005861 1621557 1709269 0023884 0736268 1278929 2346688 0035696 0456389 1517001 0025936 0003069 0025914 0025929 0026809 0450354 1706096
 0449911 0333052 2607870 0557702 1272706 1704674 0557702 1272706 1704674 0349966 1337208
 0740116 2827735 2981700
 0035696 1452370 1547282 0025936 2262014 1452370 1565124 0003069 0023764 0023884 0025914 0025929 0026809 0086418 0205171 0736268 1278929 1720467 2346688 1517914 0597416 0005507 0014241 0035541 0035542 0243073 1510438 1545588
 2983684 0040300 1547928 0025936 0003069 0025914 0025929 0026809 1452370 0596690 1416867 2262011 0023764 0086418 0182400 0205054 1553631 1704681 1708632 2347609 3536729 0014241 0035541 0035542 0868946 0596607 0004400 0442726 1511790
 2347469 0005861 0872262 0002778 0936012 1524024 0205409 1548221 1517914 0023884
 0013855 0086972 0443299 0687118 1706746 0017243 1382104 0392148 0016564
 1171362 0185117 0032105 1550098 0025936 0949466 0005863 0002778 0936012 1524024 1705493 0443289 0442805 0025914 0025929 0026809 0349966 1337208
 1149837 0020115 2262011 1149836 0441655 0332462 1880834 0205250 1299351 2700149 0025914 0025929 0026809 0025914 0025929 0026809 0021966 0221138
 1705241 1705242 0025936 0003069 0025914 0025929 0026809
 0917903 1452370 0596690 1416867 2262011 0023764 0086418 0205054 0444868 3539085 0062503
 1274040 1546471 2825142 1452370 0596690 1416867 2262011 0023764 0205054 1518422 0032105 0175630 1550098 0025914 0025929 0026809 1452370 1565124 0596690 1416867 2262011 0023764 0025914 0025929 0026809 0086418 0205054 0205172 0205447 2825407 0332296 1880497 1996904 0332290 0450382 0449911 0333052 2607870 0557702 1272706 1704674 0557702 1272706 1704674 0349966 1337208
 0439086 2827736 2981702
 0949466 0005863 0005507 0243073 1510438 1705493 0025914 0025929 0026809
 0032105 1550098 0025914 0025929 0026809 1452370 0596690 1416867 2262011 0023764 0205054 0037506 0058632 0071500 0074769 0017243 0037473 0038720 0071499 0086972 0443299 0475337 0597484 0687118 1382104 3536965 0348011 0600190 3641682 1452370 0596690 1416867 2262011 0003242 1979003 0003241 0021027 0023764 0034493 0086418 0205054 1439852 0003242 1979003 0003241 0021027 0034493
 0243122 1145667 1167622 0005507 0234621 0243073 1510438
 0449911 0039224 1706073 1706074 0557702 1272706 1704674 0557702 1272706 1704674 2262011 1149836 0020115 0205177 0439167 0441655 1561536 0032105 1550098 0015688 0015688 2698488 0015684 0001128 0202406 0332296 1880497 1996904
 0475264 1744691 1517914 0023884 0736268 1278929 2346688 1883351 0450429 1515974 0023884 0736268 1278929 2346688 0025914 0025929 0026809 0036082 1720154 0019134 0770546 0332283 0031001 0185023 0728733 1522662 0003241 0021027 1452370 0349966 1337208
 0025914 0025929 0026809 0016318 0079603 0443289 0520511 1704711 0349966 1337208 0450373 1553636
 0025914 0025929 0026809 0016318 0079603 0522501 0332161 0599946 0450375 0332290 0521119 0062503 0062508
 0016318 0079603 1282914 1116449 0042449 0205099 1879652 0015350 0521119 1704640 1706515 0001933 0487602 1260957 1704680 1511726 3245479 1518422 1547282
 0016318 0079603 1517914 0023884 0025914 0025929 0026809 0736268 1278929 1441672 2346688 0349966 1337208 0037993 0771377 1278932 0022646 0227665 1278978 1514845 0025914 0025929 0026809 1511726 3245479 1518422 1547282
 0449911 0333052 2607870 0557702 1272706 1704674 0557702 1272706 1704674 0349966 1337208

 0475264 1744691 1553033 0019134 0770546 2347469
 0023884 0031001 0070066 0231441 0443218 2827483 0991865 0006353 0031603 0031701 0036082 1601799
 0040300 1547928 0000925 0180202 1883724 0205155 1293097 1522472 1552923 1705191 0017596 0444330 0449878 1947936
 2348236 0005903 0039476 0884358 1547703 0003242 0003241 0021027 2827734 2981698 1442450 0003242 1979003 0003241 0021027 0027627 0034493 0175668 0205436 2827734 2981698 0036152 1826357 0060520 0075278 1515981 2827734 2981698 1442450
 0444330 1626420 0066563 0181839 0220825 1417835 1705928 1706379
 1080898 0227523
 1452370 0596690 1416867 2262011 0023764 0205054 0205177 0439167 0441655 1561536 0033684 0086418 0018557 0586608 0040300 1547928 1452370 0596690 1416867 2262011 0023764 0205054 0032214 0600138 0035820 1705810 0597513 0936012 0586608 0440744 0736268 0040300 1547928 0349966 1337208
 0282157 0487602 1441616 1704680 0025914 0025929 0026809 1452370 0596690 1416867 2262011 0023764 0205054 0043520 0019360 1710082 0001629 0025148 1269575 1305694 2698825 1553637
 1452370 0596690 1416867 2262011 0023764 0205054 0586608 0040300 0442726 1511790 1547928 0025914 0025929 0026809
 0332441 0332437 0543482 0700329 0700619 0040300 0332128 1711411 2004054 2986582 0205155 1293097 1522472 1552923 1705191 0349966 1337208 2347469
 0449911 0333052 2607870 0557702 1272706 1704674 0557702 1272706 1704674 0349966 1337208
 0439084 0728893
 0475264 1744691 0586608 0040300 1547928 0025914 0025929 0026809
 0001625 0070066 0231441 0443218 2827483 0991865 0006353 0031603 0031701 0036082 1601799 0016701 0677542 1698986
 0016741 0349966 1337208 1552738
 1517480 1521871 1705759 1710082 0003241 0021027 0019941 0027021 0031179 0330510 0939835 1110641 1318719 0333562
 0444330 0220825 0349966 1337208

 2316368 0205155 1293097 1522472 1552923 1705191 0586608 0040300 0205266 0332128 0332437 0543482 0700329 0700619 1547928 1554187 0026024 0444701 0026018 0205390 1979874 2347469
 0439267 0043518 0019360
 0016327 0439133 1553038 0043517 0019360
 0205090 0684010 2603358 0043520 0019360
 0369637 0441923 0025148 1269575 1305694 2698825
 1278073 0023779 0002778 0936012 1524024 0025936 0003069 0025914 0025929 0026809 0185117 0025936 0003069 0025914 0025929 0026809 0205216 0392756 0442797 0858034 0008377 0041004 0025914 0025929 0026809
 2607943 2926606 3539655 1705535 0441712 0392756 0858034 0008377 0041004 0205289 0806909 1516240 3242339 0025914 0025929 0026809
 0449911 0039224 1706073 1706074 0557702 1272706 1704674 0557702 1272706 1704674 0858034 0008377 1979963 2003903 0065060 0008565 0008550 0015663 0302908 0456962 0597198 1304698 1546699 1561501 1882330 1979893 0025914 0025929 0026809 0441833 0687744 1257890 1552516 1705428 1705429
 1979963 2003903 0012727 0205419 0700321 1705236 1880022 0003593 0332256 2700400 0023823 0023820 0178587 0205251 1299352 1550472 0444505 0349966 1337208 1553638
 1979874 0025914 0025929 0026809 0301630 0441610 0349966 1337208 2347469 1553033
 0449911 0333052 2607870 0557702 1272706 1704674 0557702 1272706 1704674 0349966 1337208

 0008565 0008550 0015663 0032105 0302908 0456962 0597198 1304698 1546699 1550098 1561501 1882330 1979893 1979963 2003903 2347469 0025914 0025929 0026809 1515981 0015663 0456962 0025914 0025929 0026809 0521974 0301585 0012155 1442959 1519433 2983588
 0032105 1550098 0003062 1979893 1264633 0205173 3539942 0005507 0243073 1510438 0008377 0041004
 1264633 0332256 2700400 0023825 0023823 0442811 0023820 0178587 0205251 0442824 1299352 1550472 0065063 0023820 0178587 0205103 1550465 2827755 1864112 0023823 0023821 0023820 0178587 0205250 1299351 2700149 0205126 1444656 1707156 3274014 3541345 0003595 0523511 1412481
 0041405 1824670 3272447 0201950 0543421 0008377 0439175 0439810
 0337445 0041004
 1278073 0023779 0002778 0936012 1524024 0025936 0003069 0025914 0025929 0026809 1883351 1292732 1517331 0302523 0700325 1964257 1452370 0596690 1416867 2262011 0023764 0205054 0023820 0023821 0023820 0178587 0205250 1299351 2700149 0205263 0441889 0204695 2987508 0025914 0025929 0026809 0521974 0301585 0012155 0205250 0424612 1299351 1442959 1519433 2700149 2983588
 0002778 0936012 1524024 0023820 0441889 1547282 0858034 0008377 0025914 0025929 0026809 0205217 0442805 0521974 0301585 0012155 0205250 0424612 1299351 1442959 1519433 2700149 2983588 0065058 0125953 1096202 1291138 0003593 0023820 0205217 0332256 0442805 1274040 1546471 2700400 2825142
 1514559 0025914 0025929 0026809 0441994 1272755 2003888 0008377 0025914 0025929 0026809 1515981 0025914 0025929 0026809
 0583329 0428475 0032105 0041004 0441889 1550098 0205216 0392756 0442797 0025936 0003069 0025914 0025929 0026809
 0008565 0008550 0015663 0302908 0456962 0597198 1304698 1546699 1561501 1882330 1979893 1979963 2003903 0349966 1337208
 0016327 0439133 1553038
 0023820 0023825 0023823 0442811 0023820 0178587 0205251 0442824 1299352 1550472 0065063 0023820 0178587 0205103 1550465 2827755 0023823 0023820 0178587 0205251 1299352 1550472 0205216 0392756 0442797 1285521 0025914 0025929 0026809 0349966 1337208 0016327 0439133 1553038
 1514559 1452370 0392756 0441889 0025914 0025929 0026809
 0444505 0444505 0023822 0023821 1522133 0750492 0041004 0017861
 0039224 0439070 1705160 1706073 1706074 0023826 0023824 0860920 0065055 0008377 0023825 0023823 0205216 0392756 0442797 0025936 0003069 0025914 0025929 0026809 0342895 0521974 0301585 0012155 0205250 0424612 1299351 1442959 1519433 2700149 2983588
 0065063 0023820 0178587 0205103 1550465 2827755 1264633 0205216 0392756 0442797 1515981 0025914 0025929 0026809
 1517001 0441889 0392756 1515981 0025914 0025929 0026809
 0025914 0025929 0026809 0342895 0521974 0301585 0012155 0205250 0424612 1299351 1442959 1519433 2700149 2983588 1452370 0596690 1416867 2262011 0023764 0205054 0441994 1548802 2003888 0008377 0065060 0428475 0583329 0041004 0023821 0023820 0178587 0205250 1299351 2700149
 0449911 0039224 1706073 1706074 0557702 1272706 1704674 0557702 1272706 1704674 0065055 0008377 0683150 0086045 1880022 0205173 1705764 1705765 0025936 0003069 0025914 0025929 0026809 0231448 0439792 0302523 0700325 1964257 1452370 0596690 1416867 2262011 0023764 0205054 0441994 1548802 2003888 0023820 0332128 0595938 1280500 2348382 0003069 0003593 0086418 0150312 0332285 0025936 0003069 0025914 0025929 0026809
 0025936 0003069 0025914 0025929 0026809 0583325 0032105 0441889 1550098 0065191 0023823 0428475 0858892 0065060 0023820 0041004 0178587 0205250 0205251 0441889 0558058 0699759 1299352 1550472 3163633 0439509
 0006159 0025914 0025929 0026809 0205217 0442805 2262011 1149837 1149836 0020115 0205177 0439167 0441655 1561536 0003069 0003593 0086418 0150312 0332285 0025936 0025914 0025929 0026809 0025936 0003069 0025914 0025929 0026809 0205173 1515981 1705764 1705765 0205216 0392756 0442797 0201950 0543421 0858034 0583329 0428475 0032105 0041004 0441889 1550098
 0032105 1550098 0008565 0008550 0015663 0302908 0456962 0597198 1264633 1304698 1546699 1561501 1882330 1979893 1547282 0547047 0065060 0041004 1264633
 0301630 0392756 0441610 0065191 0858892 0065060 0041004 0023823 0597177 0349966 1337208
 0037088 0243095 2825141 1452370 0596690 1416867 2262011 0023764 0205054 0205171 0439044 0679994 0041004 1705535 1521761 2827422 0065191 0023823 0858892 0065060 0023820 0041004 0178587 0205251 0699759 1299352 1550472 1709694 1880177
 1517001 0301630 0392756 0441610 0025936 0003069 0025914 0025929 0026809 0205173 1441672 1705764 1705765 0025936 0003069 0003593 0025914 0025929 0026809 0086418 1707455
 0449911 0039224 1706073 1706074 0557702 1272706 1704674 0557702 1272706 1704674 0065055 0008377 0683150 0086045 0003069 0003593 0086418 1517320 0025936 0025914 0025929 0026809 0449911 0333052 2607870 0557702 1272706 1704674 0557702 1272706 1704674 0349966 1337208

 0008565 0008550 0015663 0032105 0302908 0456962 0597198 1304698 1546699 1550098 1561501 1882330 1979893 1979963 2003903 0003069 0003593 0086418 0015663 0456962 0003069 0003593 0086418 0025914 0025929 0026809
 0032105 1550098 0003062 1979893 1264633 0205173 3539942 0005507 0243073 1510438 0008377 0041004
 1264633 0332256 2700400 0023825 0023823 0442811 0023820 0178587 0205251 0442824 1299352 1550472 0065063 0023820 0178587 0205103 1550465 2827755 1864112 0023823 0023821 0023820 0178587 0205250 1299351 2700149 0205126 1444656 1707156 3274014 3541345 0003595 0523511 1412481
 0041405 1824670 3272447 0201950 0543421 0008377 0439175 0439810
 0337445 0041004
 1880022 0003595 0523511 1412481 1565124 1452370 0596690 1416867 2262011 0023764 0205054 2349975 0007634 0178539 0243144 0347980 0023825 0023823 0442811 0023820 0178587 0205251 0442824 1299352 1550472 0003595 0523511 1412481
 1883351 0022885 0039593 0392366 1515655 0006159 1704650 0025914 0025929 0026809
 2262011 1149837 1149836 0020115 0205177 0439167 0441655 1561536 0332462 1880834 0205250 1299351 2700149
 0858034 0008377 0428475 0041004 0441889 0025914 0025929 0026809 0039224 1706073 1706074
 0858034 0008377 0041004 0205216 0392756 0442797 0003595 0523511 1412481 0025914 0025929 0026809
 1979963 2003903 0008565 0008550 0015663 0302908 0456962 0597198 1304698 1546699 1561501 1882330 1979893 0456387 1705943 0025914 0025929 0026809 0441833 0687744 1257890 1552516 1705428 1705429 0003595 0523511 1412481 0003595 0523511 1412481 0025914 0025929 0026809
 0185117 1452370 0205216 0392756 0442797 0003593 0023820 0332256 1264633 2700400 0023821 0003595 0023820 0178587 0205250 0392756 0439509 0523511 1299351 1412481 2700149 0025914 0025929 0026809 0349966 1337208 0003595 0523511 1412481 1553033
 0041004 0392756 2825407 0023820
 2607943 2926606 3539655 1705535 1452370 0596690 1416867 2262011 0023764 0205054 0086597 0449297 1382187 2825073 0332197 1689985 0003595 0523511 1412481
 1883351 0521093 0750484 1456348 0302523 0700325 1964257 0003593 0441889 0003595 0523511 1412481 0025914 0025929 0026809
 0003595 0523511 1412481 0025914 0025929 0026809 0032105 0441889 1550098 0205216 0392756 0442797 0441889 1518422 0392747 0443172 1705241
 0392756 0547047 0003595 0523511 1412481 0025914 0025929 0026809 1705535 1452370 0596690 1416867 2262011 0023764 0205054 1280500 2348382 1976850 0023820 3272697
 0449911 0039224 1706073 1706074 0557702 1272706 1704674 0557702 1272706 1704674 0086045 0003595 0523511 1412481 0003595 0523511 1412481 1565124 0025914 0025929 0026809 0449911 0333052 2607870 0557702 1272706 1704674 0557702 1272706 1704674 0349966 1337208

 0008565 0008550 0015663 0032105 0302908 0456962 0597198 1304698 1546699 1550098 1561501 1882330 1979893 1979963 2003903 0003595 0523511 1412481 0003595 0523511 1412481 1452370 0596690 1416867 2262011 0007450 0023764 0086418 0205054 0325090 0524517 2347469 0003595 0523511 1412481 0025914 0025929 0026809
 0032105 1550098 1979893 0005507 0243073 1510438 0349966 1337208

 0041405 1824670 3272447 0201950 0543421 0008377 0439175 0439810
 0337445 0041004
 1880022 3272697 0597177 3272697 0232741 0031843 0542341 0700205 1705273
 1883351 1292732 1882365 1515655 0007450 0325090 0524517
 0003595 0523511 1412481 0025936 0003069 0025914 0025929 0026809 1278073 0023779 0032105 0679133 1550098 1880022 0086045 0001779 1707455 0003595 0523511 1412481 0003595 0523511 1412481 0025914 0025929 0026809
 1149837 1149836 0441655 0003595 0523511 1412481 0003595 0523511 1412481 1452370 0596690 1416867 2262011 0007450 0023764 0086418 0205054 0325090 0524517 0003595 0523511 1412481 0025914 0025929 0026809
 0205177 0439167 0441655 1561536 0025914 0025929 0026809 1452370 0003595 0523511 1412481 0025914 0025929 0026809
 0597879 1452370 0949466 0032105 1550098 0003595 0523511 1412481 0025914 0025929 0026809 0003595 0205397 0523511 1412481 0025914 0025929 0026809 0439148 1519795
 0021135 1533691 2827718 0681842 1511726 1882327 3245479 0007450 0325090 0524517 0392756 0439175 0439810 0065055 0003593 0008377 0023820 0332256 2700400 0441889 0456079 1547707 1707455 2946261 0025914 0025929 0026809 1424736
 0441889 0456079 1547707 2946261 0185117 1452370 1452370 0596690 1416867 2262011 0007450 0023764 0086418 0205054 0325090 0524517 0025914 0025929 0026809 0547047 0065063 0023820 0178587 0205103 1550465 2827755 0023824 0860920 0065055 0008377 0023823 2262011 0020115 1149836 0205177 0439167 0441655 1561536 0332268 0243102 1264638 1547012 0205177 0439167 0441655 1561536
 0003595 0523511 1412481 0025914 0025929 0026809 0205171 1720467 0700321 1273937 0237881 0023822 0151691 0023821 1522133 0065055 0008377 0023820 0178587 0205250 0392756 0547047 1299351 2700149 1705535 0243102 1264638 1547012 0205177 0439167 0441655 1561536 0449719 1709471 0023821 0023820 0178587 0205250 1299351 2700149 0392756 1280500 2348382
 0949466 0003593 0441889 0003595 0523511 1412481 0003595 0523511 1412481 0003595 0523511 1412481 0025914 0025929 0026809 0017243 0034606 0441633 1382104 0547047 0003595 0523511 1412481 0003595 0523511 1412481 0025936 0003069 0025914 0025929 0026809 0003595 0025914 0025929 0026809 0523511 1412481 1707455 0439148 1519795
 1274040 1546471 2825142 1452370 0596690 1416867 2262011 0023764 0205054 0439175 0439810 0065055 0008377
 1511726 3245479 1976850 0023820 0032105 0521097 1550098 1452370 0596690 1416867 2262011 0023764 0205054 0243102 1264638 1547012 0007382 0205177 0439167 0441655 1561536
 1514811 1706462 1883351 0443211 0441712 1158917 0003593 0023820 0025519 0025520 0332256 1880177 2700400 0023821 0023820 0178587 0205250 1299351 2700149 1515655 0025936 0003069 0025914 0025929 0026809 1452370 0596690 1416867 2262011 0023764 0205054 0007450 0325090 0524517
 0947630 0201950 0543421 1868135 0858034 0023820 0023821 0023820 0178587 0205250 1299351 2700149
 0596690 1416867 2262011 0023764 0205054 0441994 1272755 2003888 0023820 0243102 1264638 1547012 0205177 0439167 0441655 1561536 0003595 0523511 1412481
 0020115 2262011 1149836 0243102 1264638 1547012 0205177 0439167 0441655 1561536 1452370 0023821 0023820 0178587 0205250 0205289 0301630 0392756 0441610 0806909 1299351 1514873 2700149
 0332120 1452370 0596690 1416867 2262011 0023764 0205054 0598783 1517898 0023779 0025519 0025520 0947630 1524063 0574032 0034693 0034721 1452370 0596690 1416867 2262011 0178693 0011155 0023764 0030705 0086418 0205054 0947630 1515981 1636779
 0444868 0947630 3539085 0684224 0700287 3496591 1278073 0851043 0023779 0023821 0023820 0178587 0205250 1299351 2700149 1280500 1947931 1452370 2262011 0596690 1149836 1416867 0020115 0023764 0086418 0205054 0205177 0332268 0439167 0439849 0441655 0445223 1561536
 1514559 0034493 1452370 0025914 0025929 0026809 0392756 1278073 0023779 0023820
 0034493 1452370 0596690 1416867 2262011 0023764 0205054 0023884 0736268 1278929 2346688 0021044 1547282 1452370 0596690 1416867 2262011 0023764 0205054 0150312 0449450 0332281 1704640 1706515 1883067 0205148 0439084 0728893
 0858034 0008377 0041004 0065063 0023820 0178587 0205103 1550465 2827755 0023821 0023820 0178587 0205250 1299351 2700149 0392756 0201950 0543421 0008377 0439175 0439810 0041004
 2607943 2926606 3539655 1452370 0596690 1416867 2262011 0023764 0205054 1301751 1280500 0023823 0023820 0178587 0205251 1299352 1550472 0521974 0301585 0012155 0205250 0424612 1299351 1442959 1519433 2700149 2983588
 0332268 0023820 1452370 0596690 1416867 2262011 0023764 0086418 0205054 0441889 0441994 0456079 1547707 1548802 2003888 2946261 1274040 1546471 2825142 0442805 0442805 0301630 0392756 0441610 0023884 0736268 1278929 2346688 1452370 0596690 1416867 2262011 0023764 0205054 0040300 0025914 0025929 0026809
 0947630 0185117 1452370 1278073 0023779 1518422 0443211 0035820 1705810 0025519 0025520 0023820
 0557651 2603343 1514559 0599779 0003062 3161035 0441889 0332256 2700400 0023825 0023823 0442811 0023820 0178587 0205251 0442824 1299352 1550472 0065063 0023820 0178587 0205103 1550465 2827755 0023823 0023820 0178587 0205251 1299352 1550472 0025914 0025929 0026809 0332268 0003595 0523511 1412481 0025914 0025929 0026809 0342895 0521974 0301585 0012155 0205250 0424612 1299351 1442959 1519433 2700149 2983588
 1883712 0025936 0003069 0025914 0025929 0026809 0428475 0441889 0439509 0870432 0441889 0025914 0025929 0026809 0205203 1514559 1452370 0596690 1416867 2262011 0023764 0205054
 0392756 0547047 1274040 1546471 2825142 0020291 0232741 0542341
 0332120 0681828 0021135 1533691 2827718 0007634 0149566 0947630 3282337 1452370 0596690 1416867 2262011 0023764 0086418 0205054
 0427861 0227525 0007634 3282337 0243122 1145667 1167622 0023825 0023823 0023820 0065063 0023823 0023820 0178587 0205251 1299352 1550472 0439086 2827736 2981702 0332462 1880834 0205250 1299351 2700149 0007634 3282337
 0947630 1883712 0597177 3272697 0205217 0442805 0243122 1145667 1167622 0243144 0347980
 1452370 0596690 1416867 2262011 0023764 0205054 0700364 1883351 0031843 0542341 0700205 1705273
 1883351 0332149 1705910 2362652 0020115 2262011 1149836 0243102 1264638 1547012 0205177 0439167 0441655 1561536 1452370 1514873 1883351 0392756 0547047 0441889
 0681828 0947630 1444656 1452370 0596690 1416867 2262011 0023764 0205054 2349975 0243144 0347980 3146294 0025914 0025929 0026809 0003069
 0185117 0017296 0314603 1706907 0441994 1272755 2003888 0201950 0428466 0858034 0008377 0441889 1883559 0332307 0445392 1547052 0205177 1565124 0025936 0003069 0025914 0025929 0026809 0441889 1452370 0596690 1416867 2262011 0023764 0205054 0003595 0523511 1412481 0025914 0025929 0026809 1452370
 0681842 1882327 0243102 1264638 1547012 0205177 0439167 0441655 1561536 1518422 1514873 1883351 0392756 0547047 0441889
 0392756 0547047 0441889 0185117 1452370
 1883712 0023820 0522501 3151466 1452370 0596690 1291447 1416867 2262011 0549475 0011155 0023764 0086418 0162429 0205054 0205217 0442805 1623416 1452370 1565124 0206745 0596690 1416867 2262011 0023764 0025914 0025929 0026809 0086418 0205054 0560617 1515981 1522225 1280500 2348382 1883351 0392756 0547047 0023820 0205463 0450355
 1274040 1546471 2825142 1999230 2982836 1452370 0596690 1416867 2262011 0023764 0205054 2963144 0023820 0003595 0037640 0332197 0523511 1412481 1689985 0023688 0086597 0243144 0347980 0542341 0023688
 0232741 0031843 0542341 0700205 1705273 0449719 0725813 1709471 0031843 0542341 0700205 1705273 1621790 1148608 1523843 1621789 0243122 1145667 1167622
 1883351 1145667 1167622 0033692 1709915 1882936 0871161 1292721 1706211 1709915 1882936 0033692
 1704675 0184512 0014442 0078988 0699027 0023688 0023820 1710236 1293132 1514583 0597357 0243144 0347980
 1880177 0871161 1292721 0031843 0542341 0700205 1705273 1452370 0596690 1416867 2262011 0023764 0205054 0021135 1533691 2827718 0062507 0033692
 0062507 0205216 0392756 0442797 3158645 0243122 1145667 1167622 1452370 0023825 0023823 0442811 0023820 0178587 0205251 0442824 1299352 1550472 0023823 0023820 0178587 0205251 0439083 0439087 1299352 1550472 0007634 0332155 1707455 3282337
 1148608 3158645 0243122 1145667 1167622 0062503 0086597 0127400 0243144 0347980
 0332128 0007613 0232741 0031843 0542341 0700205 1705273 0033684 0028778 0332206 1533157 1706084 2828370 1704259 1705987 2247772 1149323 0243122 1145667 1167622 0243144 0347980 0205171 1720467 0449719 0243122 1145667 1167622 0243144 0347980 0311403
 0205197 0028778 0332206 2983591 0243122 1145667 1167622 0243125 0699900 0033684 0205245 0542341 2700217 0450385
 0917903 1292711 0449719 1709471 0243122 1145667 1167622 1709305 2745955 0062503
 0150312 0449450 0557651 2603343 0185117 0025936 0003069 0025914 0025929 0026809 0392756 0441889
 0301630 0392756 0441610 0684224 0700287 3496591 1452370 0596690 1416867 2262011 0003069 0023764 0034493 0086418 0205054 1452370 0596690 1416867 2262011 0023764 0205054 0003069 0025914 0025929 0026809
 0151691 0392756 0547047 1517001 1452370 0596690 1416867 2262011 0023764 0205054 1149838 0205177 0439167 0441655 1561536 0023821 0023820 0178587 0205250 1299351 2700149 1710236
 0441712 0007382 2262011 0020115 2266866 1149836 0441655
 0947630 1444656 1452370 0596690 1416867 2262011 0023764 0205054 2349975 0243144 0347980 0450388
 1883712 0332185 1452370 0596690 1416867 2262011 0023764 0205054 2349975 0243144 0347980 0021135 1533691 2827718
 0441712 1706376 2349975 0243144 0347980 0031676 1283071 0008387 0014898 0004083 0439849 0596306 0699792 2362652 1704259 1705987
 1627358 2349975 0392148 1710706 0001613 0007776 1176472 2700441 1705535 1452370 0596690 1416867 2262011 0023764 0205054 0011209 0559563 1705822 0007634 3282337 0597513
 1883351 0443211 0232741 0031843 0542341 0700205 1705273 1514873 1515655 0007450 0325090 0524517 0444706 3541902 0583325 0441889
 0441889 0441994 1548802 2003888 1565124 0025914 0025929 0026809 0025914 0025929 0026809 1705241 1705242 1518422 2584321 0237881 1709380 0038215 0750502
 1452370 0596690 1416867 2262011 0023764 0205054 0700364 1883351 0935587 0441889
 0805874 0870077 1446409 0439787 0849355 0441889 0031843 0542341 0700205 1705273
 1511726 3245479 0871161 1292721 1519606 2986594 3161035
 1883712 0178693 0035171 2985227 0947630 0007450 0325090 0524517 0003595 0523511 1412481 1706907 0232741 0542341 0014442 0238767 1706086 0023688 1515981 0086597 0443301 0449297 1382187 2825073
 0684224 0700287 3273238 0332120 1452370 0596690 1416867 2262011 0023764 0205054 0023688 0079613 0849355 1883720 3244314 0023820 0183683 1521721 0035820 1705810 0449297 1382187 2825073 0023820
 2986676 0031831 1707664 2348314 3540849
 1551910 0042950 1999230 0006556 1452370 0031831 1707664 2348314 3540849
 0023816 1334332 1416902
 0031831 1707664 2348314 3540849

 0031831 1707664 2348314 3540849
 0449851 0018896 1552861

 0031831 1707664 2348314 3540849
 0597416 0005507 0014241 0035541 0035542 0243073 1510438 1545588
 2986676 0335326 1306756
 2825232 0043227 0449719 1521721 1709471 0027468 0018173 0018684 0021622 1515981 1548284 3245503
 0010186 0220812 0449719 1709471 0220808 0680264 0007961
 1706852 0522501 1706089 0949214

 0376649 1442065 0005477 0041740 0027978 0205314
 0282413 0376649 1442065 0021622 1272753 0369773 2603361
 0179400 1533124 0036152 1826357 0254343 0796520 3272379

 0085205 1549619 1880669
 2827734 2981698 0000723 1273517 1452370 0596690 1416867 2262011 0023764 0205054 0596690 1416867 2262011 0023764 0205054
 0003591 0003591
 0062503 0062503
 0007450 0325090 0524517 1452370 0596690 1416867 2262011 0023764 0205054
 0023821 0023820 0178587 0205250 1299351 2700149 0023821 0023820 0178587 0205250 1299351 2700149
 0065063 0023820 0178587 0205103 1550465 2827755 0065063 0023820 0178587 0205103 1550465 2827755
 0023823 0023820 0178587 0205251 1299352 1550472 0023823 0023820 0178587 0205251 1299352 1550472
 3540560 0242972 0748025 1416912 0597357 0033684 0034821 1366529
 0023825 0023823 0442811 0023820 0178587 0205251 0442824 1299352 1550472 0023825 0023823 0442811 0023820 0178587 0205251 0442824 1299352 1550472
 0582519
 0008565 0008550 0015663 0302908 0456962 0597198 1304698 1546699 1561501 1882330 1979893 0008565 0008550 0302908 1304698 1546699 1561501
 1514811 1706462 0557061 2584313 1514811 1706462 0205090 0684010 2603358
 0439394 1706495 3642217
 0014442 0014445 0369773 2603361 3538926 3538926 0449468 0560268 1690016

 0027976 0369637 0441923
 0205090 0684010 2603358 0033727 0369286 0441932 0564385




 0740116 2827735 2981700
 0033727 0369286 0441932 0564385



 0439086 2827736 2981702 2603360 0439267




 0441039 1705854 3540815
 0369637 0441923

 2347379
 0000857 0600678 1552863 2347469 0597277 1708601
 0205090 0684010 2603358 0033727 0369286 0441932 0564385


 0025141 2603360
 0021966 0221138 0369773 2603361



 0025141 0033727 0369286 0441932 0564385 2603360
 1553033



 2347379

 0025141 2347469
 0369773 2603361


 0025141 2603360 0033727 0369286 0441932 0564385
 0004153 0025141 0021966 0221138
 0439090 1423767 0003595 0523511 1412481
 0205090 0684010 2603358 1708595 3280986 0033727 0369286 0441932 0564385
 0016327 0439133 1553038
 2603360 0678579


 1315013

 0025141 0439267
 2347469


 0025141 0205090 0684010 2603358

 0369773 2603361
 0311400 1524026 2707259 1853126 0178499 1626935 0722969 0205090 0684010 2603358 1423878 3538926 0449468 0560268 1690016
 0740116 2827735 2981700
 0442532 0027976 2603360 0369773 2603361

 0004153 0025141 0597277 1708601 0205090 0684010 2603358
 0439394 1706495 3642217 0205090 0684010 2603358
 0439394 1706495 3642217


 2347379

 0025141 2603360 0369773 2603361



 0025141 0369718 0441922 1553036 1511325
 0023493 1961099
 0205090 0684010 2603358


 0201682
 0033727 0369286 0441932 0564385

 0025519 0025520 0025141 0033727 0369286 0441932 0564385



 0025141 0369637 0441923
 0033727 0369286 0441932 0564385 0033727 0369286 0441932 0564385 0205090 0684010 2603358
 0369637 0441923


 2347379
 0000857 0600678 1552863 0597277 1708601 0369637 0441923
 0439394 1706495 3642217
 0033727 0369286 0441932 0564385 0557775
 0033727 0369286 0441932 0564385


 0025141 0033727 0369286 0441932 0564385



 2347379

 0025141 0439114 0033727 0369286 0441932 0564385

 2347379
 0000857 0600678 1552863 0369773 2603361
 0033727 0369286 0441932 0564385 0439394 1706495 3642217
 0033727 0369286 0441932 0564385


 0025141 2603362
 0205090 0684010 2603358
 0439267
 0369637 0441923
 0369637 0441923
 2603360 2603362

 0205090 0684010 2603358
 0439394 1706495 3642217


 0201682

 0678579
 0205090 0684010 2603358 1553033 0369718 0441922 1553036 0205090 0684010 2603358 0402217 0033727 0369286 0441932 0564385
 2347469 1708595 3280986 2603362

 1315013

 0439073 0439082

 0369773 2603361
 0439267 0016327 0439133 1553038 0439267
 0004153 0025141 0205090 0684010 2603358
 0023882 0700321 2700395
 0369773 2603361



 2347379

 0025141
 0033727 0369286 0441932 0564385



 0003850 0000857 0600678 1552863 0645690 0597277 1708601 0597277 1708601


 2603362

 2347379
 0000857 0600678 1552863 0205090 0684010 2603358
 0023882 0700321 2700395
 1553033 0439267
 0016327 0439133 1553038 1532464 2700314 0439394 1706495 3642217 2603360

 0003595 0523511 1412481 0369773 2603361



 0000857 0600678 1552863 0369773 2603361
 0439267
 0016327 0439133 1553038

 0003850 0439509 0000857 0600678 1552863 2603360 0439394 1706495 3642217
 0439394 1706495 3642217 0016327 0439133 1553038 0369773 2603361
 0554210

 2347379
 0000857 0600678 1552863 2603362

 0205090 0684010 2603358



 0201682
 0369718 0441922 1553036 0033727 0369286 0441932 0564385 0439267


 0201682
 1060232 1191716 1414371 0597277 1708601

 2347379
 0000857 0600678 1552863 0369637 0441923

 0033727 0369286 0441932 0564385

 0597277 1708601


 0201682
 0033727 0369286 0441932 0564385
 0205090 0684010 2603358
 0205090 0684010 2603358



 0201682
 2603362
 0369637 0441923
 0999213 3280437 0439394 1706495 3642217
 0439267 0335912


 2347379
 0000857 0600678 1552863 0439394 1706495 3642217
 2347469 2603362
 0369773 2603361
 0039286 0410207 1834582 1553033 0369637 0441923
 0033727 0369286 0441932 0564385 0332239 2603362
 0439267


 0201682
 2603362
 0033727 0369286 0441932 0564385 0205090 0684010 2603358

 0369718 0441922 1553036
 0036397 0025141 0441039 1705854 3540815 2603362
 0205090 0684010 2603358

 0369637 0441923
 1418943

 0268596 2700624
 3642273
 0003595 0523511 1412481 0041703
 0000857 0600678 1552863 1832110 2603362
 0033727 0369286 0441932 0564385
 0205090 0684010 2603358

 0597277 1708601 0439394 1706495 3642217
 0205090 0684010 2603358
 0017337
 0025141 0439267 0205090 0684010 2603358 0033727 0369286 0441932 0564385
 0007589 1511938 2945687 0025141 0205090 0684010 2603358
 0999213 0033727 0369286 0441932 0564385
 0369637 0441923
 0369637 0441923
 0597277 1708601 0205090 0684010 2603358

 1418943

 0268596 2700624
 3642273
 0003595 0523511 1412481 0041703
 0000857 0600678 1552863 0337841 1553033 3495095 0033727 0369286 0441932 0564385 0369773 2603361
 0033727 0369286 0441932 0564385 0678579 0369637 0441923
 0999213 0033727 0369286 0441932 0564385 2603362 0439394 1706495 3642217


 0201682
 0439267
 2603362
 0439267
 1015220

 2603360 2603362

 0043217 0442548
 0369637 0441923
 0369637 0441923
 0369773 2603361 0369637 0441923
 1553033
 0369637 0441923
 0205090 0684010 2603358
 0439394 1706495 3642217


 0201682
 0033727 0369286 0441932 0564385 2603360
 1418943

 0268596 2700624
 3642273
 0003595 0523511 1412481 0041703
 0000857 0600678 1552863
 0205090 0684010 2603358
 1708595 3280986
 0016327 0439133 1553038 0439394 1706495 3642217

 0369637 0441923
 0016327 0439133 1553038
 0332239 2603362
 0439267

 1315013

 0025141
 2347469 0597277 1708601 0023150 0220866 0728724 1947938 1947939 0205090 0684010 2603358 0439267

 2347379
 0000857 0600678 1552863 0033727 0369286 0441932 0564385





 0439394 1706495 3642217

 0025141

 0205090 0684010 2603358


 0005477 0025141 0439267
 0003461 2939124

 0025141 0439267 2603360


 0450385 0025141 2347469
 2603362
 1708595 3280986


 0201682

 0205090 0684010 2603358 0597277 1708601
 0033727 0369286 0441932 0564385 2603362
 1708595 3280986


 0201682
 0439267
 0144237 0033727 0369286 0441932 0564385
 2603362
 0033727 0369286 0441932 0564385 0033727 0369286 0441932 0564385 0369718 0441922 1553036


 0201682

 2603360
 0439267
 1315013
 1417055


 0025141
 0449309 0025663 0025664 0449851 0599997 2347469 2346686 0033727 0369286 0441932 0564385 0369773 2603361
 0034975 0043038 0012358 0012764 1444662 1512015 0073187

 0033727 0369286 0441932 0564385
 0003461 2939124

 0025141 2603362
 0003595 0523511 1412481
 0597277 1708601 0004897 0439394 1706495 3642217
 0018210
 0332239 2603362
 0439267


 0201682
 0369773 2603361 0021966 0221138 0369637 0441923 2603362


 0025141 0369637 0441923
 0016327 0439133 1553038 0205090 0684010 2603358
 1708595 3280986 0439267 0018210
 0008114 1284862 0369773 2603361 0181107 0205090 0684010 2603358
 0033727 0369286 0441932 0564385
 0033727 0369286 0441932 0564385 0332239 2603362
 0439267

 1315013

 0025141 2603362



 0597277 1708601


 0201682
 2603360

 0597277 1708601 0678579 0369637 0441923
 0439482


 0201682

 0439267
 0033727 0369286 0441932 0564385

 2347379
 0000857 0600678 1552863 0335912



 0201682
 2347469 0439267 1553033 0439394 1706495 3642217


 0025141 0597277 1708601
 2603360 0033727 0369286 0441932 0564385
 0033727 0369286 0441932 0564385 0369637 0441923
 0036397 0000857 0600678 1552863 0009993 0037455 0596070 1552856 0005477 0026376 0005532 1521991