 1660751 0035280 0333117 1753315 0062503 0019143 0699040 3539520 0439093 0443228 1704243

 0035172 0021622 0035168 0242481 1272753 0587487 1704729 0013227 0025118 0006754 0041740 3146274 0036152 1826357 0557061 2584313 1514811 1706462 1280500 3158384 0085103 0010853 1748451 0332281 0052199 0175996 0178719 0441889 0205250 0052201 2984964 0027882
 0947630 1707689 2983265 1883351 0441712 1706376 0035280 0333117 1753315 0052199 0052201 2984964 0023825 0023823 0442811 0023820 0178587 0205251 0332256 0442824 1299352 1550472 2700400 0850310 3154893 0243122 1145667 1167622 0871786 0011209 0559563 1705822 0007634 3282337
 0242349 1516048 1514534 0002778 0936012 1524024 1709793 0023825 0023823 0442811 0023820 0178587 0205251 0359583 0442824 1299352 1550472 0052201 2984964 0815000 0007634 3282337 0016030 0227525 0700308 0033727 0369286 0441932 0564385 0580272 1519043 0443199 1705242 1314677 1442464
 0052198 0815000 0007634 0027819 0700095 3282337 3540583 1555603 0439792 0052201 2984964
 1280500 2348382 0003595 0003591 0086597 0127400 0023825 0023823 0442811 0023820 0178587 0205251 0359583 0442824 1299352 1550472 0003595 0003591 0332296 1518422 1880497 1996904
 0034821 1366529 0023823 0065059 0023820 0178587 0205251 0597357 1299352 1550472 0034821 1366529 1416912 0242972 0748025 0023823 0597357 0065059 0023820 0033684 0178587 0205251 0439849 0445223 1299352 1550472 1273518 0052201 2984964 0007634 3282337 0011155 1636779 0238767 0597357 1706086 0870432
 1280500 2348382 0700364 1883351 0086597 0127400 0062503
 0035280 0333117 1753315 0052201 2984964 0522501 0392756 0052201 2984964 0849355 0085080 0018555 0007634 0008120 0018557 0029939 0152035 0227898 0238767 0596988 1278992 1706086 3282337 1518422 0062503 0062503 0332293 0062507 1522326
 1511726 3245479 1705535 0062503 0019143 0086597 0243144 0347980 0035280 0333117 1753315 0007634 3282337 0062503 0018578 1832073
 0557061 2584313 1514811 1706462 0003595 0003591 0003595 0003591 2827734 2981698 0449432 1705248 0023820 0007806 0007807 2827734 2981698
 0023820 0332256 2700400 0003595 0003591 0023688 1621296 0332257 1552866 2700399 0034821 1366529 0023823 0065059 0023820 0178587 0205251 0597357 1299352 1550472 1421455 0023825 0034821 1366529 0023823 0065059 0442811 0023820 0178587 0205251 0442824 0597357 1299352 1550472 0388210 1416919 1568173 0051300 0052198 1416912 2987172 0003595 0003591 0597357 0034821 1366529 1416912 0242972 0748025 0023823 0597357 0065059 0023820 0033684 0178587 0205251 0439849 0445223 1299352 1550472 3540560
 0023820 0332256 2700400 0003595 0003591 0596846 0005528 0023779 1317949 3495449 1326960 0008377 0019868 0024501 1515981 2827734 2981698
 0035820 1705810 0007806 0007807 0005889 0023820 0302908 0444611 1441414 1553874 1578820 1704353 0927232 1269563 0027763 0422837 1269560 0740116 2827735 2981700
 0003595 0003591 0205449 0597298 1709305 2745955 0052198 0052199 0052201 2984964 1514468 1708726
 0597298 0525038 0002520 2917660 0001128 0037179 0087136 0202406 0205171 1555721 1706204 1874187 0087044 0103404 0033684
 0052199 0010654 0733755 0052198 0010654 0052201 2984964 0003765
 0002520 2917660 0001128 0202406 0392747 0443172 1705241 0001721 0678594 0815043 2827734 2981698
 0052198 3539520 0020479 0332281 0441731 0020476 0243107 0332307 0439070 0678723 1527148 1547052 1705160 2827734 2981698
 0681850 1550501 1706203 2349001 2697811 1522133 0201950 0428466 0858034 0008377 0441889 0033422 0052199 0681850 1550501 1706203 2349001 2697811 0348078 0376315 1522492
 3642141 0002085 0002395 0332281 1521724 0243083 1281905 0012634 0035647 0443228 1704243 0052199 0002085
 1516084 0162340 0052201 2984964 0002395 1521724 0012634 0243107 0678723 1527148 1880177 0332128 1280500 2348382 0023820 0085103 0027882 0010453 0220814 0430400 2242979
 0150312 0027882 0815000 0007634 3282337 0023820 1439852 0205171 0439044 0679994 3158384 0085103 3158384 0085103 1517331 2349975 0023820 0311403 0023820
 1274040 1546471 2825142 0815000 0007634 0027819 0700095 1301820 3282337 3540583 1883351 1327616 0052199 0052201 2984964
 0007634 3282337 0007806 0007807 0005889 0023820 0302908 0444611 1439852 1704353 0023825 0023823 0442811 0065058 0125953 1096202 0023820 0032105 0178587 0205251 0442824 1299352 1550098 1550472 0007634 3282337 0052199 0231448 0007634 3282337 0231448 1880641 1260953
 0947630 0035820 1705810 0062503 1704259 1705987 3158384 0085103
 1704259 1705987 0023820 0871786 0439855 1704241
 0039798 0087111 1522326 1533734 1705169 3538994 0008173 1154250 0062507 0022942 1416933 0597357 0033684 0332281 0444868 3539085 0028778 0332206 1533157 1706084 2828370 1704259 1705987 1280500 3158384 0085103
 3540560 0700364 1883351 0205224 3158384 0085103 1145640 0027882 0682701 0814990 0007600 0007634 0205132 0521390 1269647 1550648 1552960 1704653 1948049
 0027836 0007634 3282337 0052199 0052201 2984964 1547282 0085732 2349975 0243122 1145667 1167622 0023825 0023823 0442811 0023820 0178587 0205251 0442824 1299352 1550472 0052198 0205177 0439083 0439087 0450348
 0815000 0007634 3282337 0150312 0052201 2984964 0023825 0023823 0442811 0023820 0178587 0205251 0359583 0442824 1299352 1550472 0442805 1708698 2348205 0423896 0456205 1705535 0052199 0052201 2984964 1948023 0243144 0347980 0439792
 1979874 0423896 0456205 0020986 0332128 0242842 0026018 0052201 2984964 1441672
 0033727 0369286 0441932 0564385 0052199 0052201 2984964 0023825 0023823 0442811 0023820 0178587 0205251 0359583 0442824 1299352 1550472 0815000 0007634 3282337 0333118 0052199
 0007634 3282337 0332281 3158384 0085103 2349975 0205360 2347098 0332281 3158384 0021467 0021469 0085103 1628982 3463820 0332453
 0947630 0884358 1883351 0441712 1706376 0007634 3282337 0333118 0003595 0003591 1883351 0007634 3282337 0205369 1552740
 1274040 1546471 2825142 0035280 0333117 1753315 0052201 2984964 0016030 0227525 0052201 2984964
 1524063 0007634 3282337 0011155 1636779 3540560 0185117 0086597 0127400 0439092 0547044 0449719 1709471 0062503
 0947630 0441712 1706376 0007634 3282337 1705535 1704259 1705987 0062503 1184743 1522240 1145667 1167622 0333312 0443526 0597298
 0520510 0557061 2584313 1514811 1706462 0062507 0021966 0221138 0031669 0031671 0869011 1719918
 0038880 0035168 0242481 1301820 0205474 1512888
 0003595 0003591 0003242 0003241 0021027 0031831 1707664 1999230 2348314 3540849
 0021622 1272753 0036152 1826357
 0051979 0036945 1123019 0022877 0869011 1619828
 3541314
 0455052 1521827 0023825 0023823 0442811 0023820 0178587 0205251 0442824 1299352 1550472 0439526 0324547 0027978 0007457 0032105 0034493 0043157 0205314 0205409 0220938 1548221 1550098 0342895 0521974 0301585 0012155 1442959 1519433 2983588 0008395
 0456603 1547037 0033684 0023825 0023823 0442811 0023820 0178587 0205251 0442824 1299352 1550472 1514721 2348147 3542016 2827734 2981698 2827734 2981698
 0003595 0003591 0023825 0023823 0442811 0023820 0178587 0205251 0359583 0442824 1299352 1550472 0003595 0003591 1439852 1521827 0023825 0023823 0442811 0023820 0178587 0205251 0442824 1299352 1550472 1442450
 0681814 0003595 0003591 0023825 0023823 0442811 0023820 0178587 0205251 0359583 0442824 1299352 1550472 0008565 0008550 0015663 0302908 0456962 0597198 1304698 1546699 1561501 1882330 0332283 1719822
 0023825 0023823 0442811 0023820 0178587 0205251 0442824 1299352 1550472 0003595 0003591 0003595 0003591 0023825 0023823 0442811 0023820 0178587 0205251 0442824 1299352 1550472 0205430 3160715 0242972 0748025 0033684 1439852 1442450
 0439962 1883708 0008550 1979893 0220806 0038995
 2826285 0806140 0871208 1521828 0702093 1264633 1516695 1516698
 1979963 2003903 1709793 0030695 0150369 0181904 0596972 1521743 1704646 0008377
 1167624 1947902 2827499 0003595 0523511 1412481 0023825 0023823 0442811 0023820 0178587 0205251 0442824 1299352 1550472 0025663 0449851 0871511

 0052199 1537525 0184661 0239971 1948041 2700391 3274430 3538935 3539779 0450355
 0021966 0021968 0885449 2348268 0684296 0008550 0849355 0966870 1185738 1425194 1548702 1706132
 0023825 0023823 0442811 0023820 0178587 0205251 0442824 1299352 1550472 1708632 2827734 2981698 0439086 2827736 2981702 0439086 2827736 2981702 1552738
 1511790 0027819 0700095 3540583 0027819 0700095 3540583 0007634 3282337 0117953 0016327 0439133 1553038 2827734 2981698 2827734 2981698 0332256 2700400 0007452 0015965 0229671 0521457 1140701 1546774 1550100 0009458 0439536 0441960 1548982 1705217 3244283 0009458 0439536 0441960 1439852 1705217 3244283 0023825 0023823 0442811 0023820 0178587 0205251 0442824 1299352 1550472 0052199 0439526 1883357 0052201 2984964
 0040223 1632851 1444656 0003595 0003591 0849355 0038880 0450376
 0007634 3282337 1883708 1548982 0040223 1632851 0450376 1638411 0035918 0086825 0184933 0444082
 0007634 3282337 0006353 0370003 2347026 1549535 0007634 0033684 1269647 1704653 1948049 0600209 0013862 0071500 0596607 0348011 0025255
 0003595 0003591 0004400 0442726 1511790
 0007585 0007634 0010453 0220814 0430400 1269647 1704653 1948049 2242979 0815000 0007634 3282337 0117953 0016327 0439133 1314677 1553038 2827734 2981698 2827734 2981698 0332256 2700400 0007452 0015965 0229671 0521457 1140701 1546774 1550100
 0009458 0439536 1705217 3244283 0009458 0033727 0229671 0332296 0369286 0439536 0441932 0559956 0564385 1299987 1546774 1550100 1705217 1880497 1996904 3244283 0042153 0457083 1947944
 1272578 0016030 0086418 0444099 1123023 1278993 0332256 2700400 0007452 0015965 0229671 0521457 1140701 1546774 1550100
 0016030 0034821 1366529 0009458 0205224 0439536 0547040 1524031 1705217 2945599 3244283 0007452 0015965 0229671 0521457 1140701 1546774 1550100 0242295 1947943 2348609
 0023903 2239176 0007634 3282337 0009458 0205224 0439536 0547040 1314677 1524031 1705217 2945599 3244283 0332256 2700400 0007452 0015965 0229671 0521457 1140701 1546774 1550100 0311461 0002520 1576824 0034354 0244104
 0085080 0018555 0007634 0008120 0018557 0029939 0152035 0227898 0596988 1278992 3282337 0011155 1636779 1518422 0017973 0011155 1636779 0011155 1636779 0041560 1518422 0019143 0038720 0475337 2327880 3536965 0031831 1707664 1999230 2348314 3540849
 0001895 0041740 1551894 2825084
 0085080 0018555 0007634 0008120 0018557 0029939 0152035 0227898 1278992 3282337 0117953 0009458 0016327 0439133 0439536 1314677 1553038 1705217 3244283 0332256 2700400 0007452 0015965 0229671 0521457 1140701 1546774 1550100
 1522260 0016030 0205160 1513916 2825415 2825491 3540560 3540560 0019425 3540560 0034821 1366529 0023823 0065059 0023820 0178587 0205251 0597357 1299352 1550472 0205160 1513916 2825415 2825491 3540560 0031831 1707664 1999230 2348314 3540849
 0439482 0036378 0036375 1314677 0332256 2700400 0007452 0015965 0229671 0521457 1140701 1546774 1550100
 0423896 0456205 0007600 0007635 3282338 0005507 0243073 1510438 1552738
 0242349 0815000 0007634 3282337 0016030 0492792 0040284 0010453 0040300 0220814 0430400 1547928 2242979 0020498 0009458 0229671 0332296 0439536 1546774 1548982 1550100 1705217 1880497 1996904 3244283 1439852 0052199 0439526 0052201 2984964 0023825 0023823 0442811 0023820 0178587 0205251 0442824 1299352 1550472 0040223 3541383 1444656
 0007634 3282337 0442504 1704765 1882509 3496241 0020746 0205548 0991865 0006353 0031603 0031701 1548982 1601799
 0007634 3282337 1883708 0070066 0231441 0443218 2827483 0991865 0006353 0031603 0031701 1601799 2678549 1882074 0020283 0450407 0450408 0450409 0010741
 0016318 0079603 0442726 1511790 1552738
 0522510 0242842 0026018
 0004083 0439849 0596306 0699792 0871786 1157973 0243125 0699900 0007600 0007635 3282338 0205200 1548982 0009458 0229671 0332296 0439536 0443224 1546774 1550100 1705217 1720725 1880497 1948050 1996904 2827486 3244283 1439852 0003595 0003591 0023825 0023823 0442811 0023820 0178587 0205251 0359583 0442824 1299352 1550472
 1883712 0007634 3282337 0023825 0023823 0442811 0023820 0178587 0205251 0442824 1299352 1550472 0003595 0003591 1439852 1883357 1444656 1442450
 0007634 3282337 0008269 1439852 0033607 3536890 1999216 1292425 1883712 0003595 0003591 0023825 0023823 0442811 0023820 0178587 0205251 0359583 0442824 1299352 1550472
 0040223 1632851 1444656 0007634 3282337 0020746 0442504 1704765 1882509 3496241 0009458 0439536 1705217 3244283 0597297 0597304 1623036 0033684 0243125 0699900 1514468 0005507 0243073 1510438
 0947630 0815000 0007634 3282337 1548982 0040223 1632851 0991865 0006353 0031603 0031701 0036082 1601799 0332256 2700400 0036774 0036773 0728877 0001924 0007452 0229671 1140701 1546774 1550100 0991865 0006353 0031603 0031701 0036082 0470296 1601799 1720092 1948045
 0023688 0699040 1882932 0332297 1145667 1167622 1689898 2349209 0520510
 0016030 1548982 0040223 1632851 0020746 0038880 1439852 0450376 0849355 1883720 3244314 0023688
 1527428 1882932
 0441648 0007634 3282337 1549535 0242485 0034553 0427716 1304757 0086045 1446561
 0871786 0023825 0023823 0442811 0023820 0178587 0205251 0359583 0442824 1299352 1550472 0016030 0815000 0007634 0027819 0700095 1515981 3282337 3540583 0557651 2603343
 0007634 3282337 0021178 0442504 1704765 1882509 3496241 1883712 0023820 1883708 1439852 1442460 1524062
 0007634 3282337 0020746 0442504 1704765 1882509 3496241 1548982 0040223 1632851 0038880 1439852 0450376 0849355 1883720 3244314 0003595 0003591
 1514468 0023825 0023823 0442811 0023820 0178587 0205251 0442824 1299352 1550472 0003595 0003591 0005507 0243073 1510438 1552738
 0243144 0347980 0023825 0023823 0442811 0023820 0178587 0205251 0442824 1299352 1550472 1708632 0007600 0007635 3282338 0815000 0007634 3282337 1292425 1439852 0023825 0023823 0442811 0023820 0178587 0205251 0442824 1299352 1550472 1708632 0205171 0439044 0679994 0052199 1883357 0052201 2984964
 0007634 3282337 1883708 1548982 0699040 0205351 1524026 0332297 1145667 1167622 1689898 2349209 1881707 0005507 0243073 1510438
 0062507 0039798 0087111 1522326 1533734 1705169 3538994 0007634 3282337 0062507 0021966 0221138 0439526 0031669 0031671 0205369 1552740 0439526
 0007634 3282337 1883708 0014442 0014445 0392148 1439852 0023825 0023823 0442811 0023820 0178587 0205251 0442824 1299352 1550472 0052199 0052201 2984964
 1883712 0439526 1881534 1442450
 0023825 0023823 0442811 0023820 0178587 0205251 0442824 1299352 1550472 0439526 0003595 0003591 0439267 0439526 0205430 3160715 1439852 1442450 1883357 1883712 0007634 3282337
 1883559 0332307 0445392 1547052 0085080 0018555 0007634 0008120 0018557 0029939 0152035 0227898 1278992 3282337 0007600 0007635 3282338 0205200 0020746 0442504 1704765 1882509 3496241 1548982 0009264 0009443 0019215 0234192 1720725 1948050
 0007634 3282337 1883708 0023825 0023823 0003595 0442811 0003591 0023820 0178587 0205251 0332287 0442824 1299352 1439852 1550472 0450376 1442450 1624592 0699040 0007634 0205148 0243122 0683607 1145667 1167622 1269647 1704653 1948049 0023688
 0007634 3282337 1701810 1882955 0040223 1632851 0849355 1883720 3244314 0023688
 0009458 0439536 1705217 3244283 1524062 0007634 3282337 1439852 0040223 1632851 1444656
 2348792 0040223 1552961 2347617 3541383 0007634 3282337 0020746 0442504 1704765 1882509 3496241 0010454 0009458 0010453 0220814 0430400 0439536 1705217 2242979 3244283 1516695 1516698
 0009458 0439536 1705217 3244283 1524062 0439526 1719918
 0009458 0439536 1705217 3244283 1883708 0450376 1439852 0179834
 1550101 0003595 0003591 0005507 0243073 0243125 0699900 1510438 1516695 1516698 0441436 0993610 1998480 0003595 0040900 0001128 0003591 0202406 0205266 1554187 0750480 1705566
 0007634 3282337 1548982 0009264 0009443 0019215 0234192 1720092 1948045 0038880 1439852 0020746 1547703 1883708 1549535
 0034553 0003595 0003591 0444706 0677601 1705206 3541902 0427716 1304757 0086045 1446561 0025663 0449851 0871511
 0557061 2584313 1514811 1706462 0947630 1547282 0052199 0052201 2984964 0086597 0243122 1145667 1167622 0243144 0347980 0034821 0439792 2827734 2981698 0243122 1145667 1167622 0023825 0023823 0442811 0023820 0178587 0205251 0442824 1299352 1550472 0052199 0359583 0052201 2984964 1704259 1705987 2349975
 0150312 0449450 0557651 2603343 0025519 0025520 0023825 0023823 0442811 0023820 0178587 0205251 0359583 0442824 1299352 1550472 0027882 0815000 0007634 3282337 0205449 0332128 0444706 0449770 0004083 0439849 0596306 0699792 0243122 1145667 1167622 0871786 0023825 0023823 0442811 0023820 0178587 0205251 0442824 1299352 1550472 0332128 2004054 0025519 0025520 0023825 0023823 0442811 0023820 0178587 0205251 0442824 1299352 1550472 1708632 1519269 0597177 1515981 0085732 0023825 0023823 0442811 0023820 0178587 0205251 0359583 0442824 1299352 1550472 0442805 0423896 0456205
 0243122 1145667 1167622 0871786 2612458 0023825 2612459 0023823 0442811 0023820 0178587 0205251 0359583 0442824 0597177 1299352 1550472 0004083 0439849 0596306 0699792 0023825 0023823 0442811 0023820 0178587 0205251 0442824 1299352 1550472 0023825 0023823 0442811 0023820 0178587 0205251 0442824 1299352 1550472 0052199 0086418 0359583 0052201 2984964 0332128 0450344 1553633
 0947630 0162339 0023825 0023823 0442811 0023820 0178587 0205251 0442824 1299352 1550472 0205171 0439044 0679994 0439272 0439269 1960952 2346927
 0023825 0162339 0023823 0442811 0023820 0178587 0205251 0442824 1299352 1550472 2349975 0332462 1880834 0052201 2984964
 1705241 1705242 0052201 2984964 0033414 0243122 1145667 1167622 0871786 0023825 0023823 0442811 0023820 0178587 0205251 0442824 1299352 1550472 1705535 0023825 0023823 0442811 0023820 0178587 0205251 0442824 1299352 1550472
 1883712 0023825 0023823 0442811 0023820 0178587 0205251 0442824 1299352 1550472 1708632 1273517 1883351 0243144 0347980 0815000 0007634 3282337 0450345
 0023820 0007634 0333118 3282337 1273517 1883351 1265611 1524026 0332297 1145667 1167622 1689898 2349209 1881707
 0947630 1292425 0052199 0052201 2984964 1948023 0243144 0347980 0023825 0023823 0442811 0023820 0178587 0205251 0442824 1299352 1550472 1708632 0332462 1880834 0580272 1519043 1265611 1707455 0023825 0023823 0442811 0023820 0178587 0205251 0442824 1299352 1550472 1708632 0003595 0003591 0332197 1689985 0052201 2984964 0023825 0023823 0442811 0023820 0178587 0205251 0243144 0347980 0442824 1299352 1550472 1948023 1555603 0439792 0052199 0369773 2603361
 0449911 0333052 2607870 0557702 1272706 1704674 0557702 1272706 1704674 0349966 1337208
 2827734 2981698
 0004083 0439849 0596306 0699792 0023825 0023823 0442811 0023820 0178587 0205251 0442824 1299352 1550472 0023825 0023823 0442811 0023820 0178587 0205251 0442824 1299352 1550472 0205171 0439044 0679994 0052199 1883357 0052201 2984964
 0815000 0007634 3282337 1439852 0040223 1632851 1444656 0023825 0023823 0442811 0023820 0178587 0205251 0442824 1299352 1550472 0205171 0439044 0679994 0052199 1883357 0052201 2984964
 1511726 3245479 0205448 0443299 0947630 1551058 0205173 0884358 3539942
 2347469 0815000 0007634 3282337 1439852 1292425 0023825 0023823 0442811 0023820 0178587 0205251 0442824 1299352 1550472 0205171 0439044 0679994 0052199 0359583 0052201 2984964 0023825 0023823 0442811 0023820 0178587 0205251 0442824 1299352 1550472 0003595 0003591 2827734 2981698 0033684 0450316
 0023825 0023823 0442811 0004083 0007634 0023820 0178587 0205251 0439849 0442824 0596306 0699792 1269647 1299352 1550472 1704653 1708632 1948049 0023825 0023823 0442811 0029053 1291138 0023820 0178587 0205217 0205251 0442805 0442824 1299352 1550472 0052201 2984964 0023825 0023823 0442811 0023820 0178587 0205251 0442824 1299352 1550472 1707455 0052199 0369773 2603361
 0005507 0243073 1510438 0520510 1552738 0025663 0025664 0449851
 1274040 1546471 2825142 0243125 0699900 0947630 0205174 0884358
 1883351 0443211 1517331 0052199 0052201 2984964 1948023 0243144 0347980 2612458 0023825 0007634 3282337 1439852 0023825 0023823 0442811 0023820 0178587 0205251 0332256 0442824 1299352 1550472 2700400 0023825 0023823 0442811 0023820 0178587 0205251 0442824 1299352 1550472 0052199 0052201 2984964 0423896 0456205 0349966 1337208
 0023825 0023823 0442811 0023820 0178587 0205251 0442824 1299352 1550472 0205171 0439044 0679994 0205217 0442805 0332462 1880834 0007634 0243148 1550141 1707455 1882979 2587213 3274648 3282337 0023820 0332197 1314677 1689985
 0023825 0023823 0442811 0023820 0178587 0205251 0442824 1299352 1550472 0052199 0359583 0052201 2984964 0205217 0442805 0423896 0456205 0450316 2827734 2981698 0332462 1880834 3541329
 0423896 0456205 0443228 1704243 0369773 2603361 0007634 1707455 3282337 0023825 0023823 0442811 0023820 0178587 0205251 0442824 1299352 1439852 1550472 0205171 0439044 0679994
 0052199 0052201 2984964 0023779 1524062 1301751 1280500 2348382 1511726 3245479 1518422 1547282
 1883727 1883357 1274040 1546471 2825142 0332128 2004054 1280500 2348382 0052201 2984964 0023825 0023823 0442811 0023820 0178587 0205251 0442824 1299352 1550472 0023825 0023823 0442811 0023820 0178587 0205251 0442824 1299352 1550472 1708632 0085732 0023826 0023825 0023824 0860920 0023823 0442811 0065055 0008377 0023820 0178587 0205251 0442824 1299352 1441547 1550472 3245521 0052199 0052201 2984964 0023825 0023823 0442811 0023820 0178587 0205251 0442824 0871786 1299352 1550472 0439792 0815000 0007634 3282337 0052201 2984964 0205177
 1274040 1546471 2825142 0332290 0016030 0684224 0700287 3496591
 1705241 1705242 1518422 1551359 1705241 1705242 2741673 2981730 0052199 0052201 2984964 0052199 0439093 0443228 1704243 0815000 0007634 3282337 0003595 0003591 1439852 0023825 0023823 0442811 0023820 0178587 0205251 0359583 0442824 1299352 1550472
 0449911 0333052 2607870 0557702 1272706 1704674 0557702 1272706 1704674 0349966 1337208
 0740116 2827735 2981700
 0023825 0023823 0442811 0023820 0178587 0205251 0442824 1299352 1550472 0023825 0023823 0442811 0023820 0178587 0205251 0442824 1299352 1515981 1550472 0003595 0003591 0359583 0423896 0456205 0815000 0007634 3282337
 0007634 3282337 1439852 1442464 0205171 0439044 0679994 0243148 1550141 1882979 2587213 3274648 0023825 0023823 0442811 0023820 0178587 0205251 0442824 1299352 1550472 0065055 0023825 0023823 0442811 0023820 0178587 0205251 0442824 1299352 1550472 0052199 0359583 0052201 2984964 0439526
 0369610 0023779 0185115 3541890 0008377 0005507 0243073 1510438 1524063
 0423896 0456205 0443228 1704243 0023825 0023823 0442811 0023820 0178587 0205251 0442824 1299352 1439852 1550472 0052201 2984964 0023825 0023823 0442811 0023820 0178587 0205251 0442824 1299352 1439852 1550472 0052199 0369773 2603361
 1274040 1546471 2825142 0243125 0699900 0681814
 0449247 0040223 0750729 3541383 0052201 2984964 2963401 0815000 0007634 0027819 0700095 0936012 3282337 3540583 0349966 1337208
 0007634 3282337 0003595 0003591 1439852 0023825 0023823 0442811 0023820 0178587 0205251 0359583 0442824 1299352 1550472 0011744 0033727 0369286 0441932 0564385 0242349 1522240 0312586 0003241 0021027 0442726 0052199 0949466 1511726 3245479 1518422 1547282
 0003595 0003591 0442726 1511790 0242842 0026018 0079809 0242485 0016315 0080103 0205345 0522510 1547039
 2348792 0040223 1552961 2347617 3541383 1292425 0007634 3282337 0332256 2700400 0052199
 1705241 1705242 1314677 1442464 0052199 0349966 1337208
 0449911 0333052 2607870 0557702 1272706 1704674 0557702 1272706 1704674 0349966 1337208
 0439086 2827736 2981702
 1707455 0597879
 0007634 3282337 0023825 0023823 0442811 0023820 0178587 0205251 0442824 1299352 1439852 1550472 0052199 0359583 0052201 2984964 0439526
 0007634 3282337 0020746 0442504 1704765 1882509 3496241 1548982 0070066 0231441 0443218 2827483 0991865 0006353 0031603 0031701 0036082 1601799 2678549 1882074 0020283 0450407 0450408 0450409
 0242349 0884358 0520510 1552738 0025663 0025664 0449851
 0313106 0947659 0003595 0003591 1273517 0079240 1948037 0051979 0036945 1123019 1273517 0079240 1948037
 0522510 0242842 0026018 0444706 3541902 1510992 2825518 0440042 1521738 2346620 2349184 3539073 2348792 0040223 1552961 2347617 3541383
 1274040 1546471 2825142
 0868928 1533148 1707156 3274014 3541345 0679214 1698987 0444504 2347634 2348143
 0003595 0003591 0033684 0349966 1337208
 0007634 3282337 0003595 0003591 1439852 0023825 0023823 0442811 0023820 0178587 0205251 0359583 0442824 1299352 1550472 0040223 1632851 1444656
 0033684 0185115 3541890 0600209 0013862 0071500 0596607 0348011 0600190 0003595 0003591 0004400 0442726 1511790
 0004400 0052201 2984964
 0949466 0005863 0002778 0936012 1524024 1705493 1274040 1546471 2825142 0443289 1518422 1547282
 0449911 0333052 2607870 0557702 1272706 1704674 0557702 1272706 1704674 0349966 1337208

 0052201 2984964
 0007634 3282337 0117953 0009458 0016327 0439133 0439536 1553038 1705217 3244283 0023825 0023823 0442811 0023820 0178587 0205251 0442824 1299352 1439852 1550472 0439526 0052199 0359583 0052201 2984964 0439526
 0040223 1632851 1444656 0009458 0439536 1705217 3244283 0849355 0007634 3282337 0038880 1439852 0450376
 0007634 3282337 1883708 1548982 0040223 1632851 0991865 0006353 0031603 0031701 0036082 1601799 0184933 0444082 1139930 0006353 0370003 2347026 1549535
 0007634 0033684 1269647 1704653 1948049 0600209 0013862 0071500 0596607 0348011 0025255 0003595 0003591 0004400 0442726 1511790
 1883351 1705241 1705242 0035280 0333117 1753315 0052201 2984964 0678226 0004083 0007634 0043194 0258432 0439849 0596306 0699792 1269647 1421478 1704653 1705241 1705242 1948049 3146286 0243122 1145667 1167622 0871786 1705241 1705242 0243125 0699900 0052199 0052201 2984964 0947630 0884358 0023825 0023823 0442811 0023820 0178587 0205251 0442824 1299352 1524063 1550472 0052199 0359583 0052201 2984964
 0947630 0004083 0439849 0596306 0699792 0871786 0052201 2984964 1553637 1272578 0016030 0086418 0444099 1123023 1278993 0439659 1292425 0549178 0456696 1442770
 1705241 1705242 0423896 0456205 0205289 0806909 2946875
 0815000 0007634 3282337 1265611 0332281 0699040 0007634 3282337 1720725 1948050 1265611 0332281 0699040 0007634 3282337 1553637 0016030 0052199 0332462 1880834 2346714 0007634 3282337
 0052198 1555603 0439792 0443228 1704243 0052201 2984964 0332462 1880834 0450316 0439093 0443228 1704243 1292425 1511726 3245479 1518422 1547282
 0004083 0439849 0596306 0699792 0871786 0052201 2984964 0016030 1705241 1705242 0052201 2984964 0349966 1337208 2347469 0243125 0699900
 0449911 0333052 2607870 0557702 1272706 1704674 0557702 1272706 1704674 0349966 1337208
 0439084 0728893
 0004083 0439849 0596306 0699792 0243125 0699900 0023825 0023823 0442811 0023820 0178587 0205251 0359583 0442824 1299352 1550472 0815000 0007634 3282337 1272578 0016030 0086418 0444099 1123023 1278993
 0052199 2347469 0815000 0007634 3282337 0052199 1439852 0023825 0023823 0442811 0023820 0178587 0205251 0359583 0442824 1299352 1550472 0052201 2984964 0023825 0023823 0442811 0023820 0178587 0205251 0359583 0442824 1299352 1550472 0740116 2827735 2981700 0456696 1442770
 0086045 0023825 0023823 0442811 0023820 0178587 0205251 0442824 1299352 1515981 1550472 0009458 0439536 1705217 3244283
 0009458 0439536 1705217 3244283 1516695 1516698 1883351 0003595 0003591 0005507 0243073 0243125 0699900 1510438
 0007634 3282337 1548982 0040223 1632851 0520510 1552738 0025663 0025664 0449851 0991865 0006353 0031603 0031701 0036082 1601799 1883708 1549535
 0004083 0439849 0596306 0699792 0243125 0699900 2347469 0444706 3541902
 1274040 1546471 2825142 0243125 0699900 0681814 0205173 0884358 3539942
 0243125 0699900 0016030 0052199 1439852 0023825 0023823 0442811 0023820 0178587 0205251 0359583 0442824 1299352 1550472 0052201 2984964 0023825 0023823 0442811 0023820 0178587 0205251 0359583 0442824 1299352 1550472 0740116 2827735 2981700 0456696 1442770
 0009458 0439536 1705217 3244283 0003595 0003591 0005507 0243073 0243125 0699900 1510438 1516695 1516698 0007634 3282337 1548982 0038880 1439852 0450376 1548982 1549535 0520510 1552738 0025663 0025664 0449851
 0871786 1553033 1514468 0444706 3541902
 1274040 1546471 2825142 0243125 0699900 0681814 0205173 0884358 3539942
 0052201 2984964 0023825 0023823 0442811 0023820 0178587 0205251 0359583 0442824 1299352 1550472 0227525 1441672
 0021966 0039224 0221138 1706073 1706074 1547282 2717940 0007634 3282337 0023825 0023823 0442811 0023820 0052199 0178587 0205251 0332287 0442824 1299352 1439852 1550472 0052198 0052202 0003595 0003591 0004083 0007634 0332462 0439849 0443228 0596306 0699792 0870432 1269647 1704243 1704653 1880834 1948049 0007634 1707455 3282337 0023825 0023823 0442811 0023820 0052201 0178587 0205251 0332287 0442824 1299352 1439852 1550472 2984964
 1511726 3245479 0947630 0243122 1145667 1167622 0681814 1547282 0052201 2984964 0016030 0227525 0052199 1439852 0052201 2984964 0023825 0023823 0442811 0023820 0178587 0205251 0359583 0442824 1299352 1550472
 0449911 0039224 1706073 1706074 0557702 1272706 1704674 0557702 1272706 1704674 0004083 0439849 0596306 0699792 0052201 2984964 0023825 0023823 0442811 0023820 0178587 0205251 0359583 0442824 1299352 1550472 0243125 0699900 0085862 0205448 0681814 1299583 1301820 0205173 0884358 3539942 1547282
 1514873 0392148 0065058
 0815000 0007634 3282337 0023779 0052199 0332296 1439852 1880497 1996904 0052201 2984964 0128666 0439526 1292425
 0016690 0004083 0439849 0596306 0699792 0052201 2984964 0442811 0205251 1299352 1550472 1518422 0052199 0052201 2984964 0439269 1960952 2346927
 0681814 1552738 0205108 0052199 0052201 2984964 0023825 0023823 0442811 0023820 0178587 0205251 0442824 1299352 1439852 1550472 1442450 1883708 0439962 0007634 1524062 3282337
 0036679 0237868 1881713 0008565 0008550 0302908 1304698 1546699 1561501 0003595 0003591 2612458 0023825 2612459 0023823 0332281 0442811 0023820 0178587 0205251 0442824 0597177 1299352 1550472 1511726 3245479 1518422 1547282
 0392360 0052199 0023825 0023823 0442811 0023820 0178587 0205251 0442824 0750490 1299352 1550472 1706221 0052199 0007634 1705822 3282337
 0332149 1705910 2362652 1446409 0332128 0439787 0849355 2004054 1265611 0052201 2984964 0023825 0023823 0332281 0442811 0023820 0178587 0205251 0442824 1299352 1550472 0204727 0205409 0220862 0003595 0003591 0023825 0023823 0442811 0023820 0178587 0205251 0359583 0442824 1299352 1550472 0008565 0008550 0302908 1304698 1546699 1561501
 0052201 2984964 0332281 0023820 0597177 0023826 0860920 0023824 0008377 0065055
 1524063 0003595 0003591 0023825 0023823 0442811 0023820 0178587 0205251 0359583 0442824 1299352 1550472 0003595 0003591 1709305 2612458 2612459 0597177 0023825 0023823 0023779 0332296 1518422 1880497 1996904 0003595 0003591
 0004083 0439849 0596306 0699792 0443228 1704243 0052199 1439852 1998793 0023825 0023823 0442811 0023820 0178587 0205251 0359583 0442824 1299352 1550472 0052201 1439852 1998793 2984964 0023825 0023823 0442811 0023820 0178587 0205251 0359583 0442824 1299352 1550472 0439269 1960952 2346927 1292425 0439269 1960952 2346927 1292426
 1547282 0450348 0023825 0023823 0442811 0023820 0178587 0205251 0442824 1299352 1550472 0243122 1145667 1167622 0243144 0347980 0038164 0033684 0456603 1547037 1709305 0023825 0023169 0023823 0052196 0003595 0442811 0003591 0023820 0178587 0205251 0442824 1299352 1550472 2827734 2981698 0456603 1547037 0869040 0150312 0449450 0557651 1273517 2603343
 0947630 0884358 0815000 0007634 3282337 0150312 0456603 1610540 0023825 0023823 0442811 0023820 0178587 0205251 0442824 0522501 1299352 1550472 0205216 0392756 0442797 0052199 0871786
 0456603 1547037 0392747 0443172 2827734 2981698 0871786 0332462 0392756 1880834 0441889 0456079 0871786 1515981 1547707 2946261 0052201 2984964
 0700364 0243144 0347980
 0441712 1273518 1883351 1265611 0052199 0443199 1522508 1561567 1705242 1709694 0052201 2984964 0332128 0871786 0023825 0023823 0442811 0023820 0178587 0205251 0359583 0442824 1299352 1550472 0016030 0815000 0007634 3282337 0005903 0039476 1709305 2745955 0243125 0699900 0349966 1337208 1518422 0439509
 0002778 0936012 1524024 1514468 0003595 0003591 0521093 0750484 0243125 0699900 1518422 1709305 2745955 0012634 0348080 1705253 1273517 1511726 3245479 1518422 1547282
 0947630 0052199 1555603 0439792 0443228 1704243 0052201 2984964 0016030 1553638 0027882 0678226 0018578 0043194 0258432 0443199 1421478 1705242 1832073 3146286 0439092 0547044 0449719 1518422 1705241 1705242 0243125 0699900
 1707478 0947630 1521721 0016030 0243125 0699900 0008269 0028778 0332206 2983591 1511726 3245479 1518422 1547282
 0243125 0332197 0521450 0699900 1689985 0052201 2984964 0750489 0007634 3282337 0052199 1439852 0052201 2984964 0023825 0023823 0442811 0023820 0178587 0205251 0359583 0442824 1299352 1550472
 0449911 0333052 2607870 0557702 1272706 1704674 0557702 1272706 1704674 0349966 1337208

 0871786 0023825 0023823 0442811 0023820 0178587 0205251 0359583 0442824 1299352 1550472 0016030 0815000 0007634 3282337
 1272578 0016030 0086418 0444099 1123023 1278993 0052199 1439852 0052201 2984964 0023825 0023823 0442811 0023820 0178587 0205251 0359583 0442824 1299352 1550472 1442460 0003595 0003591 0520510 1552738 0025663 0025664 0449851
 1444656 0003595 0003591 0023825 0023823 0442811 0023820 0178587 0205251 0442824 1299352 1524062 1550472 0086045 0023825 0023823 0442811 0003591 0023820 0178587 0205251 0442824 1299352 1550472 2827734 2981698 0450316 2827734 2981698 0033684 0033684
 0003595 0003591 0023825 0023823 0442811 0023820 0178587 0205251 0442824 1299352 1515981 1550472 1883708 1548792 1883712 0007634 3282337
 1274040 1546471 2825142 0243125 0699900 0681814 0205173 0884358 3539942
 2347469 0815000 0007634 3282337 0003595 0003591 1439852 0023825 0023823 0442811 0023820 0178587 0205251 0359583 0442824 1299352 1550472 1442460 0871786 0005507 0243073 1510438 1552738
 1274040 1546471 2825142 0243125 0699900 0681814 0205173 0884358 3539942
 1883351 0441712 1706376 0052201 2984964 1881534 1524063 0042153 0457083 1947944 0597360 0185117 3540560 0033692
 0052201 2984964 0034821 1366529 0023823 0065059 0599283 0023820 0178587 0205251 0597357 1299352 1550472 1709305 0016030 0034821 1366529 0034821 1366529 0023823 0065059 0023820 0178587 0205251 0597357 1299352 1550472 1518422 0443199 1314939 1705242 1571602
 0018563 1281583 1552914 0028778 0332206 2983591 1514463 0039798 0087111 0205307 0332152 0439166 1522326 1533734 1705169 2347086 2826257 3538994 0016030 0004083 0439849 0596306 0699792 0205216 0392756 0442797 0597298 1705535 1280500 2348382 0086597 0127400 0439855 1704241 0062503 0205171 0439044 0679994 1571602
 0349966 1337208 1547282
 1522260 0016030 0019425 3540560 0185117 3540560 0870432 0052201 2984964
 0185117 1518422 0052199 0443199 1514873 1705242 0052201 2984964
 0023825 0023823 0442811 0023820 0178587 0205251 0442824 1299352 1550472 1522260 0016030 0025914 0025929 0026809 1709305 0332268 0034821 1366529 0023823 0065059 0023820 0178587 0205251 0597357 1299352 1550472
 0039798 0087111 1522326 1533734 1705169 3538994 0028778 0332206 2983591 1280500 2348382 1705535 0035820 1705810 0349966 1337208 2347469 1553033
 1444656 0062507 0205216 0392756 0442797 0871786 0052201 2984964 0023825 0023823 0442811 0023820 0178587 0205251 0359583 0442824 1299352 1550472 1517331 1705535 0205171 0439044 0679994 0086597 1158917 0025519 0025520
 0449911 0333052 2607870 0557702 1272706 1704674 0557702 1272706 1704674 0349966 1337208

 0871786 0023825 0023823 0442811 0023820 0178587 0205251 0359583 0442824 1299352 1550472 0034821 1366529 0023823 0065059 0023820 0178587 0205160 0205251 0597357 1299352 1513916 1550472 2825415 2825491 0016030
 0016030 0597360 0185117 0016030 0016030 0019425 0185117 0016030 1553033 1883559 0332307 0445392 1547052 0332268 0034821 1366529 0023823 0065059 0023820 0178587 0205251 0597357 1299352 1550472 3540560 1439852 1292425 0062507 2347469 1553033 0439526
 0007634 3282337 1883708 0052199 1439852 0023825 0023823 0442811 0023820 0178587 0205251 0359583 0442824 1299352 1550472 0052201 2984964 0023825 0023823 0442811 0023820 0178587 0205251 0359583 0442824 1299352 1550472 0439526 1292425
 0007634 3282337 0020746 0442504 1704765 1882509 3496241 0019215 1548982 0038880 1439852
 0052199 2347469 1274040 1546471 2825142 0243125 0699900 0681814 0205173 0884358 3539942
 0683954 0205447 0557651 1274040 1546471 2603343 2825142 0205175 0884358
 0035820 1705810 0052199 0332128 0085080 0018555 0007634 0008120 0018557 0029939 0152035 0227898 0243148 1278992 1517331 1550141 1882979 2587213 3274648 3282337 0085080 0018555 0007634 0008120 0018557 0029939 0152035 0227898 1278992 3282337 0332268 0185117 0062503 0085080 0018555 0007634 0008120 0018557 0029939 0152035 0227898 1278992 1515981 3282337 0332268 0185117 0349966 1337208
 0035280 0333117 1753315 0052201 2984964 0750489
 0035280 0333117 1753315 0205197 0011155 1636779 0062503 0085080 0018555 0007634 0008120 0018557 0029939 0152035 0227898 1278992 3282337 1184743 1522240
 0441889 0052201 2984964 0085080 0018555 0007634 0008120 0018557 0029939 0152035 0227898 0596988 1278992 3282337 0442824 0392756
 0449911 0333052 2607870 0557702 1272706 1704674 0557702 1272706 1704674 0349966 1337208

 0871786 0023825 0023823 0442811 0023820 0178587 0205251 0359583 0442824 1299352 1550472 1883559 0332307 0445392 1547052 0085080 0018555 0007634 0008120 0018557 0029939 0152035 0227898 1278992 3282337
 0011155 1636779 0085080 0018555 0007634 0008120 0018557 0029939 0152035 0227898 1278992 3282337 0023825 0023823 0442811 0023820 0178587 0205251 0442824 1299352 1439852 1550472 0052199 0359583 0052201 2984964 1292425
 0205117 0332282 1883708 0007634 3282337 0038880 1439852 0450376 0849355 1883720 3244314 0003595 0003591
 1274040 1546471 2825142 0243125 0699900 0681814 0205173 0884358 3539942
 0033692 0007603 1293132 0021699 0033684 0444669 1167322 1167518 1706352 1882467 2752508 3274653 1711300 2700613
 0456387 1705943 0871208 1521828
 0033692 0015272 1156044 1156042 0243125 0699900 0033692 0015272 1156044 1156042 0033727 0369286 0441932 0564385 1709694
 0035280 0333117 1753315 0007634 3282337 0332290 0034850 1156063 0005528 1317949 3495449 1705535 0052201 2984964 0003595 0678226 0003591 0871786 1518422 3146286 0033692
 1883351 0022885 0039593 0392366 1512571 0332128 1280500 2348382 0849355 1883720 3244314 0062503 0004083 0439849 0596306 0699792 0003595 0003591 0023825 0023823 0442811 0023820 0178587 0205251 0359583 0442824 1299352 1550472 0016030
 0016030 0052199 1439852 0052201 2984964 0023825 0023823 0442811 0023820 0178587 0205251 0359583 0442824 1299352 1550472 1292425 0004083 0439849 0596306 0699792 0007634 0039798 0087111 1522326 1533734 1705169 3282337 3538994 0031669 0031671
 0012634 0348080 1705253 1273517 0031671 0849355 0007634 3282337 0456696 1442770 1708632
 0039798 0087111 1522326 1533734 1705169 3538994 1518422 0001721 0052201 2984964 0243122 1145667 1167622 0871786 0052199 0052201 2984964 0023825 0023823 0442811 0023820 0178587 0205251 0359583 0442824 1299352 1550472 0052199 0039798 0087111 1522326 1533734 1705169 3538994 0039798 0087111 1522326 1533734 1705169 3538994 0031669 0439272 0052201 2984964 0039798 0087111 1522326 1533734 1705169 3538994 0039798 0087111 1522326 1533734 1705169 3538994 0031669 0439272
 1511726 3245479 0062503 1518422 0003595 0003591 0443199 1314939 1705242
 0518609 1442162 1550718 3244317 0597298 0443199 1705242 0052199 0813207 1274040 1546471 2825142 1185625 2986730 0871786
 1883351 0220825 0332149 1705910 2362652 0004927 0557651 2603343 0003595 0003591 1439852 0023825 0023823 0442811 0023820 0178587 0205251 0359583 0442824 1299352 1550472 1442450 0450376 1548982 1883351 0849355 1883720 3244314 0023820 1883708 0687712 0040223 1632851 0332283 1719822 0871786 0243125 0699900 0035280 0333117 1753315 0520510 0025663 0025664 0449851
 0040223 1632851 0009458 0439536 1705217 3244283 0002778 0243125 0699900 0849355 0936012 1514468 1524024 0003595 0003591 0033684 0003595 0003591 0007634 3282337 0038880 1548982 0003595 0003591 1883708 0750480 1705566 0003595 0003591
 0039224 1706073 1706074 1265611 0052201 2984964 0332297 0450376 1145667 1167622 1689898 2349209 0040223 3541383 2348205
 1265611 0007634 3282337 0333118 0332462 1880834 0439093 0443228 1704243
 2348792 0040223 1552961 2347617 3541383 0150312 1265611 0150312 0449450
 1265611 0052201 2984964 1881707 0205217 0442805 0205163 1549782
 1264633 0052201 2984964 1881707
 0543488 1265611 0009458 0439536 1705217 3244283 0700364 1320226 0439531 1948053
 0003595 0003591 1882932 0003595 0003591 0699040 0007634 0205148 1269647 1704653 1948049 1637379 0391871 0687712 1283071
 0052201 2984964 1555603 0391871 0439792 0443228 1283071 1704243 0439792 0547044 0052199 0052199 0333312 1185625 2986730 0686905 0391871 1283071
 0052199 0007634 0333118 3282337
 0443621 0003595 0003591 0439083 0439087 0439175 0439810 0699040 0007634 0332297 1145667 1167622 1689898 2349209 3282337 0450376 0040223 3541383 1264633 0009458 0439536 0440102 0521108 1705217 3244283 0007634 3282337
 0449911 0039224 1706073 1706074 0557702 1272706 1704674 0557702 1272706 1704674 0025519 0025520 0052201 2984964 0023825 0023823 0442811 0023820 0178587 0205251 0359583 0442824 1299352 1550472 1265611 0052199 0052201 2984964 0439269 1960952 2346927 0439269 1960952 2346927 0699040 0007634 0332297 1145667 1167622 1689898 2349209 3282337 0450376 0040223 3541383
 0237820 1555688 2004454 0439175 0439810 1264633 0687712 0936012 0039224 0684224 0700287 1706073 1706074 3496591
 1511726 3245479 1882932 2825142 1274040 1546471 0205175 0884358
 0681814 1706386 0205341 0040223 1632851
 0681873 1511726 3245479 0349966 1337208
 1553641
 0681814 0884358 1707689 2983265 1274040 1546471 2825142
 0085080 0449475 0324936 0018555 0007634 0008120 0018557 0029939 0152035 0227898 1278992 3282337 0052199 1555603 0333118 0439792 0443228 1704243 0052201 2984964 1265611 0052201 2984964 2348792 0040223 1881707 3541383 1552961 2347617 0052201 2984964 0009458 0439536 1705217 3244283
 1979874 0085080 0018555 0007634 0008120 0018557 0029939 0152035 0227898 1278992 3282337 0332297 1145667 1167622 1689898 2349209 0023825 0023823 0442811 0023820 0178587 0205251 0442824 1299352 1550472 0023825 0023823 0442811 0023820 0178587 0205251 0442824 1299352 1550472 0439269 1960952 2346927 0085080 0449475 0324936 0018555 0007634 0008120 0018557 0029939 0152035 0227898 1278992 3282337 0439269 1960952 2346927
 0007634 3282337 1265611 0052201 2984964
 0150312 1265611 0052199 0052201 2984964
 0007634 3282337 0205171 1518422 1720467 0243144 0347980 1518422 1547282 0243125 0699900 0035280 0333117 1753315
 0449911 0333052 2607870 0557702 1272706 1704674 0557702 1272706 1704674 0349966 1337208

 0871786 0243125 0699900 0023825 0023823 0442811 0023820 0178587 0205251 0359583 0442824 1299352 1550472 1883559 0332307 0445392 1547052 0085080 0018555 0007634 0008120 0018557 0029939 0152035 0227898 1278992 3282337
 1883559 0332307 0445392 1547052 0011155 1636779 0062503 0085080 0004561 0018555 0007634 0008120 0018557 0029939 0152035 0227898 1278992 3282337 1439852 1623737 3539687 0052199 0052201 2984964 1442450
 0007634 3282337 1883708 1548982 0687712 0040223 1632851
 2348792 0040223 1552961 2347617 3541383 0009458 0439536 1705217 3244283 1516695 1516698 1881707 0040900 0003595 0003591 0005507 0243073 1510438
 0007634 3282337 0020746 0442504 1704765 1882509 3496241 0009264 0009443 0019215 0234192 1701810 1882955 0038880 1439852 0450376
 0009458 0439536 1705217 3244283 1516695 1516698 0003595 0003591 0038880 0750480 1705566 0699040 0205148
 0007634 3282337 1883708 1549535 0034553 0332281 0699040 0007634 3282337 0444706 3541902 0871786
 1274040 1546471 2825142 0205447 0681814 1551058 1706386 0205175 0884358
 1514811 1706462 1547282 0815000 0007634 0027819 0700095 3282337 3540583 1439852 1442464 0052199 0023825 0023823 0442811 0023820 0178587 0205251 0359583 0442824 1299352 1550472 3158384 0085103 1948023 0026046 0205266 1554187 0007634 3282337 0332293 0052201 1522326 2984964 0023825 0023823 0442811 3158384 0023820 0085103 0178587 0205251 0359583 0442824 1299352 1550472 1260953 0026046 0332454
 1705241 1705242 0332281 0007634 0178539 0035280 0333117 1753315 0052201 2984964
 0023820 1518422 0684224 0700287 3496591 0052199 1515981 0023820 1547282 1883351 0201950 0428466 0441889 0456079 1547707 2946261 0023825 0023823 0442811 0162339 0023820 0178587 0205251 0442824 1299352 1550472 2827734 2981698 1705535 0052199 0052201 2984964 0086597 0441889
 0947630 1883351 0441712 1706376 0052201 2984964 1883351 0449475
 0035171 2985227 0332307 0884358
 0205435 1279901 0332128 0025519 0025520 0023825 0023823 0442811 0023820 0178587 0205251 0359583 0442824 1299352 1550472 0052199 0052201 2984964 0441889 0456079 1547707 2946261
 0205436 0457385 0565930 1561503 1705190 0332128 0007634 0178539 0243144 0347980 0035280 0333117 1753315 0003595 0003591 0003595 0003591 0023825 0023823 2984081 0442811 0023820 0178587 0205251 0359583 0442824 1299352 1550472 1947931 0242349 1515981 0332282 0025519 0025520
 0052199 0052201 2984964 0023825 0023823 0442811 0023820 0178587 0205251 0359583 0442824 1299352 1550472 0023825 0023823 0442811 0162339 0004083 0007634 0023820 0178587 0205251 0439849 0442824 0596306 0699792 1269647 1299352 1550472 1704653 1948049 2348205 0065058 0125953 1096202 1274040 1546471 2825142 0442805
 0947630 0027882 0016030 0052199 0052201 2984964 0243144 0347980
 0018563 1281583 1552914 0052201 2984964 0815000 0007634 0027819 0332128 0700095 3282337 3540583 0016318 0079603 1514534 0002778 0936012 1524024 0052201 2984964 1441672
 0302523 0700325 3244290 0815000 0007634 0027819 0521093 0700095 0750484 3282337 3540583 0016030 0231448 0231449 0439792 0227525 0004083 0439849 0596306 0699792 0871786 0052201 2984964 0023825 0023823 0442811 0023820 0178587 0205251 0359583 0442824 1299352 1550472
 0449475 0052199 1555603 0439792 0443228 1704243 0052201 2984964 0332462 1880834
 0052198 1555603 0439792 0443228 1704243 0052201 2984964 0815000 0007634 3282337 0332462 1880834 0450316
 0052201 2984964 3493221 0034821 1366529 0023823 0065059 0599283 0016030 0023820 0086418 0178587 0205160 0205251 0597357 1299352 1513916 1550472 1709305 2825415 2825491 0013935 0016030 0026809 0205160 0591833 1513916 1515981 2825415 2825491 3540560 0597357 1518422 1314939
 0035280 0333117 1753315 0332293 1522326 0007634 3282337
 0035820 1705810 1184743 1522240 0085080 0018555 0521093 1524063 0007634 0008120 0018557 0029939 0042153 0152035 0227898 0457083 0596988 0750484 1278992 1947944 3282337 0011155 1636779
 0007634 3282337 0052201 2984964 0392756 0052201 2984964
 0039798 0087111 1522326 1533734 1705169 3538994 0031669 0031671 0030685 0391871 0439180 0680255 1283071 1963578 0062503 1301751 1280500 2348382 0052201 2984964 0023825 0023823 0442811 0023820 0178587 0205251 0359583 0442824 1299352 1550472
 0243125 0699900 1518422 0392360 0052199 0052201 2984964 1709305 0005903 0039476 1518422 1709305 2745955 0008269 0205170 0392148 3146287 0018790 0237477 0392351 0521111 0243125 0699900
 0947630 0349966 1337208 1705535 0441712 1706376 0035280 0333117 1753315
 1265611 0052199 0052201 2984964 0023825 0023823 0442811 0023820 0178587 0205251 0359583 0442824 1299352 1550472 0085080 0018555 0699040 0007634 0008120 0018557 0029939 0152035 0227898 0332297 1145667 1167622 1278992 1689898 2349209 3282337 0450376 0687712 0007634 3282337 0052199 0871786 1274040 1546471 2825142 0052201 2984964
 0018563 1281583 1552914 0052201 2984964 0009458 0150312 0439536 1705217 3244283 2348792 0040223 3541383 1552961 2347617 1705535 0035280 0333117 1753315 0030685 0052201 0391871 0439180 0680255 1283071 1963578 2984964 1274040 1546471 2825142 0007634 3282337
 0947630 0085080 0018555 0007634 0008120 0018557 0029939 0152035 0227898 1278992 3282337 0332297 1145667 1167622 1689898 2349209 1881707 0003595 0003591 0443199 1705242 0052201 2984964
 0062503 1145667 1167622 0237753 0449788 0282443 1552617 0042789 1947903 1425988
 1883712 0062503 0920644 0031843 0542341 0597357 0700205 1705273 1947931 0243122 1145667 1167622 1314939 0871786
 0042776 0521026 0076560 0023820 0596690 1416867 2262011 0023764 0205054 0040018 0016026 0018284 0016030 0018270 0220844 1521761 1621966 2827422 2911660
 0062503 1704675 0597357 0456378 0542341 0597357
 1707959 0062503 1704675 0060369 0016026 0206454 0018284 0016030 0018270 0220844 0597357 1521761 1621966 2827422 2911660
 0920644 0031843 0542341 0700205 1705273 3540560 0871786 0023820
 0332185 0441729 0332307 1547052 1547282 1883351 0086597 0243144 0347980 0065059 0597357 0450382
 0150312 0449450 0557651 2603343 0023820 0332297 1145667 1167622 1689898 2349209 0003595 0003591 0062503 0019143 0679823 0034821 1366529 0023823 0065059 0023820 0178587 0205251 0597357 1299352 1550472 3540560
 1518422 0871786 0062503 0205171 0439044 0679994 0597357 1883351
 0039798 0087111 1522326 1533734 1705169 3538994 0205171 0439044 0679994
 0443211 1272684 0039798 0087111 1522326 1533734 1705169 3538994 1518422 1323371 0034821 1366529 0023823 0065059 0597358 0599283 1149323 0023820 0086597 0127400 0178587 0205251 0243122 0521102 0597357 1145667 1167622 1299352 1550472 0243122 1145667 1167622
 0085732 0205171 0439044 0679994 0439855 1704241 0597357 0023688 0031843 0542341 0700205 0871786 1705273 1705535 1709694
 1539479 1704259 1705987 1273517
 0016026 0018284 0016030 0018270 0220844 1521761 1621966 2827422 2911660 0062503 0205171 0439044 0679994 1881707
 0016026 0018284 0016030 0018270 0220844 1521761 1621966 2827422 2911660 0597357 1704259 1705987 0449719 1522196 0010834 0007610
 0023820 0007634 0178539 0205449 0441712 0034821 1366529 0023823 0065059 0023820 0178587 0205251 0597357 1299352 1550472 1704259 1705987 1704259 1705987 0282443 0042789 1947903 0140145 1332102 1425988
 1539479 0033684 0725813 1709707 1522196 0007634 1269647 1704653 1948049
 1704259 1705987 0018578 0052199 0443199 1551359 1705242 1832073 2741673 2981730 0052201 2984964 1273518 0052201 2984964
 0205447 0243144 0347980 0439851 1947931 0052199 0333312 0337051 1509144 2349200 0683607 1883351 0007634 3282337
 0018563 1281583 1552914 0023820 1883727 1704259 1705987 0062503 0231175 1883351 0870509 1880554 1707310 0052201 2984964 1518422
 0052201 2984964 0062503 0282114 0699040 0007634 0205148 0391871 1269647 1283071 1704653 1948049
 0441712 0392366
 0183683 1512571 1521721 0175996 0178719 0443301 1274040 1546471 2825142

 0332185 0376702 0007634 3282337 1883351 0441889 0026045 0033684 0052199 0052199 1439852 0332256 2700400 0023820 0007806 0007807
 0007634 3282337 0007806 0007807 0005889 0023820 0302908 0444611 1439852 1704353 0332256 2700400 0052201 2984964 0052201 2984964 0205378 0678594 0700321 2699782
 0475264 1744691 1720655 1947974 0010834
 0681828 0947630 1547282 0052199 0052201 2984964 1446659 2700455 1417006
 0003595 0003591 0027882 0684224 0700287 3496591 0006104 1269537
 0003595 0003591 0870509 1880554 1704259 1705987
 0332149 1705910 2362652 0052199 1522196 0010834
 0441712 0332149 1705910 2362652 0052199 0062503 0019143 0243125 0699900 0870509 1180347 1523872 0439855 1704241
 0441712 1706376 0052199 0205369 0597298 1280500 1551359 1552740 2348382 2741673 2981730 3158384 0085103 0205360 2347098 0332268 1280500 2348382
 0441712 1441414 1553874 1578820 0035853 0441833 0687744 1257890 1515981 1552516 1705428 1705429
 0052201 2984964 1522196 1704259 1705987 0309049 0030685 0391871 0439180 0680255 1283071 1963578 0332294 0205216 0392756 0442797 0678226 0035280 0333117 1753315 0085732 0443264 3158384 0085103
 1552616 1706244 1547282 0016030 0227525 0052199 0052201 2984964 0003595 0003591 0035280 0205266 0333117 1274040 1546471 1554187 1753315 2825142 0007634 3282337 0007634 0052199 0178539 0443228 1515981 1704243 0052201 2984964
 0062503 0700364 1883351 0032214 0600138 0035820 1705810 0035280 0333117 1753315 0052201 2984964
 3540560 0034821 1366529 0023823 0065059 0023820 0178587 0205251 0597357 1299352 1550472 1518422 1314939
 1539479 1883351
 0035280 0333117 1753315 0007634 3282337 0678226 0750501 0004083 0205393 0332148 0439849 0596306 0699792 0750492 3146286 0034850 1156063 0005528 1317949 3495449 0062503
 1883351 0003595 0003591 0870509 1880554 0243125 0699900 1522196 1185625 2986730 0026045 0026042 0332281 0026046 0033684 1166607 0449432 0052199 0443199 1280500 1551359 1705242 2741673 2981730 0052201 2984964 0010853 1748451
 2986676
 0335326 1306756


 0031749
 2986676 0031831 1707664 2348314 3540849
 0439482 0036378 0036375 3540560 0016030 0034821 1366529
 2825232 0043227 0449719 1521721 1709471 1074110 1955974 0027468 0018684 0021622 3245503 0027468 1514476 0027459 0018173 0018684 0021622 1515981 1548284 1709697 1709701 2728259 3245503 3484370
 0243098 0376244 0027910 0035168 0242481 0282116 0680240 1301820 1552241 1555991
 0010186 0220812 0449719 1709471 0220808 0680264 0007961
 1706852 0522501 1706089 0949214

 0282413 0376649 1442065 0021622 1272753 0369773 2603361
 0179400 1533124 0036152 1826357 0254343 0796520 3272379

 0085205 1549619 1880669
 2827734 2981698 0000723 1273517 0003595 0003591 0003595 0003591
 0018555 0008120 0018557 0029939 0152035 0227898 1278992 0018555 0008120 0018557 0029939 0152035 0227898 1278992
 2827734 2981698 2827734 2981698 0439086 2827736 2981702 0439086 2827736 2981702
 0009458 0325564 0392747 0439536 1551720 1705217 3244283
 0007452 0015965 0229671 0521457 1140701 1546774 1550100 0007452 0015965 0229671 0521457 1140701 1546774 1550100
 0016026 0018284 0016030 0018270 0220844 1521761 1621966 2827422 2911660 0016026 0018284 0016030 0018270 0220844 1521761 1621966 2827422 2911660

 0062503 0062503 1419892 0019143 0033692 0038720 0475337 2327880 3536965
 0023823 0023820 0178587 0205251 1299352 1550472 0023823 0023820 0178587 0205251 1299352 1550472
 3540560
 0034821 1366529 1416912 0242972 0748025 0023823 0597357 0065059 0023820 0033684 0178587 0205251 0439849 0445223 1299352 1550472
 0991865 0006353 0031603 0031701 0036082 1601799 0991865 0006353 0031603 0031701 0036082 1601799
 0023825 0023823 0442811 0023820 0178587 0205251 0442824 1299352 1550472 0023825 0023823 0442811 0023820 0178587 0205251 0442824 1299352 1550472
 1514811 1706462 0557061 2584313 1514811 1706462 0205090 0684010 2603358

 0036397 0025141 0205090 0684010 2603358

 0597277 1708601 2603362
 0033727 0369286 0441932 0564385 0243125 0699900 0597277 1708601
 0033727 0369286 0441932 0564385


 0201682
 0021966 0221138 0016327 0439133 1553038 0243125 0699900 0205090 0684010 2603358



 0025141 0439482

 2347961

 0025141 0033727 0369286 0441932 0564385 0033727 0369286 0441932 0564385 0597277 1708601 0033727 0369286 0441932 0564385 0998924 0033727 0369286 0441932 0564385 0033727 0369286 0441932 0564385 0450955 2603360


 0201682
 0205090 0684010 2603358
 2603360
 0597277 1708601
 0205090 0684010 2603358

 1418943

 0268596 2700624
 3642273
 0052199 0041703
 0000857 0600678 1552863 2603360 0450955 2603360
 1418943

 0268596 2700624
 3642273
 0052199 0041703
 0000857 0600678 1552863 0369637 0441923
 0597277 1708601

 0597277 1708601
 2603362

 0268596 2700624
 3642273 0025141 0205090 0684010 2603358




 0451119 1444662

 0021966 0221138 1511325
 0439394 1706495 3642217
 0005477 0025141 0597277 1708601
 0033727 0369286 0441932 0564385
 0001483
 0201682
 0025141 0597277 1708601
 0033727 0369286 0441932 0564385 0205090 0684010 2603358



 0033727 0369286 0441932 0564385


 0369773 2603361
 0439267
 0035853
 0243125 0699900
 0439394 1706495 3642217 0369637 0441923

 0036397 0025141 0205090 0684010 2603358 0205090 0684010 2603358 2603360
 0597277 1708601 0439267 1553033 2347469 0033727 0369286 0441932 0564385


 0025141 0243125 0699900 0369773 2603361 2603362
 0777169 0025141

 0243125 0699900 3272372
 0369773 2603361
 0033727 0369286 0441932 0564385 0369637 0441923
 2603362
 0033727 0369286 0441932 0564385 2347469

 0016327 0439133 1553038
 0205090 0684010 2603358 0369637 0441923
 1553033 2347469 0243125 0699900 0035853

 0027855 0000857 0600678 1552863
 0033727 0369286 0441932 0564385
 0369718 0441922 1553036


 0369773 2603361
 1708595 3280986
 2347469 0369773 2603361
 0369773 2603361
 0597277 1708601
 0700321 0439267
 0035853
 0243125 0699900
 0439394 1706495 3642217 0369637 0441923


 0325074
 0025141 0439267

 0597277 1708601 0597277 1708601
 0033727 0369286 0441932 0564385 0205090 0684010 2603358
 0205090 0684010 2603358


 2347379
 0000857 0600678 1552863 2347469
 0369773 2603361
 0597277 1708601
 0033727 0369286 0441932 0564385 0205090 0684010 2603358
 0205090 0684010 2603358

 0036397 0025141 2347469
 0369773 2603361 3538705 0369718 0441922 1553036 0205090 0684010 2603358
 0205090 0684010 2603358



 0201682
 2347469
 0369773 2603361 0369637 0439394 0441923 1706495 3642217 0205090 0684010 2603358
 0205090 0684010 2603358



 0201682
 0205090 0684010 2603358

 0205090 0684010 2603358
 0243125 0699900

 0268596 2700624
 3642273
 0025141 0205090 0684010 2603358



 0201682
 0205090 0684010 2603358



 0000857 0600678 1552863 0205090 0684010 2603358



 0201682

 0205090 0684010 2603358
 2347469 0205090 0684010 2603358
 0006463 0439267
 0439394 1706495 3642217
 1418943

 0268596 2700624
 3642273
 0052199 0041703
 0000857 0600678 1552863 0205090 0684010 2603358
 0439482 0597277 1708601
 0033727 0369286 0441932 0564385 0205090 0684010 2603358
 0678579 0369637 0441923

 0439394 1706495 3642217


 0201682
 0205090 0684010 2603358




 0205090 0684010 2603358
 0439482
 0678579 0369637 0441923
 2603362
 1418943

 0268596 2700624
 3642273
 0052199 0041703
 0000857 0600678 1552863
 0205090 0684010 2603358
 0021966 0221138


 0025141
 0239971
 0369637 0441923


 0025141 0205090 0684010 2603358
 2603360

 0369718 0441922 1553036 0205090 0684010 2603358

 0003850 0000857 0600678 1552863




 0439086 2827736 2981702 0025141 2603360
 0439482

 3642273

 2603362
 0597277 1708601 0678579 0369637 0441923
 2603362

 0025141 0021966 0221138 0449205 1538613 0016327 0439133 1553038
 0205090 0684010 2603358


 0000857 0600678 1552863 0439114
 0033727 0369286 0441932 0564385 0369718 0441922 1553036
 1441583
 0439394 1706495 3642217 0205090 0684010 2603358



 0201682
 0205090 0684010 2603358
 2603360
 0439394 1706495 3642217 0205090 0684010 2603358

 0003850 0740116 2827735 2981700 0000857 0600678 1552863 0205090 0684010 2603358
 0205090 0684010 2603358

 0002778 0936012 1524024 0449445 0052199 0205090 0684010 2603358
 0041740

 0439394 1706495 3642217 0369718 0441922 1553036
 1708595 3280986


 0201682
 0205090 0684010 2603358 0721226 1551914 0369637 0441923
 2603360 0241232 1705204 0205090 0684010 2603358
 0439394 1706495 3642217


 2347961

 0369637 0441923


 0201682
 0597277 1708601
 0033727 0369286 0441932 0564385 2603360
 0439394 1706495 3642217 0205090 0684010 2603358



 0201682
 0369637 0441923 0243125 0699900 0205090 0684010 2603358
 0021966 0221138
 0243125 0699900 0336708 0369773 2603361
 0439267


 0000857 0600678 1552863
 3411822 2603360

 0600130
 0025141 0597277 1708601
 0439267
 0597277 1708601
 0369637 0441923
 0205090 0684010 2603358
 2603360
 0439394 1706495 3642217


 0201682
 2603362

 1150407 0205090 0684010 2603358
 0021966 0221138


 1315013

 0439083 0439087 0025141 0369637 0441923

 0033727 0369286 0441932 0564385

 0597277 1708601


 0201682
 2603360 0021966 0221138

 1315013

 0439083 0439087 0025141 0369773 2603361
 1704648


 0025141


 3642273
 2603362

 0205090 0684010 2603358



 0201682
 0205090 0684010 2603358

 0022271

 3642273
 0025141 0597277 1708601
 0021966 0221138




 0025141 0021966 0221138
 0597277 1708601
 0021966 0221138
 0205090 0684010 2603358
 0439267
 0369773 2603361 0205090 0684010 2603358
 2603360
 0325045
 0597277 1708601


 1315013


 0205090 0684010 2603358
 0243125 0699900 0369637 0441923
 2603360
 0439394 1706495 3642217 0205090 0684010 2603358



 0201682
 2347469
 0033727 0369286 0441932 0564385 0324525 0597277 1708601 2603360
 0439267
 0439394 1706495 3642217
 0025141
 0597277 1708601
 0033727 0369286 0441932 0564385
 0243125 0699900
 0033727 0369286 0441932 0564385 0369637 0439394 0441923 1706495 3642217 0205090 0684010 2603358 0369637 0441923
 1551090
 0205090 0684010 2603358 1551910 0033727 0369286 0441932 0564385 1553033 0439267
 0369637 0441923
 0035853

 1417055

 0025141 0035853



 1417055

 0025141 1551910 0033727 0369286 0441932 0564385 1553033
 0439267
 0035853
 0243125 0699900

 1417055

 0025141 1551910 0033727 0369286 0441932 0564385 0439267 0597277 1708601
 0033727 0369286 0441932 0564385

 0035853
 0243125 0699900



 1417055

 0025141 0205090 0684010 2603358
 2347469
 0369773 2603361 0205090 0684010 2603358

 0003595 0003591 0002395 1521724 0012634 0035853 0243125 0699900 0033727 0369286 0441932 0564385
 0205090 0684010 2603358 1521991 1527178 1874451 1979969 0687673 0205090 0684010 2603358 2347469 0205090 0684010 2603358 3538926
 0006037 0009993 0037455 0596070 1552856 0005477 0026376 0005532 1521991